3298.680	522.5210	2.5200
3301.060	512.0552	3.1810
3303.440	507.9105	2.8160
3305.820	518.4500	2.2767
3308.200	525.9107	2.2524
3310.580	518.9381	2.5995
3312.960	515.1875	2.4202
3315.340	512.6021	2.4083
3317.720	501.0914	2.5581
3320.100	496.4020	3.1283
3322.480	505.8859	2.4487
3324.860	507.6352	2.1046
3327.240	508.3265	2.1898
3329.620	510.1784	2.1279
3332.000	502.6271	2.4885
3334.380	501.2579	2.2651
3336.760	500.9695	2.0879
3339.140	504.7433	2.0847
3341.520	510.0004	2.0565
3343.900	492.9536	2.0897
3346.280	486.4259	1.6728
3348.660	508.0315	2.2364
3351.040	519.2665	2.0521
3353.420	514.6889	2.4464
3355.800	492.4356	3.0239
3358.180	486.1897	2.5244
3360.560	510.9919	2.9196
3362.940	508.6925	2.2434
3365.320	490.1043	2.3300
3367.700	481.1404	2.1101
3370.080	492.3252	2.2521
3372.460	513.9249	2.3868
3374.840	504.4444	2.3810
3377.220	483.8808	2.9065
3379.600	495.6575	1.6052
3381.980	510.2295	1.7367
3384.360	512.4216	1.8892
3386.740	503.6355	2.5490
3389.120	496.1854	2.1257
3391.500	508.5394	1.8744
3393.880	531.2329	2.5665
3396.260	531.4135	1.9755
3398.640	514.2830	2.7016
3401.020	501.7783	2.8385
3403.400	497.9431	2.0151
3405.780	500.3010	1.7396
3408.160	503.3302	1.5480
3410.540	504.6554	1.7494
3412.920	512.6993	2.1874
3415.300	523.3415	1.9675
3417.680	516.5379	2.3623
3420.060	507.6226	2.6314
3422.440	511.7373	2.1875
3424.820	525.8955	1.6254
3427.200	529.3365	1.6165
3429.580	523.4056	2.3727
3431.960	520.2529	2.6953
3434.340	508.5550	2.5861
3436.720	487.7803	2.5751
3439.100	481.7385	2.1713
3441.480	499.6121	2.4858
3443.860	516.7194	2.3785
3446.240	520.3013	1.8221
3448.620	511.9417	2.6779
3451.000	515.9450	2.5626
3453.380	517.2899	2.4197
3455.760	510.0744	2.0627
3458.140	511.3422	1.6675
3460.520	518.0009	1.9030
3462.900	522.9132	1.8837
3465.280	524.4319	2.9003
3467.660	518.9344	2.5372
3470.040	500.7473	2.6488
3472.420	496.3898	2.0672
3474.800	515.6191	1.9771
3477.180	526.5314	2.5225
3479.560	523.0630	3.1431
3481.940	522.8271	2.6245
3484.320	516.4383	2.1184
3486.700	503.7897	2.2826
3489.080	505.6673	1.9570
3491.460	504.1641	2.1254
3493.840	506.0841	1.6950
3496.220	518.8195	1.9221
3498.600	524.7063	1.7457
3500.980	521.0565	2.4958
3503.360	517.6621	2.6328
3505.740	513.8695	2.3259
3508.120	507.4707	1.8847
3510.500	511.5588	1.7800
3512.880	521.6247	1.8931
3515.260	519.3332	1.8681
3517.640	509.2461	1.3622
3520.020	494.0468	1.5163
3522.400	490.9742	1.8160
3524.780	508.3624	2.9167
3527.160	521.2983	1.7615
3529.540	525.2186	1.6744
3531.920	528.9541	1.9106
3534.300	533.0929	1.6264
3536.680	534.8507	1.6477
3539.060	536.7739	1.7477
3541.440	541.2441	2.0081
3543.820	541.1655	2.1609
3546.200	538.7331	2.4937
3548.580	533.7720	2.0760
3550.960	528.2839	2.2592
3553.340	528.5041	2.3074
3555.720	530.0863	2.4541
3558.100	529.7343	2.5240
3560.480	518.5493	2.1873
3562.860	504.9732	1.6828
3565.240	494.9620	1.7348
3567.620	492.2082	1.4462
3570.000	497.6226	2.3271
3572.380	508.9047	1.8114
3574.760	511.6739	1.8543
3577.140	503.6247	1.9785
3579.520	495.5902	2.1124
3581.900	482.7808	1.9602
3584.280	486.2614	2.0452
3586.660	506.5060	1.9837
3589.040	521.7780	1.8898
3591.420	527.6141	2.1461
3593.800	531.3850	2.8772
3596.180	529.5452	3.0960
3598.560	520.4727	2.6688
3600.940	514.0613	1.8665
3603.320	509.9706	1.7336
3605.700	509.5504	1.8768
3608.080	509.3330	1.6015
3610.460	514.5293	2.2105
3612.840	510.2860	2.9051
3615.220	506.4284	2.5136
3617.600	517.2862	1.5694
3619.980	528.0172	2.3300
3622.360	536.7617	2.1038
3624.740	528.8813	3.1011
3627.120	511.4275	2.8450
3629.500	511.4986	2.2849
3631.880	528.1490	2.5972
3634.260	536.2108	2.4522
3636.640	529.2323	2.3222
3639.020	519.2407	1.9896
3641.400	517.4695	1.9165
3643.780	518.1566	1.9623
3646.160	522.8089	1.8417
3648.540	534.2060	2.0117
3650.920	544.2048	1.5403
3653.300	549.1253	2.2449
3655.680	547.9186	2.2416
3658.060	545.4108	2.0958
3660.440	547.2530	1.6324
3662.820	546.4665	1.5695
3665.200	543.4232	1.6608
3667.580	544.2961	1.6612
3669.960	543.2966	2.0916
3672.340	534.5017	2.5919
3674.720	528.2311	2.2104
3677.100	526.7574	1.9453
3679.480	526.2235	1.6942
3681.860	523.1224	1.7936
3684.240	529.7664	1.9334
3686.620	543.4223	2.1223
3689.000	549.6180	2.1598
3691.380	550.6402	2.1468
3693.760	553.0213	2.2528
3696.140	558.7990	2.1683
3698.520	539.1373	2.0347
3700.900	517.1965	2.9558
3703.280	522.6947	2.3567
3705.660	529.4545	2.0806
3708.040	536.5677	1.6894
3710.420	562.2853	2.0390
3712.800	576.5975	2.5651
3715.180	543.8067	2.7857
3717.560	509.9958	1.8062
3719.940	538.6276	2.5813
3722.320	582.9172	1.9795
3724.700	591.2756	2.3385
3727.080	554.9760	2.6973
3729.460	497.0726	2.1462
3731.840	489.5931	2.3577
3734.220	552.4055	2.5509
3736.600	605.4672	2.0376
3738.980	599.7895	3.4168
3741.360	561.7467	2.9618
3743.740	508.2853	1.4571
3746.120	484.1101	1.7491
3748.500	535.5002	2.1497
3750.880	603.5539	2.6879
3753.260	620.4256	4.6106
3755.640	616.8897	3.1446
3758.020	628.6415	1.8748
3760.400	623.7585	1.9221
3762.780	578.5634	2.0928
3765.160	518.5821	1.8316
3767.540	512.4530	1.6959
3769.920	571.0608	2.1268
3772.300	636.0366	2.2649
3774.680	683.4874	2.1819
3777.060	705.1461	2.0762
3779.440	703.6542	1.9067
3781.820	686.5986	2.1229
3784.200	669.7809	2.0593
3786.580	654.4388	2.6545
3788.960	617.2975	1.8677
3791.340	541.7294	1.7671
3793.720	488.3937	1.6871
3796.100	532.0297	2.1055
3798.480	614.5747	2.3214
3800.860	662.9194	2.1624
3803.240	683.0510	2.2644
3805.620	700.0947	2.8153
3808.000	697.8242	2.1682
3810.380	685.3017	2.5715
3812.760	690.3130	2.6323
3815.140	694.9037	3.6774
3817.520	686.6334	3.5711
3819.900	665.8252	3.4883
3822.280	639.2433	2.5546
3824.660	607.2878	1.7837
3827.040	557.2412	1.5553
3829.420	486.9996	1.3037
3831.800	457.6985	1.3150
3834.180	506.7292	1.8837
3836.560	587.9430	1.9641
3838.940	652.4513	2.4597
3841.320	689.9372	2.1215
3843.700	706.0268	3.6662
3846.080	716.7696	3.6820
3848.460	728.3636	2.8438
3850.840	728.1787	2.5946
3853.220	718.1052	2.1379
3855.600	718.8995	1.9560
3857.980	738.2259	2.4854
3860.360	750.1273	2.3230
3862.740	742.7628	4.2561
3865.120	736.0133	4.3525
3867.500	722.0727	2.6097
3869.880	709.0555	2.7398
3872.260	698.3939	1.8638
3874.640	687.0303	2.1403
3877.020	674.2382	1.9627
3879.400	636.9786	2.0630
3881.780	559.7452	1.8801
3884.160	491.1758	1.7715
3886.540	513.6747	2.0642
3888.920	586.3279	2.4920
3891.300	638.3120	1.7286
3893.680	662.0939	2.0655
3896.060	677.7485	2.6056
3898.440	687.5446	2.0290
3900.820	693.2688	1.7585
3903.200	711.1846	1.7009
3905.580	732.9687	1.9019
3907.960	742.5817	2.1445
3910.340	735.3605	3.0924
3912.720	725.7868	3.3471
3915.100	717.2454	3.0551
3917.480	718.6949	2.7815
3919.860	713.9572	2.7606
3922.240	679.1236	2.6244
3924.620	592.5925	2.1830
3927.000	447.2151	1.9941
3929.380	344.0017	1.5051
3931.760	423.6808	3.5383
3934.140	587.7973	5.1989
3936.520	678.9062	4.0461
3938.900	704.7750	3.3703
3941.280	713.4697	2.9111
3943.660	715.4847	3.6124
3946.040	715.9526	2.3206
3948.420	712.7017	2.9487
3950.800	705.1717	3.0465
3953.180	696.1424	3.3595
3955.560	677.2280	2.9111
3957.940	636.8456	2.9373
3960.320	545.6253	2.6023
3962.700	407.7448	1.5840
3965.080	337.0910	1.9888
3967.460	431.1278	3.5719
3969.840	568.4209	5.0552
3972.220	646.2377	2.8036
3974.600	684.1989	3.1973
3976.980	703.7678	3.4323
3979.360	711.8126	4.1366
3981.740	724.3855	4.2931
3984.120	739.6060	2.8298
3986.500	749.8213	2.5902
3988.880	752.9210	2.8379
3991.260	749.1656	2.7053
3993.640	748.4037	2.4014
3996.020	757.8754	2.5080
3998.400	763.2623	2.5020
4000.780	756.8390	2.7192
4003.160	757.2557	2.8650
4005.540	764.1729	2.4863
4007.920	768.2338	2.0238
4010.300	771.5123	2.3205
4012.680	774.8878	2.2266
4015.060	776.7046	2.1252
4017.440	774.5821	1.8786
4019.820	773.7596	2.2838
4022.200	774.5744	3.0841
4024.580	766.6545	3.6529
4026.960	750.4075	2.4761
4029.340	749.8319	1.9784
4031.720	764.6209	1.5894
4034.100	777.3700	1.5998
4036.480	774.2839	1.9079
4038.860	759.9741	2.1610
4041.240	750.7810	2.0041
4043.620	763.2301	2.5092
4046.000	774.4251	1.9738
4048.380	773.1485	2.0385
4050.760	765.8085	2.3766
4053.140	763.7416	2.2169
4055.520	762.8268	1.9603
4057.900	752.3501	2.0688
4060.280	744.7104	2.0306
4062.660	751.4696	1.9065
4065.040	750.3704	2.0453
4067.420	746.3210	2.1651
4069.800	744.1675	2.3256
4072.180	738.7260	2.2713
4074.560	738.5586	2.3882
4076.940	747.3289	2.5076
4079.320	745.2422	2.3264
4081.700	741.9025	2.1946
4084.080	740.4470	2.1214
4086.460	731.4596	2.4608
4088.840	709.1759	2.6072
4091.220	674.8772	2.4041
4093.600	614.0918	2.2330
4095.980	532.5942	2.3655
4098.360	514.5652	2.9236
4100.740	589.8164	3.6058
4103.120	662.3964	2.8818
4105.500	694.1969	2.4103
4107.880	712.9065	1.9971
4110.260	729.7371	2.1292
4112.640	737.5074	1.9752
4115.020	736.8640	2.0688
4117.400	743.2349	2.0283
4119.780	753.8246	2.1862
4122.160	756.7883	2.0068
4124.540	755.0289	2.4543
4126.920	749.6604	2.3198
4129.300	748.4539	2.0363
4131.680	761.6044	2.3794
4134.060	772.5791	2.5907
4136.440	767.0066	2.5809
4138.820	756.4982	2.4351
4141.200	756.9852	2.7929
4143.580	766.9738	2.6399
4145.960	764.1140	2.0752
4148.340	757.3124	2.2551
4150.720	753.1620	2.3894
4153.100	758.1288	2.2794
4155.480	767.2412	2.5027
4157.860	770.1218	2.3752
4160.240	768.9079	2.4512
4162.620	765.0625	2.6662
4165.000	760.0277	2.3462
4167.380	748.6184	2.3898
4169.760	744.2832	1.7461
4172.140	747.1109	2.1711
4174.520	754.3038	2.4730
4176.900	754.5996	1.9335
4179.280	751.8691	2.0429
4181.660	748.0002	1.7889
4184.040	747.7574	1.8385
4186.420	755.6376	2.1277
4188.800	761.2546	2.6184
4191.180	754.7442	3.0090
4193.560	743.5573	2.4107
4195.940	738.9181	2.5660
4198.320	748.1070	3.0055
4200.700	754.5791	2.6923
4203.080	756.2787	2.1652
4205.460	755.5761	2.2863
4207.840	754.9102	1.9627
4210.220	746.5132	2.1787
4212.600	742.4668	2.2293
4214.980	749.9371	2.2920
4217.360	748.5064	1.9166
4219.740	724.9792	2.0426
4222.120	709.2990	1.6015
4224.500	728.9819	3.0617
4226.880	746.1777	1.9461
4229.260	741.3784	1.9006
4231.640	734.5973	2.9586
4234.020	742.6209	2.1681
4236.400	752.9641	1.9055
4238.780	754.6580	1.8793
4241.160	745.4887	2.0730
4243.540	732.8723	2.0158
4245.920	731.2352	1.8873
4248.300	738.5496	2.1364
4250.680	746.2533	2.2478
4253.060	746.4650	2.1699
4255.440	741.1373	2.2081
4257.820	746.6948	2.1122
4260.200	755.3103	2.0581
4262.580	753.4510	2.1607
4264.960	736.0599	2.3721
4267.340	721.7710	2.2439
4269.720	726.1110	2.2909
4272.100	742.9412	2.6856
4274.480	746.2192	2.0620
4276.860	737.7250	2.1219
4279.240	730.7644	2.0889
4281.620	725.8319	2.0158
4284.000	712.7056	2.1512
4286.380	708.3284	2.1709
4288.760	714.3016	2.4584
4291.140	713.0590	2.0892
4293.520	696.3703	2.2766
4295.900	678.8088	2.3430
4298.280	679.6571	2.3506
4300.660	688.3458	2.1836
4303.040	687.8123	2.1233
4305.420	690.2131	1.8449
4307.800	700.9744	2.7162
4310.180	707.8961	3.2239
4312.560	713.5962	2.3810
4314.940	717.0457	2.8284
4317.320	704.8530	4.0062
4319.700	694.5184	3.0132
4322.080	692.3115	2.3818
4324.460	696.9438	3.0471
4326.840	688.5021	2.3098
4329.220	662.6757	2.3590
4331.600	608.5278	2.6471
4333.980	533.3716	2.1534
4336.360	499.2393	2.3679
4338.740	562.3234	3.8472
4341.120	640.7318	3.7576
4343.500	673.3894	2.2563
4345.880	680.3511	2.0456
4348.260	688.3577	1.8465
4350.640	706.6072	1.9187
4353.020	721.5576	1.7780
4355.400	729.2913	1.6768
4357.780	732.3663	1.6543
4360.160	734.2359	1.9714
4362.540	732.9758	2.0710
4364.920	731.9433	1.9848
4367.300	729.1502	2.2949
4369.680	724.3923	2.4674
4372.060	725.2611	2.2202
4374.440	731.8170	2.2370
4376.820	729.7856	2.5081
4379.200	720.9197	2.6284
4381.580	724.6706	2.5291
4383.960	736.3520	2.7010
4386.340	741.9121	3.1325
4388.720	734.7883	2.5545
4391.100	729.3925	1.8831
4393.480	729.7876	2.1273
4395.860	728.5179	2.0252
4398.240	726.4986	1.8232
4400.620	728.0313	1.8097
4403.000	733.6942	2.4702
4405.380	739.8113	1.9352
4407.760	739.4409	1.8867
4410.140	729.1481	2.1535
4412.520	725.9911	2.0830
4414.900	734.0901	1.8378
4417.280	738.3270	2.2402
4419.660	734.1416	2.0382
4422.040	730.0520	2.1649
4424.420	732.7980	2.1795
4426.800	733.8799	1.9822
4429.180	729.0684	1.9647
4431.560	730.6716	2.1585
4433.940	737.4119	2.0397
4436.320	733.0434	2.1466
4438.700	725.6915	1.8832
4441.080	725.0322	2.3178
4443.460	732.3996	1.8617
4445.840	731.6298	2.0248
4448.220	721.7215	2.1483
4450.600	717.5833	2.0620
4452.980	722.7214	2.0109
4455.360	730.2693	2.0305
4457.740	731.4110	2.2231
4460.120	729.2046	1.8616
4462.500	725.7316	1.8052
4464.880	728.1924	2.4276
4467.260	737.7197	3.6370
4469.640	742.6646	3.6156
4472.020	737.6907	2.4827
4474.400	730.5861	1.6156
4476.780	726.5366	1.8174
4479.160	729.5580	1.7831
4481.540	735.6665	1.7862
4483.920	736.0248	1.7982
4486.300	733.4527	1.8089
4488.680	731.1265	1.8431
4491.060	732.5575	1.8784
4493.440	734.4595	2.4543
4495.820	734.9670	2.2403
4498.200	738.4561	2.2460
4500.580	741.1755	2.3482
4502.960	740.7500	2.3159
4505.340	738.7188	2.5243
4507.720	737.3240	2.3754
4510.100	736.3635	2.1487
4512.480	733.6418	2.0505
4514.860	732.8140	1.9069
4517.240	730.1339	2.1133
4519.620	727.6045	1.9957
4522.000	720.5576	2.3126
4524.380	716.6044	1.8748
4526.760	712.9095	2.0369
4529.140	710.8487	2.2170
4531.520	718.5016	2.6695
4533.900	731.3218	2.7367
4536.280	737.1463	3.0288
4538.660	733.4256	3.3182
4541.040	725.8831	2.5948
4543.420	716.0831	2.2239
4545.800	710.6247	2.2717
4548.180	711.1341	1.9707
4550.560	714.4858	1.8712
4552.940	721.1980	1.8530
4555.320	728.2426	1.7251
4557.700	726.8911	1.6748
4560.080	726.7725	1.8134
4562.460	728.6374	1.8746
4564.840	726.9170	1.7334
4567.220	725.1776	1.8471
4569.600	726.2499	1.8041
4571.980	729.9909	2.1243
4574.360	728.4864	2.0625
4576.740	722.7732	2.0373
4579.120	718.5981	2.1854
4581.500	719.8540	2.1460
4583.880	721.9752	2.0247
4586.260	722.2218	2.1570
4588.640	723.9660	2.4269
4591.020	728.1084	2.1658
4593.400	729.1917	1.8261
4595.780	725.6003	2.0608
4598.160	724.4908	1.8030
4600.540	727.2280	1.9785
4602.920	729.1909	2.1596
4605.300	728.6513	2.5310
4607.680	725.8977	2.4180
4610.060	724.4486	2.2395
4612.440	724.5453	2.0032
4614.820	724.2574	1.9298
4617.200	725.7728	1.9702
4619.580	726.6043	1.8628
4621.960	723.8761	1.9576
4624.340	720.9207	2.0480
4626.720	723.4203	2.0189
4629.100	725.5040	2.1467
4631.480	723.8355	2.2390
4633.860	724.5291	1.8330
4636.240	725.4607	1.6912
4638.620	724.3012	2.1110
4641.000	720.2161	2.4528
4643.380	714.7421	2.0324
4645.760	716.0378	1.8242
4648.140	719.0460	1.7577
4650.520	717.0252	2.3334
4652.900	717.5980	2.3049
4655.280	723.6039	2.0544
4657.660	721.1450	2.1206
4660.040	717.0713	1.9909
4662.420	715.6643	1.9580
4664.800	716.6432	2.2833
4667.180	720.8650	2.2668
4669.560	722.6453	2.2623
4671.940	719.3730	2.0547
4674.320	717.5181	2.4892
4676.700	717.5328	2.6662
4679.080	720.6848	2.9050
4681.460	723.4105	3.8948
4683.840	724.7060	4.0352
4686.220	721.4454	4.0736
4688.600	717.5532	3.3069
4690.980	715.7554	1.6596
4693.360	713.5790	1.6207
4695.740	707.9464	1.5168
4698.120	705.1708	1.4370
4700.500	706.6655	1.5798
4702.880	710.5009	2.0719
4705.260	711.9131	2.3466
4707.640	713.0673	1.8442
4710.020	716.8008	2.2578
4712.400	717.0525	2.5805
4714.780	716.0462	2.0673
4717.160	714.0817	1.8519
4719.540	714.3377	1.8749
4721.920	711.5928	2.0646
4724.300	708.6803	2.0659
4726.680	708.3244	2.1901
4729.060	709.8702	2.3745
4731.440	709.0416	2.5049
4733.820	708.6366	2.1588
4736.200	710.0254	2.1490
4738.580	710.9100	1.7423
4740.960	711.2694	2.0411
4743.340	711.8236	2.1108
4745.720	710.9997	2.4092
4748.100	710.2567	2.1753
4750.480	708.8822	2.2120
4752.860	706.6830	2.2027
4755.240	704.9152	2.3785
4757.620	703.1393	1.8925
4760.000	700.6614	2.0626
4762.380	701.9341	2.2762
4764.760	705.2259	2.1463
4767.140	705.8455	2.1609
4769.520	703.9593	2.5489
4771.900	702.4350	2.1827
4774.280	701.7991	1.9644
4776.660	700.4221	1.8892
4779.040	698.6716	1.8367
4781.420	697.9889	1.9099
4783.800	698.7052	1.9303
4786.180	701.5846	1.7862
4788.560	702.4885	1.8260
4790.940	699.6562	1.8840
4793.320	698.5094	1.7767
4795.700	697.6628	1.9742
4798.080	695.0298	2.0039
4800.460	694.8735	1.9340
4802.840	696.2541	2.0627
4805.220	697.0171	2.1842
4807.600	696.7663	2.1964
4809.980	696.8777	2.2803
4812.360	697.7598	1.8262
4814.740	694.5179	1.7506
4817.120	690.3896	1.9760
4819.500	687.3705	2.1586
4821.880	689.3518	2.3224
4824.260	691.8434	2.0056
4826.640	693.1308	2.0518
4829.020	689.5694	2.3740
4831.400	685.9582	2.3657
4833.780	682.5554	2.2126
4836.160	677.1958	2.2765
4838.540	675.2841	2.1340
4840.920	671.6125	2.0924
4843.300	663.0911	2.4605
4845.680	650.8735	2.6755
4848.060	635.8047	2.3572
4850.440	608.1148	2.2337
4852.820	553.0388	2.2086
4855.200	490.9817	2.1636
4857.580	492.1074	2.7665
4859.960	558.5366	3.3314
4862.340	614.1059	3.2566
4864.720	630.1158	1.5418
4867.100	636.9565	1.3293
4869.480	648.7151	1.3483
4871.860	657.0124	1.4700
4874.240	663.0437	1.6261
4876.620	666.6799	1.8947
4879.000	671.0602	1.9425
4881.380	671.0871	2.0297
4883.760	663.9769	2.2495
4886.140	664.4634	1.9305
4888.520	673.8280	2.2230
4890.900	680.9227	1.9771
4893.280	681.0338	1.9899
4895.660	678.5441	2.1604
4898.040	677.8896	2.3757
4900.420	680.7067	2.0078
4902.800	683.6793	2.0380
4905.180	683.9689	2.1211
4907.560	683.7841	2.1204
4909.940	681.9600	2.0070
4912.320	673.6185	1.9670
4914.700	665.2645	1.9963
4917.080	665.1465	2.8123
4919.460	674.8562	3.3964
4921.840	683.9237	2.9612
4924.220	683.5658	1.8706
4926.600	677.9494	1.9034
4928.980	672.4159	1.8676
4931.360	673.1842	1.6004
4933.740	677.8091	1.9494
4936.120	682.4801	2.5478
4938.500	687.9510	2.1819
4940.880	684.7819	2.2381
4943.260	683.5856	2.0257
4945.640	684.8720	1.6867
4948.020	682.5225	1.8640
4950.400	672.7233	2.2429
4952.780	667.3435	2.0178
4955.160	676.5382	2.0596
4957.540	682.5231	2.0815
4959.920	681.7320	1.8681
4962.300	678.5373	1.9172
4964.680	679.0264	1.9380
4967.060	680.2480	1.8542
4969.440	681.8432	1.9100
4971.820	681.6783	1.9078
4974.200	675.6645	2.0045
4976.580	669.3797	2.1371
4978.960	667.0470	2.3705
4981.340	671.5309	2.2800
4983.720	673.1582	2.1062
4986.100	669.9683	2.0637
4988.480	671.4092	2.1201
4990.860	674.0047	1.8419
4993.240	672.5712	1.9519
4995.620	669.7394	1.8737
4998.000	666.1887	1.9778
5000.380	664.5820	1.9396
5002.760	665.2993	2.0792
5005.140	666.0340	2.2189
5007.520	663.2295	2.1059
5009.900	661.2547	2.3584
5012.280	660.0068	2.2489
5014.660	662.6974	2.1597
5017.040	665.8358	1.8187
5019.420	667.8189	1.9082
5021.800	668.5220	2.0400
5024.180	668.3195	2.2130
5026.560	667.8471	2.0070
5028.940	667.6750	1.9018
5031.320	664.1606	2.1525
5033.700	662.0349	2.2608
5036.080	658.7160	2.3520
5038.460	659.8135	2.2742
5040.840	663.6808	2.2130
5043.220	664.5689	2.1210
5045.600	662.0500	2.2380
5047.980	664.0300	2.2180
5050.360	666.6392	1.8802
5052.740	668.9953	1.9809
5055.120	669.0768	2.1019
5057.500	665.3822	2.1084
5059.880	661.9715	2.1269
5062.260	660.4513	1.8428
5064.640	662.4024	1.8251
5067.020	663.1515	2.2832
5069.400	662.3888	2.1073
5071.780	659.4254	2.0544
5074.160	657.0314	2.1851
5076.540	656.5263	2.0602
5078.920	659.8310	2.0970
5081.300	661.7643	1.9243
5083.680	663.0941	1.9692
5086.060	663.7461	1.9944
5088.440	662.2782	2.1199
5090.820	658.4515	2.1064
5093.200	655.8308	2.0763
5095.580	657.2810	2.1898
5097.960	658.3615	2.3818
5098.200	659.6750	1.7413
5100.340	657.3319	2.2742
5101.130	661.4713	2.3339
5102.720	654.0638	2.1356
5104.060	658.9909	2.0956
5105.100	653.6370	1.9491
5106.990	659.0460	1.5941
5107.480	655.9615	1.7532
5109.860	658.0350	1.8065
5109.920	661.2068	1.7227
5112.240	658.7873	1.6016
5112.850	662.8943	1.6460
5114.620	656.7632	2.0533
5115.780	661.4768	2.0751
5117.000	653.7155	2.0505
5118.710	656.9814	2.0991
5119.380	651.1476	2.0274
5121.640	655.6600	1.8991
5121.760	650.5273	2.2344
5124.140	650.6012	1.9502
5124.570	652.6435	2.5027
5126.520	650.9541	1.8959
5127.500	655.0453	1.5080
5128.900	651.2699	1.5793
5130.430	652.9446	1.5688
5131.280	648.0603	2.1231
5133.360	650.0527	1.8653
5133.660	644.8592	2.0699
5136.040	644.3425	2.0174
5136.290	646.8205	1.8729
5138.420	646.6961	2.0610
5139.220	646.0361	1.9725
5140.800	648.9162	2.2565
5142.150	650.3837	1.9392
5143.180	649.8696	2.2460
5145.080	651.4770	1.9762
5145.560	649.6346	2.2941
5147.940	649.1712	2.3198
5148.010	651.0461	2.0362
5150.320	649.6601	1.9051
5150.940	650.9376	1.3923
5153.870	651.4008	1.8446
5156.800	647.9238	1.6501
5159.730	635.9374	1.7722
5162.660	621.8618	1.9200
5165.590	609.2438	3.4311
5168.520	616.6698	2.5903
5171.450	631.1577	1.7032
5174.380	641.3382	2.0994
5177.310	636.1107	2.5250
5180.240	624.4242	1.9513
5183.170	626.9568	2.8218
5186.100	635.0730	2.1983
5189.030	636.8307	2.0912
5191.960	637.4897	1.9329
5194.890	640.1092	1.7604
5197.820	640.4890	1.7580
5200.750	634.9306	1.9261
5203.680	633.6724	1.6576
5206.610	638.9011	2.0585
5209.540	644.4297	1.8230
5212.470	645.5809	2.3174
5215.400	641.5678	1.8079
5218.330	639.0674	1.6798
5221.260	634.7862	1.6425
5224.190	629.2174	1.6560
5227.120	633.7814	2.0465
5230.050	638.8766	1.7523
5232.980	640.7299	1.7173
5235.910	643.3970	1.8842
5238.840	646.9325	2.1388
5241.770	644.5438	1.9106
5244.700	642.6956	1.5676
5247.630	642.9591	1.5868
5250.560	641.2909	1.8267
5253.490	639.1555	1.7464
5256.420	635.3453	1.5585
5259.350	627.0640	1.4098
5262.280	616.8962	1.9586
5265.210	617.1876	1.8094
5268.140	623.5120	1.5092
5271.070	632.4972	1.8901
5274.000	636.8178	1.9532
5276.930	636.4120	1.8220
5279.860	634.8875	1.3086
5282.790	636.8938	1.4227
5285.720	640.6635	1.7099
5288.650	640.0957	1.5450
5291.580	636.5303	1.5931
5294.510	634.5665	1.6313
5297.440	636.2807	1.6400
5300.370	637.8460	1.6132
5303.300	638.6319	1.7700
5306.230	638.9210	1.5095
5309.160	635.0034	1.5504
5312.090	630.9393	1.4059
5315.020	628.9563	1.5896
5317.950	627.0671	1.8080
5320.880	622.5889	1.7726
5323.810	620.9133	1.8667
5326.740	621.3099	2.0491
5329.670	627.3759	1.9365
5332.600	629.2669	1.8462
5335.530	627.2623	1.5810
5338.460	626.4565	1.7916
5341.390	626.4884	1.7392
5344.320	629.1338	1.6937
5347.250	630.6059	1.6252
5350.180	631.8894	1.5777
5353.110	628.2639	1.9403
5356.040	627.4474	1.7464
5358.970	624.8002	1.4840
5361.900	620.9064	1.8561
5364.830	619.8086	1.7555
5367.760	620.5428	1.4286
5370.690	621.8890	1.6136
5373.620	626.2180	1.8267
5376.550	627.4580	1.9725
5379.480	623.1534	1.4022
5382.410	622.2160	1.6370
5385.340	621.8640	1.4350
5388.270	619.1760	1.3826
5391.200	615.5007	1.6121
5394.130	613.7574	1.4942
5397.060	612.8637	1.4761
5399.990	610.0397	1.5714
5402.920	609.8837	1.8051
5405.850	612.8493	1.8911
5408.780	615.6319	1.8116
5411.710	618.6400	1.7862
5414.640	620.5994	1.8013
5417.570	619.7686	1.4507
5420.500	616.3913	1.4921
5423.430	613.4838	1.3623
5426.360	612.2733	1.6630
5429.290	612.9060	1.4059
5432.220	615.8366	1.3532
5435.150	618.0425	1.5662
5438.080	613.7461	1.5917
5441.010	611.6106	1.6149
5443.940	610.3808	1.7517
5446.870	611.6319	1.3732
5449.800	609.7551	1.4337
5452.730	609.4274	1.2017
5455.660	610.7077	1.0416
5458.590	611.8678	1.1466
5461.520	612.0375	1.1232
5464.450	611.1322	1.0862
5467.380	610.2028	1.2109
5470.310	608.9335	1.3642
5473.240	609.2877	1.3715
5476.170	611.2340	1.4676
5479.100	610.9912	1.4510
5482.030	610.0976	1.3497
5484.960	609.4445	1.2470
5487.890	608.8122	1.0880
5490.820	607.6018	1.3348
5493.750	607.0924	1.3684
5496.680	608.4409	1.3620
5499.610	607.8067	1.2008
5502.540	606.5047	1.2054
5505.470	605.9501	1.3108
5508.400	606.0699	1.5739
5511.330	606.1466	1.6722
5514.260	607.0874	1.4625
5517.190	605.7744	1.3799
5520.120	603.4754	1.3776
5523.050	601.6728	1.4409
5525.980	603.6921	1.2576
5528.910	604.7251	1.4126
5531.840	603.9252	1.7171
5534.770	604.3242	1.7021
5537.700	604.3082	1.6704
5540.630	604.5234	1.4750
5543.560	604.2704	1.2447
5546.490	603.7538	1.3501
5549.420	603.2158	1.4074
5552.350	603.2247	1.3931
5555.280	601.7484	1.4741
5558.210	600.6869	1.5326
5561.140	598.2389	1.6079
5564.070	596.3277	1.5667
5567.000	597.2494	1.2993
5569.930	597.8339	1.2903
5572.860	597.4243	1.4693
5575.790	593.8853	1.8222
5578.720	590.9341	1.6696
5581.650	588.6873	1.5171
5584.580	588.7631	1.6508
5587.510	590.1722	1.6903
5590.440	590.4362	1.5913
5593.370	589.5492	1.4838
5596.300	590.5104	1.4888
5599.230	592.9780	1.4461
5602.160	595.1661	1.3451
5605.090	594.0285	1.4941
5608.020	591.4555	1.6640
5610.950	589.9963	1.5388
5613.880	591.2212	1.3902
5616.810	592.8776	1.5242
5619.740	593.7746	1.3629
5622.670	594.8337	1.3337
5625.600	594.8656	1.4506
5628.530	592.4597	1.6816
5631.460	592.1914	1.5629
5634.390	592.5408	1.5387
5637.320	591.8123	1.6122
5640.250	589.3653	1.8911
5643.180	588.8490	1.5012
5646.110	588.4350	1.4799
5649.040	587.6467	1.5674
5651.970	586.7274	1.3494
5654.900	587.2633	1.3165
5657.830	588.5800	1.5594
5660.760	589.4508	1.4413
5663.690	590.2598	1.3469
5666.620	588.8081	1.3378
5669.550	587.6521	1.3918
5672.480	586.6078	1.5181
5675.410	585.7954	1.7192
5678.340	584.6669	1.7096
5681.270	584.9241	1.8028
5684.200	585.7453	1.4890
5687.130	587.1044	1.5201
5690.060	587.0997	1.3692
5692.990	585.4918	1.5077
5695.920	583.8431	1.4262
5698.850	582.5249	1.4316
5701.780	581.5250	1.3578
5704.710	581.1779	1.4921
5707.640	581.9842	1.8866
5710.570	583.0621	1.7197
5713.500	581.7677	1.6835
5716.430	581.4388	1.6320
5719.360	580.7802	1.5859
5722.290	580.7066	1.4163
5725.220	581.6605	1.3845
5728.150	581.9206	1.2635
5731.080	581.3160	1.3264
5734.010	581.0611	1.1583
5736.940	580.4765	1.2468
5739.870	579.3177	1.1546
5742.800	578.2053	1.3710
5745.730	577.9230	1.3240
5748.660	578.2638	1.4528
5751.590	578.3273	1.3852
5754.520	576.2577	1.5770
5757.450	575.0180	1.5975
5760.380	576.0733	1.5550
5763.310	576.6345	1.3965
5766.240	575.2471	1.4963
5769.170	574.3583	1.4241
5772.100	574.7230	1.2640
5775.030	574.0282	1.2369
5777.960	574.2092	1.1744
5780.890	574.2197	1.3057
5783.820	573.4178	1.4507
5786.750	572.7837	1.4233
5789.680	572.1561	1.5040
5792.610	571.6144	1.3622
5795.540	570.7567	1.4118
5798.470	570.6171	1.4246
5801.400	570.8886	1.5606
5804.330	569.9152	1.6143
5807.260	570.1259	1.7159
5810.190	569.7050	1.5718
5813.120	569.5558	1.4140
5816.050	569.6290	1.3899
5818.980	570.5599	1.2972
5821.910	570.0522	1.3036
5824.840	568.9985	1.2946
5827.770	568.3314	1.4378
5830.700	567.0462	1.4701
5833.630	567.8241	1.2959
5836.560	567.4190	1.3081
5839.490	565.3964	1.4768
5842.420	564.2804	1.3008
5845.350	563.5672	1.3410
5848.280	560.8781	1.3332
5851.210	559.5613	1.5160
5854.140	561.3001	1.7042
5857.070	562.3403	1.7457
5860.000	561.6445	1.6577
5862.930	561.6240	1.5733
5865.860	562.2852	1.6011
5868.790	563.5166	1.8388
5871.720	566.2831	3.5002
5874.650	568.1842	3.9341
5877.580	562.0710	2.5134
5880.510	552.7597	1.2029
5883.440	544.5267	1.1088
5886.370	541.4280	1.7875
5889.300	543.1039	2.5773
5892.230	548.0135	2.3427
5895.160	553.7279	1.8866
5898.090	557.0614	1.4583
5901.020	556.4366	1.5652
5903.950	556.7403	1.5873
5906.880	555.6997	1.5392
5909.810	555.6063	1.4835
5912.740	556.2049	1.3677
5915.670	556.1425	1.3024
5918.600	555.9013	1.3852
5921.530	554.3713	1.6406
5924.460	554.8402	1.6888
5927.390	555.1641	1.6763
5930.320	555.2650	1.5466
5933.250	555.5954	1.3994
5936.180	554.9289	1.2715
5939.110	553.9006	1.1725
5942.040	552.0900	1.5970
5944.970	550.9164	1.6822
5947.900	551.8720	1.5325
5950.830	552.8567	1.4837
5953.760	553.0755	1.4393
5956.690	551.7591	1.5019
5959.620	550.9195	1.2616
5962.550	551.7266	1.2525
5965.480	550.8574	1.2893
5968.410	550.5185	1.4805
5971.340	549.0856	1.6472
5974.270	549.4659	1.6444
5977.200	548.8526	1.6625
5980.130	548.3557	1.5316
5983.060	547.6195	1.5249
5985.990	547.5780	1.5832
5988.920	547.3003	1.4339
5991.850	546.4365	1.5283
5994.780	545.6674	1.5128
5997.710	545.7429	1.6183
6000.640	544.7161	1.8275
6003.570	543.9368	1.8093
6006.500	544.6450	1.7677
6009.430	543.9606	1.7406
6012.360	543.5408	1.4491
6015.290	542.8576	1.3697
6018.220	542.1608	1.4103
6021.150	543.3153	1.3443
6024.080	543.7916	1.5014
6027.010	543.7220	1.2872
6029.940	542.2989	1.4134
6032.870	541.5209	1.3948
6035.800	540.8915	1.4937
6038.730	541.4907	1.1450
6041.660	541.5750	1.2611
6044.590	540.2539	1.4490
6047.520	539.6534	1.4800
6050.450	539.5784	1.5370
6053.380	538.2694	1.6515
6056.310	537.3698	1.6294
6059.240	536.1731	1.5855
6062.170	536.8341	1.5411
6065.100	538.0928	1.4070
6068.030	537.5959	1.3189
6070.960	537.1185	1.3199
6073.890	535.7925	1.2328
6076.820	536.1885	1.3881
6079.750	535.7216	1.3335
6082.680	535.0791	1.3590
6085.610	533.6853	1.5732
6088.540	533.8227	1.3086
6091.470	532.4321	1.4771
6094.400	529.6352	1.4408
6097.330	529.2717	1.3433
6100.260	531.3696	1.4258
6103.190	533.2375	1.3557
6106.120	532.2862	1.2361
6109.050	530.3581	1.3420
6111.980	527.9185	1.4085
6114.910	525.3289	1.3966
6117.840	525.8361	1.4503
6120.770	528.2607	1.3652
6123.700	528.2178	1.3463
6126.630	526.4434	1.4237
6129.560	524.3607	1.4143
6132.490	524.0188	1.2704
6135.420	526.3286	1.3372
6138.350	527.1262	1.4964
6141.280	527.3753	1.3636
6144.210	527.2867	1.2728
6147.140	525.9778	1.3655
6150.070	523.7517	1.2604
6153.000	520.8173	1.1629
6155.930	518.3807	1.2279
6158.860	518.4930	1.5836
6161.790	520.8884	1.8440
6164.720	521.7694	1.7658
6167.650	523.1977	1.6264
6170.580	524.3662	1.2979
6173.510	524.0816	1.3225
6176.440	523.0097	1.2483
6179.370	521.4667	1.2430
6182.300	520.7001	1.2022
6185.230	519.8654	1.1764
6188.160	521.1948	1.3291
6191.090	521.8928	1.5321
6194.020	521.6145	1.4220
6196.950	521.1920	1.4426
6199.880	521.7250	1.3121
6202.810	521.5576	1.1929
6205.740	519.8953	1.1906
6208.670	518.7748	1.2634
6211.600	518.1462	1.3015
6214.530	517.7948	1.3582
6217.460	517.2389	1.4749
6220.390	515.7743	1.2931
6223.320	514.2378	1.2666
6226.250	514.0659	1.3706
6229.180	515.3702	1.4686
6232.110	515.4452	1.3395
6235.040	514.0923	1.2399
6237.970	512.6583	1.5206
6240.900	512.5726	1.4455
6243.830	512.3095	1.3708
6246.760	511.2186	1.3505
6249.690	511.1174	1.3589
6252.620	512.2471	1.3063
6255.550	513.1000	1.2917
6258.480	514.1596	1.1792
6261.410	512.8800	1.2898
6264.340	511.6924	1.4990
6267.270	511.4850	1.3609
6270.200	511.6020	1.4873
6273.130	510.4365	1.3468
6276.060	511.0438	1.2585
6278.990	512.0082	1.3253
6281.920	512.1487	1.4361
6284.850	511.3251	1.6417
6287.780	511.5458	1.4069
6290.710	511.0077	1.2309
6293.640	510.2848	1.1947
6296.570	510.2172	1.2597
6299.500	509.9320	1.2749
6302.430	509.6163	1.2640
6305.360	509.1623	1.4061
6308.290	507.8047	1.5967
6311.220	507.1038	1.5085
6314.150	506.8224	1.7663
6317.080	505.7369	1.5438
6320.010	504.4798	1.3523
6322.940	502.2839	1.4626
6325.870	499.3044	1.5225
6328.800	498.2702	1.4657
6331.730	497.9101	1.1110
6334.660	498.3049	1.1552
6337.590	499.7399	1.1386
6340.520	501.1985	1.1094
6343.450	501.2793	1.0945
6346.380	501.6249	0.9006
6349.310	501.6032	1.0317
6352.240	501.8771	1.0713
6355.170	502.0201	1.1853
6358.100	502.8182	1.1839
6361.030	501.6153	1.0797
6363.960	499.8818	1.1874
6366.890	499.0591	1.2531
6369.820	498.6719	1.4022
6372.750	498.0887	1.4063
6375.680	498.2103	1.3557
6378.610	498.7038	1.3397
6381.540	497.9806	1.2230
6384.470	497.3550	1.1761
6387.400	496.7582	1.4779
6390.330	495.8679	1.2020
6393.260	495.8234	1.1654
6396.190	495.4688	1.2805
6399.120	495.5393	1.1573
6402.050	494.3658	1.2206
6404.980	493.4881	1.2607
6407.910	492.8925	1.4686
6410.840	492.3410	1.4098
6413.770	492.0092	1.2998
6416.700	492.6864	1.2361
6419.630	493.0514	1.1861
6422.560	492.6030	1.0015
6425.490	492.1457	1.2268
6428.420	490.7039	1.2612
6431.350	488.6631	1.1722
6434.280	488.6094	1.2529
6437.210	489.5126	1.4711
6440.140	489.1298	1.6265
6443.070	487.7724	1.4101
6446.000	487.9801	1.3608
6448.930	488.0741	1.3739
6451.860	487.3245	1.4064
6454.790	485.9078	1.2729
6457.720	485.3747	1.4496
6460.650	487.0134	1.3959
6463.580	488.0020	1.2177
6466.510	488.1717	1.1858
6469.440	487.1582	1.2264
6472.370	486.5897	1.2416
6475.300	485.9004	1.2024
6478.230	485.6837	1.1833
6481.160	485.1483	1.2550
6484.090	482.6227	1.2411
6487.020	479.0362	1.2618
6489.950	478.5449	1.2321
6492.880	482.4328	1.4707
6495.810	485.4614	1.6413
6498.740	485.3795	1.4135
6501.670	483.9186	1.3772
6504.600	482.5743	1.5084
6507.530	482.5622	1.4437
6510.460	482.0838	1.4416
6513.390	481.6825	1.3777
6516.320	480.7069	1.4655
6519.250	478.9115	1.5018
6522.180	477.8159	1.5461
6525.110	477.8683	1.3828
6528.040	477.6847	1.3501
6530.970	475.6450	1.3180
6533.900	473.1768	1.1966
6536.830	470.7815	1.2530
6539.760	467.1820	1.3084
6542.690	461.6045	1.5784
6545.620	451.8532	1.5816
6548.550	433.6744	1.6618
6551.480	404.0787	1.9236
6554.410	373.2632	1.9369
6557.340	372.3939	1.8921
6560.270	410.0181	2.6222
6563.200	444.6315	3.1567
6566.130	458.8218	2.1131
6569.060	461.5257	2.1372
6571.990	462.1631	1.1088
6574.920	463.4179	1.0227
6577.850	465.0638	1.0340
6580.780	467.2556	1.0530
6583.710	468.7941	0.9969
6586.640	469.6358	1.1201
6589.570	470.4747	1.4505
6592.500	472.0151	1.6020
6595.430	472.9516	1.2540
6598.360	473.3354	1.2160
6601.290	473.4308	1.2420
6604.220	473.7899	1.1501
6607.150	473.9318	1.2054
6610.080	473.0791	1.2457
6613.010	472.5963	1.2389
6615.940	473.0556	1.2859
6618.870	472.8336	1.1626
6621.800	472.3428	1.1246
6624.730	471.7872	1.2525
6627.660	471.3898	1.1992
6630.590	471.1433	1.3201
6633.520	470.7369	1.3842
6636.450	470.2399	1.3218
6639.380	469.7810	1.3203
6642.310	469.4455	1.3928
6645.240	468.3800	1.4586
6648.170	467.9482	1.2402
6651.100	467.9669	1.1783
6654.030	467.6395	1.2932
6656.960	467.7635	1.1347
6659.890	467.1485	1.2586
6662.820	466.8704	1.3519
6665.750	465.5615	1.5549
6668.680	465.1127	1.1938
6671.610	466.2847	1.2913
6674.540	469.0470	2.3356
6677.470	470.3437	2.7507
6680.400	468.0525	1.9060
6683.330	465.4616	1.3626
6686.260	464.7744	1.2494
6689.190	464.4981	1.0583
6692.120	463.8156	1.0432
6695.050	463.3884	1.2819
6697.980	462.4505	1.4126
6700.910	461.6389	1.2975
6703.840	461.1926	1.2978
6706.770	461.0074	1.2077
6709.700	460.3999	1.3651
6712.630	460.8566	1.2167
6715.560	461.1183	1.2132
6718.490	460.6609	1.2988
6721.420	460.2290	1.5264
6724.350	459.8716	1.4350
6727.280	458.9671	1.3898
6730.210	458.2229	1.4381
6733.140	457.8907	1.3288
6736.070	458.2354	1.2840
6739.000	458.5886	1.1274
6741.930	458.5332	1.1290
6744.860	458.5238	1.2783
6747.790	458.4594	1.3547
6750.720	458.2159	1.3140
6753.650	457.3852	1.3761
6756.580	456.6363	1.1237
6759.510	456.2457	1.0443
6762.440	455.5162	1.0780
6765.370	455.3482	1.2253
6768.300	455.2904	1.1602
6771.230	454.9601	1.1661
6774.160	454.1382	1.3136
6777.090	453.5145	1.2158
6780.020	453.8162	1.1782
6782.950	454.2542	1.0639
6785.880	453.5424	1.0025
6788.810	452.6043	1.1463
6791.740	451.9553	1.1946
6794.670	452.3163	1.1045
6797.600	451.7674	1.0753
6800.530	451.4885	1.1295
6803.460	451.4210	0.9929
6806.390	450.9978	1.1425
6809.320	451.1208	1.1074
6812.250	451.5773	0.9139
6815.180	450.6127	0.9732
6818.110	449.5114	1.0012
6821.040	448.6826	1.0471
6823.970	447.9154	1.2194
6826.900	448.0349	1.2964
6829.830	447.4143	1.2848
6832.760	447.1800	1.2428
6835.690	447.4018	1.2271
6838.620	447.3494	1.2282
6841.550	447.2086	1.0366
6844.480	446.0853	1.0993
6847.410	444.6513	1.1647
6850.340	443.8845	1.2211
6853.270	443.9133	1.2984
6856.200	443.7045	1.2970
6859.130	443.4898	1.3811
6862.060	443.6171	1.2192
6864.990	443.5067	1.2279
6867.920	443.4866	1.2814
6870.850	442.6213	1.1454
6873.780	442.5324	1.0296
6876.710	442.8781	0.9975
6879.640	442.6340	1.1281
6882.570	441.8607	1.3207
6885.500	441.5185	1.5654
6888.430	441.9479	1.3887
6891.360	441.9752	1.2368
6894.290	441.4527	1.1151
6897.220	441.6756	1.0423
6900.150	441.7121	0.9585
6903.080	441.2443	1.0406
6906.010	440.7197	1.0258
6908.940	440.1743	1.1250
6911.870	439.6347	1.1855
6914.800	439.6254	1.1016
6917.730	438.9716	1.0634
6920.660	438.9783	1.0939
6923.590	438.9839	1.0417
6926.520	438.9859	0.9906
6929.450	438.3118	0.9885
6932.380	437.6474	0.9949
6935.310	437.5292	0.9059
6938.240	437.0408	1.0118
6941.170	437.0142	0.9817
6944.100	437.2827	0.9985
6947.030	436.8944	1.1078
6949.960	436.3843	1.1467
6952.890	435.7339	1.0809
6955.820	435.0335	1.0463
6958.750	434.6794	0.9948
6961.680	434.7246	1.0387
6964.610	434.0904	1.1474
6967.540	433.5333	1.1208
6970.470	433.1495	1.1339
6973.400	433.7624	1.0804
6976.330	434.7074	1.0842
6979.260	434.5315	1.1554
6982.190	433.5329	1.0339
6985.120	432.6976	1.0598
6988.050	431.9918	1.1005
6990.980	431.2368	1.2291
6993.910	430.4677	1.2328
6996.840	430.2072	1.1436
6999.770	430.1434	1.1862
7002.700	430.1301	1.2147
7005.630	429.6568	1.1829
7008.560	428.5482	1.1489
7011.490	428.4064	1.0944
7014.420	429.1554	0.9415
7017.350	428.7637	0.9961
7020.280	428.5582	1.0410
7023.210	428.7232	1.1190
7026.140	428.1947	1.1039
7029.070	428.0461	1.0350
7032.000	428.4175	0.8903
7034.930	428.2687	0.8536
7037.860	427.9933	0.8271
7040.790	427.5493	0.8832
7043.720	426.7915	1.0288
7046.650	426.3106	1.0131
7049.580	426.1329	0.9161
7052.510	426.0095	0.9416
7055.440	425.7014	1.0444
7058.370	426.1140	1.2601
7061.300	426.8000	1.5705
7064.230	427.4850	2.0719
7067.160	425.7213	1.6068
7070.090	423.6113	0.9740
7073.020	422.5177	0.9961
7075.950	422.5063	1.0579
7078.880	422.6253	0.9719
7081.810	421.9584	0.9209
7084.740	421.1470	0.9822
7087.670	421.4333	0.9344
7090.600	421.2449	0.9001
7093.530	420.7595	0.9435
7096.460	420.1095	0.9003
7099.390	420.0944	0.9158
7102.320	420.4418	1.0441
7105.250	420.3287	1.1676
7108.180	419.6616	1.1508
7111.110	419.0063	1.1005
7114.040	418.6232	0.9716
7116.970	418.2199	1.0511
7119.900	418.4748	1.1431
7122.830	418.4959	1.1681
7125.760	418.1137	1.0570
7128.690	417.9203	0.9502
7131.620	417.6350	0.9518
7134.550	416.7066	0.9729
7137.480	415.5875	0.9063
7140.410	414.8035	0.9313
7143.340	415.7880	1.1571
7146.270	416.8810	1.0499
7149.200	416.2735	1.1142
7152.130	415.1085	1.1303
7155.060	414.3079	1.0541
7157.990	414.1466	1.0615
7160.920	414.3047	1.0355
7163.850	414.2187	1.2041
7166.780	413.8799	1.2002
7169.710	413.6512	1.3940
7172.640	413.6110	1.4173
7175.570	412.9411	1.3095
7178.500	411.3884	1.2395
7181.430	410.9123	1.1149
7184.360	411.7781	1.0505
7187.290	412.2308	0.9689
7190.220	411.1668	0.9581
7193.150	409.7613	0.9163
7196.080	409.2075	0.9156
7199.010	409.3266	1.1162
7201.940	409.1963	1.0659
7204.870	410.0113	0.9934
7207.800	410.6028	0.9469
7210.730	410.4582	0.9170
7213.660	409.8743	0.9521
7216.590	409.3133	0.9418
7219.520	410.0081	1.0775
7222.450	410.1446	1.5664
7225.380	409.5233	1.4537
7228.310	408.4356	1.1257
7231.240	407.8695	1.0264
7234.170	408.4591	0.9903
7237.100	408.2942	0.9632
7240.030	407.7386	1.0109
7242.960	407.4881	1.0925
7245.890	407.0842	1.2149
7248.820	407.3116	1.1237
7251.750	407.1144	1.1229
7254.680	406.5010	1.0459
7257.610	406.2973	0.9530
7260.540	406.0597	0.8486
7263.470	405.4187	0.9842
7266.400	404.0478	0.9651
7269.330	402.4198	1.1437
7272.260	402.2246	1.1397
7275.190	402.7427	1.1014
7278.120	403.4497	1.2546
7281.050	403.3934	1.3554
7283.980	402.7459	1.1010
7286.910	401.9219	1.1572
7289.840	401.7990	1.2305
7292.770	401.4025	1.1235
7295.700	401.1138	1.1011
7298.630	400.9143	1.1159
7301.560	400.5950	1.0661
7304.490	401.0705	1.0529
7307.420	400.6753	1.0307
7310.350	400.2007	0.9898
7313.280	399.6666	1.0272
7316.210	398.6598	1.0245
7319.140	398.3827	0.9096
7322.070	398.8943	0.9301
7325.000	399.1376	1.0176
7327.930	399.1620	1.0428
7330.860	399.1495	1.0127
7333.790	398.0798	1.1885
7336.720	396.5966	1.2968
7339.650	396.5663	1.1353
7342.580	397.1868	0.9945
7345.510	397.2065	0.8959
7348.440	396.6852	0.9087
7351.370	396.1998	1.1481
7354.300	395.8087	1.2210
7357.230	395.9702	1.0177
7360.160	395.6150	1.0205
7363.090	394.7664	1.0388
7366.020	394.1728	1.0282
7368.950	394.9059	0.9448
7371.880	395.3565	0.9452
7374.810	395.0859	0.9049
7377.740	394.1891	0.9850
7380.670	393.4229	0.9465
7383.600	392.8771	1.0620
7386.530	392.8011	1.0459
7389.460	393.5526	0.9929
7392.390	393.1156	0.9245
7395.320	391.8217	0.9242
7398.250	390.4063	0.8941
7401.180	389.6667	0.8882
7404.110	389.4805	0.9182
7407.040	389.6487	0.9848
7409.970	389.6270	1.0900
7412.900	388.9913	1.1909
7415.830	388.8427	1.0818
7418.760	389.6781	0.9397
7421.690	390.5274	1.0447
7424.620	390.3287	1.0429
7427.550	389.6255	0.9195
7430.480	389.2342	0.9515
7433.410	388.5614	0.9471
7436.340	387.3075	0.9251
7439.270	386.8556	1.0146
7442.200	387.6350	0.8943
7445.130	388.7528	0.9966
7448.060	388.2590	1.0280
7450.990	386.7832	1.0887
7453.920	385.4611	1.1824
7456.850	385.4167	1.0580
7459.780	385.7485	1.1031
7462.710	385.6165	1.1079
7465.640	385.3250	1.1797
7468.570	385.1511	1.1046
7471.500	384.8910	1.1220
7474.430	384.6353	1.2569
7477.360	383.9575	1.1817
7480.290	383.3329	1.1623
7483.220	383.2183	1.0602
7486.150	382.4229	1.0215
7489.080	382.0129	1.0091
7492.010	382.0850	1.1204
7494.940	382.0039	1.1396
7497.870	380.5667	1.1844
7500.800	380.0142	1.1195
7503.730	380.1094	1.0584
7506.660	380.5966	1.0262
7509.590	381.6945	1.0247
7512.520	381.7955	1.0411
7515.450	381.3736	0.8775
7518.380	381.0536	0.9931
7521.310	380.8054	1.0697
7524.240	380.3796	1.1551
7527.170	379.9820	1.0737
7530.100	379.6225	1.0703
7533.030	379.4197	1.0769
7535.960	379.1054	0.9087
7538.890	378.4781	1.0003
7541.820	377.9048	1.0907
7544.750	377.7993	1.0384
7547.680	377.1066	0.8367
7550.610	377.0894	0.9049
7553.540	377.6388	0.8408
7556.470	377.9165	0.8780
7559.400	377.0562	0.9707
7562.330	376.4428	1.0873
7565.260	375.9508	1.2680
7568.190	375.7284	1.3236
7571.120	376.1534	1.0805
7574.050	375.7969	0.9263
7576.980	374.8300	0.8833
7579.910	374.1977	1.0078
7582.840	374.7192	1.1356
7585.770	374.5439	1.3539
7588.700	373.7685	1.4283
7591.630	372.9969	1.5562
7594.560	372.4474	1.6317
7597.490	372.8842	1.6079
7600.420	372.4520	1.4378
7603.350	373.5496	1.2947
7606.280	374.0339	1.0108
7609.210	373.6318	1.0171
7612.140	373.5686	0.8564
7615.070	374.3221	0.9570
7618.000	373.1288	0.9261
7620.930	372.1411	1.0538
7623.860	371.6449	1.3741
7626.790	370.8060	1.2131
7629.720	369.8451	1.1655
7632.650	370.0318	0.9814
7635.580	369.7933	0.7946
7638.510	369.5223	0.8926
7641.440	369.5508	1.1800
7644.370	369.6405	1.0060
7647.300	369.1100	0.9132
7650.230	367.1342	1.0564
7653.160	365.4786	0.9905
7656.090	364.0833	1.1261
7659.020	364.4210	1.2489
7661.950	366.9605	1.2124
7664.880	368.5449	1.0989
7667.810	368.4758	0.8139
7670.740	367.5078	0.8509
7673.670	367.3076	0.9563
7676.600	367.0874	1.0171
7679.530	366.1526	1.0968
7682.460	364.9942	1.0004
7685.390	363.5331	1.1625
7688.320	362.0496	1.1328
7691.250	361.8369	1.1013
7694.180	362.6607	0.9711
7697.110	363.9271	0.9270
7700.040	364.1598	0.9491
7702.970	363.1523	0.9222
7705.900	362.4026	0.9216
7708.830	362.4054	0.9302
7711.760	362.6768	1.0141
7714.690	363.0894	1.0096
7717.620	363.0988	0.8758
7720.550	362.9714	1.0807
7723.480	363.0539	1.1589
7726.410	363.3315	1.0414
7729.340	362.8361	1.1067
7732.270	361.8309	1.1275
7735.200	360.4659	0.9270
7738.130	360.3303	0.9649
7741.060	360.4838	0.8465
7743.990	360.0534	0.9917
7746.920	360.4437	0.8873
7749.850	360.8151	0.8082
7752.780	360.0610	0.8569
7755.710	359.6366	0.9593
7758.640	359.0931	0.8357
7761.570	356.9825	0.9376
7764.500	355.1304	0.9073
7767.430	355.2400	0.8024
7770.360	356.2698	1.0157
7773.290	357.2852	1.1143
7776.220	357.5615	0.9789
7779.150	357.0966	1.0241
7782.080	357.0100	0.8770
7785.010	356.7041	0.9509
7787.940	356.1037	0.9152
7790.870	355.8506	0.8159
7793.800	355.4551	0.8258
7796.730	355.8707	0.8484
7799.660	356.6220	0.8737
7802.590	356.2976	1.0249
7805.520	355.3143	1.1950
7808.450	354.8842	1.0565
7811.380	355.0452	0.9688
7814.310	355.2086	0.8785
7817.240	354.6298	0.9325
7820.170	354.3089	0.9281
7823.100	353.9799	0.8988
7826.030	353.9366	0.9347
7828.960	354.0875	1.0390
7831.890	353.8658	1.1413
7834.820	353.2792	1.0113
7837.750	352.9594	0.9697
7840.680	352.2607	0.9107
7843.610	351.2152	0.8667
7846.540	350.8489	1.0137
7849.470	351.3548	1.1317
7852.400	351.7567	1.0554
7855.330	351.6196	1.1310
7858.260	351.4104	0.9789
7861.190	351.3791	0.9323
7864.120	351.8290	0.9758
7867.050	350.9824	1.0277
7869.980	349.6624	1.1314
7872.910	349.0778	1.0359
7875.840	348.8245	1.0188
7878.770	349.1895	0.9496
7881.700	348.8339	0.9411
7884.630	348.1745	1.0328
7887.560	347.9751	1.0111
7890.490	348.6857	0.8598
7893.420	349.8919	0.8552
7896.350	350.8538	0.9231
7899.280	350.3569	1.1192
7902.210	349.4972	1.0733
7905.140	348.1345	1.0974
7908.070	347.2523	1.1117
7911.000	346.3973	1.1967
7913.930	345.4312	1.1311
7916.860	344.9869	1.0746
7919.790	344.7834	0.9372
7922.720	343.6935	1.1398
7925.650	343.0542	0.9938
7928.580	343.4195	0.9196
7931.510	343.4136	0.9796
7934.440	343.2456	0.9742
7937.370	343.0534	0.9237
7940.300	343.8120	0.8277
7943.230	344.9280	0.7973
7946.160	345.2799	0.8344
7949.090	344.6493	0.8411
7952.020	343.6495	0.8686
7954.950	343.1959	0.9035
7957.880	342.4847	0.9992
7960.810	342.1197	1.0970
7963.740	342.0633	1.1397
7966.670	341.9927	1.0417
7969.600	341.1206	0.9827
7972.530	341.7405	1.0844
7975.460	342.1915	0.9893
7978.390	342.7423	1.0399
7981.320	342.3210	0.9576
7984.250	341.5715	0.9547
7987.180	340.3632	1.0697
7990.110	339.0707	1.1011
7993.040	339.4637	0.9610
7995.970	340.1016	0.9596
7998.900	339.8783	0.9074
8001.830	338.8908	0.8619
8004.760	338.7980	0.7301
8007.690	339.1355	0.6497
8010.620	339.7203	0.6419
8013.550	340.0263	0.7416
8016.480	340.5659	0.9377
8019.410	340.6022	0.9953
8022.340	339.7756	0.9928
8025.270	339.8748	0.9156
8028.200	339.7980	1.0907
8031.130	338.4491	0.9546
8034.060	336.5308	0.8605
8036.990	334.9869	0.8750
8039.920	334.6143	0.9042
8042.850	335.0975	0.8783
8045.780	335.5498	0.8797
8048.710	335.2616	0.9592
8051.640	334.2526	0.9799
8054.570	333.5628	1.1635
8057.500	333.6203	0.9974
8060.430	333.6615	0.8614
8063.360	334.7886	0.8856
8066.290	335.6564	0.7656
8069.220	335.4310	0.9800
8072.150	335.3100	0.9325
8075.080	334.7095	0.9391
8078.010	334.0618	1.0549
8080.940	332.9794	1.1193
8083.870	332.9505	0.9875
8086.800	332.1141	0.8810
8089.730	331.4505	0.8816
8092.660	331.9062	0.8933
8095.590	332.1205	0.8881
8098.520	331.2217	0.8989
8101.450	330.6721	0.9678
8104.380	330.7145	0.9719
8107.310	330.4612	1.0192
8110.240	330.7133	0.9189
8113.170	331.0660	1.0088
8116.100	331.3198	1.1185
8119.030	330.8801	1.0318
8121.960	330.9807	0.9887
8124.890	331.3800	0.8606
8127.820	332.0274	0.7750
8130.750	331.7217	0.8472
8133.680	330.5499	0.7640
8136.610	328.9114	0.8758
8139.540	328.2190	0.8901
8142.470	328.0119	0.9439
8145.400	328.0954	0.7547
8148.330	328.2103	0.7485
8151.260	328.7651	0.8006
8154.190	328.5721	0.8460
8157.120	328.2988	0.9808
8160.050	327.9982	0.9739
8162.980	327.8785	1.0309
8165.910	327.5402	1.1092
8168.840	325.7481	1.3094
8171.770	324.7130	1.2346
8174.700	324.3307	1.1038
8177.630	324.4525	1.0685
8180.560	324.1756	1.1784
8183.490	322.3349	1.2440
8186.420	321.2932	1.0622
8189.350	321.9643	1.0243
8192.280	323.8922	0.9634
8195.210	324.0589	1.0268
8198.140	323.4620	0.8241
8201.070	323.0014	0.7826
8204.000	321.8385	0.8531
8206.930	321.3199	0.9320
8209.860	321.8696	0.8089
8212.790	322.3292	0.7780
8215.720	323.1537	0.6731
8218.650	323.4372	0.8428
8221.580	322.8236	0.9996
8224.510	322.0144	1.1375
8227.440	322.0032	1.3541
8230.370	322.2480	1.6904
8233.300	323.0143	1.4305
8236.230	322.3058	1.1674
8239.160	321.0229	0.9990
8242.090	320.2777	0.6866
8245.020	320.8368	0.6710
8247.950	320.8424	0.8047
8250.880	319.8902	0.7630
8253.810	319.5447	0.8416
8256.740	318.5805	1.0184
8259.670	318.4117	0.8855
8262.600	318.2887	0.8449
8265.530	317.8279	0.8377
8268.460	317.3254	0.8473
8271.390	318.1922	0.7636
8274.320	319.2852	0.6823
8277.250	319.0457	0.6473
8280.180	318.0192	0.8035
8283.110	317.5356	0.7341
8286.040	316.7342	0.7558
8288.970	316.3403	0.8472
8291.900	316.3295	0.9146
8294.830	315.0171	0.9065
8297.760	313.5842	0.9345
8300.690	313.7282	0.7818
8303.620	315.2883	0.6442
8306.550	315.2268	0.7880
8309.480	315.0977	0.9420
8312.410	314.6146	0.9047
8315.340	313.9701	1.0244
8318.270	312.9137	0.9903
8321.200	313.0136	0.9452
8324.130	314.1506	0.8874
8327.060	313.5952	1.0959
8329.990	313.0274	1.1220
8332.920	313.3602	1.0879
8335.850	312.7847	1.0634
8338.780	312.1273	1.0236
8341.710	310.8854	1.0625
8344.640	310.5970	0.9870
8347.570	311.3833	0.7953
8350.500	310.6369	0.9253
8353.430	308.9410	0.9888
8356.360	309.6371	0.8213
8359.290	310.6950	0.8425
8362.220	310.5460	1.0417
8365.150	310.0549	1.0570
8368.080	309.4208	0.8374
8371.010	310.4591	0.7275
8373.940	310.3060	0.6994
8376.870	308.9408	0.9328
8379.800	308.0650	1.0927
8382.730	308.7939	1.1414
8385.660	311.4193	0.9269
8388.590	311.1151	0.7888
8391.520	310.1621	0.7856
8394.450	309.5055	0.9340
8397.380	308.6508	0.9999
8400.310	307.7413	0.8541
8403.240	308.0207	0.6607
8406.170	308.1378	0.6018
8409.100	308.4499	0.7399
8412.030	307.4216	0.9605
8414.960	306.5834	1.1299
8417.890	307.1882	0.7778
8420.820	308.4043	0.6505
8423.750	307.6038	0.6904
8426.680	304.8194	0.9248
8429.610	303.8706	1.2129
8432.540	305.3206	0.9525
8435.470	306.1137	0.9805
8438.400	304.9202	0.9370
8441.330	305.1506	0.8415
8444.260	305.4515	0.7644
8447.190	304.9465	0.7964
8450.120	303.9351	1.2568
8453.050	303.0434	0.9032
8455.980	302.3485	0.7990
8458.910	301.4844	1.0624
8461.840	301.9405	1.0730
8464.770	303.9185	1.0959
8467.700	305.3952	1.0254
8470.630	305.7108	0.8541
8473.560	304.5781	0.8592
8476.490	304.5179	0.9477
8479.420	303.8686	0.9401
8482.350	302.1372	0.9121
8485.280	296.4154	1.1353
8488.210	287.9270	1.0775
8491.140	287.0402	1.0263
8494.070	296.9321	1.4036
8497.000	303.8838	2.0212
8499.930	302.1733	1.4699
8502.860	298.4423	1.0970
8505.790	297.7669	1.1248
8508.720	298.3522	1.0322
8511.650	299.5247	0.9182
8514.580	299.3927	1.0898
8517.510	298.7030	0.9825
8520.440	297.4475	0.9175
8523.370	295.9907	0.9127
8526.300	292.2303	1.0430
8529.230	279.8005	1.2074
8532.160	262.2831	0.9889
8535.090	262.1855	0.9392
8538.020	283.9044	2.1939
8540.950	299.3772	2.9453
8543.880	300.9700	2.1175
8546.810	297.1862	1.1415
8549.740	296.5356	1.3508
8552.670	296.6960	1.1422
8555.600	297.4642	0.8610
8558.530	297.7756	0.8044
8561.460	298.8115	0.8454
8564.390	299.7729	0.8786
8567.320	299.6880	0.8559
8570.250	298.7615	0.8857
8573.180	297.7001	0.9521
8576.110	296.7092	1.0024
8579.040	296.8800	1.0717
8581.970	295.2142	1.1960
8584.900	292.9746	1.1094
8587.830	290.5543	1.0636
8590.760	290.1685	0.7744
8593.690	291.4981	0.7591
8596.620	292.5515	0.7624
8599.550	292.6812	0.9838
8602.480	293.4352	0.9090
8605.410	294.6743	0.6973
8608.340	295.2831	0.5784
8611.270	295.3995	0.5917
8614.200	295.8382	0.7575
8617.130	296.0177	0.6723
8620.060	294.7350	0.9386
8622.990	293.6067	1.3521
8625.920	293.1367	1.1396
8628.850	293.6941	0.9797
8631.780	293.1044	0.8667
8634.710	291.4046	1.1060
8637.640	289.7197	1.1477
8640.570	289.4464	1.1160
8643.500	289.2513	0.9942
8646.430	286.0031	0.9245
8649.360	274.3793	0.9648
8652.290	258.5740	0.9190
8655.220	259.4236	0.5835
8658.150	276.4714	1.9748
8661.080	289.0683	2.5402
8664.010	290.4023	1.9211
8666.940	287.4594	1.1699
8669.870	287.5875	1.0743
8672.800	288.1422	0.9624
8675.730	287.0343	0.9539
8678.660	285.8000	0.9439
8681.590	286.5646	0.8802
8684.520	288.7831	0.8319
8687.450	290.0907	0.8785
8690.380	290.0106	0.8651
8693.310	290.4360	0.8210
8696.240	290.9848	0.7788
8699.170	290.4315	0.8290
8702.100	290.0304	0.8591
8705.030	289.1837	0.8917
8707.960	289.2804	0.8719
8710.890	289.5402	0.8448
8713.820	289.3549	0.8348
8716.750	288.1493	0.7210
8719.680	286.3579	0.7471
8722.610	285.2326	0.8534
8725.540	285.1225	0.6841
8728.470	285.3217	0.5920
8731.400	285.2506	0.5817
8734.330	283.4917	0.6744
8737.260	280.7611	0.7546
8740.190	277.2353	0.6937
8743.120	276.3442	0.7020
8746.050	278.8554	0.6930
8748.980	281.9517	0.6887
8751.910	283.5185	0.8203
8754.840	284.3325	0.7327
8757.770	284.9992	0.7348
8760.700	285.4658	0.8239
8763.630	285.9982	0.8597
8766.560	285.8317	0.9357
8769.490	285.7536	1.0085
8772.420	285.5799	0.9761
8775.350	283.5195	0.9804
8778.280	282.5032	0.8864
8781.210	281.9343	1.0059
8784.140	281.8256	1.0121
8787.070	282.0095	1.0401
8790.000	282.3411	0.8218
8792.930	281.4188	0.6989
8795.860	278.2594	0.6425
8798.790	276.8973	0.6835
8801.720	280.2001	0.8584
8804.650	284.6147	1.1381
8807.580	285.2907	1.0224
8810.510	282.7462	1.0346
8813.440	280.6891	1.0956
8816.370	278.5626	1.0363
8819.300	279.0649	0.9682
8822.230	279.8244	0.9534
8825.160	278.6774	1.0194
8828.090	278.8325	0.8299
8831.020	279.5715	0.8186
8833.950	278.6519	0.8270
8836.880	279.0152	0.7709
8839.810	279.3225	0.6252
8842.740	278.3520	0.6729
8845.670	275.9662	0.8255
8848.600	272.4146	1.0990
8851.530	268.8854	1.0445
8854.460	266.8954	0.9321
8857.390	268.4157	0.8364
8860.320	271.9904	0.6585
8863.250	273.8058	0.8101
8866.180	274.8662	0.9307
8869.110	276.1412	0.8683
8872.040	277.2000	0.7359
8874.970	277.6795	0.7189
8877.900	278.0582	0.4946
8880.830	277.7300	0.6547
8883.760	276.2922	0.8556
8886.690	276.5722	0.7241
8889.620	277.5077	0.5002
8892.550	277.3917	0.6814
8895.480	277.1055	0.9693
8898.410	275.9793	1.0025
8901.340	273.8775	0.9747
8904.270	273.4567	0.8938
8907.200	274.5025	0.8670
8910.130	276.2567	0.7018
8913.060	276.9510	0.8599
8915.990	275.0349	0.7900
8918.920	274.4799	0.7120
8921.850	276.0871	0.8853
8924.780	277.2261	1.0198
8927.710	275.8540	0.9825
8930.640	273.9824	0.7844
8933.570	272.7635	0.7307
8936.500	272.2889	0.7721
8939.430	272.5822	0.9548
8942.360	273.1790	0.9256
8945.290	273.7029	0.8230
8948.220	273.8265	0.8008
8951.150	274.8289	0.7128
8954.080	274.5882	0.8485
8957.010	273.8350	0.8415
8959.940	274.0379	0.5766
8962.870	274.0954	0.6215
8965.800	273.9363	0.7781
8968.730	273.3344	0.8704
8971.660	271.3375	1.0310
8974.590	270.1569	0.9642
8977.520	269.3955	0.9286
8980.450	269.5679	0.7671
8983.380	269.4029	0.6983
8986.310	269.0324	0.7803
8989.240	268.6455	0.8773
8992.170	268.7367	0.8329
8995.100	267.7681	0.9779
8998.030	264.4434	1.0271
9000.960	259.0289	0.8650
9003.890	254.4335	0.6924
9006.820	253.2261	0.7458
9009.750	257.9297	0.8345
9012.680	263.9387	1.1251
9015.610	267.5598	1.1532
9018.540	268.7644	0.8755
9021.470	268.5368	0.8759
9024.400	268.1440	0.9793
9027.330	268.0608	0.9982
9030.260	268.0861	0.7493
9033.190	267.9165	0.4631
9036.120	267.9436	0.5258
9039.050	267.4132	0.5441
9041.980	266.7699	0.8144
9044.910	266.0785	0.8548
9047.840	265.0479	1.0353
9050.770	263.2117	1.0034
9053.700	263.2109	0.8262
9056.630	265.2191	0.5568
9059.560	266.5523	0.7016
9062.490	266.4913	0.8056
9065.420	266.0054	0.9524
9068.350	265.6062	1.0447
9071.280	266.9125	0.9472
9074.210	268.4430	0.8415
9077.140	267.8974	0.7997
9080.070	265.5351	0.9781
9083.000	264.3431	0.8039
9085.930	264.0201	0.7720
9088.860	264.8276	0.8524
9091.790	265.0895	0.9422
9094.720	264.2339	0.7446
9097.650	263.5673	0.7460
9100.580	262.2311	0.8744
9103.510	262.0310	0.8569
9106.440	263.4221	0.8305
9109.370	265.0157	0.9431
9112.300	265.6272	0.9794
9115.230	264.9665	1.1097
9118.160	263.5331	1.1045
9121.090	261.9326	0.8632
9124.020	260.6001	0.7142
9126.950	260.0593	0.6846
9129.880	260.5295	0.8828
9132.810	261.8825	1.0176
9135.740	263.7070	0.8848
9138.670	264.0008	0.9216
9141.600	263.8521	0.8752
9144.530	262.7588	0.8607
9147.460	261.7351	0.7200
9150.390	262.1109	0.7029
9153.320	262.4922	0.8618
9156.250	263.2958	0.8722
9159.180	263.1315	0.9108
9162.110	262.3895	0.8811
9165.040	260.4228	0.9315
9167.970	259.0180	0.8876
9170.900	258.0797	0.7887
9173.830	257.5631	0.9251
9176.760	258.5667	0.9034
9179.690	258.8776	0.9207
9182.620	259.3035	0.9618
9185.550	259.9776	0.7648
9188.480	259.8486	0.7879
9191.410	260.0495	0.7770
9194.340	259.0941	0.7522
9197.270	257.5070	0.8907
9200.200	255.8866	0.8249
9203.130	253.9328	0.9798
9206.060	252.1546	0.8994
9208.990	251.4414	0.8567
9211.920	249.0510	0.8389
9214.850	244.1163	0.8271
9217.780	237.1336	0.8567
9220.710	235.4498	0.7742
9223.640	241.5636	0.6879
9226.570	248.2987	0.8064
9229.500	252.6784	0.8552
9232.430	254.4141	0.9200
9235.360	254.4582	0.7858
9238.290	254.1378	0.6779
9241.220	253.5166	0.7451
9244.150	252.6903	0.8806
9247.080	252.0768	1.0452
9250.010	252.2540	1.0675
9252.940	253.9668	0.8974
9255.870	255.3931	0.7863
9258.800	254.9476	0.8472
9261.730	254.0218	0.8919
9264.660	253.4648	0.9220
9267.590	253.4119	0.8925
9270.520	253.2170	0.9879
9273.450	252.4687	1.0139
9276.380	251.7790	1.0921
9279.310	251.6619	1.1764
9282.240	251.9652	0.9173
9285.170	253.1489	0.7874
9288.100	253.8031	0.8015
9291.030	255.0056	0.6326
9293.960	256.3122	0.5566
9296.890	256.6483	0.7040
9299.820	256.4814	0.8416
9302.750	254.8376	1.0259
9305.680	253.6582	0.8328
9308.610	252.3150	0.8301
9311.540	250.9854	0.8113
9314.470	249.8211	1.0543
9317.400	249.8603	0.8955
9320.330	250.6854	1.0619
9323.260	251.6759	1.2470
9326.190	252.0938	1.0795
9329.120	252.5087	0.9331
9332.050	252.2451	1.0695
9334.980	251.0688	1.2736
9337.910	250.8458	1.4717
9340.840	252.0015	1.3734
9343.770	252.1554	1.2834
9346.700	250.8174	1.1425
9349.630	248.9777	1.0522
9352.560	247.7899	1.2056
9355.490	248.4172	1.1367
9358.420	250.0686	0.8911
9361.350	250.0231	0.9723
9364.280	249.9639	0.9900
9367.210	249.7110	1.0601
9370.140	248.9370	0.9608
9373.070	247.5389	0.9025
9376.000	247.8577	0.9200
9378.930	248.9097	1.0644
9381.860	248.7624	1.0231
9384.790	249.5279	0.6780
9387.720	249.0768	0.6979
9390.650	247.7499	0.8289
9393.580	245.5879	1.0914
9396.510	244.0851	0.9646
9399.440	243.6320	0.9273
9402.370	244.0795	0.9452
9405.300	245.0671	1.1025
9408.230	245.6291	1.1165
9411.160	245.8691	1.4462
9414.090	245.5627	1.3687
9417.020	244.2431	1.0129
9419.950	243.2643	1.0773
9422.880	243.5844	1.0521
9425.810	244.2406	0.9977
9428.740	245.6679	0.9084
9431.670	246.0598	0.7889
9434.600	245.0159	0.7901
9437.530	243.4895	1.0832
9440.460	243.2255	1.2732
9443.390	244.2056	1.0609
9446.320	245.3045	0.8938
9449.250	244.8445	0.8717
9452.180	244.1050	0.9796
9455.110	241.9692	0.9803
9458.040	240.2758	0.8041
9460.970	240.6911	0.6974
9463.900	242.4555	0.6440
9466.830	243.8397	0.6371
9469.760	244.1508	0.7900
9472.690	243.9102	0.9109
9475.620	243.1076	0.9988
9478.550	240.9357	1.0176
9481.480	238.7440	0.9019
9484.410	239.0441	0.7705
9487.340	238.0952	0.9747
9490.270	237.8988	0.9389
9493.200	239.8170	0.8647
9496.130	241.4489	0.9948
9499.060	241.4855	1.1011
9501.990	240.2539	0.9681
9504.920	239.5661	0.8270
9507.850	239.1127	0.8342
9510.780	238.8541	1.0164
9513.710	237.2720	1.1833
9516.640	235.5922	1.2854
9519.570	233.9774	1.0972
9522.500	233.5107	0.7330
9525.430	232.3262	0.6595
9528.360	230.0558	0.6975
9531.290	224.2495	0.7121
9534.220	217.0864	0.8164
9537.150	214.1664	0.9058
9540.080	219.3009	1.0042
9543.010	227.1111	1.1467
9545.940	231.6357	1.1664
9548.870	232.9123	1.1547
9551.800	231.6408	1.1407
9554.730	231.4640	0.9909
9557.660	232.1167	1.0660
9560.590	232.9971	1.0620
9563.520	232.8361	1.1610
9566.450	232.7370	1.3668
9569.380	233.6756	1.2133
9572.310	234.4217	1.0570
9575.240	233.4564	0.9295
9578.170	231.8061	0.9958
9581.100	230.5673	0.9640
9584.030	230.8140	1.0802
9586.960	230.5158	1.3446
9589.890	229.6520	1.3837
9592.820	230.1695	1.2913
9595.750	230.5953	1.3020
9598.680	230.5993	1.1932
9601.610	230.7362	1.3179
9604.540	230.0553	1.4793
9607.470	230.5432	1.6670
9610.400	230.5465	1.8005
9613.330	228.9606	1.7684
9616.260	226.1745	1.5081
9619.190	225.1279	1.8997
9622.120	225.0435	1.9721
9625.050	224.6543	1.9822
9627.980	225.7791	1.8155
9630.910	226.4915	1.7129
9633.840	226.7563	1.7840
9636.770	225.3873	1.8991
9639.700	223.9864	1.7678
9642.630	222.9787	1.8731
9645.560	222.1806	2.0066
9648.490	221.4677	1.9187
9651.420	221.8248	2.0007
9654.350	220.8864	1.9175
9657.280	221.0042	1.9109
9660.210	220.0535	2.1884
9663.140	218.7855	2.1643
9666.070	217.5437	2.1198
9669.000	218.1246	2.0542
9671.930	218.9696	2.2279
9674.860	219.1238	2.2295
9677.790	218.1706	2.3265
9680.720	216.3008	2.2316
9683.650	216.4956	2.3825
9686.580	215.1042	2.3599
9689.510	213.6623	2.3633
9692.440	213.1905	2.3627
9695.370	214.0361	2.3888
9698.300	214.3920	2.3243
9701.230	214.3663	2.4739
