3298.680	2851.8041	15.4524
3301.060	2836.8733	19.0127
3303.440	2823.4143	17.0353
3305.820	2832.0756	14.2011
3308.200	2833.9084	13.9634
3310.580	2824.2004	15.6506
3312.960	2826.9665	15.0537
3315.340	2813.6448	15.0746
3317.720	2789.6386	15.7490
3320.100	2765.6567	18.8128
3322.480	2755.0202	14.8834
3324.860	2739.9070	13.2145
3327.240	2700.6005	13.1562
3329.620	2688.9596	12.7277
3332.000	2706.8072	14.6997
3334.380	2729.7909	13.8748
3336.760	2744.4546	13.1588
3339.140	2722.6066	12.7998
3341.520	2686.1742	12.3055
3343.900	2670.9175	12.6460
3346.280	2696.3935	11.0158
3348.660	2710.0233	13.2166
3351.040	2647.8783	11.8829
3353.420	2571.0646	13.3280
3355.800	2556.9651	16.6536
3358.180	2589.0221	14.5405
3360.560	2649.7365	16.2422
3362.940	2639.2431	12.9401
3365.320	2598.9282	13.6211
3367.700	2605.7039	12.7349
3370.080	2624.7646	13.4139
3372.460	2634.8798	13.4392
3374.840	2637.2549	13.6656
3377.220	2612.9475	16.7224
3379.600	2634.4058	10.3582
3381.980	2647.4325	10.6099
3384.360	2629.3828	11.0941
3386.740	2600.6653	14.2155
3389.120	2599.9343	12.3721
3391.500	2601.1349	11.0534
3393.880	2617.6714	13.8949
3396.260	2614.6522	11.0128
3398.640	2596.7655	14.5437
3401.020	2582.1903	15.5163
3403.400	2567.4063	11.4868
3405.780	2557.2111	10.2427
3408.160	2561.4847	9.4532
3410.540	2569.1325	10.3643
3412.920	2548.5906	12.1186
3415.300	2532.4123	10.7046
3417.680	2516.8696	12.5602
3420.060	2526.2112	13.9874
3422.440	2533.2801	12.0701
3424.820	2536.4509	9.4762
3427.200	2522.5023	9.2287
3429.580	2507.5067	12.4427
3431.960	2493.2766	13.9503
3434.340	2475.7641	13.5888
3436.720	2453.8764	13.7860
3439.100	2453.8714	11.9673
3441.480	2449.1455	13.1380
3443.860	2386.5220	12.0431
3446.240	2347.0048	9.4556
3448.620	2349.9715	13.2120
3451.000	2384.5360	12.8207
3453.380	2397.7242	12.1625
3455.760	2411.0602	10.9349
3458.140	2430.5687	9.2404
3460.520	2436.0278	10.1320
3462.900	2435.5734	9.9201
3465.280	2417.3814	14.0987
3467.660	2406.7454	12.7114
3470.040	2397.2603	13.4842
3472.420	2404.9556	10.8490
3474.800	2408.1044	10.3329
3477.180	2379.1629	12.2985
3479.560	2350.4102	14.7317
3481.940	2339.6900	12.5459
3484.320	2332.8691	10.7760
3486.700	2325.9669	11.4865
3489.080	2355.7037	10.2270
3491.460	2360.9462	11.0030
3493.840	2341.5438	9.0305
3496.220	2330.3054	9.8221
3498.600	2324.2740	9.0570
3500.980	2307.0470	11.8984
3503.360	2295.7403	12.5983
3505.740	2299.9143	11.4833
3508.120	2297.1275	9.7254
3510.500	2293.9641	9.1916
3512.880	2289.6058	9.4012
3515.260	2282.0246	9.3755
3517.640	2290.2118	7.5578
3520.020	2285.0744	8.2293
3522.400	2286.4100	9.4077
3524.780	2282.9337	13.8532
3527.160	2258.8142	8.6082
3529.540	2245.9056	8.3048
3531.920	2245.3299	9.0893
3534.300	2244.8983	8.0810
3536.680	2241.7730	8.0695
3539.060	2231.9550	8.3001
3541.440	2226.7251	9.3580
3543.820	2221.9526	9.7385
3546.200	2212.2663	11.0021
3548.580	2200.9254	9.5052
3550.960	2185.5725	10.2087
3553.340	2173.9017	10.4350
3555.720	2160.5644	10.7858
3558.100	2162.3509	11.0481
3560.480	2180.4825	10.1052
3562.860	2197.4286	8.4370
3565.240	2196.2389	8.6452
3567.620	2192.2183	7.6891
3570.000	2177.8448	10.8781
3572.380	2171.0826	8.7940
3574.760	2164.8896	8.7871
3577.140	2151.4306	9.3246
3579.520	2141.9071	9.8877
3581.900	2103.2666	9.3714
3584.280	2062.7783	9.5155
3586.660	2038.1407	8.9113
3589.040	2044.4839	8.3709
3591.420	2064.3222	9.1735
3593.800	2082.0277	11.9204
3596.180	2099.1896	12.8694
3598.560	2116.5158	11.4932
3600.940	2127.4841	8.6855
3603.320	2129.1481	8.2405
3605.700	2130.0483	8.7751
3608.080	2076.5811	7.4461
3610.460	1989.0339	9.3170
3612.840	1939.2211	11.6748
3615.220	1989.9080	10.5211
3617.600	2063.5429	7.3218
3619.980	2075.1238	9.9493
3622.360	2055.6465	8.9055
3624.740	2011.8750	12.3585
3627.120	1961.2778	11.4905
3629.500	1901.2752	9.1639
3631.880	1857.7899	9.7192
3634.260	1854.0148	9.0553
3636.640	1887.1754	8.9684
3639.020	1936.5377	8.2243
3641.400	1983.1476	8.1700
3643.780	2010.0063	8.3806
3646.160	2034.2904	7.9765
3648.540	2047.7278	8.5465
3650.920	2045.4604	6.8072
3653.300	2052.3067	9.1845
3655.680	2065.2272	9.1526
3658.060	2074.3732	8.7407
3660.440	2079.2563	7.2937
3662.820	2077.0272	6.9365
3665.200	2080.3732	7.3585
3667.580	2087.4386	7.3595
3669.960	2082.3911	8.8171
3672.340	2072.1744	10.6894
3674.720	2067.6082	9.4705
3677.100	2058.8107	8.4184
3679.480	2057.2848	7.5724
3681.860	2048.0460	7.8670
3684.240	2031.3110	8.1622
3686.620	2011.9914	8.6226
3689.000	1980.0011	8.5494
3691.380	1941.7436	8.2904
3693.760	1885.9162	8.4484
3696.140	1837.8891	7.9487
3698.520	1764.9418	7.4140
3700.900	1671.0947	10.0558
3703.280	1607.0038	7.8774
3705.660	1626.4212	7.0407
3708.040	1700.7165	6.1729
3710.420	1750.8325	7.0405
3712.800	1784.8611	8.5907
3715.180	1833.4817	10.0288
3717.560	1885.1738	7.5803
3719.940	1925.7146	9.9189
3722.320	1928.5966	7.4434
3724.700	1918.4119	8.3486
3727.080	1921.5892	10.0317
3729.460	1930.3833	9.1376
3731.840	1903.6234	9.9387
3734.220	1889.4390	9.4647
3736.600	1909.5370	7.3160
3738.980	1921.3282	11.5212
3741.360	1937.9003	10.8482
3743.740	1948.1109	6.7206
3746.120	1938.2671	7.9505
3748.500	1918.7700	8.5301
3750.880	1912.2447	9.2745
3753.260	1901.0891	14.5700
3755.640	1897.4095	10.2228
3758.020	1909.8014	6.5845
3760.400	1904.1450	6.7624
3762.780	1896.1616	7.7525
3765.160	1903.1395	7.5439
3767.540	1902.2998	7.2768
3769.920	1879.5965	7.8209
3772.300	1865.3939	7.4759
3774.680	1876.7309	6.9490
3777.060	1880.6908	6.4272
3779.440	1885.6698	6.1227
3781.820	1886.0438	6.6599
3784.200	1879.8206	6.6013
3786.580	1868.1296	8.2495
3788.960	1859.5788	6.5132
3791.340	1832.5770	6.8975
3793.720	1802.1028	7.1618
3796.100	1799.3939	7.9754
3798.480	1799.2353	7.6238
3800.860	1792.0400	6.6854
3803.240	1756.1866	6.6121
3805.620	1715.3237	7.5149
3808.000	1682.1459	6.0325
3810.380	1636.6655	6.7516
3812.760	1563.3223	6.5159
3815.140	1464.4835	8.1745
3817.520	1373.8057	7.5599
3819.900	1364.7211	7.5448
3822.280	1458.5873	6.3033
3824.660	1560.0698	5.3724
3827.040	1624.3289	5.4577
3829.420	1649.9048	5.4436
3831.800	1669.3686	5.7268
3834.180	1688.9059	6.9970
3836.560	1703.5272	6.5455
3838.940	1713.0422	7.2790
3841.320	1726.9386	6.1779
3843.700	1734.0500	9.4940
3846.080	1741.7456	9.4068
3848.460	1754.2662	7.4026
3850.840	1757.3240	6.9361
3853.220	1756.0015	6.0670
3855.600	1754.0008	5.6365
3857.980	1759.0213	6.6880
3860.360	1751.5420	6.2241
3862.740	1700.4019	10.2248
3865.120	1638.1331	10.1248
3867.500	1603.3826	6.3968
3869.880	1626.7392	6.9242
3872.260	1670.7079	5.3212
3874.640	1701.2876	6.0878
3877.020	1708.7478	5.8846
3879.400	1711.1573	6.3526
3881.780	1703.7043	6.6733
3884.160	1653.2136	6.7966
3886.540	1571.7805	7.0462
3888.920	1544.2204	7.2347
3891.300	1611.8847	5.2817
3893.680	1672.3168	6.0542
3896.060	1696.0783	7.1019
3898.440	1705.2461	5.7907
3900.820	1710.3007	5.2567
3903.200	1710.5323	5.0799
3905.580	1702.4040	5.3517
3907.960	1701.0290	5.7035
3910.340	1688.2704	7.6298
3912.720	1676.7130	8.2490
3915.100	1658.7103	7.6043
3917.480	1644.1815	6.8563
3919.860	1625.7642	6.9114
3922.240	1601.3591	6.8363
3924.620	1593.1641	6.5920
3927.000	1600.2450	7.9144
3929.380	1613.9535	7.7942
3931.760	1625.9039	14.0550
3934.140	1632.4816	14.8883
3936.520	1605.0234	9.9941
3938.900	1585.1382	8.1087
3941.280	1594.0900	7.1496
3943.660	1615.6841	8.5959
3946.040	1629.9100	6.0355
3948.420	1624.9613	7.3132
3950.800	1617.5691	7.5157
3953.180	1608.2211	8.2834
3955.560	1589.1050	7.4096
3957.940	1564.7836	7.7415
3960.320	1505.7452	7.8434
3962.700	1435.2438	6.5474
3965.080	1438.3637	9.1131
3967.460	1517.7580	13.1130
3969.840	1564.3530	14.4178
3972.220	1556.4070	7.5226
3974.600	1554.1568	7.7709
3976.980	1560.1294	8.1683
3979.360	1559.5708	9.4419
3981.740	1566.3476	9.6950
3984.120	1574.5506	6.6491
3986.500	1573.4036	6.1732
3988.880	1563.7372	6.5147
3991.260	1548.7321	6.2864
3993.640	1524.2276	5.6401
3996.020	1501.0245	5.6439
3998.400	1487.1892	5.5410
4000.780	1465.5152	5.8753
4003.160	1439.1575	6.1033
4005.540	1415.1731	5.3348
4007.920	1397.1827	4.5263
4010.300	1388.5960	4.9750
4012.680	1385.9705	4.7737
4015.060	1372.5426	4.6375
4017.440	1338.0322	4.1163
4019.820	1275.4458	4.4832
4022.200	1183.0384	5.2762
4024.580	1102.5526	5.6453
4026.960	1112.9090	4.2121
4029.340	1203.4791	3.9140
4031.720	1293.9032	3.5575
4034.100	1358.0768	3.7205
4036.480	1397.5366	4.3118
4038.860	1410.7749	4.8331
4041.240	1407.9112	4.5720
4043.620	1412.7609	5.2951
4046.000	1423.9572	4.4475
4048.380	1446.3190	4.6592
4050.760	1461.7889	5.1659
4053.140	1469.3585	4.9989
4055.520	1470.5322	4.6246
4057.900	1469.3823	4.8597
4060.280	1470.3463	4.7997
4062.660	1475.5880	4.5183
4065.040	1467.6762	4.7110
4067.420	1455.6475	4.8833
4069.800	1443.8503	5.1569
4072.180	1439.1387	5.0942
4074.560	1437.5779	5.2419
4076.940	1436.5604	5.4482
4079.320	1428.0709	5.0796
4081.700	1425.7867	4.8765
4084.080	1420.2323	4.7557
4086.460	1397.5724	5.2894
4088.840	1382.9116	5.6078
4091.220	1390.2306	5.5257
4093.600	1376.5409	5.6346
4095.980	1343.6344	6.5493
4098.360	1331.2234	8.0244
4100.740	1329.9556	8.5217
4103.120	1334.2053	6.2733
4105.500	1355.1213	5.2644
4107.880	1370.3800	4.5938
4110.260	1375.2707	4.6217
4112.640	1369.1270	4.3991
4115.020	1342.3851	4.4054
4117.400	1301.3113	4.2289
4119.780	1258.1220	4.2685
4122.160	1269.9046	4.0144
4124.540	1329.3454	4.8733
4126.920	1361.6913	4.8763
4129.300	1355.2928	4.3761
4131.680	1339.2777	4.8271
4134.060	1318.0751	4.9355
4136.440	1283.5608	4.8992
4138.820	1244.3181	4.5355
4141.200	1198.9502	4.8961
4143.580	1175.7797	4.5413
4145.960	1193.3158	3.8504
4148.340	1240.3586	4.2695
4150.720	1283.6320	4.6844
4153.100	1314.0376	4.6220
4155.480	1333.7724	4.8998
4157.860	1344.2025	4.7215
4160.240	1347.3652	4.8374
4162.620	1341.5810	5.2413
4165.000	1331.7026	4.6672
4167.380	1315.9572	4.7718
4169.760	1304.7720	3.7513
4172.140	1298.3846	4.3945
4174.520	1299.1822	4.7622
4176.900	1295.2191	3.9822
4179.280	1295.5575	4.1873
4181.660	1304.7917	3.8170
4184.040	1312.4428	3.9332
4186.420	1308.8377	4.3337
4188.800	1304.6905	5.0235
4191.180	1297.2838	5.6295
4193.560	1286.5997	4.7173
4195.940	1270.7018	4.8698
4198.320	1267.4224	5.5368
4200.700	1267.3270	4.9914
4203.080	1265.4891	4.1698
4205.460	1255.8080	4.3657
4207.840	1254.4647	3.8789
4210.220	1258.7663	4.1987
4212.600	1263.4974	4.3289
4214.980	1274.1997	4.4247
4217.360	1275.3562	3.9413
4219.740	1267.9373	4.1449
4222.120	1277.0035	3.5835
4224.500	1284.4956	5.7723
4226.880	1273.7444	3.9232
4229.260	1269.9088	3.8850
4231.640	1264.6282	5.5437
4234.020	1257.6385	4.2033
4236.400	1246.5259	3.7913
4238.780	1233.2122	3.7030
4241.160	1229.3457	3.9481
4243.540	1243.0990	3.9968
4245.920	1259.6382	3.8856
4248.300	1262.5521	4.2165
4250.680	1257.7317	4.3908
4253.060	1250.3133	4.2139
4255.440	1250.7642	4.2707
4257.820	1259.7870	4.0956
4260.200	1260.8269	3.9975
4262.580	1259.6920	4.1141
4264.960	1252.6518	4.5387
4267.340	1250.1667	4.4233
4269.720	1249.4795	4.4144
4272.100	1248.1438	4.9545
4274.480	1237.2640	3.9830
4276.860	1231.4813	4.0563
4279.240	1227.1922	4.0209
4281.620	1216.4922	3.9597
4284.000	1201.9726	4.1703
4286.380	1193.9309	4.1477
4288.760	1183.5793	4.5030
4291.140	1181.2730	3.9630
4293.520	1194.0133	4.3654
4295.900	1205.3306	4.6551
4298.280	1208.0322	4.6479
4300.660	1205.9351	4.3659
4303.040	1200.3926	4.2362
4305.420	1195.4480	3.7400
4307.800	1197.6166	5.0935
4310.180	1192.2624	5.8147
4312.560	1175.7725	4.3705
4314.940	1167.3638	4.9478
4317.320	1150.5643	6.7931
4319.700	1145.4522	5.3421
4322.080	1142.9950	4.3503
4324.460	1136.6046	5.3419
4326.840	1119.6136	4.1982
4329.220	1106.1708	4.3917
4331.600	1096.5194	5.1729
4333.980	1088.0412	4.8596
4336.360	1074.3294	5.4955
4338.740	1066.3213	7.5739
4341.120	1061.9972	6.5111
4343.500	1064.7575	3.9977
4345.880	1079.9364	3.7710
4348.260	1095.1713	3.4445
4350.640	1107.4832	3.5132
4353.020	1114.7630	3.2795
4355.400	1121.2516	3.1250
4357.780	1119.9434	3.0973
4360.160	1117.8149	3.5262
4362.540	1117.4160	3.6539
4364.920	1115.0515	3.5190
4367.300	1107.7016	3.9526
4369.680	1101.2622	4.1604
4372.060	1092.0028	3.7564
4374.440	1076.1750	3.7383
4376.820	1051.1442	3.9953
4379.200	1022.4343	4.0831
4381.580	996.5035	3.8594
4383.960	954.7932	3.8156
4386.340	906.0124	4.1109
4388.720	893.4286	3.4480
4391.100	940.5277	2.8684
4393.480	997.6790	3.3497
4395.860	1035.5320	3.3442
4398.240	1054.9900	3.1503
4400.620	1064.3496	3.1568
4403.000	1069.9987	4.0197
4405.380	1075.2734	3.2867
4407.760	1079.6540	3.2372
4410.140	1078.0413	3.6191
4412.520	1076.6100	3.5752
4414.900	1075.4229	3.1878
4417.280	1076.9803	3.7056
4419.660	1080.4813	3.4343
4422.040	1078.3074	3.6631
4424.420	1066.8789	3.6280
4426.800	1047.8602	3.3134
4429.180	1031.2617	3.2335
4431.560	1026.7878	3.4621
4433.940	1024.2014	3.2465
4436.320	1014.6393	3.3388
4438.700	1011.9268	3.0296
4441.080	1018.9340	3.6419
4443.460	1030.6749	3.0960
4445.840	1030.1472	3.3153
4448.220	1025.1231	3.4500
4450.600	1025.9437	3.4152
4452.980	1018.8917	3.2812
4455.360	1003.2162	3.2358
4457.740	982.5533	3.3549
4460.120	958.6486	2.9208
4462.500	924.5881	2.7736
4464.880	875.2053	3.2469
4467.260	811.5194	4.2134
4469.640	759.7666	3.9026
4472.020	761.7313	2.8530
4474.400	816.6253	2.2716
4476.780	875.3724	2.6213
4479.160	912.2910	2.6687
4481.540	941.1202	2.7472
4483.920	968.6783	2.8264
4486.300	985.6196	2.8901
4488.680	992.1069	2.9828
4491.060	999.5527	3.0502
4493.440	1006.1778	3.7199
4495.820	1008.9287	3.4622
4498.200	1010.1071	3.4685
4500.580	1007.2486	3.5779
4502.960	1002.5008	3.4883
4505.340	993.8863	3.7653
4507.720	983.7899	3.5264
4510.100	975.8567	3.2541
4512.480	968.9674	3.1438
4514.860	967.7491	2.9566
4517.240	968.3884	3.1518
4519.620	972.7337	3.1368
4522.000	970.1817	3.4819
4524.380	966.7300	2.9968
4526.760	956.4950	3.1491
4529.140	944.6945	3.2750
4531.520	939.8762	3.8126
4533.900	938.6186	3.8261
4536.280	937.5108	4.0936
4538.660	932.1749	4.4669
4541.040	926.3050	3.6612
4543.420	923.6016	3.1899
4545.800	926.3430	3.3016
4548.180	930.6808	2.9955
4550.560	930.9667	2.8648
4552.940	936.6888	2.8503
4555.320	951.3847	2.7152
4557.700	960.1541	2.6967
4560.080	963.9087	2.8907
4562.460	962.0286	2.9190
4564.840	955.6567	2.7331
4567.220	952.6400	2.8646
4569.600	952.7546	2.8217
4571.980	956.0092	3.1729
4574.360	958.2730	3.1072
4576.740	961.0804	3.1164
4579.120	962.0437	3.2742
4581.500	960.1986	3.2665
4583.880	958.6674	3.1495
4586.260	955.0142	3.2451
4588.640	946.0270	3.5141
4591.020	941.4624	3.1588
4593.400	942.0590	2.8191
4595.780	941.5635	3.0790
4598.160	936.3628	2.7542
4600.540	929.0314	2.9300
4602.920	925.9924	3.1375
4605.300	921.4948	3.5505
4607.680	912.5314	3.3562
4610.060	910.7636	3.1936
4612.440	913.7164	2.9533
4614.820	913.3746	2.8605
4617.200	913.1139	2.8912
4619.580	910.9412	2.7501
4621.960	908.1611	2.8516
4624.340	906.7346	2.9624
4626.720	894.8850	2.8745
4629.100	869.5338	2.9259
4631.480	856.4733	2.9873
4633.860	871.1731	2.6444
4636.240	880.5920	2.4941
4638.620	867.5010	2.9002
4641.000	857.1907	3.2844
4643.380	868.0780	2.8693
4645.760	881.2298	2.6759
4648.140	880.7132	2.5901
4650.520	867.0504	3.1721
4652.900	856.1802	3.0788
4655.280	865.1176	2.8155
4657.660	877.2018	2.9956
4660.040	882.4435	2.8747
4662.420	884.2617	2.8493
4664.800	881.5435	3.1604
4667.180	878.5484	3.1403
4669.560	875.1680	3.1097
4671.940	864.7137	2.8284
4674.320	851.4462	3.2625
4676.700	835.8030	3.3866
4679.080	816.2643	3.5647
4681.460	783.0032	4.4218
4683.840	744.7693	4.3140
4686.220	740.3356	4.3506
4688.600	775.7377	3.8042
4690.980	808.7701	2.2828
4693.360	825.4477	2.3207
4695.740	836.3736	2.2637
4698.120	846.9156	2.2173
4700.500	851.5758	2.2924
4702.880	853.1928	2.8520
4705.260	849.1545	3.1187
4707.640	833.8805	2.5735
4710.020	803.0882	2.8400
4712.400	771.0641	3.0444
4714.780	782.2518	2.6061
4717.160	818.9020	2.5274
4719.540	844.0984	2.6276
4721.920	851.5388	2.8335
4724.300	852.7751	2.8274
4726.680	853.2664	2.9768
4729.060	855.5364	3.1656
4731.440	853.9542	3.3245
4733.820	851.5180	2.9497
4736.200	849.7249	2.9148
4738.580	848.8365	2.4647
4740.960	848.2254	2.7664
4743.340	847.6252	2.8573
4745.720	845.4189	3.1693
4748.100	842.3419	2.9359
4750.480	836.5210	2.9381
4752.860	829.2736	2.9246
4755.240	827.6955	3.0788
4757.620	829.4119	2.5674
4760.000	828.2252	2.7588
4762.380	827.9888	3.0025
4764.760	830.1047	2.8390
4767.140	829.3532	2.8619
4769.520	824.5852	3.2605
4771.900	820.4586	2.8791
4774.280	818.6603	2.6541
4776.660	815.9715	2.5887
4779.040	811.8663	2.4721
4781.420	811.7651	2.5561
4783.800	812.2650	2.6309
4786.180	810.3491	2.4720
4788.560	806.9741	2.4770
4790.940	803.8702	2.5146
4793.320	804.7899	2.4426
4795.700	805.6086	2.6467
4798.080	801.7010	2.6473
4800.460	798.1028	2.5477
4802.840	795.8641	2.6690
4805.220	797.3471	2.8196
4807.600	797.3472	2.8222
4809.980	793.6680	2.8976
4812.360	791.7417	2.4493
4814.740	788.2666	2.3562
4817.120	784.6611	2.5794
4819.500	781.9452	2.7841
4821.880	784.8624	2.9319
4824.260	786.9745	2.5910
4826.640	784.6203	2.6424
4829.020	778.6026	2.9912
4831.400	777.8621	2.9888
4833.780	778.0566	2.8325
4836.160	773.2509	2.8840
4838.540	770.9393	2.7394
4840.920	767.5125	2.6679
4843.300	760.7755	3.0928
4845.680	751.7768	3.3335
4848.060	744.6770	3.0025
4850.440	737.8196	2.9742
4852.820	724.1063	3.1699
4855.200	701.5986	3.3295
4857.580	674.3090	3.9778
4859.960	661.0520	4.1505
4862.340	669.3001	3.7444
4864.720	687.9752	2.0560
4867.100	708.0563	1.9198
4869.480	724.1094	1.9565
4871.860	732.0462	2.0428
4874.240	736.9478	2.1936
4876.620	739.1178	2.4391
4879.000	742.9158	2.4862
4881.380	743.4649	2.5670
4883.760	740.7466	2.7694
4886.140	744.2040	2.4683
4888.520	746.8844	2.7488
4890.900	744.0875	2.4879
4893.280	739.4756	2.5043
4895.660	734.6423	2.6301
4898.040	730.6591	2.8367
4900.420	727.7442	2.4488
4902.800	721.5205	2.4322
4905.180	710.7233	2.5033
4907.560	700.8296	2.4416
4909.940	695.7673	2.3461
4912.320	690.0820	2.3327
4914.700	669.7527	2.3358
4917.080	627.2891	2.8642
4919.460	581.2245	3.0867
4921.840	568.3274	2.6657
4924.220	598.4757	1.9507
4926.600	640.5861	2.1157
4928.980	671.6926	2.1750
4931.360	691.8024	2.0166
4933.740	705.6552	2.3500
4936.120	713.5085	2.8887
4938.500	719.1066	2.6102
4940.880	716.1000	2.6215
4943.260	715.6580	2.4406
4945.640	718.5607	2.1510
4948.020	719.2683	2.3147
4950.400	718.1773	2.7085
4952.780	718.6523	2.5405
4955.160	720.6144	2.5412
4957.540	718.9326	2.5318
4959.920	717.1416	2.3203
4962.300	714.0078	2.3492
4964.680	712.3640	2.4095
4967.060	710.8858	2.2785
4969.440	710.1272	2.3645
4971.820	710.6772	2.3690
4974.200	709.6015	2.4911
4976.580	709.2096	2.5927
4978.960	707.5262	2.8226
4981.340	705.8745	2.7277
4983.720	702.3969	2.5456
4986.100	695.7750	2.5149
4988.480	693.8459	2.5324
4990.860	691.1808	2.2574
4993.240	688.3006	2.3557
4995.620	686.2432	2.3015
4998.000	679.8497	2.3892
5000.380	669.8378	2.2952
5002.760	664.2987	2.4400
5005.140	662.9720	2.5132
5007.520	659.3092	2.4037
5009.900	647.1230	2.6009
5012.280	623.7343	2.4298
5014.660	609.3678	2.2732
5017.040	625.1329	2.1034
5019.420	654.5657	2.2292
5021.800	669.3681	2.3770
5024.180	671.5885	2.5416
5026.560	673.1851	2.3575
5028.940	676.5353	2.3200
5031.320	676.2065	2.5249
5033.700	675.6825	2.5900
5036.080	672.9732	2.7234
5038.460	668.7149	2.6320
5040.840	660.5573	2.5201
5043.220	647.2498	2.3847
5045.600	628.6805	2.3984
5047.980	625.7966	2.3761
5050.360	641.8858	2.1473
5052.740	657.5034	2.2874
5055.120	661.3148	2.4090
5057.500	658.2830	2.4084
5059.880	658.5461	2.3937
5062.260	660.6873	2.1892
5064.640	663.1557	2.1569
5067.020	663.2417	2.5817
5069.400	661.9583	2.4092
5071.780	659.5657	2.3886
5074.160	658.7169	2.4963
5076.540	658.0883	2.3651
5078.920	658.1779	2.3755
5081.300	656.3438	2.2330
5083.680	654.9798	2.2740
5086.060	653.4862	2.2869
5088.440	650.2829	2.4137
5090.820	646.1024	2.3578
5093.200	645.2193	2.3426
5095.580	646.6602	2.4624
5097.960	646.6390	2.6353
5098.200	641.7133	2.0269
5100.340	645.6717	2.5191
5101.130	643.0046	2.5297
5102.720	643.6187	2.4174
5104.060	640.6406	2.3179
5105.100	642.4687	2.2223
5106.990	638.8137	1.8467
5107.480	641.6731	2.0385
5109.860	640.0191	2.1313
5109.920	637.0736	1.9562
5112.240	638.3444	1.9222
5112.850	637.0943	1.9435
5114.620	636.8042	2.3327
5115.780	635.6080	2.2871
5117.000	636.2284	2.3463
5118.710	633.2563	2.3139
5119.380	635.9322	2.3089
5121.640	632.6214	2.1188
5121.760	635.7124	2.4958
5124.140	633.7166	2.2624
5124.570	628.3393	2.6454
5126.520	632.1734	2.2326
5127.500	627.8659	1.7865
5128.900	631.6554	1.9471
5130.430	625.8248	1.8450
5131.280	629.8151	2.3752
5133.360	623.8120	2.1412
5133.660	628.8948	2.3558
5136.040	627.1543	2.3478
5136.290	622.1000	2.0923
5138.420	624.4048	2.4112
5139.220	618.1968	2.1642
5140.800	621.0362	2.5562
5142.150	616.5417	2.1213
5143.180	617.8930	2.4862
5145.080	613.3433	2.1732
5145.560	615.3322	2.5811
5147.940	614.8060	2.5960
5148.010	610.2022	2.2008
5150.320	617.2492	2.3122
5150.940	610.4385	1.6705
5153.870	612.8849	2.0405
5156.800	613.1821	1.9139
5159.730	611.6548	2.0375
5162.660	610.4687	2.1557
5165.590	602.9636	3.5975
5168.520	602.2198	2.7384
5171.450	600.4180	1.9704
5174.380	601.8275	2.2382
5177.310	601.5370	2.6143
5180.240	596.1098	2.1437
5183.170	598.4558	2.8893
5186.100	604.1413	2.3050
5189.030	603.8176	2.2365
5191.960	601.5473	2.0956
5194.890	601.7905	1.9255
5197.820	602.1584	1.9348
5200.750	598.9571	2.0687
5203.680	597.5633	1.8647
5206.610	597.9189	2.1566
5209.540	597.7467	1.9227
5212.470	595.5680	2.3263
5215.400	589.4742	1.9192
5218.330	587.7771	1.7965
5221.260	587.2066	1.7738
5224.190	584.6609	1.7939
5227.120	586.5400	2.1073
5230.050	587.0097	1.8442
5232.980	583.7849	1.8101
5235.910	581.8393	1.9350
5238.840	583.3137	2.1066
5241.770	579.9533	1.9288
5244.700	577.2979	1.6433
5247.630	577.4795	1.6849
5250.560	575.7031	1.8663
5253.490	575.3036	1.8044
5256.420	575.8836	1.6646
5259.350	574.1883	1.5540
5262.280	568.7907	1.9974
5265.210	568.2523	1.8668
5268.140	567.1744	1.6058
5271.070	567.8508	1.9169
5274.000	567.7260	1.9561
5276.930	566.4764	1.8231
5279.860	563.3121	1.4327
5282.790	561.5172	1.5117
5285.720	562.7866	1.7306
5288.650	561.9039	1.6072
5291.580	559.1955	1.6187
5294.510	556.9177	1.6577
5297.440	556.5365	1.6535
5300.370	555.6332	1.6207
5303.300	554.2527	1.7273
5306.230	554.5066	1.5571
5309.160	551.8451	1.5604
5312.090	548.6405	1.4702
5315.020	546.4112	1.6068
5317.950	545.7885	1.7821
5320.880	543.9686	1.7483
5323.810	542.4651	1.8463
5326.740	540.1214	1.9536
5329.670	542.0446	1.8315
5332.600	543.3766	1.7903
5335.530	541.4971	1.6007
5338.460	538.0625	1.7314
5341.390	536.6575	1.6776
5344.320	538.1598	1.6442
5347.250	536.6008	1.6038
5350.180	534.8421	1.5619
5353.110	531.5465	1.8149
5356.040	531.6852	1.6849
5358.970	531.6137	1.4834
5361.900	530.3670	1.7699
5364.830	530.3190	1.7117
5367.760	529.0999	1.4515
5370.690	525.2951	1.5815
5373.620	525.8879	1.7375
5376.550	525.4761	1.8230
5379.480	520.5807	1.4004
5382.410	517.7232	1.5648
5385.340	516.4238	1.4409
5388.270	514.5320	1.3877
5391.200	510.9479	1.5230
5394.130	507.2797	1.4458
5397.060	503.1718	1.4246
5399.990	496.8873	1.4816
5402.920	488.5770	1.6170
5405.850	479.6889	1.6387
5408.780	471.3781	1.5513
5411.710	469.2690	1.5212
5414.640	474.5065	1.5543
5417.570	483.0543	1.3480
5420.500	489.7118	1.3874
5423.430	494.1514	1.3278
5426.360	497.3714	1.5531
5429.290	498.7667	1.3699
5432.220	500.0232	1.3358
5435.150	500.8371	1.4827
5438.080	498.9517	1.4688
5441.010	499.3991	1.5174
5443.940	497.6877	1.6078
5446.870	497.2492	1.3193
5449.800	494.6800	1.3764
5452.730	492.6460	1.2131
5455.660	491.7522	1.1052
5458.590	490.4678	1.1549
5461.520	489.0303	1.1411
5464.450	487.8686	1.1223
5467.380	488.6168	1.2004
5470.310	488.7261	1.2979
5473.240	487.8952	1.3052
5476.170	486.7839	1.3727
5479.100	485.2820	1.3660
5482.030	484.2520	1.3070
5484.960	484.1857	1.2185
5487.890	482.9590	1.1155
5490.820	481.6748	1.2713
5493.750	480.4853	1.2766
5496.680	481.5364	1.2947
5499.610	481.7928	1.1847
5502.540	481.2254	1.1814
5505.470	480.2469	1.2429
5508.400	478.7234	1.4053
5511.330	477.5008	1.4964
5514.260	476.8123	1.3443
5517.190	476.0813	1.2830
5520.120	475.4098	1.2919
5523.050	474.4346	1.3347
5525.980	472.9677	1.2003
5528.910	470.1080	1.3051
5531.840	467.0148	1.5046
5534.770	465.8397	1.4923
5537.700	465.7976	1.4707
5540.630	465.5687	1.3305
5543.560	465.4915	1.1801
5546.490	465.1586	1.2418
5549.420	464.3172	1.2766
5552.350	463.6134	1.2710
5555.280	462.8871	1.3150
5558.210	462.7828	1.3659
5561.140	461.9813	1.4209
5564.070	461.0873	1.3962
5567.000	461.2519	1.2168
5569.930	460.6750	1.2213
5572.860	458.6873	1.2983
5575.790	455.6903	1.5514
5578.720	455.0547	1.4603
5581.650	455.6652	1.3616
5584.580	455.4119	1.4470
5587.510	454.4686	1.4618
5590.440	453.0702	1.3782
5593.370	451.6295	1.3048
5596.300	450.9957	1.3042
5599.230	450.2011	1.2747
5602.160	449.5150	1.1939
5605.090	448.2482	1.3049
5608.020	446.7452	1.4121
5610.950	445.9841	1.3247
5613.880	445.6795	1.2338
5616.810	445.3283	1.3206
5619.740	445.1020	1.2132
5622.670	444.2891	1.1868
5625.600	442.9750	1.2524
5628.530	440.4675	1.3986
5631.460	439.8977	1.3323
5634.390	439.7878	1.3172
5637.320	438.7209	1.3378
5640.250	436.3002	1.5315
5643.180	435.2793	1.2828
5646.110	434.4118	1.2561
5649.040	434.3280	1.3102
5651.970	434.4156	1.1708
5654.900	434.2849	1.1526
5657.830	433.1874	1.3087
5660.760	431.2387	1.2287
5663.690	428.6698	1.1562
5666.620	425.6437	1.1501
5669.550	424.2969	1.1906
5672.480	422.2516	1.2561
5675.410	418.8008	1.3700
5678.340	416.8628	1.3775
5681.270	418.0620	1.4392
5684.200	419.9348	1.2135
5687.130	421.3454	1.2383
5690.060	421.5479	1.1705
5692.990	420.4271	1.2318
5695.920	418.7210	1.1920
5698.850	418.2933	1.1959
5701.780	418.6339	1.1463
5704.710	418.2252	1.2092
5707.640	416.1976	1.4677
5710.570	415.4963	1.3565
5713.500	414.3943	1.3585
5716.430	413.8331	1.3104
5719.360	413.1071	1.2671
5722.290	412.8537	1.1625
5725.220	413.2328	1.1435
5728.150	412.4919	1.0811
5731.080	411.7117	1.1106
5734.010	410.2087	0.9918
5736.940	408.5178	1.0502
5739.870	406.9078	0.9952
5742.800	406.3520	1.1266
5745.730	406.5627	1.0968
5748.660	406.7882	1.1851
5751.590	406.8503	1.1297
5754.520	405.3171	1.2537
5757.450	404.0663	1.2642
5760.380	403.8517	1.2382
5763.310	403.2816	1.1225
5766.240	401.5478	1.1923
5769.170	400.5654	1.1543
5772.100	400.7608	1.0555
5775.030	399.8671	1.0234
5777.960	399.9158	1.0062
5780.890	399.2799	1.0722
5783.820	398.1994	1.1662
5786.750	396.9086	1.1493
5789.680	395.7384	1.1845
5792.610	394.9246	1.0977
5795.540	393.8645	1.1265
5798.470	393.0157	1.1211
5801.400	392.4697	1.2281
5804.330	391.1472	1.2414
5807.260	390.7611	1.2995
5810.190	389.6687	1.2107
5813.120	388.9102	1.1027
5816.050	387.9610	1.1054
5818.980	387.7904	1.0483
5821.910	386.7175	1.0353
5824.840	385.7125	1.0283
5827.770	384.7589	1.1256
5830.700	383.1268	1.1420
5833.630	383.0886	1.0288
5836.560	382.2154	1.0381
5839.490	380.2229	1.1251
5842.420	378.8688	1.0249
5845.350	377.5727	1.0464
5848.280	375.3344	1.0349
5851.210	374.0566	1.1475
5854.140	373.4004	1.2600
5857.070	370.8737	1.2574
5860.000	366.1705	1.1986
5862.930	360.0153	1.1223
5865.860	350.8836	1.1289
5868.790	336.8518	1.1993
5871.720	320.2950	2.0478
5874.650	311.6863	2.2034
5877.580	319.9646	1.4909
5880.510	336.5292	0.8810
5883.440	349.5726	0.8869
5886.370	356.5957	1.2955
5889.300	360.2130	1.7874
5892.230	362.2311	1.6302
5895.160	363.2554	1.3623
5898.090	364.0954	1.0897
5901.020	364.0673	1.1408
5903.950	364.9279	1.1496
5906.880	364.1155	1.1333
5909.810	363.9897	1.0978
5912.740	363.4164	1.0301
5915.670	362.8952	0.9940
5918.600	361.8917	1.0438
5921.530	360.5345	1.1820
5924.460	359.2221	1.2046
5927.390	357.3184	1.1896
5930.320	356.7494	1.1168
5933.250	357.7086	1.0480
5936.180	356.8624	0.9606
5939.110	354.7810	0.9053
5942.040	353.6837	1.1348
5944.970	353.8197	1.2006
5947.900	354.5176	1.1005
5950.830	354.6823	1.0700
5953.760	354.3365	1.0548
5956.690	354.0092	1.0940
5959.620	353.7279	0.9341
5962.550	353.4911	0.9530
5965.480	352.6383	0.9731
5968.410	352.1535	1.0809
5971.340	351.1202	1.1636
5974.270	351.1298	1.1632
5977.200	350.3790	1.1748
5980.130	349.1607	1.0829
5983.060	348.3192	1.0887
5985.990	347.7007	1.1293
5988.920	347.0978	1.0378
5991.850	346.4708	1.0873
5994.780	345.8586	1.0700
5997.710	345.7385	1.1227
6000.640	344.5673	1.2529
6003.570	343.8533	1.2455
6006.500	343.6281	1.2187
6009.430	342.9690	1.1963
6012.360	342.6663	1.0349
6015.290	342.0166	0.9869
6018.220	341.4698	1.0074
6021.150	341.2473	0.9742
6024.080	340.5775	1.0714
6027.010	339.7831	0.9413
6029.940	338.3791	1.0025
6032.870	337.2447	0.9948
6035.800	336.5217	1.0481
6038.730	336.9027	0.8589
6041.660	336.6095	0.9167
6044.590	335.1732	1.0246
6047.520	334.6553	1.0379
6050.450	334.3345	1.0528
6053.380	333.3517	1.1215
6056.310	332.4883	1.1111
6059.240	331.5072	1.0955
6062.170	331.2393	1.0671
6065.100	330.9915	0.9842
6068.030	330.1799	0.9348
6070.960	329.3653	0.9317
6073.890	328.8851	0.8823
6076.820	328.7162	0.9632
6079.750	328.3078	0.9414
6082.680	327.1875	0.9435
6085.610	325.8903	1.0649
6088.540	325.4998	0.9248
6091.470	324.6707	1.0060
6094.400	323.4095	0.9945
6097.330	323.2227	0.9356
6100.260	323.0916	0.9754
6103.190	322.6872	0.9304
6106.120	321.6497	0.8823
6109.050	320.4875	0.9284
6111.980	320.1707	0.9607
6114.910	319.7512	0.9616
6117.840	319.6404	0.9994
6120.770	319.6744	0.9235
6123.700	319.2462	0.9355
6126.630	318.4595	0.9771
6129.560	318.3760	0.9695
6132.490	318.2473	0.8888
6135.420	318.3403	0.9321
6138.350	317.3320	0.9922
6141.280	316.4965	0.9388
6144.210	315.5906	0.8853
6147.140	314.5047	0.9295
6150.070	313.7878	0.8710
6153.000	313.3867	0.8306
6155.930	312.9426	0.8548
6158.860	312.2882	1.0486
6161.790	311.6132	1.1820
6164.720	309.4386	1.1350
6167.650	307.8671	1.0507
6170.580	307.5497	0.8692
6173.510	307.7765	0.8976
6176.440	307.9440	0.8521
6179.370	307.8018	0.8543
6182.300	307.9583	0.8331
6185.230	307.7088	0.8207
6188.160	308.0787	0.8850
6191.090	307.3519	1.0035
6194.020	306.6450	0.9396
6196.950	305.6807	0.9561
6199.880	305.8969	0.8929
6202.810	305.4610	0.8325
6205.740	304.6182	0.8189
6208.670	303.2909	0.8579
6211.600	302.7929	0.8674
6214.530	302.3636	0.8942
6217.460	301.3749	0.9497
6220.390	300.5268	0.8583
6223.320	300.1212	0.8570
6226.250	300.0238	0.9099
6229.180	299.7396	0.9564
6232.110	299.4301	0.8881
6235.040	297.9358	0.8355
6237.970	296.5404	0.9860
6240.900	295.9742	0.9278
6243.830	295.6113	0.8847
6246.760	295.7045	0.8910
6249.690	295.4440	0.8906
6252.620	295.1940	0.8442
6255.550	294.6028	0.8489
6258.480	294.1821	0.7982
6261.410	292.9889	0.8479
6264.340	292.2251	0.9471
6267.270	291.9026	0.8742
6270.200	291.4613	0.9435
6273.130	290.6344	0.8761
6276.060	290.7210	0.8231
6278.990	290.5809	0.8468
6281.920	290.3737	0.9150
6284.850	289.8504	1.0225
6287.780	289.7980	0.8953
6290.710	289.7986	0.8079
6293.640	289.4745	0.7901
6296.570	289.1084	0.8210
6299.500	288.2077	0.8316
6302.430	287.3330	0.8149
6305.360	286.6698	0.8978
6308.290	285.8515	0.9828
6311.220	285.3379	0.9428
6314.150	285.0550	1.0636
6317.080	283.5619	0.9582
6320.010	282.4412	0.8538
6322.940	281.0377	0.9088
6325.870	279.2135	0.9390
6328.800	278.5145	0.9088
6331.730	277.9310	0.7269
6334.660	277.3904	0.7624
6337.590	277.3308	0.7430
6340.520	277.4349	0.7162
6343.450	277.5088	0.7136
6346.380	277.3772	0.6285
6349.310	277.2068	0.6887
6352.240	277.0774	0.7060
6355.170	277.0377	0.7552
6358.100	277.1953	0.7663
6361.030	276.4379	0.7044
6363.960	275.3231	0.7473
6366.890	274.7185	0.7876
6369.820	274.2656	0.8614
6372.750	273.6156	0.8554
6375.680	272.8364	0.8315
6378.610	272.5763	0.8286
6381.540	272.2348	0.7680
6384.470	271.9592	0.7443
6387.400	271.6205	0.8828
6390.330	270.7007	0.7522
6393.260	270.3709	0.7337
6396.190	269.6564	0.7901
6399.120	269.3785	0.7321
6402.050	268.6978	0.7661
6404.980	268.2297	0.7877
6407.910	267.5408	0.8768
6410.840	266.6410	0.8461
6413.770	266.6228	0.8003
6416.700	266.6509	0.7735
6419.630	266.7522	0.7419
6422.560	266.5746	0.6621
6425.490	266.2579	0.7592
6428.420	265.6027	0.7768
6431.350	264.6225	0.7259
6434.280	263.9051	0.7693
6437.210	263.3091	0.8794
6440.140	262.2047	0.9420
6443.070	260.9937	0.8316
6446.000	260.6594	0.8110
6448.930	260.2146	0.8212
6451.860	259.7914	0.8384
6454.790	259.1719	0.7755
6457.720	258.8315	0.8577
6460.650	258.8447	0.8221
6463.580	258.7345	0.7398
6466.510	258.1171	0.7297
6469.440	257.5740	0.7443
6472.370	257.2157	0.7569
6475.300	255.9519	0.7386
6478.230	254.6415	0.7141
6481.160	253.8417	0.7511
6484.090	253.9411	0.7443
6487.020	254.3719	0.7617
6489.950	254.9911	0.7481
6492.880	255.6403	0.8542
6495.810	255.4276	0.9344
6498.740	254.2672	0.8208
6501.670	252.7998	0.8011
6504.600	252.0982	0.8646
6507.530	251.7656	0.8280
6510.460	251.2398	0.8390
6513.390	250.1124	0.7994
6516.320	249.0106	0.8463
6519.250	247.6980	0.8471
6522.180	247.1460	0.8684
6525.110	247.4619	0.7890
6528.040	247.5616	0.7893
6530.970	246.5754	0.7691
6533.900	245.5206	0.7062
6536.830	245.3931	0.7355
6539.760	244.6418	0.7639
6542.690	243.0790	0.9025
6545.620	240.6366	0.9060
6548.550	237.5045	0.9718
6551.480	233.2248	1.1653
6554.410	229.0063	1.2398
6557.340	225.3194	1.1964
6560.270	225.5876	1.4907
6563.200	228.1235	1.6627
6566.130	231.6398	1.1234
6569.060	234.3003	1.1411
6571.990	235.8171	0.6516
6574.920	236.8655	0.6180
6577.850	237.8746	0.6225
6580.780	238.9051	0.6292
6583.710	239.7870	0.6117
6586.640	240.3055	0.6628
6589.570	240.1886	0.8110
6592.500	240.1056	0.8827
6595.430	240.1750	0.7233
6598.360	240.1589	0.6977
6601.290	239.8145	0.7119
6604.220	239.0972	0.6656
6607.150	237.9356	0.6861
6610.080	236.7273	0.7051
6613.010	236.5024	0.7030
6615.940	237.0918	0.7245
6618.870	237.0664	0.6672
6621.800	236.2995	0.6492
6624.730	234.9700	0.7072
6627.660	233.5998	0.6807
6630.590	232.7701	0.7326
6633.520	233.1234	0.7563
6636.450	233.6669	0.7320
6639.380	233.9924	0.7347
6642.310	233.6506	0.7612
6645.240	232.7621	0.7938
6648.170	232.2278	0.6948
6651.100	231.7969	0.6699
6654.030	231.1797	0.7143
6656.960	230.5493	0.6404
6659.890	229.1503	0.7000
6662.820	227.0640	0.7360
6665.750	223.8003	0.8095
6668.680	219.2352	0.6435
6671.610	211.7663	0.6626
6674.540	201.6567	1.0504
6677.470	196.2790	1.1756
6680.400	200.7955	0.8676
6683.330	209.7677	0.6871
6686.260	216.6300	0.6545
6689.190	220.6878	0.5951
6692.120	222.6650	0.5894
6695.050	223.3946	0.6916
6697.980	223.0588	0.7479
6700.910	223.2385	0.6943
6703.840	223.7991	0.7018
6706.770	224.4704	0.6660
6709.700	224.5368	0.7359
6712.630	224.8471	0.6716
6715.560	224.5030	0.6683
6718.490	223.8489	0.7050
6721.420	223.4617	0.8095
6724.350	223.1093	0.7640
6727.280	222.5390	0.7392
6730.210	222.1771	0.7595
6733.140	221.9457	0.7149
6736.070	222.1825	0.6999
6739.000	222.1864	0.6325
6741.930	222.0099	0.6325
6744.860	221.7251	0.6875
6747.790	221.4348	0.7213
6750.720	221.0884	0.7029
6753.650	220.5249	0.7281
6756.580	220.0988	0.6220
6759.510	219.6350	0.5903
6762.440	219.2820	0.6024
6765.370	218.9745	0.6551
6768.300	218.7846	0.6298
6771.230	218.3643	0.6341
6774.160	217.6507	0.7008
6777.090	216.9945	0.6541
6780.020	217.0574	0.6388
6782.950	217.0069	0.5883
6785.880	216.6093	0.5680
6788.810	215.9784	0.6280
6791.740	215.5078	0.6429
6794.670	215.4219	0.6062
6797.600	214.9520	0.5970
6800.530	214.4544	0.6121
6803.460	213.9218	0.5581
6806.390	213.4600	0.6134
6809.320	213.2911	0.5964
6812.250	213.4482	0.5227
6815.180	213.1015	0.5443
6818.110	212.4283	0.5588
6821.040	211.9639	0.5750
6823.970	211.4130	0.6466
6826.900	211.0900	0.6738
6829.830	210.4469	0.6721
6832.760	210.1392	0.6538
6835.690	210.0478	0.6399
6838.620	209.8345	0.6480
6841.550	209.5869	0.5692
6844.480	208.8345	0.5999
6847.410	207.8172	0.6169
6850.340	207.2023	0.6377
6853.270	206.9896	0.6779
6856.200	206.7026	0.6703
6859.130	206.4398	0.7014
6862.060	206.4475	0.6403
6864.990	206.0380	0.6447
6867.920	205.5559	0.6648
6870.850	204.9688	0.6058
6873.780	204.9080	0.5554
6876.710	204.9386	0.5481
6879.640	204.6514	0.5963
6882.570	203.9743	0.6729
6885.500	203.3839	0.7693
6888.430	203.3938	0.6957
6891.360	203.1738	0.6346
6894.290	202.7460	0.5803
6897.220	202.7139	0.5554
6900.150	202.6034	0.5224
6903.080	202.3203	0.5518
6906.010	202.1029	0.5478
6908.940	201.8509	0.5896
6911.870	201.4339	0.6156
6914.800	201.2617	0.5723
6917.730	200.6182	0.5624
6920.660	200.4073	0.5715
6923.590	200.2503	0.5491
6926.520	200.0748	0.5344
6929.450	199.6039	0.5318
6932.380	199.2100	0.5295
6935.310	199.0900	0.4961
6938.240	198.5501	0.5367
6941.170	198.3856	0.5204
6944.100	198.4798	0.5281
6947.030	198.0812	0.5745
6949.960	197.5711	0.5889
6952.890	197.1220	0.5625
6955.820	196.5748	0.5406
6958.750	196.3100	0.5222
6961.680	196.2048	0.5373
6964.610	195.7744	0.5835
6967.540	195.4431	0.5754
6970.470	195.3083	0.5864
6973.400	195.3486	0.5558
6976.330	195.3240	0.5582
6979.260	195.0420	0.5859
6982.190	194.2710	0.5360
6985.120	193.7087	0.5497
6988.050	193.3802	0.5597
6990.980	192.8791	0.6110
6993.910	192.1914	0.6091
6996.840	191.7732	0.5770
6999.770	191.5170	0.5919
7002.700	191.3300	0.6079
7005.630	191.1330	0.5903
7008.560	190.7246	0.5780
7011.490	190.4522	0.5572
7014.420	190.5967	0.4992
7017.350	190.1738	0.5129
7020.280	189.9548	0.5371
7023.210	189.7620	0.5598
7026.140	189.3542	0.5564
7029.070	189.1751	0.5260
7032.000	189.0402	0.4670
7034.930	188.6585	0.4586
7037.860	188.1864	0.4465
7040.790	187.5362	0.4682
7043.720	186.7623	0.5213
7046.650	186.1436	0.5059
7049.580	185.6547	0.4753
7052.510	185.0218	0.4775
7055.440	183.1239	0.5153
7058.370	179.2051	0.5869
7061.300	172.9398	0.6759
7064.230	168.9180	0.8543
7067.160	171.2220	0.6875
7070.090	176.8995	0.4746
7073.020	180.6831	0.4990
7075.950	182.4111	0.5212
7078.880	183.0890	0.4835
7081.810	183.0721	0.4646
7084.740	182.7174	0.4926
7087.670	182.6317	0.4728
7090.600	182.4048	0.4621
7093.530	182.1184	0.4770
7096.460	181.6355	0.4600
7099.390	181.5499	0.4661
7102.320	181.5290	0.5157
7105.250	181.3275	0.5655
7108.180	180.9869	0.5534
7111.110	180.5370	0.5268
7114.040	180.2089	0.4937
7116.970	179.8797	0.5167
7119.900	179.8979	0.5535
7122.830	179.7553	0.5574
7125.760	179.4338	0.5148
7128.690	179.0423	0.4749
7131.620	178.8089	0.4803
7134.550	178.4667	0.4907
7137.480	178.1856	0.4657
7140.410	177.9550	0.4634
7143.340	178.0165	0.5514
7146.270	177.7610	0.5104
7149.200	176.8640	0.5326
7152.130	176.2342	0.5324
7155.060	175.8452	0.5120
7157.990	175.5371	0.5063
7160.920	175.2752	0.5054
7163.850	174.7300	0.5666
7166.780	174.2782	0.5688
7169.710	174.0839	0.6411
7172.640	173.9953	0.6420
7175.570	173.7308	0.6043
7178.500	173.1797	0.5858
7181.430	172.9656	0.5303
7184.360	173.0890	0.5173
7187.290	173.0544	0.4826
7190.220	172.7337	0.4744
7193.150	172.3763	0.4606
7196.080	172.2058	0.4631
7199.010	172.1572	0.5342
7201.940	171.9560	0.5074
7204.870	171.9164	0.4889
7207.800	171.8185	0.4679
7210.730	171.5909	0.4547
7213.660	171.2395	0.4642
7216.590	170.9253	0.4638
7219.520	171.0398	0.5069
7222.450	170.8291	0.6957
7225.380	170.3765	0.6491
7228.310	169.8057	0.5246
7231.240	169.1279	0.4942
7234.170	169.0934	0.4812
7237.100	169.0834	0.4696
7240.030	169.0386	0.4834
7242.960	168.9042	0.5147
7245.890	168.6304	0.5635
7248.820	168.4826	0.5283
7251.750	168.0834	0.5330
7254.680	167.4752	0.4965
7257.610	166.8703	0.4596
7260.540	166.3768	0.4283
7263.470	166.0248	0.4730
7266.400	165.5631	0.4637
7269.330	164.7877	0.5301
7272.260	163.7889	0.5296
7275.190	160.9395	0.5063
7278.120	156.8298	0.5442
7281.050	155.1405	0.5648
7283.980	157.8593	0.4924
7286.910	161.1418	0.5224
7289.840	162.6051	0.5507
7292.770	162.8976	0.5162
7295.700	162.9148	0.5048
7298.630	162.7785	0.5093
7301.560	162.7212	0.5017
7304.490	162.8354	0.4907
7307.420	162.4924	0.4827
7310.350	162.1974	0.4655
7313.280	162.0351	0.4794
7316.210	161.8197	0.4788
7319.140	161.8259	0.4396
7322.070	161.8499	0.4419
7325.000	161.6393	0.4709
7327.930	161.3485	0.4893
7330.860	161.1488	0.4706
7333.790	160.6718	0.5316
7336.720	160.0001	0.5714
7339.650	159.9191	0.5082
7342.580	160.0418	0.4636
7345.510	160.0602	0.4262
7348.440	159.7751	0.4308
7351.370	159.3933	0.5177
7354.300	158.9815	0.5434
7357.230	158.7810	0.4682
7360.160	158.4675	0.4710
7363.090	157.9900	0.4751
7366.020	157.6741	0.4680
7368.950	157.8157	0.4365
7371.880	157.7862	0.4384
7374.810	157.6922	0.4248
7377.740	157.4760	0.4502
7380.670	157.1702	0.4436
7383.600	156.7859	0.4835
7386.530	156.5902	0.4721
7389.460	156.6952	0.4582
7392.390	156.3139	0.4274
7395.320	155.6598	0.4271
7398.250	155.0090	0.4238
7401.180	154.6656	0.4206
7404.110	154.4343	0.4246
7407.040	154.3583	0.4442
7409.970	154.2828	0.4894
7412.900	153.9687	0.5204
7415.830	153.7848	0.4805
7418.760	153.9211	0.4308
7421.690	153.9250	0.4683
7424.620	153.6011	0.4647
7427.550	153.1513	0.4238
7430.480	152.9523	0.4302
7433.410	152.7984	0.4282
7436.340	152.2723	0.4229
7439.270	151.9485	0.4526
7442.200	152.0039	0.4114
7445.130	152.0425	0.4431
7448.060	151.7119	0.4574
7450.990	151.0937	0.4800
7453.920	150.4933	0.5111
7456.850	150.1657	0.4667
7459.780	149.7122	0.4780
7462.710	149.1754	0.4762
7465.640	149.0335	0.5006
7468.570	149.0844	0.4750
7471.500	149.0895	0.4880
7474.430	149.0494	0.5290
7477.360	148.6630	0.5043
7480.290	148.1723	0.5006
7483.220	148.1607	0.4624
7486.150	147.9163	0.4486
7489.080	147.5683	0.4425
7492.010	147.1161	0.4764
7494.940	146.7032	0.4827
7497.870	146.0563	0.5039
7500.800	145.9462	0.4727
7503.730	145.9653	0.4592
7506.660	146.1445	0.4466
7509.590	146.2370	0.4447
7512.520	146.0475	0.4475
7515.450	145.9470	0.3978
7518.380	145.7950	0.4298
7521.310	145.6368	0.4642
7524.240	145.3162	0.4862
7527.170	145.0444	0.4566
7530.100	144.6790	0.4632
7533.030	144.5031	0.4611
7535.960	144.3525	0.4055
7538.890	143.9644	0.4339
7541.820	143.5879	0.4634
7544.750	143.4243	0.4450
7547.680	143.1909	0.3763
7550.610	143.0760	0.3985
7553.540	143.0128	0.3820
7556.470	142.8971	0.3870
7559.400	142.4535	0.4180
7562.330	142.0937	0.4587
7565.260	141.6243	0.5237
7568.190	141.3048	0.5391
7571.120	141.3301	0.4643
7574.050	141.0646	0.4079
7576.980	140.6194	0.3882
7579.910	140.2133	0.4251
7582.840	139.9973	0.4708
7585.770	139.5760	0.5426
7588.700	139.2105	0.5672
7591.630	138.5549	0.6294
7594.560	137.7667	0.6678
7597.490	137.7561	0.6656
7600.420	137.8741	0.6014
7603.350	138.5580	0.5380
7606.280	139.1328	0.4463
7609.210	139.0846	0.4567
7612.140	139.2376	0.4339
7615.070	139.6313	0.4511
7618.000	139.0220	0.4160
7620.930	138.2320	0.4476
7623.860	137.7940	0.5564
7626.790	137.5097	0.5033
7629.720	137.2207	0.4824
7632.650	137.3362	0.4209
7635.580	137.1787	0.3642
7638.510	137.0448	0.3926
7641.440	136.8688	0.4807
7644.370	136.8836	0.4264
7647.300	136.7210	0.4022
7650.230	136.2635	0.4419
7653.160	136.1272	0.4213
7656.090	136.2103	0.4681
7659.020	136.1376	0.5076
7661.950	135.9960	0.4943
7664.880	135.9465	0.4541
7667.810	135.4778	0.3593
7670.740	134.8157	0.3705
7673.670	134.4182	0.4056
7676.600	133.9907	0.4221
7679.530	133.5273	0.4405
7682.460	133.1126	0.4129
7685.390	132.6154	0.4699
7688.320	132.6091	0.4556
7691.250	133.0637	0.4486
7694.180	133.0693	0.4056
7697.110	133.0160	0.3920
7700.040	133.0281	0.3956
7702.970	132.5736	0.3895
7705.900	132.0959	0.3848
7708.830	131.8084	0.3903
7711.760	131.3400	0.4168
7714.690	130.8578	0.4129
7717.620	130.1373	0.3673
7720.550	129.5800	0.4262
7723.480	129.7141	0.4588
7726.410	130.3873	0.4189
7729.340	130.8178	0.4461
7732.270	130.8576	0.4478
7735.200	130.5434	0.3849
7738.130	130.5167	0.4041
7741.060	130.4786	0.3603
7743.990	130.1503	0.4084
7746.920	129.9926	0.3743
7749.850	129.9786	0.3522
7752.780	129.6326	0.3636
7755.710	129.3305	0.3920
7758.640	129.0708	0.3506
7761.570	128.6625	0.3885
7764.500	128.4901	0.3783
7767.430	128.6496	0.3542
7770.360	128.5338	0.4146
7773.290	128.3540	0.4403
7776.220	128.1733	0.4010
7779.150	127.7834	0.4124
7782.080	127.6627	0.3665
7785.010	127.3885	0.3847
7787.940	127.0414	0.3823
7790.870	126.7878	0.3449
7793.800	126.5398	0.3465
7796.730	126.6591	0.3615
7799.660	126.7312	0.3626
7802.590	126.4029	0.4093
7805.520	125.9422	0.4651
7808.450	125.4143	0.4179
7811.380	124.9536	0.3900
7814.310	124.5197	0.3634
7817.240	124.0474	0.3771
7820.170	124.2120	0.3745
7823.100	124.4788	0.3648
7826.030	124.6098	0.3742
7828.960	124.5061	0.4079
7831.890	124.2491	0.4411
7834.820	124.2427	0.4013
7837.750	124.0493	0.3829
7840.680	123.8456	0.3717
7843.610	123.4830	0.3543
7846.540	123.2850	0.4005
7849.470	123.3678	0.4387
7852.400	123.4214	0.4161
7855.330	123.3700	0.4402
7858.260	123.2369	0.3853
7861.190	123.0281	0.3731
7864.120	123.1336	0.3886
7867.050	122.8347	0.3988
7869.980	122.0583	0.4325
7872.910	121.4662	0.4009
7875.840	121.1410	0.3991
7878.770	121.2954	0.3737
7881.700	121.2939	0.3790
7884.630	121.1690	0.4051
7887.560	121.0335	0.3927
7890.490	120.8034	0.3513
7893.420	120.5820	0.3434
7896.350	120.6378	0.3644
7899.280	120.8986	0.4288
7902.210	121.0476	0.4159
7905.140	120.5257	0.4228
7908.070	120.2197	0.4280
7911.000	119.8780	0.4509
7913.930	119.4069	0.4310
7916.860	119.0963	0.4149
7919.790	118.9507	0.3712
7922.720	118.5685	0.4313
7925.650	118.5078	0.3879
7928.580	118.5740	0.3691
7931.510	118.5523	0.3858
7934.440	118.2924	0.3819
7937.370	118.3160	0.3636
7940.300	118.4579	0.3401
7943.230	118.4465	0.3282
7946.160	118.3780	0.3365
7949.090	118.0367	0.3365
7952.020	117.5921	0.3452
7954.950	117.2902	0.3571
7957.880	116.9470	0.3897
7960.810	116.7460	0.4147
7963.740	116.5789	0.4290
7966.670	116.5037	0.3981
7969.600	116.1783	0.3813
7972.530	116.4001	0.4192
7975.460	116.4708	0.3788
7978.390	116.4731	0.3974
7981.320	116.2948	0.3725
7984.250	116.0116	0.3681
7987.180	115.5877	0.4057
7990.110	115.0672	0.4164
7993.040	115.1179	0.3708
7995.970	115.0832	0.3697
7998.900	114.9767	0.3508
8001.830	114.5863	0.3402
8004.760	114.3069	0.3048
8007.690	114.2643	0.2837
8010.620	114.3299	0.2774
8013.550	114.0027	0.3014
8016.480	113.8411	0.3606
8019.410	113.8341	0.3772
8022.340	113.8579	0.3780
8025.270	114.1533	0.3544
8028.200	114.0939	0.4077
8031.130	113.6012	0.3602
8034.060	113.0850	0.3386
8036.990	112.7381	0.3448
8039.920	112.4332	0.3482
8042.850	112.4196	0.3400
8045.780	112.4405	0.3390
8048.710	112.2049	0.3648
8051.640	111.8485	0.3709
8054.570	111.4857	0.4284
8057.500	111.4409	0.3799
8060.430	111.3575	0.3360
8063.360	111.5995	0.3453
8066.290	111.7128	0.3053
8069.220	111.6761	0.3696
8072.150	111.7828	0.3547
8075.080	111.5705	0.3549
8078.010	111.1824	0.3897
8080.940	110.5995	0.4047
8083.870	110.4426	0.3723
8086.800	110.1143	0.3320
8089.730	109.9410	0.3384
8092.660	109.9126	0.3409
8095.590	109.6433	0.3394
8098.520	108.9372	0.3374
8101.450	108.3833	0.3547
8104.380	108.5380	0.3602
8107.310	108.8545	0.3778
8110.240	109.0385	0.3415
8113.170	109.0963	0.3721
8116.100	109.0350	0.4055
8119.030	108.8049	0.3817
8121.960	108.7270	0.3635
8124.890	108.8245	0.3306
8127.820	108.8978	0.3053
8130.750	108.6230	0.3233
8133.680	108.1306	0.2990
8136.610	107.5836	0.3322
8139.540	107.1865	0.3370
8142.470	107.0745	0.3566
8145.400	106.9825	0.2965
8148.330	106.9628	0.2967
8151.260	107.0224	0.3129
8154.190	107.0051	0.3251
8157.120	106.9026	0.3616
8160.050	106.7891	0.3660
8162.980	106.6332	0.3788
8165.910	106.4151	0.4025
8168.840	105.7725	0.4574
8171.770	105.5908	0.4335
8174.700	105.5356	0.4021
8177.630	105.2689	0.3949
8180.560	104.8737	0.4267
8183.490	104.4031	0.4427
8186.420	104.1542	0.3867
8189.350	103.9382	0.3711
8192.280	104.0407	0.3536
8195.210	104.2092	0.3689
8198.140	104.0072	0.3200
8201.070	103.8548	0.3055
8204.000	103.4524	0.3156
8206.930	103.0596	0.3409
8209.860	103.2277	0.3088
8212.790	103.2274	0.2956
8215.720	103.0426	0.2681
8218.650	102.7015	0.3151
8221.580	102.1174	0.3577
8224.510	101.4420	0.3972
8227.440	100.9990	0.4652
8230.370	100.5856	0.5566
8233.300	100.6806	0.4810
8236.230	100.5042	0.3997
8239.160	100.5398	0.3480
8242.090	100.6031	0.2667
8245.020	100.9729	0.2661
8247.950	101.1430	0.2949
8250.880	100.9207	0.2898
8253.810	100.7957	0.3058
8256.740	100.3522	0.3610
8259.670	100.2599	0.3168
8262.600	100.2116	0.3095
8265.530	100.0370	0.3105
8268.460	99.7286	0.3080
8271.390	99.9351	0.2909
8274.320	100.2256	0.2754
8277.250	100.2620	0.2646
8280.180	99.9568	0.3016
8283.110	99.9283	0.2845
8286.040	99.6083	0.2855
8288.970	99.1640	0.3105
8291.900	99.0241	0.3306
8294.830	98.6334	0.3270
8297.760	98.2692	0.3388
8300.690	98.3014	0.2979
8303.620	98.7487	0.2615
8306.550	98.6060	0.3028
8309.480	98.5340	0.3371
8312.410	98.3025	0.3355
8315.340	98.4046	0.3583
8318.270	98.2782	0.3491
8321.200	98.2619	0.3408
8324.130	98.5136	0.3164
8327.060	98.2485	0.3790
8329.990	97.8916	0.3874
8332.920	97.8981	0.3753
8335.850	97.5939	0.3698
8338.780	97.1540	0.3570
8341.710	96.5887	0.3652
8344.640	96.4976	0.3457
8347.570	96.7075	0.2930
8350.500	96.4148	0.3300
8353.430	95.6261	0.3441
8356.360	95.2194	0.3019
8359.290	94.4892	0.2954
8362.220	93.9728	0.3535
8365.150	94.2096	0.3541
8368.080	94.8146	0.2966
8371.010	95.6706	0.2690
8373.940	95.9828	0.2667
8376.870	95.9519	0.3277
8379.800	95.8962	0.3751
8382.730	95.6991	0.3910
8385.660	96.1278	0.3291
8388.590	96.0366	0.2957
8391.520	95.6857	0.2947
8394.450	95.4163	0.3286
8397.380	95.1703	0.3453
8400.310	95.0264	0.3074
8403.240	95.1447	0.2515
8406.170	95.0610	0.2430
8409.100	94.8671	0.2766
8412.030	94.4725	0.3308
8414.960	94.1390	0.3791
8417.890	94.2819	0.2838
8420.820	94.6407	0.2544
8423.750	94.4658	0.2622
8426.680	93.8263	0.3195
8429.610	93.4960	0.4054
8432.540	93.5634	0.3361
8435.470	93.5967	0.3417
8438.400	93.1751	0.3282
8441.330	93.1864	0.2941
8444.260	93.1673	0.2759
8447.190	92.9665	0.2808
8450.120	92.4400	0.4121
8453.050	92.1447	0.3152
8455.980	92.3221	0.2846
8458.910	92.3768	0.3605
8461.840	92.3946	0.3582
8464.770	92.6085	0.3672
8467.700	92.8609	0.3442
8470.630	92.7623	0.3018
8473.560	92.1931	0.2994
8476.490	92.1964	0.3253
8479.420	92.1221	0.3252
8482.350	91.9284	0.3152
8485.280	91.7234	0.3829
8488.210	91.5138	0.3754
8491.140	91.4062	0.3609
8494.070	92.0162	0.4643
8497.000	92.3663	0.6331
8499.930	91.1432	0.4713
8502.860	90.0649	0.3685
8505.790	89.8914	0.3702
8508.720	89.7955	0.3399
8511.650	89.8230	0.3103
8514.580	89.6904	0.3547
8517.510	89.5008	0.3288
8520.440	89.2828	0.3127
8523.370	89.2278	0.3110
8526.300	89.4860	0.3522
8529.230	89.4613	0.4148
8532.160	89.4591	0.3725
8535.090	89.6241	0.3601
8538.020	90.6662	0.7209
8540.950	91.3479	0.9121
8543.880	90.4781	0.6567
8546.810	88.8684	0.3747
8549.740	88.5087	0.4269
8552.670	88.3278	0.3673
8555.600	88.2980	0.2914
8558.530	88.2195	0.2802
8561.460	88.2952	0.2876
8564.390	88.3609	0.2984
8567.320	88.3354	0.2928
8570.250	88.1445	0.2984
8573.180	87.9925	0.3172
8576.110	87.6555	0.3273
8579.040	87.5849	0.3455
8581.970	87.2788	0.3840
8584.900	86.9179	0.3584
8587.830	86.6338	0.3501
8590.760	86.7583	0.2741
8593.690	86.7355	0.2640
8596.620	86.6402	0.2696
8599.550	86.2732	0.3244
8602.480	86.2582	0.3057
8605.410	86.4900	0.2471
8608.340	86.5730	0.2210
8611.270	86.5597	0.2248
8614.200	86.6209	0.2630
8617.130	86.7316	0.2414
8620.060	86.3461	0.3128
8622.990	85.8426	0.4243
8625.920	85.6139	0.3621
8628.850	85.6157	0.3187
8631.780	85.5236	0.2930
8634.710	85.0023	0.3533
8637.640	84.6980	0.3656
8640.570	84.9049	0.3591
8643.500	85.0960	0.3232
8646.430	85.1015	0.3120
8649.360	84.5086	0.3303
8652.290	84.0775	0.3337
8655.220	84.6245	0.2437
8658.150	85.5422	0.6337
8661.080	86.1308	0.7708
8664.010	85.5015	0.5848
8666.940	84.2953	0.3784
8669.870	83.8527	0.3448
8672.800	83.5144	0.3153
8675.730	83.4450	0.3105
8678.660	83.5753	0.3096
8681.590	83.8888	0.2890
8684.520	84.0317	0.2821
8687.450	83.9589	0.2875
8690.380	83.6037	0.2842
8693.310	83.3349	0.2694
8696.240	83.3731	0.2645
8699.170	83.2737	0.2738
8702.100	83.2097	0.2840
8705.030	82.8456	0.2879
8707.960	82.5343	0.2832
8710.890	82.5303	0.2771
8713.820	82.7780	0.2735
8716.750	82.6731	0.2459
8719.680	82.2669	0.2565
8722.610	82.0942	0.2781
8725.540	82.2223	0.2410
8728.470	82.3073	0.2201
8731.400	82.2654	0.2178
8734.330	82.0620	0.2376
8737.260	81.8082	0.2610
8740.190	81.3752	0.2473
8743.120	81.0741	0.2524
8746.050	81.1096	0.2453
8748.980	81.2078	0.2464
8751.910	81.1888	0.2760
8754.840	80.9944	0.2542
8757.770	80.7274	0.2497
8760.700	80.6173	0.2768
8763.630	80.6615	0.2759
8766.560	80.4889	0.2981
8769.490	80.0787	0.3124
8772.420	79.7128	0.3076
8775.350	79.2185	0.3056
8778.280	79.2052	0.2882
8781.210	79.1496	0.3158
8784.140	79.0492	0.3167
8787.070	79.0333	0.3229
8790.000	79.2714	0.2655
8792.930	79.3952	0.2391
8795.860	79.1934	0.2243
8798.790	78.9614	0.2376
8801.720	79.2482	0.2803
8804.650	79.9465	0.3493
8807.580	79.8885	0.3182
8810.510	79.3572	0.3239
8813.440	78.9581	0.3374
8816.370	78.2985	0.3218
8819.300	78.1142	0.3037
8822.230	78.2050	0.3030
8825.160	78.0248	0.3168
8828.090	78.2510	0.2736
8831.020	78.2963	0.2697
8833.950	78.0544	0.2722
8836.880	78.2846	0.2540
8839.810	78.3998	0.2208
8842.740	78.4053	0.2277
8845.670	78.0447	0.2679
8848.600	77.6236	0.3382
8851.530	77.6128	0.3358
8854.460	77.5913	0.3048
8857.390	77.4191	0.2797
8860.320	77.4135	0.2311
8863.250	77.2257	0.2688
8866.180	77.1798	0.2986
8869.110	77.2731	0.2771
8872.040	77.3326	0.2422
8874.970	77.2824	0.2406
8877.900	77.3592	0.1962
8880.830	77.1837	0.2244
8883.760	76.7375	0.2730
8886.690	76.7854	0.2398
8889.620	76.8819	0.1918
8892.550	76.8656	0.2320
8895.480	76.8074	0.2971
8898.410	76.4431	0.3061
8901.340	75.9802	0.3063
8904.270	75.7951	0.2845
8907.200	75.6549	0.2768
8910.130	75.8254	0.2335
8913.060	76.0713	0.2769
8915.990	76.0081	0.2561
8918.920	76.1426	0.2388
8921.850	76.3991	0.2806
8924.780	76.2707	0.3118
8927.710	75.6533	0.3038
8930.640	75.1405	0.2512
8933.570	74.8134	0.2419
8936.500	74.7069	0.2510
8939.430	74.6855	0.2958
8942.360	74.7272	0.2893
8945.290	74.9595	0.2608
8948.220	75.0816	0.2625
8951.150	75.1644	0.2371
8954.080	74.8978	0.2717
8957.010	74.4493	0.2633
8959.940	74.4451	0.2060
8962.870	74.4200	0.2151
8965.800	74.4932	0.2545
8968.730	74.2979	0.2721
8971.660	73.6719	0.3150
8974.590	73.3946	0.2967
8977.520	73.1005	0.2877
8980.450	73.0016	0.2507
8983.380	72.8147	0.2351
8986.310	72.6878	0.2542
8989.240	73.0398	0.2806
8992.170	73.2000	0.2699
8995.100	73.1730	0.3045
8998.030	72.7515	0.3122
9000.960	72.2766	0.2789
9003.890	72.3871	0.2442
9006.820	72.2914	0.2554
9009.750	72.3454	0.2740
9012.680	72.5686	0.3415
9015.610	72.5815	0.3435
9018.540	72.4862	0.2753
9021.470	72.3712	0.2713
9024.400	72.1001	0.2959
9027.330	71.9934	0.2984
9030.260	71.8256	0.2437
9033.190	71.6725	0.1790
9036.120	71.5471	0.1919
9039.050	71.1096	0.1967
9041.980	70.6916	0.2488
9044.910	70.3357	0.2591
9047.840	70.1230	0.3008
9050.770	69.8037	0.2969
9053.700	69.7567	0.2531
9056.630	69.7140	0.1926
9059.560	69.6138	0.2268
9062.490	69.5020	0.2474
9065.420	69.4006	0.2808
9068.350	69.6182	0.3039
9071.280	70.0804	0.2810
9074.210	70.6179	0.2568
9077.140	70.8323	0.2495
9080.070	70.6680	0.2925
9083.000	70.5032	0.2521
9085.930	70.5166	0.2489
9088.860	70.3749	0.2609
9091.790	69.7825	0.2770
9094.720	69.3747	0.2337
9097.650	69.4569	0.2344
9100.580	69.5043	0.2677
9103.510	69.6682	0.2672
9106.440	69.9461	0.2596
9109.370	70.1491	0.2851
9112.300	70.1292	0.2934
9115.230	69.8060	0.3174
9118.160	69.2516	0.3169
9121.090	68.9183	0.2603
9124.020	68.8566	0.2275
9126.950	68.9807	0.2228
9129.880	69.0996	0.2707
9132.810	69.2545	0.3026
9135.740	69.3101	0.2696
9138.670	69.0937	0.2774
9141.600	69.0655	0.2624
9144.530	68.8306	0.2608
9147.460	68.8456	0.2304
9150.390	69.0085	0.2283
9153.320	68.9724	0.2639
9156.250	69.0369	0.2641
9159.180	68.8509	0.2745
9162.110	68.6425	0.2638
9165.040	68.2009	0.2775
9167.970	67.7324	0.2651
9170.900	67.4029	0.2416
9173.830	66.9789	0.2745
9176.760	67.0394	0.2689
9179.690	66.9136	0.2723
9182.620	66.8925	0.2784
9185.550	67.0844	0.2358
9188.480	67.1990	0.2400
9191.410	67.3256	0.2409
9194.340	67.2529	0.2384
9197.270	66.9160	0.2643
9200.200	66.5259	0.2436
9203.130	66.1518	0.2850
9206.060	65.7938	0.2698
9208.990	65.7264	0.2594
9211.920	65.5073	0.2574
9214.850	65.4000	0.2548
9217.780	65.3828	0.2701
9220.710	65.5954	0.2483
9223.640	65.9389	0.2274
9226.570	66.2351	0.2515
9229.500	66.4017	0.2572
9232.430	66.2561	0.2730
9235.360	65.9741	0.2386
9238.290	65.6453	0.2134
9241.220	65.4234	0.2274
9244.150	65.3559	0.2597
9247.080	65.3599	0.2994
9250.010	65.3789	0.3037
9252.940	65.6577	0.2631
9255.870	66.0599	0.2359
9258.800	65.8826	0.2495
9261.730	65.4450	0.2610
9264.660	65.2045	0.2707
9267.590	65.0367	0.2605
9270.520	65.0096	0.2849
9273.450	64.9393	0.2929
9276.380	64.6827	0.3090
9279.310	64.5906	0.3270
9282.240	64.6330	0.2696
9285.170	64.9060	0.2378
9288.100	64.9809	0.2406
9291.030	65.0994	0.2093
9293.960	65.3449	0.1985
9296.890	65.3426	0.2346
9299.820	65.2802	0.2583
9302.750	64.9413	0.2961
9305.680	64.8883	0.2557
9308.610	64.5710	0.2539
9311.540	64.1516	0.2520
9314.470	63.7067	0.3097
9317.400	63.4925	0.2751
9320.330	63.3397	0.3109
9323.260	63.3641	0.3499
9326.190	63.4026	0.3167
9329.120	63.4644	0.2814
9332.050	63.2392	0.3114
9334.980	62.7492	0.3531
9337.910	62.4050	0.4046
9340.840	62.5893	0.3835
9343.770	62.6245	0.3602
9346.700	62.5133	0.3295
9349.630	62.4732	0.3085
9352.560	62.4974	0.3482
9355.490	62.5265	0.3347
9358.420	62.7419	0.2779
9361.350	62.7002	0.2866
9364.280	62.7466	0.2894
9367.210	62.8639	0.3168
9370.140	62.8859	0.2974
9373.070	62.7424	0.2803
9376.000	63.0546	0.2848
9378.930	63.3913	0.3210
9381.860	63.3136	0.3037
9384.790	63.2241	0.2216
9387.720	62.8679	0.2215
9390.650	62.5747	0.2493
9393.580	62.5157	0.3097
9396.510	62.4717	0.2814
9399.440	62.2338	0.2768
9402.370	62.3245	0.2783
9405.300	62.5948	0.3158
9408.230	62.4784	0.3158
9411.160	62.1094	0.3891
9414.090	61.8390	0.3721
9417.020	61.4557	0.2905
9419.950	61.2176	0.3047
9422.880	61.2535	0.3023
9425.810	61.5316	0.2949
9428.740	61.8886	0.2771
9431.670	61.8253	0.2508
9434.600	61.5998	0.2415
9437.530	61.1437	0.3096
9440.460	60.9193	0.3592
9443.390	61.1088	0.3061
9446.320	61.4748	0.2669
9449.250	61.3541	0.2626
9452.180	60.8894	0.2760
9455.110	59.8847	0.2811
9458.040	58.7050	0.2461
9460.970	57.5969	0.2194
9463.900	57.5535	0.2002
9466.830	58.5847	0.2033
9469.760	59.5173	0.2342
9472.690	59.8445	0.2666
9475.620	59.7318	0.2821
9478.550	59.3732	0.2926
9481.480	58.8931	0.2667
9484.410	58.8549	0.2395
9487.340	58.4737	0.2739
9490.270	58.2969	0.2618
9493.200	58.3919	0.2512
9496.130	58.3799	0.2825
9499.060	58.0364	0.3053
9501.990	57.5614	0.2707
9504.920	57.3340	0.2391
9507.850	56.9056	0.2336
9510.780	56.5069	0.2782
9513.710	55.9060	0.3145
9516.640	55.5660	0.3333
9519.570	55.5835	0.2921
9522.500	55.9290	0.2209
9525.430	56.1562	0.2093
9528.360	56.5018	0.2184
9531.290	56.5719	0.2252
9534.220	56.8121	0.2526
9537.150	56.9618	0.2826
9540.080	57.1711	0.2985
9543.010	57.6005	0.3240
9545.940	57.7823	0.3201
9548.870	57.7554	0.3167
9551.800	57.5341	0.3157
9554.730	57.6355	0.2900
9557.660	58.0060	0.3089
9560.590	58.2920	0.2998
9563.520	58.1831	0.3214
9566.450	57.9301	0.3718
9569.380	57.9924	0.3362
9572.310	58.1552	0.2934
9575.240	58.0025	0.2663
9578.170	57.9146	0.2836
9581.100	57.9015	0.2820
9584.030	58.0660	0.3102
9586.960	58.0240	0.3718
9589.890	57.6529	0.3785
9592.820	57.4537	0.3619
9595.750	57.3714	0.3570
9598.680	57.4644	0.3337
9601.610	57.6468	0.3596
9604.540	57.7452	0.4018
9607.470	58.2426	0.4481
9610.400	58.5456	0.4818
9613.330	58.4241	0.4762
9616.260	58.0829	0.4203
9619.190	58.2195	0.5170
9622.120	58.4269	0.5438
9625.050	58.3212	0.5424
9627.980	58.4169	0.4957
9630.910	58.2680	0.4684
9633.840	58.4261	0.4853
9636.770	58.6815	0.5200
9639.700	58.7962	0.4944
9642.630	58.7026	0.5240
9645.560	58.6474	0.5634
9648.490	58.5610	0.5355
9651.420	58.6666	0.5627
9654.350	58.6589	0.5358
9657.280	59.1052	0.5410
9660.210	59.3017	0.6196
9663.140	59.4287	0.6117
9666.070	59.3319	0.6140
9669.000	59.4416	0.5930
9671.930	59.5123	0.6406
9674.860	59.3268	0.6345
9677.790	59.1343	0.6584
9680.720	58.8664	0.6350
9683.650	59.0765	0.6811
9686.580	59.0033	0.6772
9689.510	59.0648	0.6840
9692.440	59.3867	0.6931
9695.370	59.7460	0.7083
9698.300	59.9365	0.6905
9701.230	59.8716	0.7312
