3298.680	1535.9870	8.3537
3301.060	1526.5812	10.1882
3303.440	1519.6383	9.1945
3305.820	1521.5421	7.5846
3308.200	1520.5741	7.4932
3310.580	1507.4954	8.4161
3312.960	1502.4194	7.9472
3315.340	1496.9873	7.9668
3317.720	1494.1316	8.5086
3320.100	1489.9011	10.1127
3322.480	1491.0884	8.0988
3324.860	1491.3905	7.2154
3327.240	1482.9847	7.3105
3329.620	1477.4833	7.0629
3332.000	1470.8118	8.0257
3334.380	1468.9315	7.5503
3336.760	1467.9386	7.0610
3339.140	1463.7028	6.9548
3341.520	1462.2681	6.6927
3343.900	1451.2124	6.9856
3346.280	1446.8947	5.9053
3348.660	1447.6292	7.0778
3351.040	1440.3400	6.5776
3353.420	1432.4106	7.4873
3355.800	1419.9345	9.2500
3358.180	1418.2170	8.0082
3360.560	1437.0923	8.8493
3362.940	1424.7524	7.0206
3365.320	1410.1694	7.4073
3367.700	1414.1347	6.9834
3370.080	1412.7386	7.2084
3372.460	1413.8269	7.2121
3374.840	1406.5699	7.2751
3377.220	1381.0044	8.7917
3379.600	1380.6403	5.3786
3381.980	1379.1472	5.5414
3384.360	1374.6835	5.7497
3386.740	1369.8367	7.5406
3389.120	1373.8712	6.4559
3391.500	1375.8376	5.9029
3393.880	1379.1423	7.2148
3396.260	1371.0906	5.8648
3398.640	1360.3087	7.6982
3401.020	1352.2530	8.0975
3403.400	1348.2684	6.1325
3405.780	1346.9436	5.4183
3408.160	1344.6036	4.9360
3410.540	1342.8267	5.4113
3412.920	1333.8183	6.2661
3415.300	1336.1235	5.6994
3417.680	1330.1165	6.6768
3420.060	1327.7232	7.4386
3422.440	1329.5495	6.2758
3424.820	1333.5159	4.9236
3427.200	1327.4191	4.8848
3429.580	1317.5215	6.5331
3431.960	1308.9526	7.2753
3434.340	1304.3342	7.0753
3436.720	1299.3718	7.3229
3439.100	1303.0792	6.4081
3441.480	1308.0804	6.9941
3443.860	1297.2139	6.5419
3446.240	1292.3500	5.2110
3448.620	1282.9376	7.2043
3451.000	1280.1107	6.9171
3453.380	1274.9844	6.4410
3455.760	1276.2767	5.7053
3458.140	1280.1184	4.8987
3460.520	1275.5146	5.2819
3462.900	1270.4106	5.1960
3465.280	1259.1558	7.3767
3467.660	1255.3298	6.5828
3470.040	1250.8845	7.0621
3472.420	1254.1619	5.6830
3474.800	1255.9100	5.3952
3477.180	1245.7008	6.4014
3479.560	1235.9508	7.8306
3481.940	1231.3058	6.6630
3484.320	1229.7713	5.6145
3486.700	1225.0003	6.0153
3489.080	1231.3798	5.3571
3491.460	1227.5949	5.6600
3493.840	1220.1479	4.7197
3496.220	1221.7873	5.0767
3498.600	1219.4398	4.6860
3500.980	1208.1514	6.2594
3503.360	1200.3918	6.5349
3505.740	1200.7992	5.9857
3508.120	1200.6095	5.0527
3510.500	1201.1467	4.7890
3512.880	1198.4264	4.9093
3515.260	1189.7052	4.8724
3517.640	1189.7828	3.9283
3520.020	1183.8078	4.2882
3522.400	1185.7090	4.9196
3524.780	1188.1050	7.1968
3527.160	1178.7086	4.5160
3529.540	1172.9519	4.3308
3531.920	1171.6931	4.7149
3534.300	1169.1402	4.1982
3536.680	1164.5001	4.1622
3539.060	1160.7254	4.3196
3541.440	1160.6611	4.8519
3543.820	1156.6402	5.1106
3546.200	1152.0198	5.8526
3548.580	1151.0681	4.9846
3550.960	1149.7946	5.4072
3553.340	1146.4707	5.4320
3555.720	1136.2086	5.6904
3558.100	1132.6902	5.8323
3560.480	1135.4545	5.2240
3562.860	1137.8305	4.3839
3565.240	1133.0232	4.5143
3567.620	1129.1399	3.9166
3570.000	1120.3229	5.6252
3572.380	1118.8638	4.5087
3574.760	1119.5635	4.6175
3577.140	1115.6579	4.8746
3579.520	1120.8538	5.2380
3581.900	1118.2870	4.9507
3584.280	1113.6461	5.1459
3586.660	1107.6762	4.8243
3589.040	1105.0627	4.4743
3591.420	1100.2837	4.9021
3593.800	1091.6196	6.2593
3596.180	1085.4398	6.6543
3598.560	1087.5983	5.9529
3600.940	1089.4461	4.4658
3603.320	1084.1310	4.2104
3605.700	1086.3066	4.5194
3608.080	1079.8803	3.9013
3610.460	1074.8501	4.9919
3612.840	1066.6768	6.3722
3615.220	1065.1876	5.6547
3617.600	1071.9735	3.7503
3619.980	1068.2311	5.0841
3622.360	1063.0837	4.5688
3624.740	1055.6635	6.5325
3627.120	1054.2240	6.2116
3629.500	1054.5881	5.0591
3631.880	1058.0542	5.5242
3634.260	1054.3605	5.2132
3636.640	1046.0410	4.9911
3639.020	1045.1068	4.4541
3641.400	1049.2364	4.2971
3643.780	1044.9139	4.3638
3646.160	1041.0750	4.1155
3648.540	1037.9037	4.3291
3650.920	1033.4387	3.4925
3653.300	1032.0014	4.6005
3655.680	1028.3275	4.6025
3658.060	1024.4582	4.3318
3660.440	1024.3391	3.5486
3662.820	1021.3369	3.4514
3665.200	1017.7424	3.6225
3667.580	1014.8371	3.5757
3669.960	1009.7509	4.3071
3672.340	1005.3084	5.1987
3674.720	1005.7885	4.6353
3677.100	1004.4657	4.1130
3679.480	1004.2438	3.7231
3681.860	1000.2263	3.8127
3684.240	996.7276	4.0798
3686.620	995.5019	4.3066
3689.000	991.7512	4.2538
3691.380	990.4710	4.2604
3693.760	984.9537	4.3912
3696.140	986.0191	4.1917
3698.520	983.7508	4.1067
3700.900	980.8411	5.9076
3703.280	981.0276	4.7618
3705.660	978.6521	4.2332
3708.040	976.5260	3.5629
3710.420	967.9193	3.8927
3712.800	960.8987	4.5979
3715.180	961.4884	5.2649
3717.560	964.4715	3.8882
3719.940	968.4105	4.9979
3722.320	961.2473	3.7044
3724.700	953.5267	4.1536
3727.080	952.0520	4.9529
3729.460	958.1521	4.5291
3731.840	956.1492	4.9782
3734.220	951.4703	4.7529
3736.600	946.8653	3.6353
3738.980	937.2114	5.5865
3741.360	939.3441	5.2592
3743.740	944.0768	3.2731
3746.120	939.3729	3.8087
3748.500	930.1797	4.1351
3750.880	929.6718	4.4990
3753.260	925.8765	7.0821
3755.640	921.6741	5.0203
3758.020	926.7414	3.2336
3760.400	927.5271	3.2678
3762.780	924.2942	3.7619
3765.160	922.2867	3.6438
3767.540	920.1523	3.5430
3769.920	914.4597	3.8626
3772.300	912.1648	3.6201
3774.680	913.8101	3.4017
3777.060	910.9432	3.1123
3779.440	908.9664	2.9486
3781.820	905.2100	3.2123
3784.200	901.5760	3.1700
3786.580	899.1955	4.0070
3788.960	903.0788	3.2207
3791.340	900.3772	3.4164
3793.720	893.7966	3.5449
3796.100	890.6457	3.9100
3798.480	885.8503	3.6970
3800.860	885.6581	3.3551
3803.240	881.9576	3.3612
3805.620	880.6859	3.8402
3808.000	880.4228	3.1662
3810.380	878.1697	3.6560
3812.760	878.3256	3.6899
3815.140	879.7155	4.8900
3817.520	879.8096	4.8181
3819.900	872.4499	4.8128
3822.280	868.5824	3.7865
3824.660	864.0577	2.9999
3827.040	864.8729	2.9155
3829.420	863.3187	2.8473
3831.800	858.7190	2.9231
3834.180	853.0337	3.5359
3836.560	851.0885	3.2756
3838.940	848.5542	3.6273
3841.320	846.6813	3.0461
3843.700	843.3756	4.6359
3846.080	844.3385	4.5562
3848.460	848.5108	3.6474
3850.840	848.3366	3.3621
3853.220	850.1370	2.9308
3855.600	851.0866	2.7282
3857.980	852.3837	3.2584
3860.360	850.5455	3.0872
3862.740	838.1057	5.0400
3865.120	834.8892	5.1479
3867.500	838.3888	3.3243
3869.880	837.3533	3.5721
3872.260	832.6780	2.6799
3874.640	829.7762	2.9811
3877.020	822.9129	2.8276
3879.400	817.8604	3.0524
3881.780	813.9943	3.2176
3884.160	808.1379	3.3182
3886.540	804.1753	3.6158
3888.920	795.7171	3.7057
3891.300	792.9247	2.5801
3893.680	793.5242	2.9009
3896.060	796.6811	3.3707
3898.440	801.3582	2.7494
3900.820	804.5366	2.4632
3903.200	806.3418	2.4078
3905.580	805.2524	2.5089
3907.960	808.8073	2.7595
3910.340	806.2199	3.6462
3912.720	804.4087	3.9508
3915.100	802.5112	3.7025
3917.480	803.8873	3.3983
3919.860	802.3518	3.3907
3922.240	798.5891	3.4100
3924.620	800.5603	3.3171
3927.000	803.7075	4.0313
3929.380	804.0087	3.8733
3931.760	805.5883	6.9660
3934.140	808.9377	7.3456
3936.520	797.0729	4.9901
3938.900	787.8641	4.0178
3941.280	784.1487	3.4785
3943.660	780.1903	4.2077
3946.040	778.3632	2.8885
3948.420	771.9877	3.4879
3950.800	767.7639	3.5720
3953.180	766.7632	3.9334
3955.560	759.9665	3.5407
3957.940	752.4673	3.7456
3960.320	747.0406	3.8938
3962.700	742.0449	3.4058
3965.080	731.1522	4.6711
3967.460	726.3089	6.1900
3969.840	721.6612	6.6072
3972.220	713.1365	3.4673
3974.600	715.2157	3.6304
3976.980	722.2799	3.8077
3979.360	725.5686	4.4321
3981.740	732.2097	4.5647
3984.120	739.8273	3.1252
3986.500	742.5365	2.9119
3988.880	743.3289	3.1388
3991.260	745.7837	3.0612
3993.640	748.0744	2.7800
3996.020	748.2098	2.8487
3998.400	748.4848	2.8254
4000.780	746.5551	3.0250
4003.160	744.5689	3.1577
4005.540	742.8770	2.7761
4007.920	743.3924	2.4353
4010.300	743.7393	2.6891
4012.680	740.9794	2.5373
4015.060	737.8188	2.4454
4017.440	736.6532	2.2672
4019.820	737.4450	2.5658
4022.200	736.7344	3.2752
4024.580	734.2321	3.7615
4026.960	728.2965	2.7517
4029.340	724.8115	2.3349
4031.720	723.8117	2.0124
4034.100	723.6717	2.0154
4036.480	721.1193	2.1980
4038.860	719.8863	2.4604
4041.240	720.7730	2.3525
4043.620	722.0166	2.7227
4046.000	717.7767	2.2368
4048.380	716.0275	2.3185
4050.760	714.2445	2.5322
4053.140	713.1122	2.4430
4055.520	711.4122	2.2428
4057.900	708.2505	2.3242
4060.280	705.1580	2.3195
4062.660	705.3970	2.1746
4065.040	702.3456	2.2872
4067.420	699.6099	2.4001
4069.800	698.0451	2.5015
4072.180	696.7465	2.4896
4074.560	694.7249	2.5261
4076.940	692.4000	2.6000
4079.320	687.3672	2.4526
4081.700	684.6923	2.3790
4084.080	680.5062	2.2973
4086.460	675.1005	2.5555
4088.840	666.8443	2.7053
4091.220	655.9874	2.6046
4093.600	643.9434	2.6259
4095.980	630.7722	3.0887
4098.360	613.0403	3.6729
4100.740	598.9654	3.8540
4103.120	597.5114	2.8244
4105.500	605.6517	2.3751
4107.880	618.1442	2.0728
4110.260	632.1064	2.1725
4112.640	643.4715	2.0777
4115.020	648.5718	2.1448
4117.400	653.4875	2.1291
4119.780	657.3606	2.2473
4122.160	658.7128	2.0848
4124.540	660.1248	2.4361
4126.920	662.1670	2.3646
4129.300	661.9778	2.1454
4131.680	663.8503	2.3870
4134.060	663.8392	2.5078
4136.440	661.2940	2.5158
4138.820	660.6579	2.4004
4141.200	659.2845	2.6994
4143.580	660.2788	2.5566
4145.960	656.1088	2.1204
4148.340	654.2166	2.2697
4150.720	653.8626	2.3846
4153.100	653.9833	2.2806
4155.480	653.6823	2.4275
4157.860	650.9477	2.2780
4160.240	648.0184	2.3506
4162.620	646.1586	2.4920
4165.000	645.1171	2.2824
4167.380	643.2192	2.3308
4169.760	643.5486	1.8723
4172.140	641.6818	2.1852
4174.520	639.9914	2.3705
4176.900	635.7147	1.9773
4179.280	632.2800	2.0305
4181.660	632.3334	1.8583
4184.040	630.2178	1.9031
4186.420	628.3424	2.0899
4188.800	626.3518	2.3963
4191.180	624.2150	2.6969
4193.560	623.0348	2.2870
4195.940	618.7488	2.3920
4198.320	617.3743	2.6689
4200.700	614.4775	2.3944
4203.080	612.0729	2.0515
4205.460	611.0790	2.1269
4207.840	611.9388	1.9030
4210.220	611.9551	2.0479
4212.600	612.4776	2.1148
4214.980	613.7595	2.1641
4217.360	611.1288	1.8553
4219.740	607.1860	1.9886
4222.120	608.0591	1.7360
4224.500	610.4935	2.7545
4226.880	607.8897	1.8933
4229.260	605.6205	1.8750
4231.640	601.1340	2.6270
4234.020	602.1288	2.0082
4236.400	604.1906	1.8476
4238.780	603.0812	1.8140
4241.160	601.7991	1.9592
4243.540	599.2646	1.9456
4245.920	597.9282	1.8486
4248.300	597.2787	1.9877
4250.680	596.0626	2.0603
4253.060	592.9518	1.9824
4255.440	590.7183	2.0219
4257.820	592.1707	1.9373
4260.200	590.5381	1.8844
4262.580	589.4034	1.9490
4264.960	585.9980	2.1397
4267.340	584.7589	2.0633
4269.720	584.4409	2.0713
4272.100	585.4404	2.3224
4274.480	582.0927	1.8943
4276.860	579.2500	1.9098
4279.240	577.5196	1.9284
4281.620	576.6234	1.8425
4284.000	574.9284	1.9990
4286.380	574.7273	2.0067
4288.760	572.9183	2.1986
4291.140	569.9520	1.9318
4293.520	568.5962	2.1013
4295.900	567.8566	2.1970
4298.280	566.2587	2.1672
4300.660	566.1251	2.0299
4303.040	565.5189	1.9751
4305.420	563.1708	1.7780
4307.800	563.3750	2.3954
4310.180	561.5891	2.7333
4312.560	555.6790	2.0922
4314.940	552.2234	2.3548
4317.320	545.5052	3.2387
4319.700	544.3470	2.5342
4322.080	542.0836	2.0765
4324.460	538.5608	2.5243
4326.840	529.7211	2.0202
4329.220	520.5015	2.1006
4331.600	510.5468	2.3954
4333.980	498.3260	2.2428
4336.360	482.1844	2.4792
4338.740	468.5223	3.3203
4341.120	460.2958	2.8375
4343.500	464.4502	1.7633
4345.880	481.5829	1.6668
4348.260	497.6903	1.5730
4350.640	509.3755	1.6337
4353.020	516.3084	1.5318
4355.400	521.4170	1.4777
4357.780	523.9872	1.4561
4360.160	526.2333	1.6739
4362.540	527.7579	1.7361
4364.920	528.8898	1.6715
4367.300	528.9576	1.8855
4369.680	528.8301	1.9958
4372.060	528.9809	1.8579
4374.440	528.8572	1.8490
4376.820	530.9011	2.0231
4379.200	531.7837	2.1154
4381.580	530.9448	2.0668
4383.960	530.0575	2.1233
4386.340	530.7345	2.4171
4388.720	527.4219	2.0296
4391.100	525.3657	1.6157
4393.480	523.8103	1.7602
4395.860	522.3409	1.6820
4398.240	521.6666	1.5760
4400.620	522.0825	1.5475
4403.000	521.7980	1.9669
4405.380	520.3763	1.6050
4407.760	519.4311	1.5740
4410.140	517.4002	1.7437
4412.520	516.8550	1.7178
4414.900	515.8699	1.5509
4417.280	513.4605	1.7690
4419.660	511.4795	1.6393
4422.040	509.7202	1.7264
4424.420	508.7668	1.7442
4426.800	508.0866	1.6198
4429.180	506.8370	1.5979
4431.560	507.2412	1.7197
4433.940	507.0612	1.6085
4436.320	505.0015	1.6770
4438.700	503.8460	1.5511
4441.080	500.5999	1.7863
4443.460	501.4559	1.4903
4445.840	500.7291	1.6076
4448.220	497.1548	1.6859
4450.600	497.2360	1.6573
4452.980	498.8906	1.6190
4455.360	499.7119	1.6081
4457.740	497.9961	1.7277
4460.120	496.3330	1.5048
4462.500	495.7477	1.4915
4464.880	495.8891	1.8528
4467.260	495.7184	2.6154
4469.640	494.1410	2.5360
4472.020	489.8424	1.8329
4474.400	487.4192	1.3544
4476.780	487.7869	1.4621
4479.160	487.2789	1.4317
4481.540	485.6670	1.4113
4483.920	484.5892	1.4226
4486.300	483.5648	1.4226
4488.680	481.5611	1.4577
4491.060	480.9483	1.4621
4493.440	480.9238	1.7858
4495.820	480.7234	1.6473
4498.200	480.3270	1.6436
4500.580	478.3749	1.6893
4502.960	476.6150	1.6826
4505.340	474.3735	1.7825
4507.720	473.1487	1.6950
4510.100	473.0034	1.5821
4512.480	471.7266	1.5150
4514.860	471.5715	1.4396
4517.240	470.6576	1.5680
4519.620	469.8051	1.5105
4522.000	466.7700	1.6698
4524.380	465.6525	1.4531
4526.760	463.8918	1.5255
4529.140	461.5242	1.6072
4531.520	458.9216	1.8731
4533.900	456.0938	1.8936
4536.280	452.9430	1.9901
4538.660	447.5115	2.1577
4541.040	443.4178	1.7598
4543.420	442.7202	1.5621
4545.800	444.7618	1.5969
4548.180	447.1464	1.4357
4550.560	448.9757	1.3973
4552.940	449.5506	1.3891
4555.320	451.3228	1.3080
4557.700	451.2656	1.2655
4560.080	451.2658	1.3705
4562.460	450.4979	1.3827
4564.840	450.3689	1.2953
4567.220	450.9493	1.3835
4569.600	449.6528	1.3476
4571.980	449.5553	1.5072
4574.360	449.2227	1.4721
4576.740	447.8107	1.4713
4579.120	446.1116	1.5518
4581.500	445.1632	1.5316
4583.880	444.7384	1.4451
4586.260	443.5659	1.5162
4588.640	442.4508	1.6672
4591.020	442.0259	1.5087
4593.400	440.8372	1.3184
4595.780	439.8674	1.4606
4598.160	439.3960	1.3050
4600.540	438.0543	1.3787
4602.920	434.7480	1.4583
4605.300	432.9055	1.6557
4607.680	432.5245	1.5984
4610.060	433.1100	1.5151
4612.440	433.3010	1.3811
4614.820	431.9496	1.3519
4617.200	430.7159	1.3757
4619.580	429.0504	1.3071
4621.960	428.1504	1.3449
4624.340	428.5603	1.3930
4626.720	428.6687	1.3977
4629.100	427.4336	1.4525
4631.480	424.8233	1.4955
4633.860	425.8845	1.2845
4636.240	426.5995	1.2159
4638.620	425.3273	1.4183
4641.000	423.3190	1.6280
4643.380	419.8701	1.3917
4645.760	419.5450	1.2839
4648.140	421.5356	1.2367
4650.520	419.9957	1.5242
4652.900	418.6108	1.5017
4655.280	417.9697	1.3603
4657.660	414.6129	1.4179
4660.040	413.4531	1.3293
4662.420	415.0177	1.3494
4664.800	414.6066	1.4719
4667.180	413.2300	1.4807
4669.560	411.5063	1.4573
4671.940	408.2025	1.3424
4674.320	405.1466	1.5659
4676.700	400.5915	1.6434
4679.080	392.2178	1.7172
4681.460	376.4683	2.1350
4683.840	355.7591	2.0665
4686.220	344.3932	2.0272
4688.600	356.3093	1.7600
4690.980	375.9590	1.0910
4693.360	389.2263	1.1058
4695.740	395.3175	1.0813
4698.120	398.8780	1.0446
4700.500	400.1784	1.0962
4702.880	401.0817	1.3481
4705.260	400.6877	1.4888
4707.640	399.9628	1.2325
4710.020	401.6122	1.4324
4712.400	400.8275	1.5903
4714.780	399.1758	1.3242
4717.160	397.4131	1.2254
4719.540	397.2623	1.2511
4721.920	395.7990	1.3464
4724.300	394.7201	1.3282
4726.680	394.7302	1.3819
4729.060	394.7667	1.4665
4731.440	394.1471	1.5363
4733.820	392.5972	1.3673
4736.200	392.0628	1.3688
4738.580	390.9757	1.1685
4740.960	390.7582	1.3052
4743.340	390.5173	1.3314
4745.720	389.6109	1.4652
4748.100	389.3086	1.3662
4750.480	388.6718	1.3874
4752.860	386.8235	1.3715
4755.240	385.5719	1.4656
4757.620	384.8014	1.2027
4760.000	382.6878	1.2867
4762.380	382.0988	1.3866
4764.760	382.9726	1.3406
4767.140	382.5172	1.3371
4769.520	381.0562	1.5318
4771.900	379.6158	1.3653
4774.280	379.1766	1.2436
4776.660	378.5868	1.1970
4779.040	377.5065	1.1732
4781.420	376.9317	1.1911
4783.800	376.4761	1.2216
4786.180	376.3725	1.1331
4788.560	375.4812	1.1574
4790.940	373.2790	1.1788
4793.320	372.6917	1.1296
4795.700	372.0092	1.2252
4798.080	370.3092	1.2291
4800.460	369.8187	1.2001
4802.840	369.6130	1.2621
4805.220	369.3454	1.3043
4807.600	368.4562	1.3068
4809.980	367.7960	1.3462
4812.360	367.7028	1.1347
4814.740	365.8812	1.1123
4817.120	363.9495	1.2067
4819.500	362.6186	1.3068
4821.880	362.9323	1.3669
4824.260	363.4759	1.2187
4826.640	363.6481	1.2314
4829.020	361.3502	1.3624
4831.400	359.5360	1.3897
4833.780	357.6886	1.3035
4836.160	355.1957	1.3492
4838.540	354.1176	1.2586
4840.920	352.4640	1.2445
4843.300	349.0515	1.4264
4845.680	344.0748	1.5221
4848.060	339.9225	1.3948
4850.440	335.2126	1.3586
4852.820	327.5828	1.4467
4855.200	316.3114	1.5218
4857.580	302.6848	1.8059
4859.960	293.2249	1.8326
4862.340	290.8872	1.6243
4864.720	296.9385	0.9215
4867.100	308.6664	0.8440
4869.480	319.8441	0.8717
4871.860	326.6003	0.9059
4874.240	331.8787	0.9815
4876.620	334.5257	1.1014
4879.000	337.8833	1.1379
4881.380	339.7106	1.1739
4883.760	339.2547	1.2824
4886.140	340.9098	1.1480
4888.520	342.6343	1.2761
4890.900	342.3989	1.1650
4893.280	341.6773	1.1695
4895.660	341.1213	1.2408
4898.040	340.5781	1.3239
4900.420	341.3239	1.1506
4902.800	342.2105	1.1659
4905.180	341.8537	1.2156
4907.560	341.0242	1.1994
4909.940	340.1172	1.1578
4912.320	339.5535	1.1551
4914.700	339.6388	1.1923
4917.080	339.6660	1.5609
4919.460	340.3340	1.8154
4921.840	339.9253	1.5867
4924.220	337.7128	1.1025
4926.600	336.6357	1.1105
4928.980	337.1140	1.1035
4931.360	337.2664	0.9916
4933.740	337.1035	1.1137
4936.120	337.1011	1.3790
4938.500	337.3605	1.2252
4940.880	335.2524	1.2386
4943.260	335.1956	1.1554
4945.640	335.9935	1.0261
4948.020	334.7571	1.0797
4950.400	332.4559	1.2500
4952.780	331.0979	1.1668
4955.160	331.3377	1.1700
4957.540	330.3524	1.1676
4959.920	329.3849	1.0751
4962.300	328.1521	1.0983
4964.680	327.6002	1.1049
4967.060	326.9706	1.0589
4969.440	326.6573	1.1145
4971.820	326.9413	1.1169
4974.200	326.3908	1.1371
4976.580	326.2479	1.2012
4978.960	325.6189	1.3080
4981.340	324.5007	1.2571
4983.720	323.4181	1.1705
4986.100	321.7794	1.1789
4988.480	321.6548	1.1746
4990.860	321.2235	1.0609
4993.240	320.8388	1.0956
4995.620	320.3419	1.0728
4998.000	319.3677	1.1233
5000.380	319.5281	1.1095
5002.760	319.1052	1.1878
5005.140	317.6490	1.2114
5007.520	316.7304	1.1474
5009.900	316.7173	1.2772
5012.280	316.3462	1.2274
5014.660	315.8314	1.1902
5017.040	314.3570	1.0462
5019.420	313.5333	1.1017
5021.800	313.6064	1.1365
5024.180	312.4001	1.1742
5026.560	311.0978	1.0973
5028.940	311.3933	1.0825
5031.320	310.5260	1.1645
5033.700	310.5603	1.2012
5036.080	309.5744	1.2703
5038.460	308.6096	1.2183
5040.840	307.8675	1.1964
5043.220	307.7504	1.1511
5045.600	307.3650	1.1949
5047.980	307.0923	1.1719
5050.360	306.4884	1.0599
5052.740	306.3826	1.0768
5055.120	305.9572	1.1164
5057.500	304.6823	1.1306
5059.880	303.9064	1.1285
5062.260	303.5232	1.0283
5064.640	303.6887	1.0070
5067.020	303.1113	1.1946
5069.400	302.6597	1.1207
5071.780	301.5739	1.1130
5074.160	300.9218	1.1632
5076.540	300.6007	1.1182
5078.920	300.5946	1.1142
5081.300	299.9149	1.0376
5083.680	299.2998	1.0570
5086.060	299.1870	1.0771
5088.440	298.3009	1.1260
5090.820	296.7381	1.1031
5093.200	296.1583	1.1085
5095.580	296.3475	1.1434
5097.960	295.6219	1.2283
5098.200	294.2499	0.9600
5100.340	295.5493	1.1885
5101.130	294.7033	1.1938
5102.720	294.7398	1.1222
5104.060	293.8000	1.1041
5105.100	294.1208	1.0454
5106.990	292.6386	0.8899
5107.480	293.7834	0.9660
5109.860	292.9765	0.9880
5109.920	292.2848	0.9319
5112.240	292.0464	0.9144
5112.850	291.9925	0.9165
5114.620	291.0798	1.0977
5115.780	290.8132	1.0693
5117.000	290.9490	1.0897
5118.710	289.9047	1.0821
5119.380	290.7790	1.0889
5121.640	289.6461	1.0061
5121.760	290.7739	1.1533
5124.140	290.3380	1.0350
5124.570	288.4148	1.2222
5126.520	289.9117	1.0344
5127.500	289.1124	0.8560
5128.900	289.6397	0.9065
5130.430	287.9798	0.8734
5131.280	288.8356	1.1185
5133.360	286.7492	0.9851
5133.660	288.2375	1.0828
5136.040	287.5775	1.0927
5136.290	285.4936	0.9879
5138.420	286.8300	1.1012
5139.220	284.5160	1.0139
5140.800	286.3738	1.1669
5142.150	284.8960	1.0137
5143.180	286.1237	1.1520
5145.080	285.0017	1.0332
5145.560	285.7905	1.1836
5147.940	285.3870	1.1946
5148.010	283.8710	1.0607
5150.320	285.0720	1.0825
5150.940	282.9856	0.7946
5153.870	282.5935	0.9654
5156.800	282.4497	0.8984
5159.730	281.5066	0.9646
5162.660	280.9429	1.0088
5165.590	277.8598	1.6638
5168.520	278.7757	1.2830
5171.450	279.8757	0.9188
5174.380	281.6291	1.0541
5177.310	280.9292	1.2421
5180.240	277.4942	1.0193
5183.170	277.0348	1.3552
5186.100	278.4214	1.0845
5189.030	277.4625	1.0478
5191.960	276.2514	0.9638
5194.890	275.3289	0.8972
5197.820	275.5928	0.8943
5200.750	274.5051	0.9477
5203.680	273.7156	0.8484
5206.610	273.4823	1.0031
5209.540	273.5955	0.9012
5212.470	272.5940	1.0766
5215.400	269.9857	0.8915
5218.330	269.4589	0.8341
5221.260	269.5176	0.8390
5224.190	267.9488	0.8258
5227.120	268.4677	0.9884
5230.050	268.2654	0.8549
5232.980	266.6918	0.8345
5235.910	265.8867	0.8896
5238.840	266.5243	0.9888
5241.770	265.0817	0.8934
5244.700	264.1318	0.7774
5247.630	263.7658	0.7739
5250.560	262.6068	0.8558
5253.490	262.5233	0.8309
5256.420	262.8535	0.7707
5259.350	262.5685	0.7307
5262.280	260.3401	0.9370
5265.210	260.4883	0.8609
5268.140	260.2846	0.7541
5271.070	260.6973	0.8966
5274.000	260.6105	0.9172
5276.930	259.7586	0.8562
5279.860	258.4116	0.6658
5282.790	257.9821	0.7102
5285.720	258.2521	0.8064
5288.650	257.9671	0.7486
5291.580	256.3377	0.7566
5294.510	254.7967	0.7680
5297.440	255.0452	0.7663
5300.370	254.3043	0.7587
5303.300	253.8832	0.8086
5306.230	253.9231	0.7297
5309.160	252.4479	0.7251
5312.090	251.1623	0.6820
5315.020	250.3006	0.7554
5317.950	250.6503	0.8256
5320.880	250.0852	0.8153
5323.810	249.2106	0.8575
5326.740	247.2259	0.8991
5329.670	248.3315	0.8577
5332.600	248.6772	0.8257
5335.530	247.6814	0.7398
5338.460	246.2871	0.8031
5341.390	245.9433	0.7696
5344.320	246.0381	0.7654
5347.250	245.4081	0.7395
5350.180	244.9136	0.7241
5353.110	243.4724	0.8445
5356.040	243.2142	0.7814
5358.970	242.9270	0.7043
5361.900	242.3653	0.8227
5364.830	242.2269	0.7837
5367.760	241.4826	0.6604
5370.690	240.1741	0.7163
5373.620	240.5280	0.7952
5376.550	240.6839	0.8455
5379.480	238.9702	0.6525
5382.410	237.5743	0.7235
5385.340	237.1977	0.6642
5388.270	236.5953	0.6435
5391.200	235.1370	0.7149
5394.130	233.7166	0.6751
5397.060	232.3353	0.6651
5399.990	229.6933	0.6875
5402.920	226.1871	0.7489
5405.850	221.7912	0.7605
5408.780	216.9824	0.7152
5411.710	214.3933	0.7079
5414.640	215.7885	0.7148
5417.570	220.1540	0.6223
5420.500	223.7320	0.6540
5423.430	226.2574	0.6139
5426.360	227.8105	0.7155
5429.290	228.2243	0.6352
5432.220	228.6718	0.6149
5435.150	229.1951	0.6877
5438.080	228.1691	0.6869
5441.010	228.2759	0.6953
5443.940	227.3659	0.7453
5446.870	227.3117	0.6184
5449.800	226.5025	0.6295
5452.730	225.3697	0.5666
5455.660	225.0587	0.5201
5458.590	224.9082	0.5446
5461.520	224.3697	0.5301
5464.450	223.5678	0.5179
5467.380	223.3789	0.5619
5470.310	223.3243	0.6005
5473.240	223.2921	0.6074
5476.170	222.8236	0.6392
5479.100	222.0841	0.6321
5482.030	221.1824	0.5988
5484.960	220.8728	0.5646
5487.890	220.6202	0.5120
5490.820	220.0169	0.5911
5493.750	220.0326	0.5875
5496.680	220.3300	0.5966
5499.610	219.7943	0.5497
5502.540	219.1909	0.5494
5505.470	218.4475	0.5750
5508.400	217.5273	0.6567
5511.330	216.8238	0.6887
5514.260	216.6421	0.6135
5517.190	216.5849	0.5910
5520.120	216.4432	0.5906
5523.050	216.4024	0.6175
5525.980	216.1758	0.5645
5528.910	215.1855	0.5972
5531.840	214.2632	0.6927
5534.770	213.6501	0.6815
5537.700	213.2548	0.6851
5540.630	212.9303	0.6080
5543.560	212.5609	0.5412
5546.490	212.2534	0.5806
5549.420	211.5682	0.5853
5552.350	211.0528	0.5806
5555.280	210.5668	0.6016
5558.210	210.3125	0.6277
5561.140	210.1164	0.6548
5564.070	209.6069	0.6448
5567.000	209.5676	0.5567
5569.930	209.0482	0.5509
5572.860	208.4795	0.5932
5575.790	206.8957	0.7152
5578.720	206.3380	0.6726
5581.650	206.6740	0.6213
5584.580	206.7155	0.6651
5587.510	206.4018	0.6687
5590.440	205.9061	0.6350
5593.370	205.3253	0.6026
5596.300	204.7053	0.6078
5599.230	204.3320	0.5863
5602.160	204.0399	0.5555
5605.090	203.5303	0.6020
5608.020	202.7712	0.6507
5610.950	202.6166	0.6129
5613.880	202.4715	0.5634
5616.810	202.1268	0.6034
5619.740	201.9591	0.5642
5622.670	201.7170	0.5434
5625.600	201.0992	0.5732
5628.530	199.8785	0.6381
5631.460	199.7734	0.6132
5634.390	199.7940	0.5947
5637.320	199.0953	0.6249
5640.250	197.9580	0.7015
5643.180	197.5007	0.5920
5646.110	197.2102	0.5801
5649.040	197.2849	0.6016
5651.970	197.3379	0.5425
5654.900	196.9673	0.5322
5657.830	196.5430	0.6037
5660.760	196.3353	0.5570
5663.690	196.2109	0.5340
5666.620	195.3149	0.5342
5669.550	194.6313	0.5511
5672.480	194.0727	0.5977
5675.410	193.7167	0.6385
5678.340	193.2976	0.6340
5681.270	192.9111	0.6617
5684.200	192.7491	0.5719
5687.130	192.9150	0.5759
5690.060	192.7698	0.5347
5692.990	192.1393	0.5639
5695.920	191.2446	0.5505
5698.850	190.8883	0.5508
5701.780	190.8116	0.5213
5704.710	190.3945	0.5599
5707.640	190.1713	0.6768
5710.570	189.7634	0.6323
5713.500	188.8810	0.6203
5716.430	188.2534	0.6053
5719.360	187.9254	0.5844
5722.290	187.7849	0.5303
5725.220	187.6869	0.5248
5728.150	187.4091	0.4999
5731.080	187.0820	0.5076
5734.010	186.5176	0.4547
5736.940	186.2028	0.4764
5739.870	185.7647	0.4554
5742.800	185.0600	0.5184
5745.730	184.8906	0.4973
5748.660	184.8919	0.5418
5751.590	184.4358	0.5216
5754.520	183.7532	0.5729
5757.450	183.2735	0.5730
5760.380	182.9710	0.5674
5763.310	182.8580	0.5224
5766.240	182.3161	0.5447
5769.170	181.7254	0.5267
5772.100	181.5196	0.4820
5775.030	181.1904	0.4711
5777.960	180.9928	0.4541
5780.890	180.8846	0.4983
5783.820	180.3507	0.5291
5786.750	179.7950	0.5180
5789.680	179.3122	0.5502
5792.610	178.9025	0.5005
5795.540	178.6425	0.5070
5798.470	178.3528	0.5262
5801.400	178.4417	0.5595
5804.330	177.7434	0.5647
5807.260	177.3781	0.5944
5810.190	177.0970	0.5502
5813.120	176.7142	0.5127
5816.050	176.4044	0.5045
5818.980	176.2652	0.4826
5821.910	176.0592	0.4774
5824.840	175.5000	0.4767
5827.770	174.9863	0.5175
5830.700	174.4636	0.5226
5833.630	174.4573	0.4765
5836.560	174.2050	0.4732
5839.490	173.3667	0.5108
5842.420	172.9270	0.4754
5845.350	172.6207	0.4895
5848.280	172.1504	0.4779
5851.210	171.8487	0.5299
5854.140	171.9732	0.5860
5857.070	171.8682	0.5899
5860.000	170.9428	0.5625
5862.930	170.3426	0.5414
5865.860	170.3926	0.5498
5868.790	170.6826	0.6084
5871.720	171.3102	1.0896
5874.650	172.0072	1.2136
5877.580	170.5429	0.8039
5880.510	169.2591	0.4437
5883.440	168.3376	0.4201
5886.370	167.5678	0.6105
5889.300	167.3514	0.8373
5892.230	167.4279	0.7600
5895.160	167.2170	0.6190
5898.090	166.9099	0.4988
5901.020	166.2826	0.5217
5903.950	166.2660	0.5313
5906.880	165.7342	0.5168
5909.810	165.6562	0.5076
5912.740	165.4137	0.4771
5915.670	165.0962	0.4509
5918.600	164.7130	0.4735
5921.530	164.2102	0.5458
5924.460	164.2306	0.5537
5927.390	163.9624	0.5581
5930.320	163.5978	0.5132
5933.250	163.6585	0.4772
5936.180	163.0874	0.4502
5939.110	162.7140	0.4192
5942.040	161.9070	0.5293
5944.970	161.5667	0.5574
5947.900	161.4858	0.5078
5950.830	161.5262	0.4903
5953.760	161.3737	0.4844
5956.690	160.7201	0.5010
5959.620	160.5398	0.4348
5962.550	160.4015	0.4334
5965.480	159.8820	0.4385
5968.410	159.5846	0.4925
5971.340	159.1681	0.5310
5974.270	159.2492	0.5293
5977.200	158.8342	0.5356
5980.130	158.4309	0.4993
5983.060	157.9391	0.4957
5985.990	157.6816	0.5088
5988.920	157.3901	0.4707
5991.850	156.8308	0.4917
5994.780	156.6884	0.4898
5997.710	156.5585	0.5175
6000.640	155.9728	0.5783
6003.570	155.7442	0.5676
6006.500	155.7104	0.5573
6009.430	155.2260	0.5451
6012.360	155.0979	0.4737
6015.290	154.8134	0.4493
6018.220	154.6415	0.4614
6021.150	154.4238	0.4447
6024.080	154.0046	0.4780
6027.010	153.6788	0.4224
6029.940	153.3380	0.4572
6032.870	152.7654	0.4586
6035.800	152.5104	0.4800
6038.730	152.6500	0.3900
6041.660	152.2973	0.4208
6044.590	151.6139	0.4622
6047.520	151.2334	0.4728
6050.450	151.3155	0.4877
6053.380	150.8055	0.5163
6056.310	150.5422	0.5074
6059.240	150.0359	0.4966
6062.170	149.9337	0.4792
6065.100	149.9469	0.4507
6068.030	149.5755	0.4302
6070.960	149.2244	0.4289
6073.890	148.9990	0.4075
6076.820	148.6404	0.4399
6079.750	148.4983	0.4295
6082.680	148.1471	0.4352
6085.610	147.6772	0.4871
6088.540	147.3965	0.4191
6091.470	147.1868	0.4605
6094.400	146.6176	0.4536
6097.330	146.4419	0.4309
6100.260	146.6124	0.4459
6103.190	146.4569	0.4267
6106.120	145.9162	0.3995
6109.050	145.3272	0.4208
6111.980	144.9937	0.4460
6114.910	144.8276	0.4439
6117.840	144.6857	0.4530
6120.770	144.7213	0.4254
6123.700	144.2607	0.4263
6126.630	143.6535	0.4446
6129.560	143.7469	0.4436
6132.490	143.7711	0.4021
6135.420	143.8506	0.4231
6138.350	143.2334	0.4545
6141.280	142.8822	0.4224
6144.210	142.5702	0.4032
6147.140	142.1489	0.4201
6150.070	141.9299	0.4023
6153.000	141.6052	0.3764
6155.930	141.5200	0.3944
6158.860	141.2597	0.4724
6161.790	141.2547	0.5400
6164.720	140.8960	0.5221
6167.650	140.5245	0.4824
6170.580	140.2587	0.4035
6173.510	139.9547	0.4080
6176.440	139.4882	0.3892
6179.370	138.9837	0.3888
6182.300	138.6209	0.3778
6185.230	138.5568	0.3700
6188.160	138.5826	0.4026
6191.090	138.4107	0.4582
6194.020	138.0352	0.4257
6196.950	137.7211	0.4343
6199.880	137.8086	0.4032
6202.810	137.4349	0.3803
6205.740	137.1767	0.3720
6208.670	136.6890	0.3884
6211.600	136.4575	0.3963
6214.530	136.1866	0.4125
6217.460	135.6946	0.4285
6220.390	135.3075	0.3925
6223.320	135.4154	0.3898
6226.250	135.1845	0.4149
6229.180	134.9703	0.4279
6232.110	134.7720	0.4041
6235.040	134.3379	0.3858
6237.970	134.0408	0.4418
6240.900	134.0895	0.4319
6243.830	134.0220	0.4173
6246.760	133.6240	0.4043
6249.690	133.3177	0.4038
6252.620	133.2290	0.3880
6255.550	133.0661	0.3834
6258.480	132.9567	0.3570
6261.410	132.4013	0.3822
6264.340	131.9424	0.4297
6267.270	131.7179	0.3977
6270.200	131.4069	0.4271
6273.130	131.0864	0.3981
6276.060	131.0218	0.3754
6278.990	131.0597	0.3851
6281.920	131.0148	0.4199
6284.850	130.8636	0.4624
6287.780	130.8519	0.4042
6290.710	130.7393	0.3667
6293.640	130.4398	0.3613
6296.570	130.2883	0.3741
6299.500	129.9580	0.3768
6302.430	129.4235	0.3659
6305.360	129.2139	0.4051
6308.290	128.9183	0.4472
6311.220	128.5746	0.4294
6314.150	128.4810	0.4839
6317.080	127.8197	0.4359
6320.010	127.2889	0.3877
6322.940	126.6411	0.4113
6325.870	126.0051	0.4274
6328.800	125.6970	0.4145
6331.730	125.5464	0.3356
6334.660	125.3588	0.3525
6337.590	125.4239	0.3369
6340.520	125.6215	0.3301
6343.450	125.5518	0.3296
6346.380	125.4505	0.2902
6349.310	125.2691	0.3138
6352.240	125.3021	0.3213
6355.170	125.1400	0.3450
6358.100	125.2651	0.3453
6361.030	124.7410	0.3214
6363.960	124.1613	0.3429
6366.890	123.6999	0.3564
6369.820	123.4777	0.3919
6372.750	123.3718	0.3932
6375.680	123.1282	0.3787
6378.610	123.1936	0.3801
6381.540	122.8596	0.3540
6384.470	122.7014	0.3413
6387.400	122.6731	0.4034
6390.330	122.4160	0.3467
6393.260	122.2796	0.3376
6396.190	121.9830	0.3628
6399.120	121.6588	0.3365
6402.050	121.2000	0.3453
6404.980	120.9218	0.3568
6407.910	120.5218	0.4024
6410.840	120.2810	0.3884
6413.770	120.1922	0.3610
6416.700	120.2444	0.3511
6419.630	120.1030	0.3329
6422.560	120.0292	0.3058
6425.490	119.8186	0.3524
6428.420	119.4703	0.3524
6431.350	119.2666	0.3362
6434.280	119.0156	0.3511
6437.210	118.6831	0.4045
6440.140	118.2288	0.4290
6443.070	118.0047	0.3800
6446.000	117.9136	0.3678
6448.930	117.8518	0.3732
6451.860	117.7984	0.3793
6454.790	117.3648	0.3502
6457.720	117.2423	0.3925
6460.650	117.1010	0.3734
6463.580	116.9629	0.3373
6466.510	116.8706	0.3359
6469.440	116.5574	0.3425
6472.370	116.1483	0.3448
6475.300	115.7587	0.3375
6478.230	115.7245	0.3293
6481.160	115.6479	0.3446
6484.090	115.4956	0.3420
6487.020	115.2830	0.3479
6489.950	115.1024	0.3424
6492.880	115.0981	0.3915
6495.810	115.1345	0.4229
6498.740	114.7285	0.3707
6501.670	114.0356	0.3627
6504.600	113.6536	0.3899
6507.530	113.5423	0.3795
6510.460	113.3980	0.3794
6513.390	113.1239	0.3633
6516.320	112.7431	0.3845
6519.250	112.1215	0.3885
6522.180	111.7308	0.3978
6525.110	111.7286	0.3614
6528.040	111.6602	0.3626
6530.970	111.1128	0.3513
6533.900	110.5273	0.3255
6536.830	110.0982	0.3344
6539.760	109.4280	0.3458
6542.690	108.4783	0.4037
6545.620	107.0940	0.4079
6548.550	105.2010	0.4345
6551.480	102.9563	0.5146
6554.410	100.9944	0.5502
6557.340	99.7408	0.5344
6560.270	100.5933	0.6665
6563.200	100.3763	0.7266
6566.130	98.9987	0.4843
6569.060	98.8091	0.4849
6571.990	100.3028	0.2807
6574.920	102.3038	0.2706
6577.850	103.8188	0.2753
6580.780	104.9725	0.2797
6583.710	105.9249	0.2697
6586.640	106.6184	0.2987
6589.570	107.0147	0.3693
6592.500	107.2298	0.3951
6595.430	107.3023	0.3250
6598.360	107.4970	0.3158
6601.290	107.5231	0.3224
6604.220	107.5125	0.3068
6607.150	107.3115	0.3120
6610.080	107.0456	0.3192
6613.010	106.8175	0.3242
6615.940	106.8982	0.3307
6618.870	106.7714	0.3024
6621.800	106.6574	0.2976
6624.730	106.4314	0.3232
6627.660	106.2368	0.3084
6630.590	106.0013	0.3361
6633.520	105.8129	0.3500
6636.450	105.4719	0.3340
6639.380	105.4578	0.3368
6642.310	105.2366	0.3468
6645.240	104.7529	0.3591
6648.170	104.4935	0.3146
6651.100	104.4194	0.3048
6654.030	104.2945	0.3254
6656.960	104.1921	0.2937
6659.890	104.0014	0.3206
6662.820	103.6987	0.3403
6665.750	103.3894	0.3771
6668.680	103.3137	0.3079
6671.610	103.5049	0.3283
6674.540	103.9900	0.5419
6677.470	104.0943	0.6282
6680.400	103.2662	0.4482
6683.330	102.5448	0.3344
6686.260	102.2888	0.3108
6689.190	102.1410	0.2783
6692.120	102.0975	0.2772
6695.050	101.9648	0.3169
6697.980	101.6582	0.3449
6700.910	101.4697	0.3191
6703.840	101.3488	0.3199
6706.770	101.2675	0.3008
6709.700	101.0867	0.3381
6712.630	101.0496	0.3055
6715.560	100.8811	0.3022
6718.490	100.4085	0.3200
6721.420	99.9815	0.3608
6724.350	99.8793	0.3449
6727.280	99.6957	0.3368
6730.210	99.6340	0.3449
6733.140	99.5338	0.3199
6736.070	99.6786	0.3131
6739.000	99.6020	0.2840
6741.930	99.4965	0.2856
6744.860	99.3294	0.3129
6747.790	99.1755	0.3262
6750.720	99.0800	0.3213
6753.650	98.8104	0.3342
6756.580	98.5920	0.2807
6759.510	98.3465	0.2683
6762.440	98.1422	0.2727
6765.370	97.9444	0.2999
6768.300	97.8667	0.2828
6771.230	97.7500	0.2886
6774.160	97.4167	0.3179
6777.090	97.1910	0.2971
6780.020	97.2718	0.2904
6782.950	97.2142	0.2673
6785.880	96.9602	0.2512
6788.810	96.6232	0.2813
6791.740	96.4615	0.2918
6794.670	96.5118	0.2764
6797.600	96.2817	0.2674
6800.530	96.0910	0.2793
6803.460	95.9618	0.2537
6806.390	95.8462	0.2813
6809.320	95.8053	0.2714
6812.250	95.7436	0.2409
6815.180	95.4272	0.2478
6818.110	95.1297	0.2539
6821.040	94.9566	0.2613
6823.970	94.7795	0.2941
6826.900	94.7214	0.3065
6829.830	94.4814	0.3061
6832.760	94.3405	0.2958
6835.690	94.1691	0.2933
6838.620	94.0075	0.2928
6841.550	93.8323	0.2558
6844.480	93.6445	0.2711
6847.410	93.3512	0.2823
6850.340	93.1770	0.2890
6853.270	93.0706	0.3063
6856.200	92.7048	0.3061
6859.130	92.5357	0.3180
6862.060	92.3839	0.2922
6864.990	92.1280	0.2890
6867.920	91.8675	0.3011
6870.850	91.7659	0.2748
6873.780	91.7875	0.2523
6876.710	91.7952	0.2476
6879.640	91.6255	0.2688
6882.570	91.2670	0.3030
6885.500	90.9531	0.3489
6888.430	90.9318	0.3178
6891.360	90.8580	0.2883
6894.290	90.6002	0.2626
6897.220	90.6789	0.2504
6900.150	90.7058	0.2362
6903.080	90.5881	0.2503
6906.010	90.4431	0.2501
6908.940	90.2976	0.2710
6911.870	90.1720	0.2794
6914.800	89.9695	0.2616
6917.730	89.7170	0.2559
6920.660	89.6293	0.2608
6923.590	89.5504	0.2535
6926.520	89.4818	0.2421
6929.450	89.2657	0.2412
6932.380	89.1059	0.2410
6935.310	88.9603	0.2246
6938.240	88.8008	0.2443
6941.170	88.6872	0.2381
6944.100	88.6378	0.2363
6947.030	88.4885	0.2551
6949.960	88.2486	0.2664
6952.890	88.0783	0.2531
6955.820	87.8677	0.2449
6958.750	87.6721	0.2385
6961.680	87.5755	0.2455
6964.610	87.4907	0.2658
6967.540	87.3538	0.2637
6970.470	87.2660	0.2608
6973.400	87.3473	0.2496
6976.330	87.3791	0.2525
6979.260	87.1349	0.2616
6982.190	86.8068	0.2439
6985.120	86.5939	0.2485
6988.050	86.3769	0.2544
6990.980	86.2767	0.2762
6993.910	86.0739	0.2758
6996.840	85.9162	0.2596
6999.770	85.8353	0.2708
7002.700	85.6873	0.2724
7005.630	85.4787	0.2653
7008.560	85.2089	0.2617
7011.490	85.1217	0.2535
7014.420	85.1793	0.2250
7017.350	84.9769	0.2319
7020.280	84.7994	0.2397
7023.210	84.7596	0.2521
7026.140	84.7185	0.2517
7029.070	84.7110	0.2415
7032.000	84.7192	0.2135
7034.930	84.4952	0.2050
7037.860	84.2306	0.2036
7040.790	84.0093	0.2151
7043.720	83.8307	0.2337
7046.650	83.6462	0.2321
7049.580	83.5249	0.2165
7052.510	83.5083	0.2223
7055.440	83.3603	0.2382
7058.370	83.2816	0.2764
7061.300	83.1951	0.3278
7064.230	83.1982	0.4211
7067.160	82.8177	0.3350
7070.090	82.3920	0.2259
7073.020	82.1425	0.2290
7075.950	82.1242	0.2380
7078.880	82.1497	0.2240
7081.810	81.9745	0.2126
7084.740	81.7304	0.2250
7087.670	81.7251	0.2171
7090.600	81.5222	0.2091
7093.530	81.3051	0.2191
7096.460	81.0920	0.2110
7099.390	81.0411	0.2130
7102.320	81.0617	0.2326
7105.250	80.9790	0.2560
7108.180	80.8422	0.2537
7111.110	80.6682	0.2428
7114.040	80.5991	0.2196
7116.970	80.4984	0.2319
7119.900	80.4439	0.2505
7122.830	80.3153	0.2561
7125.760	80.1920	0.2328
7128.690	79.9758	0.2150
7131.620	79.7536	0.2139
7134.550	79.6055	0.2180
7137.480	79.5723	0.2077
7140.410	79.5334	0.2118
7143.340	79.5211	0.2468
7146.270	79.3736	0.2330
7149.200	79.0339	0.2436
7152.130	78.8269	0.2430
7155.060	78.6175	0.2330
7157.990	78.4538	0.2328
7160.920	78.2975	0.2254
7163.850	78.0802	0.2567
7166.780	77.8542	0.2558
7169.710	77.6712	0.2900
7172.640	77.5733	0.2921
7175.570	77.3593	0.2736
7178.500	77.1104	0.2624
7181.430	77.0888	0.2377
7184.360	77.0963	0.2329
7187.290	77.0879	0.2167
7190.220	76.9921	0.2161
7193.150	76.8345	0.2058
7196.080	76.7810	0.2103
7199.010	76.7237	0.2397
7201.940	76.6000	0.2311
7204.870	76.5822	0.2219
7207.800	76.5547	0.2134
7210.730	76.4622	0.2072
7213.660	76.2810	0.2079
7216.590	76.1864	0.2077
7219.520	76.2514	0.2316
7222.450	76.1259	0.3117
7225.380	75.9672	0.2921
7228.310	75.7488	0.2374
7231.240	75.4913	0.2243
7234.170	75.4837	0.2181
7237.100	75.4569	0.2132
7240.030	75.3097	0.2210
7242.960	75.2397	0.2335
7245.890	75.1103	0.2524
7248.820	75.0175	0.2360
7251.750	74.8328	0.2386
7254.680	74.6308	0.2244
7257.610	74.5314	0.2099
7260.540	74.3307	0.1957
7263.470	74.1711	0.2143
7266.400	74.0627	0.2118
7269.330	73.8612	0.2385
7272.260	73.7706	0.2384
7275.190	73.7790	0.2335
7278.120	73.9237	0.2582
7281.050	73.8543	0.2724
7283.980	73.6701	0.2321
7286.910	73.3954	0.2385
7289.840	73.2378	0.2545
7292.770	73.0858	0.2342
7295.700	72.9058	0.2291
7298.630	72.7410	0.2314
7301.560	72.6055	0.2235
7304.490	72.5801	0.2184
7307.420	72.4399	0.2175
7310.350	72.3441	0.2069
7313.280	72.3371	0.2178
7316.210	72.1960	0.2168
7319.140	72.1426	0.1988
7322.070	72.1080	0.1983
7325.000	71.9542	0.2114
7327.930	71.7929	0.2168
7330.860	71.7267	0.2144
7333.790	71.4571	0.2412
7336.720	71.1663	0.2557
7339.650	71.1209	0.2296
7342.580	71.1936	0.2084
7345.510	71.1733	0.1934
7348.440	71.0267	0.1953
7351.370	70.9020	0.2345
7354.300	70.7361	0.2437
7357.230	70.6180	0.2094
7360.160	70.4642	0.2080
7363.090	70.2791	0.2108
7366.020	70.1832	0.2073
7368.950	70.2573	0.1980
7371.880	70.1742	0.2014
7374.810	70.1347	0.1930
7377.740	70.0493	0.2042
7380.670	69.9035	0.1972
7383.600	69.8064	0.2178
7386.530	69.6398	0.2141
7389.460	69.6061	0.2056
7392.390	69.4538	0.1950
7395.320	69.2525	0.1948
7398.250	69.0123	0.1915
7401.180	68.8264	0.1872
7404.110	68.6987	0.1935
7407.040	68.6614	0.2029
7409.970	68.6102	0.2181
7412.900	68.5193	0.2337
7415.830	68.4496	0.2173
7418.760	68.4371	0.1947
7421.690	68.4235	0.2105
7424.620	68.2852	0.2082
7427.550	68.1036	0.1891
7430.480	68.0193	0.1954
7433.410	67.8953	0.1900
7436.340	67.6549	0.1880
7439.270	67.5564	0.2050
7442.200	67.5938	0.1857
7445.130	67.5867	0.2019
7448.060	67.5022	0.2060
7450.990	67.2545	0.2154
7453.920	67.0113	0.2299
7456.850	66.9272	0.2099
7459.780	66.8369	0.2170
7462.710	66.7448	0.2175
7465.640	66.5866	0.2275
7468.570	66.4461	0.2151
7471.500	66.4187	0.2176
7474.430	66.4001	0.2405
7477.360	66.1305	0.2272
7480.290	66.0234	0.2270
7483.220	66.0759	0.2068
7486.150	66.0113	0.2035
7489.080	65.8450	0.1995
7492.010	65.6110	0.2149
7494.940	65.4572	0.2210
7497.870	65.2196	0.2255
7500.800	65.2446	0.2156
7503.730	65.2993	0.2105
7506.660	65.2307	0.2029
7509.590	65.2096	0.2012
7512.520	65.1473	0.2034
7515.450	65.0439	0.1793
7518.380	64.9258	0.1943
7521.310	64.8255	0.2074
7524.240	64.6610	0.2201
7527.170	64.5225	0.2062
7530.100	64.4152	0.2058
7533.030	64.3240	0.2078
7535.960	64.1743	0.1797
7538.890	64.0678	0.1942
7541.820	63.9119	0.2079
7544.750	63.7947	0.2004
7547.680	63.6327	0.1703
7550.610	63.6139	0.1799
7553.540	63.6910	0.1760
7556.470	63.6411	0.1757
7559.400	63.3910	0.1919
7562.330	63.1818	0.2080
7565.260	62.9853	0.2313
7568.190	62.8619	0.2418
7571.120	62.8042	0.2033
7574.050	62.7450	0.1800
7576.980	62.4757	0.1749
7579.910	62.2502	0.1919
7582.840	62.0372	0.2107
7585.770	61.8637	0.2441
7588.700	61.6726	0.2529
7591.630	61.4234	0.2808
7594.560	61.1688	0.2953
7597.490	61.1193	0.2964
7600.420	61.0771	0.2692
7603.350	61.3259	0.2417
7606.280	61.5479	0.1997
7609.210	61.8466	0.2056
7612.140	62.3043	0.1963
7615.070	62.6860	0.2068
7618.000	62.4426	0.1898
7620.930	61.8253	0.2027
7623.860	61.2863	0.2499
7626.790	61.0121	0.2254
7629.720	60.8418	0.2146
7632.650	60.8800	0.1886
7635.580	60.8735	0.1687
7638.510	60.8109	0.1800
7641.440	60.7362	0.2195
7644.370	60.6691	0.1939
7647.300	60.5453	0.1802
7650.230	60.4623	0.1996
7653.160	60.4015	0.1902
7656.090	60.4861	0.2083
7659.020	60.4350	0.2276
7661.950	60.4055	0.2221
7664.880	60.3868	0.2026
7667.810	60.3076	0.1606
7670.740	60.0930	0.1694
7673.670	60.0601	0.1849
7676.600	60.0468	0.1925
7679.530	59.8039	0.2000
7682.460	59.5301	0.1857
7685.390	59.3554	0.2122
7688.320	59.1815	0.2080
7691.250	59.2239	0.2018
7694.180	59.1941	0.1828
7697.110	59.1362	0.1784
7700.040	59.1570	0.1806
7702.970	59.0186	0.1753
7705.900	58.9471	0.1762
7708.830	58.9623	0.1774
7711.760	59.0343	0.1899
7714.690	59.0690	0.1902
7717.620	58.9452	0.1695
7720.550	58.7650	0.1960
7723.480	58.6228	0.2112
7726.410	58.5873	0.1913
7729.340	58.3380	0.2009
7732.270	58.0934	0.2029
7735.200	57.9044	0.1773
7738.130	57.8289	0.1793
7741.060	57.8606	0.1640
7743.990	57.7519	0.1848
7746.920	57.6482	0.1685
7749.850	57.6135	0.1595
7752.780	57.4952	0.1632
7755.710	57.3565	0.1761
7758.640	57.2581	0.1598
7761.570	57.0442	0.1755
7764.500	57.0361	0.1713
7767.430	57.0878	0.1590
7770.360	57.0413	0.1858
7773.290	56.9044	0.1974
7776.220	56.8300	0.1808
7779.150	56.6692	0.1872
7782.080	56.5431	0.1643
7785.010	56.5013	0.1730
7787.940	56.3720	0.1697
7790.870	56.2647	0.1592
7793.800	56.1358	0.1587
7796.730	56.2617	0.1634
7799.660	56.3249	0.1622
7802.590	56.1571	0.1868
7805.520	55.9480	0.2072
7808.450	55.8591	0.1892
7811.380	55.8064	0.1757
7814.310	55.7717	0.1641
7817.240	55.6460	0.1719
7820.170	55.6357	0.1678
7823.100	55.6041	0.1664
7826.030	55.5069	0.1700
7828.960	55.4229	0.1845
7831.890	55.3168	0.1987
7834.820	55.3127	0.1788
7837.750	55.1271	0.1738
7840.680	54.9902	0.1662
7843.610	54.7578	0.1595
7846.540	54.6110	0.1795
7849.470	54.6772	0.1972
7852.400	54.6925	0.1875
7855.330	54.6585	0.1980
7858.260	54.5524	0.1742
7861.190	54.5039	0.1686
7864.120	54.5141	0.1744
7867.050	54.3227	0.1790
7869.980	54.1146	0.1950
7872.910	53.9986	0.1798
7875.840	53.9536	0.1814
7878.770	53.8591	0.1712
7881.700	53.7508	0.1696
7884.630	53.6722	0.1806
7887.560	53.6452	0.1776
7890.490	53.7055	0.1588
7893.420	53.8079	0.1576
7896.350	53.8006	0.1663
7899.280	53.7589	0.1900
7902.210	53.6470	0.1868
7905.140	53.4486	0.1911
7908.070	53.2841	0.1912
7911.000	53.1525	0.2019
7913.930	52.9684	0.1924
7916.860	52.8149	0.1881
7919.790	52.7465	0.1679
7922.720	52.6227	0.1961
7925.650	52.6159	0.1761
7928.580	52.5332	0.1671
7931.510	52.5312	0.1734
7934.440	52.4985	0.1703
7937.370	52.4285	0.1657
7940.300	52.4251	0.1527
7943.230	52.4146	0.1457
7946.160	52.4185	0.1520
7949.090	52.3097	0.1518
7952.020	52.1237	0.1545
7954.950	51.9527	0.1604
7957.880	51.8239	0.1734
7960.810	51.7762	0.1859
7963.740	51.6351	0.1909
7966.670	51.6569	0.1793
7969.600	51.5025	0.1726
7972.530	51.5502	0.1863
7975.460	51.5341	0.1721
7978.390	51.5235	0.1779
7981.320	51.4255	0.1645
7984.250	51.3321	0.1661
7987.180	51.2313	0.1826
7990.110	51.0969	0.1885
7993.040	51.0153	0.1647
7995.970	50.9618	0.1676
7998.900	50.8656	0.1576
8001.830	50.7427	0.1550
8004.760	50.7638	0.1382
8007.690	50.7235	0.1264
8010.620	50.7565	0.1240
8013.550	50.7341	0.1413
8016.480	50.8194	0.1649
8019.410	50.8188	0.1724
8022.340	50.5897	0.1723
8025.270	50.5262	0.1572
8028.200	50.4894	0.1832
8031.130	50.3004	0.1640
8034.060	50.0417	0.1515
8036.990	49.9105	0.1522
8039.920	49.7976	0.1564
8042.850	49.7526	0.1524
8045.780	49.7188	0.1547
8048.710	49.6138	0.1633
8051.640	49.4447	0.1666
8054.570	49.2448	0.1907
8057.500	49.2051	0.1657
8060.430	49.1107	0.1501
8063.360	49.3449	0.1556
8066.290	49.4315	0.1389
8069.220	49.3649	0.1659
8072.150	49.4392	0.1584
8075.080	49.2919	0.1586
8078.010	49.1528	0.1736
8080.940	48.8693	0.1829
8083.870	48.8181	0.1639
8086.800	48.6767	0.1486
8089.730	48.5557	0.1517
8092.660	48.6261	0.1525
8095.590	48.5212	0.1502
8098.520	48.3756	0.1522
8101.450	48.2014	0.1606
8104.380	48.2265	0.1620
8107.310	48.1891	0.1714
8110.240	48.2268	0.1544
8113.170	48.1213	0.1661
8116.100	48.1077	0.1792
8119.030	47.9900	0.1689
8121.960	47.9488	0.1632
8124.890	48.0330	0.1459
8127.820	48.1399	0.1391
8130.750	48.0304	0.1460
8133.680	47.7956	0.1341
8136.610	47.5782	0.1495
8139.540	47.4049	0.1505
8142.470	47.3243	0.1592
8145.400	47.3601	0.1344
8148.330	47.3554	0.1358
8151.260	47.3627	0.1417
8154.190	47.2473	0.1454
8157.120	47.2462	0.1643
8160.050	47.1916	0.1596
8162.980	47.0940	0.1678
8165.910	46.9948	0.1791
8168.840	46.7401	0.2023
8171.770	46.5839	0.1931
8174.700	46.6628	0.1779
8177.630	46.6273	0.1744
8180.560	46.5458	0.1887
8183.490	46.3359	0.1952
8186.420	46.2472	0.1722
8189.350	46.2587	0.1669
8192.280	46.2490	0.1582
8195.210	46.1900	0.1653
8198.140	46.1278	0.1426
8201.070	46.0038	0.1346
8204.000	45.8674	0.1428
8206.930	45.6906	0.1526
8209.860	45.6489	0.1377
8212.790	45.6742	0.1313
8215.720	45.6288	0.1202
8218.650	45.4547	0.1426
8221.580	45.2167	0.1598
8224.510	44.9905	0.1786
8227.440	44.7656	0.2097
8230.370	44.6022	0.2481
8233.300	44.5318	0.2147
8236.230	44.3956	0.1771
8239.160	44.3078	0.1579
8242.090	44.2129	0.1210
8245.020	44.4165	0.1203
8247.950	44.5163	0.1346
8250.880	44.4787	0.1289
8253.810	44.4903	0.1389
8256.740	44.4445	0.1618
8259.670	44.3997	0.1451
8262.600	44.4511	0.1412
8265.530	44.4098	0.1400
8268.460	44.2974	0.1386
8271.390	44.4043	0.1304
8274.320	44.4590	0.1212
8277.250	44.4609	0.1181
8280.180	44.2960	0.1378
8283.110	44.2474	0.1292
8286.040	44.1078	0.1315
8288.970	44.0280	0.1399
8291.900	44.0260	0.1480
8294.830	43.8106	0.1467
8297.760	43.6306	0.1503
8300.690	43.6110	0.1322
8303.620	43.7264	0.1190
8306.550	43.7082	0.1338
8309.480	43.7229	0.1510
8312.410	43.6695	0.1466
8315.340	43.6616	0.1607
8318.270	43.5781	0.1573
8321.200	43.6515	0.1522
8324.130	43.6806	0.1423
8327.060	43.5864	0.1682
8329.990	43.3731	0.1723
8332.920	43.2915	0.1681
8335.850	43.1550	0.1628
8338.780	43.0880	0.1632
8341.710	42.9153	0.1659
8344.640	42.7758	0.1577
8347.570	42.7674	0.1318
8350.500	42.6836	0.1464
8353.430	42.5043	0.1551
8356.360	42.5725	0.1381
8359.290	42.6391	0.1369
8362.220	42.5426	0.1605
8365.150	42.4514	0.1641
8368.080	42.4037	0.1363
8371.010	42.4828	0.1209
8373.940	42.5533	0.1181
8376.870	42.5503	0.1476
8379.800	42.4731	0.1680
8382.730	42.5005	0.1718
8385.660	42.5539	0.1475
8388.590	42.3771	0.1322
8391.520	42.1472	0.1286
8394.450	41.9994	0.1463
8397.380	41.9700	0.1548
8400.310	41.9755	0.1357
8403.240	41.9676	0.1127
8406.170	41.8742	0.1087
8409.100	41.7912	0.1270
8412.030	41.6576	0.1494
8414.960	41.4955	0.1679
8417.890	41.5901	0.1276
8420.820	41.8297	0.1126
8423.750	41.7171	0.1186
8426.680	41.4335	0.1418
8429.610	41.2402	0.1804
8432.540	41.3132	0.1502
8435.470	41.3136	0.1497
8438.400	41.2000	0.1462
8441.330	41.1745	0.1328
8444.260	41.1173	0.1248
8447.190	40.9511	0.1290
8450.120	40.7481	0.1830
8453.050	40.6960	0.1420
8455.980	40.6908	0.1296
8458.910	40.6942	0.1616
8461.840	40.6494	0.1629
8464.770	40.8106	0.1637
8467.700	40.8012	0.1522
8470.630	40.7885	0.1343
8473.560	40.6449	0.1363
8476.490	40.6364	0.1452
8479.420	40.5911	0.1439
8482.350	40.5410	0.1404
8485.280	40.4627	0.1710
8488.210	40.3984	0.1673
8491.140	40.3715	0.1623
8494.070	40.5788	0.2030
8497.000	40.6695	0.2782
8499.930	40.2795	0.2088
8502.860	39.7840	0.1615
8505.790	39.6942	0.1668
8508.720	39.6400	0.1543
8511.650	39.6376	0.1386
8514.580	39.6050	0.1588
8517.510	39.5277	0.1476
8520.440	39.3778	0.1406
8523.370	39.3257	0.1379
8526.300	39.3380	0.1559
8529.230	39.2814	0.1855
8532.160	39.3235	0.1624
8535.090	39.4545	0.1574
8538.020	40.0074	0.3197
8540.950	40.2808	0.4029
8543.880	39.9472	0.2912
8546.810	39.2587	0.1673
8549.740	39.1002	0.1934
8552.670	38.9959	0.1654
8555.600	38.9616	0.1313
8558.530	38.9778	0.1243
8561.460	38.9786	0.1287
8564.390	39.1192	0.1336
8567.320	39.1486	0.1311
8570.250	38.9376	0.1342
8573.180	38.8398	0.1419
8576.110	38.7444	0.1465
8579.040	38.7129	0.1553
8581.970	38.6002	0.1703
8584.900	38.4663	0.1607
8587.830	38.3241	0.1555
8590.760	38.2853	0.1219
8593.690	38.2454	0.1198
8596.620	38.2091	0.1228
8599.550	38.1004	0.1445
8602.480	38.0762	0.1361
8605.410	38.0590	0.1128
8608.340	38.0989	0.1001
8611.270	38.0772	0.1015
8614.200	38.1485	0.1201
8617.130	38.1789	0.1088
8620.060	37.8895	0.1378
8622.990	37.7520	0.1860
8625.920	37.6509	0.1610
8628.850	37.6652	0.1427
8631.780	37.5993	0.1295
8634.710	37.4573	0.1571
8637.640	37.3291	0.1620
8640.570	37.3385	0.1590
8643.500	37.3466	0.1427
8646.430	37.3455	0.1385
8649.360	37.1336	0.1463
8652.290	36.9855	0.1466
8655.220	37.2047	0.1075
8658.150	37.6074	0.2788
8661.080	37.8769	0.3409
8664.010	37.5689	0.2580
8666.940	36.9680	0.1657
8669.870	36.8301	0.1536
8672.800	36.7893	0.1416
8675.730	36.8177	0.1397
8678.660	36.7600	0.1391
8681.590	36.8293	0.1289
8684.520	36.8853	0.1236
8687.450	36.8317	0.1275
8690.380	36.7408	0.1268
8693.310	36.7239	0.1225
8696.240	36.7407	0.1171
8699.170	36.6558	0.1220
8702.100	36.6272	0.1251
8705.030	36.5487	0.1295
8707.960	36.4688	0.1264
8710.890	36.5563	0.1236
8713.820	36.4828	0.1233
8716.750	36.3334	0.1128
8719.680	36.1882	0.1156
8722.610	36.0730	0.1265
8725.540	36.1292	0.1087
8728.470	36.1353	0.1003
8731.400	36.1731	0.0972
8734.330	36.0927	0.1064
8737.260	35.9643	0.1162
8740.190	35.8458	0.1100
8743.120	35.7347	0.1115
8746.050	35.7578	0.1116
8748.980	35.7991	0.1106
8751.910	35.8458	0.1216
8754.840	35.8011	0.1145
8757.770	35.7459	0.1128
8760.700	35.7426	0.1199
8763.630	35.7611	0.1255
8766.560	35.6466	0.1353
8769.490	35.6321	0.1422
8772.420	35.5790	0.1383
8775.350	35.3316	0.1383
8778.280	35.1933	0.1277
8781.210	35.0393	0.1399
8784.140	34.9768	0.1423
8787.070	34.9716	0.1453
8790.000	35.0410	0.1203
8792.930	35.0819	0.1071
8795.860	34.9507	0.1006
8798.790	34.9088	0.1056
8801.720	34.9720	0.1246
8804.650	35.2166	0.1532
8807.580	35.1468	0.1414
8810.510	34.8928	0.1443
8813.440	34.7403	0.1504
8816.370	34.5463	0.1434
8819.300	34.4858	0.1359
8822.230	34.4890	0.1349
8825.160	34.3737	0.1406
8828.090	34.4057	0.1220
8831.020	34.4033	0.1203
8833.950	34.3112	0.1211
8836.880	34.4525	0.1135
8839.810	34.4576	0.0990
8842.740	34.3945	0.1045
8845.670	34.2175	0.1182
8848.600	34.1105	0.1516
8851.530	34.1171	0.1488
8854.460	34.0283	0.1351
8857.390	33.9320	0.1240
8860.320	33.9939	0.1040
8863.250	33.8660	0.1176
8866.180	33.8155	0.1298
8869.110	33.8341	0.1218
8872.040	33.8197	0.1087
8874.970	33.8973	0.1077
8877.900	33.9552	0.0891
8880.830	33.8068	0.0999
8883.760	33.5465	0.1198
8886.690	33.5248	0.1066
8889.620	33.5833	0.0870
8892.550	33.5343	0.1025
8895.480	33.4610	0.1313
8898.410	33.3999	0.1350
8901.340	33.2829	0.1338
8904.270	33.2253	0.1233
8907.200	33.1824	0.1225
8910.130	33.2468	0.1047
8913.060	33.3084	0.1227
8915.990	33.2323	0.1150
8918.920	33.3374	0.1072
8921.850	33.4063	0.1242
8924.780	33.4619	0.1380
8927.710	33.2346	0.1331
8930.640	32.9313	0.1128
8933.570	32.7660	0.1073
8936.500	32.7107	0.1108
8939.430	32.6637	0.1304
8942.360	32.7105	0.1269
8945.290	32.8053	0.1166
8948.220	32.8409	0.1154
8951.150	32.9534	0.1052
8954.080	32.8902	0.1197
8957.010	32.7529	0.1188
8959.940	32.6995	0.0942
8962.870	32.6482	0.0992
8965.800	32.6274	0.1119
8968.730	32.5742	0.1223
8971.660	32.3605	0.1406
8974.590	32.2143	0.1320
8977.520	32.1135	0.1277
8980.450	32.1123	0.1113
8983.380	32.0814	0.1043
8986.310	32.0323	0.1147
8989.240	32.2152	0.1262
8992.170	32.2768	0.1211
8995.100	32.2197	0.1362
8998.030	32.0165	0.1402
9000.960	31.8406	0.1229
9003.890	31.8232	0.1089
9006.820	31.7360	0.1138
9009.750	31.7812	0.1201
9012.680	31.9065	0.1514
9015.610	31.9907	0.1524
9018.540	31.9613	0.1224
9021.470	31.8205	0.1217
9024.400	31.6885	0.1325
9027.330	31.6213	0.1333
9030.260	31.5651	0.1087
9033.190	31.6026	0.0809
9036.120	31.5874	0.0871
9039.050	31.4538	0.0895
9041.980	31.3221	0.1127
9044.910	31.2082	0.1165
9047.840	31.1015	0.1352
9050.770	30.9825	0.1336
9053.700	31.0494	0.1149
9056.630	31.1487	0.0883
9059.560	31.2384	0.1049
9062.490	31.2807	0.1121
9065.420	31.1322	0.1269
9068.350	31.0781	0.1376
9071.280	31.1732	0.1282
9074.210	31.3263	0.1182
9077.140	31.2359	0.1147
9080.070	31.0268	0.1320
9083.000	30.9462	0.1114
9085.930	30.9784	0.1082
9088.860	31.0258	0.1168
9091.790	30.9316	0.1255
9094.720	30.7409	0.1073
9097.650	30.6738	0.1079
9100.580	30.5839	0.1197
9103.510	30.5271	0.1184
9106.440	30.5386	0.1165
9109.370	30.6374	0.1279
9112.300	30.6231	0.1306
9115.230	30.4847	0.1414
9118.160	30.3744	0.1424
9121.090	30.2598	0.1175
9124.020	30.1998	0.1019
9126.950	30.2254	0.1008
9129.880	30.2238	0.1200
9132.810	30.2083	0.1345
9135.740	30.1876	0.1209
9138.670	30.1545	0.1231
9141.600	30.1418	0.1155
9144.530	30.1044	0.1162
9147.460	30.1210	0.1031
9150.390	30.1863	0.1045
9153.320	30.0975	0.1183
9156.250	30.0382	0.1174
9159.180	30.0596	0.1222
9162.110	30.0357	0.1182
9165.040	29.9520	0.1237
9167.970	29.8135	0.1186
9170.900	29.6389	0.1093
9173.830	29.4473	0.1228
9176.760	29.4838	0.1217
9179.690	29.3581	0.1199
9182.620	29.4224	0.1251
9185.550	29.5858	0.1059
9188.480	29.6957	0.1074
9191.410	29.8337	0.1081
9194.340	29.7530	0.1096
9197.270	29.5332	0.1196
9200.200	29.2874	0.1115
9203.130	29.0179	0.1288
9206.060	28.8010	0.1195
9208.990	28.9108	0.1167
9211.920	29.0086	0.1133
9214.850	29.0329	0.1161
9217.780	28.9675	0.1207
9220.710	28.9237	0.1119
9223.640	28.9307	0.1045
9226.570	28.9243	0.1132
9229.500	28.9812	0.1155
9232.430	28.9404	0.1201
9235.360	28.8541	0.1072
9238.290	28.7892	0.0965
9241.220	28.6976	0.1029
9244.150	28.6520	0.1159
9247.080	28.5998	0.1332
9250.010	28.5191	0.1354
9252.940	28.6110	0.1165
9255.870	28.7160	0.1050
9258.800	28.6070	0.1109
9261.730	28.3989	0.1150
9264.660	28.2523	0.1197
9267.590	28.2605	0.1171
9270.520	28.2756	0.1235
9273.450	28.2922	0.1287
9276.380	28.3129	0.1374
9279.310	28.3126	0.1436
9282.240	28.1876	0.1175
9285.170	28.2470	0.1065
9288.100	28.3065	0.1065
9291.030	28.2993	0.0957
9293.960	28.3891	0.0927
9296.890	28.4053	0.1040
9299.820	28.4843	0.1150
9302.750	28.4434	0.1311
9305.680	28.3562	0.1145
9308.610	28.2018	0.1141
9311.540	27.9951	0.1129
9314.470	27.7853	0.1361
9317.400	27.6713	0.1225
9320.330	27.5695	0.1362
9323.260	27.5856	0.1576
9326.190	27.6194	0.1391
9329.120	27.5861	0.1255
9332.050	27.3728	0.1373
9334.980	27.0513	0.1593
9337.910	26.7734	0.1735
9340.840	26.6461	0.1649
9343.770	26.6435	0.1572
9346.700	26.7283	0.1454
9349.630	26.6576	0.1328
9352.560	26.6585	0.1497
9355.490	26.8358	0.1450
9358.420	26.9406	0.1227
9361.350	26.9124	0.1250
9364.280	26.9514	0.1272
9367.210	27.0791	0.1394
9370.140	27.0675	0.1314
9373.070	27.0334	0.1238
9376.000	27.1823	0.1273
9378.930	27.3685	0.1437
9381.860	27.4660	0.1369
9384.790	27.4982	0.1024
9387.720	27.3639	0.1003
9390.650	27.1487	0.1138
9393.580	26.9796	0.1358
9396.510	26.9504	0.1253
9399.440	26.8776	0.1212
9402.370	26.9193	0.1229
9405.300	27.1449	0.1399
9408.230	27.1960	0.1390
9411.160	27.1616	0.1744
9414.090	27.0451	0.1642
9417.020	26.8590	0.1303
9419.950	26.6482	0.1357
9422.880	26.6049	0.1341
9425.810	26.5889	0.1298
9428.740	26.8180	0.1238
9431.670	27.0092	0.1121
9434.600	26.8816	0.1094
9437.530	26.7565	0.1389
9440.460	26.7231	0.1592
9443.390	26.7005	0.1352
9446.320	26.7666	0.1211
9449.250	26.7675	0.1170
9452.180	26.5632	0.1257
9455.110	26.2233	0.1279
9458.040	26.1621	0.1133
9460.970	26.3562	0.1052
9463.900	26.4626	0.0987
9466.830	26.5388	0.0961
9469.760	26.4846	0.1081
9472.690	26.4623	0.1189
9475.620	26.4724	0.1307
9478.550	26.3991	0.1339
9481.480	26.2566	0.1220
9484.410	26.2745	0.1112
9487.340	26.0273	0.1244
9490.270	25.9220	0.1194
9493.200	26.0030	0.1164
9496.130	25.9304	0.1293
9499.060	25.8975	0.1407
9501.990	25.9587	0.1272
9504.920	26.0548	0.1116
9507.850	26.1189	0.1129
9510.780	26.2401	0.1291
9513.710	26.2019	0.1503
9516.640	26.0473	0.1609
9519.570	25.8034	0.1388
9522.500	25.6695	0.1064
9525.430	25.5376	0.1011
9528.360	25.4919	0.1053
9531.290	25.3780	0.1060
9534.220	25.3734	0.1144
9537.150	25.4110	0.1271
9540.080	25.4333	0.1354
9543.010	25.5414	0.1463
9545.940	25.5876	0.1447
9548.870	25.3806	0.1416
9551.800	25.2045	0.1420
9554.730	25.2969	0.1278
9557.660	25.4161	0.1372
9560.590	25.5207	0.1340
9563.520	25.5515	0.1465
9566.450	25.5016	0.1666
9569.380	25.4879	0.1519
9572.310	25.4441	0.1323
9575.240	25.2993	0.1205
9578.170	25.1907	0.1273
9581.100	25.2576	0.1272
9584.030	25.4530	0.1390
9586.960	25.5426	0.1668
9589.890	25.6008	0.1730
9592.820	25.7286	0.1637
9595.750	25.6967	0.1649
9598.680	25.5858	0.1510
9601.610	25.5555	0.1616
9604.540	25.4117	0.1797
9607.470	25.3489	0.1983
9610.400	25.3661	0.2132
9613.330	25.3516	0.2093
9616.260	25.3133	0.1872
9619.190	25.6157	0.2311
9622.120	25.8934	0.2415
9625.050	25.8869	0.2447
9627.980	25.8230	0.2206
9630.910	25.6671	0.2086
9633.840	25.6283	0.2174
9636.770	25.6661	0.2317
9639.700	25.6937	0.2190
9642.630	25.5998	0.2310
9645.560	25.5744	0.2456
9648.490	25.4795	0.2370
9651.420	25.4628	0.2442
9654.350	25.4335	0.2367
9657.280	25.6261	0.2373
9660.210	25.7472	0.2699
9663.140	25.8746	0.2703
9666.070	25.8896	0.2692
9669.000	25.8441	0.2591
9671.930	25.7080	0.2773
9674.860	25.5795	0.2780
9677.790	25.4525	0.2868
9680.720	25.4652	0.2783
9683.650	25.6577	0.2983
9686.580	25.6800	0.2970
9689.510	25.7509	0.3002
9692.440	25.9101	0.3016
9695.370	26.1359	0.3089
9698.300	26.2305	0.3021
9701.230	26.2004	0.3216
