3298.680	590.9625	3.2374
3301.060	590.1464	3.9595
3303.440	588.4120	3.5950
3305.820	590.3734	3.0165
3308.200	590.1029	2.9087
3310.580	585.9382	3.2908
3312.960	583.6681	3.0961
3315.340	581.8302	3.0907
3317.720	581.4004	3.2790
3320.100	580.8005	3.9585
3322.480	582.5892	3.1318
3324.860	581.8665	2.7887
3327.240	578.1307	2.8514
3329.620	577.1590	2.8036
3332.000	574.1649	3.1577
3334.380	574.5809	2.9611
3336.760	574.3828	2.7804
3339.140	574.4108	2.7408
3341.520	573.5176	2.6648
3343.900	571.1218	2.7573
3346.280	570.9248	2.3579
3348.660	572.5110	2.8366
3351.040	566.3561	2.5863
3353.420	560.0800	2.9291
3355.800	557.2875	3.6259
3358.180	559.9309	3.2255
3360.560	570.1736	3.5210
3362.940	566.2782	2.8076
3365.320	560.0587	2.9979
3367.700	560.8850	2.7672
3370.080	561.1447	2.8912
3372.460	560.9102	2.8777
3374.840	560.0618	2.9064
3377.220	550.8465	3.5361
3379.600	552.8263	2.1707
3381.980	550.6246	2.2492
3384.360	547.6751	2.3640
3386.740	546.5690	3.0295
3389.120	548.4711	2.6499
3391.500	548.6251	2.3930
3393.880	550.7470	2.9619
3396.260	549.2638	2.3643
3398.640	544.1686	3.0982
3401.020	542.3622	3.3091
3403.400	542.7992	2.5093
3405.780	542.2968	2.2209
3408.160	542.4504	2.0299
3410.540	542.7027	2.2181
3412.920	539.0114	2.5629
3415.300	538.6689	2.3362
3417.680	534.6063	2.7095
3420.060	532.8170	3.0125
3422.440	533.3988	2.6024
3424.820	535.5817	2.0377
3427.200	533.9714	2.0073
3429.580	531.7881	2.6767
3431.960	528.8032	2.9772
3434.340	527.1496	2.9175
3436.720	526.4248	2.9897
3439.100	528.0853	2.6266
3441.480	530.4802	2.8592
3443.860	524.8722	2.6333
3446.240	520.5233	2.1392
3448.620	518.9554	2.9107
3451.000	521.4648	2.8397
3453.380	520.7798	2.6498
3455.760	521.2981	2.4037
3458.140	522.9661	1.9921
3460.520	522.8535	2.1943
3462.900	520.9159	2.1677
3465.280	516.3026	3.0373
3467.660	514.9742	2.7306
3470.040	512.2849	2.9133
3472.420	514.9859	2.4207
3474.800	516.6288	2.2680
3477.180	512.7074	2.6867
3479.560	509.5285	3.2219
3481.940	510.2074	2.8241
3484.320	507.7234	2.3600
3486.700	504.1655	2.5158
3489.080	510.4767	2.2743
3491.460	512.4340	2.4086
3493.840	507.3807	2.0283
3496.220	503.3832	2.1871
3498.600	501.9932	2.0043
3500.980	502.5330	2.6254
3503.360	502.4629	2.7880
3505.740	503.1664	2.5371
3508.120	499.0528	2.1402
3510.500	493.8523	2.0101
3512.880	494.9211	2.0643
3515.260	498.3344	2.0762
3517.640	501.4619	1.6696
3520.020	499.8047	1.8440
3522.400	501.1528	2.1123
3524.780	500.3130	3.0734
3527.160	489.9838	1.9282
3529.540	484.0318	1.8316
3531.920	488.8481	2.0309
3534.300	493.4993	1.8351
3536.680	494.0622	1.8154
3539.060	493.0538	1.9005
3541.440	493.3738	2.1156
3543.820	492.4018	2.2207
3546.200	490.0207	2.4950
3548.580	487.5729	2.1422
3550.960	480.4893	2.2410
3553.340	474.6092	2.2548
3555.720	475.5506	2.3967
3558.100	480.1390	2.4900
3560.480	482.4220	2.2724
3562.860	483.7916	1.8992
3565.240	484.1852	1.9778
3567.620	484.2368	1.7180
3570.000	480.4979	2.4400
3572.380	479.8166	1.9643
3574.760	479.9681	2.0092
3577.140	478.5521	2.1299
3579.520	481.0378	2.2776
3581.900	476.3665	2.1969
3584.280	465.7549	2.1757
3586.660	461.6332	2.0722
3589.040	469.1534	1.9400
3591.420	473.7194	2.1634
3593.800	470.4713	2.7348
3596.180	467.5512	2.8912
3598.560	469.0257	2.5890
3600.940	470.8735	1.9605
3603.320	470.6623	1.8410
3605.700	472.1303	1.9918
3608.080	467.7173	1.7441
3610.460	461.4026	2.2024
3612.840	456.1885	2.7656
3615.220	460.2746	2.4876
3617.600	466.7829	1.7260
3619.980	466.4155	2.2609
3622.360	464.3955	2.0525
3624.740	461.2337	2.8735
3627.120	459.8243	2.7321
3629.500	453.7873	2.2301
3631.880	446.8141	2.3673
3634.260	446.4774	2.2020
3636.640	452.2405	2.1840
3639.020	456.3515	1.9734
3641.400	459.4702	1.9470
3643.780	458.6013	1.9641
3646.160	456.7124	1.8556
3648.540	454.1674	1.9291
3650.920	451.7803	1.5522
3653.300	452.2969	2.0647
3655.680	451.9790	2.0575
3658.060	450.7231	1.9572
3660.440	451.6134	1.6265
3662.820	451.0816	1.5942
3665.200	449.5827	1.6595
3667.580	448.5387	1.6545
3669.960	446.9381	1.9198
3672.340	444.9804	2.3358
3674.720	445.0751	2.0784
3677.100	444.9964	1.8767
3679.480	446.4681	1.6850
3681.860	445.4467	1.7854
3684.240	444.5331	1.8775
3686.620	445.1437	1.9428
3689.000	443.6131	1.9554
3691.380	445.1326	1.9785
3693.760	443.2811	2.0039
3696.140	444.6283	1.9517
3698.520	448.9625	1.9252
3700.900	436.9624	2.6560
3703.280	431.4516	2.0943
3705.660	452.3883	2.0032
3708.040	454.7466	1.7200
3710.420	438.3643	1.8322
3712.800	456.5600	2.2238
3715.180	487.1827	2.6684
3717.560	473.6473	1.9401
3719.940	441.0608	2.3038
3722.320	451.3543	1.7907
3724.700	494.7994	2.2198
3727.080	516.1135	2.7068
3729.460	490.3824	2.3346
3731.840	440.5037	2.3048
3734.220	437.7922	2.1986
3736.600	487.0776	1.9169
3738.980	526.6871	3.1843
3741.360	539.4120	3.0333
3743.740	520.6360	1.8216
3746.120	466.9409	1.9585
3748.500	422.0365	1.9208
3750.880	444.2338	2.1787
3753.260	497.1256	3.8156
3755.640	531.4047	2.9029
3758.020	549.9915	1.9624
3760.400	552.7719	1.9856
3762.780	537.1697	2.2204
3765.160	496.4348	2.0282
3767.540	438.1460	1.7343
3769.920	417.8878	1.7587
3772.300	462.1994	1.8855
3774.680	517.4538	1.9636
3777.060	542.8424	1.9159
3779.440	548.5353	1.8275
3781.820	544.7049	1.9787
3784.200	541.3175	1.9383
3786.580	541.3152	2.4001
3788.960	538.7114	1.9353
3791.340	512.5325	1.9798
3793.720	457.5219	1.8744
3796.100	411.4153	1.8555
3798.480	426.7608	1.8169
3800.860	478.0349	1.8664
3803.240	506.2486	1.9633
3805.620	519.3892	2.3368
3808.000	532.3168	1.9584
3810.380	538.5135	2.2837
3812.760	536.4911	2.3155
3815.140	517.5372	2.9245
3817.520	493.1116	2.7347
3819.900	495.8206	2.7554
3822.280	520.0649	2.3036
3824.660	527.6720	1.8543
3827.040	518.4563	1.7561
3829.420	484.8322	1.6289
3831.800	427.2527	1.5319
3834.180	394.8545	1.6692
3836.560	429.4008	1.6717
3838.940	481.8204	2.0940
3841.320	510.8434	1.9033
3843.700	518.8003	2.8840
3846.080	521.8748	2.8686
3848.460	525.0560	2.2932
3850.840	524.7368	2.1054
3853.220	524.9253	1.8609
3855.600	525.7267	1.7376
3857.980	526.7561	2.0328
3860.360	524.5275	1.8903
3862.740	512.3541	3.0653
3865.120	502.3149	3.1544
3867.500	497.2795	2.0140
3869.880	494.2887	2.1193
3872.260	498.1483	1.6290
3874.640	506.5441	1.8398
3877.020	507.6512	1.7787
3879.400	502.9772	1.8858
3881.780	487.2730	1.9166
3884.160	447.5819	1.8775
3886.540	398.4286	1.8061
3888.920	393.9285	1.8700
3891.300	439.4351	1.4739
3893.680	480.3632	1.7802
3896.060	498.5824	2.1499
3898.440	505.7632	1.7758
3900.820	508.6319	1.6181
3903.200	508.4748	1.5584
3905.580	506.0591	1.6538
3907.960	505.8342	1.7676
3910.340	502.2072	2.3239
3912.720	500.9064	2.5200
3915.100	496.7579	2.3175
3917.480	492.0743	2.1069
3919.860	488.2119	2.1085
3922.240	479.1419	2.0724
3924.620	471.5712	1.9644
3927.000	477.8937	2.3641
3929.380	488.3315	2.3598
3931.760	488.5940	4.2156
3934.140	489.7296	4.4705
3936.520	490.3854	3.1113
3938.900	491.9034	2.5587
3941.280	490.3518	2.2179
3943.660	487.5694	2.6619
3946.040	488.2352	1.8348
3948.420	486.5796	2.2224
3950.800	484.1678	2.2835
3953.180	482.9189	2.4896
3955.560	481.3291	2.2403
3957.940	479.1603	2.3846
3960.320	469.2247	2.4440
3962.700	447.4869	1.9969
3965.080	410.4512	2.6141
3967.460	370.5865	3.2027
3969.840	369.4410	3.3841
3972.220	409.4359	2.0154
3974.600	449.1234	2.2940
3976.980	466.5808	2.4491
3979.360	468.6580	2.8700
3981.740	470.5244	2.9466
3984.120	475.4231	2.0483
3986.500	475.7210	1.8945
3988.880	473.1300	2.0185
3991.260	470.0142	1.9185
3993.640	467.6701	1.8021
3996.020	469.5616	1.8164
3998.400	471.9734	1.8391
4000.780	470.3709	1.9773
4003.160	464.3856	1.9888
4005.540	450.0788	1.7131
4007.920	440.7246	1.4663
4010.300	451.0438	1.6462
4012.680	464.1232	1.6367
4015.060	467.3120	1.6113
4017.440	465.7547	1.4608
4019.820	458.6600	1.6433
4022.200	435.3115	1.9532
4024.580	416.9376	2.1571
4026.960	427.8979	1.6312
4029.340	449.1848	1.4716
4031.720	457.1904	1.2906
4034.100	458.3920	1.2953
4036.480	457.0967	1.4284
4038.860	455.3487	1.5901
4041.240	454.6590	1.5060
4043.620	456.3197	1.7402
4046.000	454.6730	1.4620
4048.380	454.3234	1.4698
4050.760	453.1601	1.6447
4053.140	452.3468	1.5878
4055.520	451.3853	1.4363
4057.900	449.1386	1.4699
4060.280	447.5512	1.4910
4062.660	448.0722	1.4137
4065.040	444.0679	1.4679
4067.420	437.7784	1.5112
4069.800	433.2971	1.5674
4072.180	433.7955	1.5617
4074.560	435.2643	1.6298
4076.940	438.0838	1.6951
4079.320	439.1462	1.5968
4081.700	439.1612	1.5217
4084.080	437.4567	1.4954
4086.460	436.1012	1.6806
4088.840	433.5286	1.8098
4091.220	429.4749	1.7314
4093.600	419.3439	1.7104
4095.980	393.7077	1.9396
4098.360	350.5479	2.1450
4100.740	327.8998	2.1157
4103.120	357.1001	1.7218
4105.500	396.4594	1.5802
4107.880	415.0613	1.4224
4110.260	423.3457	1.5068
4112.640	427.8630	1.4033
4115.020	424.7150	1.4323
4117.400	415.2850	1.3892
4119.780	412.3393	1.4326
4122.160	420.4709	1.3660
4124.540	428.5129	1.6172
4126.920	428.9037	1.5474
4129.300	425.7481	1.4247
4131.680	427.0272	1.5668
4134.060	428.4702	1.6446
4136.440	425.7585	1.6383
4138.820	416.1619	1.5559
4141.200	399.5454	1.6553
4143.580	399.3858	1.5589
4145.960	412.0088	1.3756
4148.340	419.6348	1.4736
4150.720	419.2956	1.5399
4153.100	419.2395	1.5096
4155.480	420.3287	1.5875
4157.860	420.2230	1.5182
4160.240	419.0583	1.5422
4162.620	417.0416	1.6471
4165.000	413.7882	1.4694
4167.380	410.2551	1.5019
4169.760	411.8738	1.2442
4172.140	413.5720	1.4264
4174.520	414.1783	1.5516
4176.900	411.9131	1.2988
4179.280	410.3446	1.3589
4181.660	410.1879	1.2345
4184.040	408.7364	1.2525
4186.420	406.9017	1.3750
4188.800	407.5804	1.5999
4191.180	407.2414	1.7878
4193.560	408.1970	1.5348
4195.940	406.8698	1.5787
4198.320	406.5901	1.7876
4200.700	405.2910	1.6377
4203.080	403.4431	1.3693
4205.460	401.9488	1.4478
4207.840	401.3993	1.2795
4210.220	401.3152	1.3719
4212.600	401.6110	1.4207
4214.980	402.0891	1.4564
4217.360	400.2714	1.2624
4219.740	397.1242	1.3167
4222.120	397.2597	1.1772
4224.500	398.3774	1.8482
4226.880	396.4492	1.2726
4229.260	395.8637	1.2457
4231.640	393.7226	1.7294
4234.020	393.3849	1.3614
4236.400	393.4553	1.2334
4238.780	392.3803	1.2101
4241.160	391.4650	1.2816
4243.540	391.6971	1.2763
4245.920	391.9073	1.2303
4248.300	391.2335	1.3421
4250.680	388.5426	1.3670
4253.060	386.3257	1.3173
4255.440	387.0165	1.3481
4257.820	389.0598	1.2937
4260.200	387.9932	1.2667
4262.580	384.9263	1.3214
4264.960	378.6965	1.3983
4267.340	378.1405	1.3537
4269.720	382.0802	1.3896
4272.100	383.3721	1.5431
4274.480	379.4214	1.2581
4276.860	377.9014	1.2798
4279.240	378.5408	1.3096
4281.620	377.5646	1.2517
4284.000	376.6277	1.3164
4286.380	376.7212	1.3377
4288.760	376.5036	1.4678
4291.140	374.4193	1.2795
4293.520	374.4139	1.3988
4295.900	375.0615	1.4714
4298.280	375.0585	1.4691
4300.660	373.9937	1.3848
4303.040	373.6136	1.3445
4305.420	372.4811	1.2113
4307.800	373.9544	1.6242
4310.180	374.2607	1.8497
4312.560	369.2049	1.4095
4314.940	364.6511	1.5744
4317.320	360.6531	2.1460
4319.700	363.4609	1.7230
4322.080	366.7573	1.4205
4324.460	366.9861	1.7599
4326.840	363.0926	1.4018
4329.220	359.2410	1.4471
4331.600	352.3403	1.6714
4333.980	336.7849	1.5244
4336.360	307.4475	1.5906
4338.740	283.8208	2.0340
4341.120	293.0927	1.8219
4343.500	319.6635	1.2308
4345.880	337.5765	1.1886
4348.260	345.7498	1.1298
4350.640	352.8990	1.1452
4353.020	357.8154	1.0784
4355.400	360.0857	1.0445
4357.780	359.1849	1.0281
4360.160	357.9709	1.1563
4362.540	357.3247	1.2216
4364.920	355.4984	1.1757
4367.300	354.3087	1.2978
4369.680	355.1398	1.3800
4372.060	355.6281	1.2695
4374.440	355.9359	1.2594
4376.820	356.7611	1.3823
4379.200	356.3859	1.4679
4381.580	352.1811	1.3792
4383.960	341.5676	1.3774
4386.340	332.1374	1.5324
4388.720	335.9866	1.3189
4391.100	347.2109	1.0967
4393.480	351.2998	1.2041
4395.860	350.8352	1.1483
4398.240	350.7961	1.0773
4400.620	351.4803	1.0734
4403.000	351.0379	1.3317
4405.380	349.9474	1.0930
4407.760	348.7532	1.0885
4410.140	345.5860	1.1897
4412.520	342.1513	1.1648
4414.900	340.3590	1.0492
4417.280	341.1065	1.2142
4419.660	342.7362	1.1205
4422.040	342.6170	1.1946
4424.420	342.0142	1.1925
4426.800	341.4230	1.0965
4429.180	340.4671	1.0976
4431.560	339.7823	1.1677
4433.940	337.6532	1.1046
4436.320	335.3469	1.1452
4438.700	336.5719	1.0522
4441.080	336.8295	1.2175
4443.460	337.4008	1.0406
4445.840	335.8703	1.1157
4448.220	334.0293	1.1577
4450.600	335.6421	1.1389
4452.980	337.8341	1.1154
4455.360	339.1827	1.1229
4457.740	338.2107	1.1914
4460.120	336.5219	1.0410
4462.500	334.3600	1.0182
4464.880	328.7781	1.2354
4467.260	315.1276	1.6594
4469.640	303.1556	1.5937
4472.020	307.6612	1.1929
4474.400	321.4207	0.9192
4476.780	327.7478	1.0130
4479.160	327.5945	0.9912
4481.540	327.8478	0.9933
4483.920	329.4988	0.9727
4486.300	329.5425	0.9905
4488.680	327.8688	1.0121
4491.060	327.7974	1.0184
4493.440	328.0126	1.2320
4495.820	328.1053	1.1586
4498.200	328.2754	1.1467
4500.580	327.1738	1.1872
4502.960	326.2532	1.1677
4505.340	324.9335	1.2383
4507.720	323.8379	1.1880
4510.100	323.7479	1.0936
4512.480	323.0052	1.0636
4514.860	323.5359	1.0155
4517.240	323.0496	1.1077
4519.620	322.8257	1.0590
4522.000	321.2346	1.1847
4524.380	320.5211	1.0185
4526.760	319.5042	1.0628
4529.140	319.2037	1.1544
4531.520	318.9755	1.3151
4533.900	319.2171	1.3210
4536.280	319.5885	1.4117
4538.660	318.1241	1.5396
4541.040	316.9684	1.2815
4543.420	316.2852	1.1221
4545.800	315.1094	1.1486
4548.180	311.1552	1.0110
4550.560	307.7134	0.9871
4552.940	308.1560	0.9680
4555.320	311.6633	0.9115
4557.700	312.7751	0.9082
4560.080	312.3165	0.9515
4562.460	310.2142	0.9764
4564.840	307.0824	0.9127
4567.220	306.6774	0.9463
4569.600	307.6667	0.9298
4571.980	308.2401	1.0481
4574.360	308.0053	1.0222
4576.740	308.7437	1.0175
4579.120	309.1485	1.0809
4581.500	308.5064	1.0746
4583.880	307.5016	1.0235
4586.260	305.7057	1.0534
4588.640	304.0328	1.1498
4591.020	303.2894	1.0564
4593.400	302.8591	0.9438
4595.780	302.3347	1.0224
4598.160	302.4184	0.9179
4600.540	302.7518	0.9754
4602.920	302.2382	1.0359
4605.300	301.1425	1.1868
4607.680	299.7883	1.1361
4610.060	299.0709	1.0685
4612.440	300.0633	0.9839
4614.820	299.9467	0.9559
4617.200	299.4899	0.9708
4619.580	299.1691	0.9358
4621.960	298.7108	0.9717
4624.340	298.1113	0.9915
4626.720	296.9311	0.9792
4629.100	295.6353	1.0286
4631.480	295.6409	1.0576
4633.860	296.5326	0.9018
4636.240	293.3675	0.8575
4638.620	289.6308	0.9867
4641.000	288.4222	1.1142
4643.380	288.1671	0.9498
4645.760	286.6220	0.8999
4648.140	285.4473	0.8679
4650.520	287.0722	1.0667
4652.900	290.8098	1.0570
4655.280	292.3997	0.9653
4657.660	290.2397	0.9931
4660.040	287.8761	0.9513
4662.420	289.3837	0.9426
4664.800	290.7986	1.0573
4667.180	291.0826	1.0572
4669.560	290.0496	1.0315
4671.940	287.5451	0.9737
4674.320	285.7042	1.1200
4676.700	286.4029	1.1808
4679.080	288.1530	1.2755
4681.460	289.3976	1.6587
4683.840	289.3001	1.6955
4686.220	287.6759	1.7107
4688.600	285.5096	1.4186
4690.980	284.3165	0.8297
4693.360	283.1959	0.8221
4695.740	281.7996	0.7837
4698.120	281.8588	0.7645
4700.500	281.5413	0.7992
4702.880	281.3700	0.9603
4705.260	280.7857	1.0516
4707.640	278.2052	0.8677
4710.020	274.6981	0.9881
4712.400	272.4091	1.0882
4714.780	276.0432	0.9421
4717.160	279.8243	0.8836
4719.540	280.6238	0.8931
4721.920	279.5302	0.9433
4724.300	278.8566	0.9569
4726.680	278.5389	0.9922
4729.060	278.9805	1.0498
4731.440	278.3324	1.1050
4733.820	277.3375	0.9736
4736.200	276.5998	0.9802
4738.580	276.0788	0.8363
4740.960	276.0000	0.9273
4743.340	275.8052	0.9522
4745.720	275.5711	1.0561
4748.100	275.2350	0.9796
4750.480	274.5450	0.9871
4752.860	273.4488	0.9848
4755.240	272.6349	1.0419
4757.620	272.3497	0.8887
4760.000	271.2231	0.9313
4762.380	270.7548	0.9851
4764.760	271.1966	0.9489
4767.140	271.0924	0.9699
4769.520	269.8582	1.0905
4771.900	269.0509	0.9703
4774.280	268.8715	0.8964
4776.660	268.4829	0.8645
4779.040	267.6852	0.8443
4781.420	267.3434	0.8710
4783.800	266.9827	0.8790
4786.180	267.1789	0.8228
4788.560	266.5363	0.8322
4790.940	265.0330	0.8686
4793.320	264.9225	0.8250
4795.700	264.9571	0.9018
4798.080	263.8189	0.9010
4800.460	263.2450	0.8755
4802.840	263.1610	0.9131
4805.220	263.0014	0.9442
4807.600	262.5129	0.9640
4809.980	262.1779	0.9774
4812.360	262.4642	0.8352
4814.740	261.4359	0.7862
4817.120	260.3231	0.8728
4819.500	259.6933	0.9463
4821.880	260.2285	0.9973
4824.260	260.9326	0.8843
4826.640	261.2453	0.8996
4829.020	260.1415	1.0122
4831.400	259.6311	1.0132
4833.780	259.2293	0.9602
4836.160	258.0102	0.9872
4838.540	258.0242	0.9196
4840.920	257.8127	0.9237
4843.300	256.6823	1.0651
4845.680	254.5882	1.1443
4848.060	253.5670	1.0420
4850.440	251.7582	1.0332
4852.820	245.2917	1.0915
4855.200	231.5579	1.1197
4857.580	213.0526	1.2705
4859.960	205.1590	1.2940
4862.340	215.5234	1.2138
4864.720	231.2720	0.7134
4867.100	241.9541	0.6778
4869.480	247.2160	0.6820
4871.860	248.9286	0.7190
4874.240	249.5094	0.7584
4876.620	249.1264	0.8339
4879.000	249.5687	0.8547
4881.380	249.5819	0.8808
4883.760	248.5211	0.9615
4886.140	248.8695	0.8465
4888.520	249.2669	0.9275
4890.900	248.8905	0.8599
4893.280	248.0220	0.8670
4895.660	247.4716	0.9082
4898.040	246.8444	0.9770
4900.420	246.8949	0.8398
4902.800	247.0396	0.8542
4905.180	246.7612	0.8829
4907.560	246.3432	0.8803
4909.940	245.9358	0.8559
4912.320	245.0527	0.8296
4914.700	242.7488	0.8624
4917.080	236.3381	1.0880
4919.460	228.4525	1.2214
4921.840	229.0017	1.0742
4924.220	236.5339	0.7810
4926.600	241.8407	0.8058
4928.980	242.7931	0.8051
4931.360	242.7887	0.7262
4933.740	243.4639	0.8333
4936.120	243.3505	1.0038
4938.500	242.9466	0.8957
4940.880	240.5832	0.8977
4943.260	239.9080	0.8406
4945.640	241.0995	0.7552
4948.020	241.8319	0.8000
4950.400	240.7086	0.9133
4952.780	239.9929	0.8532
4955.160	240.4540	0.8682
4957.540	239.6877	0.8569
4959.920	238.9262	0.7956
4962.300	238.0396	0.7916
4964.680	238.0940	0.8203
4967.060	237.3293	0.7682
4969.440	237.1958	0.8017
4971.820	237.7790	0.8199
4974.200	236.8641	0.8309
4976.580	236.8789	0.8844
4978.960	236.4691	0.9588
4981.340	236.2558	0.9194
4983.720	235.0368	0.8692
4986.100	233.8535	0.8626
4988.480	233.3365	0.8657
4990.860	233.2164	0.7744
4993.240	232.6429	0.8032
4995.620	231.9810	0.8044
4998.000	230.1170	0.8340
5000.380	228.0968	0.7948
5002.760	227.9112	0.8585
5005.140	228.2122	0.8744
5007.520	228.0369	0.8411
5009.900	226.7290	0.9234
5012.280	222.5921	0.8785
5014.660	221.0577	0.8455
5017.040	223.9354	0.7591
5019.420	227.7973	0.7794
5021.800	228.5142	0.8310
5024.180	227.8127	0.8781
5026.560	227.0037	0.8221
5028.940	226.8667	0.7903
5031.320	226.7038	0.8596
5033.700	226.6151	0.8883
5036.080	225.6517	0.9154
5038.460	225.1058	0.8961
5040.840	223.5471	0.8671
5043.220	221.1548	0.8279
5045.600	218.5515	0.8546
5047.980	219.6325	0.8584
5050.360	222.8924	0.7593
5052.740	224.5411	0.7959
5055.120	224.3694	0.8305
5057.500	223.4470	0.8329
5059.880	222.6910	0.8293
5062.260	222.2227	0.7563
5064.640	222.5643	0.7516
5067.020	222.7044	0.8733
5069.400	222.3182	0.8281
5071.780	221.4009	0.8237
5074.160	221.1668	0.8587
5076.540	221.0655	0.8221
5078.920	221.0355	0.8225
5081.300	220.2721	0.7709
5083.680	220.0307	0.7826
5086.060	219.9310	0.7796
5088.440	219.2651	0.8221
5090.820	218.4538	0.8259
5093.200	217.9928	0.8111
5095.580	217.8915	0.8420
5097.960	217.6692	0.9071
5098.200	220.1720	0.7288
5100.340	217.8794	0.8796
5101.130	220.1921	0.9099
5102.720	217.3474	0.8392
5104.060	219.2467	0.8375
5105.100	216.8976	0.7746
5106.990	218.8726	0.6934
5107.480	216.5999	0.7113
5109.860	216.1325	0.7432
5109.920	218.3265	0.7276
5112.240	215.7470	0.6823
5112.850	218.3640	0.7166
5114.620	215.2802	0.8052
5115.780	217.7423	0.8178
5117.000	215.0732	0.8087
5118.710	216.6164	0.8236
5119.380	215.1251	0.8002
5121.640	216.3051	0.7767
5121.760	214.8930	0.8503
5124.140	214.3799	0.7883
5124.570	214.9321	0.9443
5126.520	214.0666	0.7556
5127.500	215.2036	0.6624
5128.900	213.9324	0.6935
5130.430	215.0786	0.6875
5131.280	213.0897	0.8299
5133.360	214.3711	0.7690
5133.660	213.0546	0.8085
5136.040	212.4344	0.8083
5136.290	213.9091	0.7695
5138.420	211.5714	0.8204
5139.220	212.7768	0.7895
5140.800	210.9845	0.8765
5142.150	213.1133	0.7991
5143.180	210.7325	0.8796
5145.080	213.0880	0.8019
5145.560	211.0461	0.8905
5147.940	210.8379	0.9053
5148.010	212.0961	0.8119
5150.320	210.6174	0.8140
5150.940	212.3882	0.6434
5153.870	211.8659	0.7673
5156.800	212.5076	0.7106
5159.730	212.0975	0.7593
5162.660	211.7573	0.7934
5165.590	209.5167	1.2746
5168.520	209.8861	0.9950
5171.450	211.1877	0.7329
5174.380	212.0860	0.8243
5177.310	211.6873	0.9433
5180.240	208.9636	0.7825
5183.170	208.7460	1.0269
5186.100	209.9651	0.8280
5189.030	209.4935	0.8125
5191.960	208.2981	0.7458
5194.890	207.7218	0.6856
5197.820	208.2136	0.6976
5200.750	207.4010	0.7356
5203.680	206.3916	0.6556
5206.610	206.2222	0.7717
5209.540	206.7005	0.6930
5212.470	206.2457	0.8325
5215.400	203.7957	0.6828
5218.330	203.6754	0.6589
5221.260	203.4417	0.6386
5224.190	202.6482	0.6482
5227.120	202.7045	0.7539
5230.050	203.0712	0.6602
5232.980	202.0434	0.6418
5235.910	201.3644	0.6899
5238.840	202.0247	0.7554
5241.770	201.1666	0.7000
5244.700	200.3875	0.6034
5247.630	200.1184	0.6053
5250.560	199.4081	0.6674
5253.490	199.0953	0.6409
5256.420	199.4981	0.5991
5259.350	199.1284	0.5776
5262.280	197.4465	0.7168
5265.210	198.0012	0.6743
5268.140	197.9435	0.5915
5271.070	198.1202	0.6966
5274.000	197.7122	0.7058
5276.930	197.0322	0.6573
5279.860	195.5808	0.5238
5282.790	195.2160	0.5520
5285.720	195.5615	0.6151
5288.650	195.5141	0.5869
5291.580	194.7906	0.5949
5294.510	194.2089	0.6005
5297.440	194.3360	0.6093
5300.370	194.0950	0.5858
5303.300	193.9314	0.6382
5306.230	193.8437	0.5687
5309.160	193.1528	0.5886
5312.090	192.2127	0.5449
5315.020	191.6893	0.5880
5317.950	191.6813	0.6524
5320.880	191.5879	0.6422
5323.810	190.9795	0.6641
5326.740	189.5930	0.7058
5329.670	190.2435	0.6700
5332.600	190.7635	0.6461
5335.530	190.0514	0.5757
5338.460	189.1251	0.6175
5341.390	188.5909	0.6088
5344.320	188.8426	0.6032
5347.250	188.4815	0.5838
5350.180	188.5786	0.5646
5353.110	187.1978	0.6586
5356.040	187.4537	0.6120
5358.970	186.9647	0.5527
5361.900	186.2988	0.6415
5364.830	186.4862	0.6200
5367.760	186.1810	0.5263
5370.690	184.7692	0.5704
5373.620	185.6546	0.6242
5376.550	185.8135	0.6662
5379.480	184.4582	0.5207
5382.410	183.7364	0.5802
5385.340	183.5579	0.5284
5388.270	183.2793	0.5153
5391.200	182.5910	0.5661
5394.130	182.2393	0.5356
5397.060	181.8754	0.5385
5399.990	181.1387	0.5549
5402.920	180.7448	0.6179
5405.850	180.8585	0.6353
5408.780	180.6190	0.6146
5411.710	180.7299	0.6033
5414.640	180.8683	0.6043
5417.570	180.9466	0.5244
5420.500	180.1370	0.5368
5423.430	179.7158	0.5050
5426.360	179.5310	0.5769
5429.290	178.5927	0.5097
5432.220	178.3806	0.4924
5435.150	178.6343	0.5434
5438.080	177.7518	0.5540
5441.010	177.4133	0.5560
5443.940	176.9030	0.5820
5446.870	176.5412	0.4884
5449.800	175.8849	0.5036
5452.730	175.3835	0.4483
5455.660	174.9911	0.4133
5458.590	174.7162	0.4382
5461.520	174.6269	0.4316
5464.450	174.2734	0.4175
5467.380	174.0109	0.4475
5470.310	173.8649	0.4829
5473.240	173.8553	0.4840
5476.170	173.5381	0.5099
5479.100	172.9784	0.5050
5482.030	172.2098	0.4846
5484.960	172.1448	0.4512
5487.890	172.0629	0.4166
5490.820	171.8364	0.4715
5493.750	171.4296	0.4716
5496.680	171.7693	0.4759
5499.610	171.5348	0.4426
5502.540	170.9641	0.4346
5505.470	170.5036	0.4622
5508.400	170.0406	0.5206
5511.330	169.6153	0.5471
5514.260	169.2804	0.4985
5517.190	169.2592	0.4746
5520.120	169.3210	0.4810
5523.050	169.0438	0.4932
5525.980	168.9220	0.4520
5528.910	168.3592	0.4825
5531.840	167.5857	0.5518
5534.770	167.3318	0.5447
5537.700	167.0408	0.5391
5540.630	166.9785	0.4948
5543.560	166.6690	0.4410
5546.490	166.3185	0.4666
5549.420	166.1237	0.4741
5552.350	166.0185	0.4665
5555.280	165.4391	0.4868
5558.210	165.0510	0.4960
5561.140	164.7980	0.5192
5564.070	164.6908	0.5166
5567.000	164.7922	0.4496
5569.930	164.5015	0.4495
5572.860	163.8197	0.4856
5575.790	162.9996	0.5629
5578.720	162.7950	0.5338
5581.650	162.9140	0.5004
5584.580	162.9193	0.5348
5587.510	162.5672	0.5386
5590.440	162.2002	0.5051
5593.370	161.7317	0.4795
5596.300	161.3901	0.4853
5599.230	161.3146	0.4645
5602.160	160.9832	0.4520
5605.090	160.4025	0.4861
5608.020	159.9090	0.5179
5610.950	159.7354	0.4867
5613.880	159.7703	0.4512
5616.810	159.6393	0.4878
5619.740	159.7350	0.4535
5622.670	159.5583	0.4406
5625.600	159.2337	0.4708
5628.530	158.4742	0.5112
5631.460	158.1042	0.4917
5634.390	157.7623	0.4856
5637.320	156.7390	0.4971
5640.250	155.8182	0.5676
5643.180	155.6478	0.4728
5646.110	155.6683	0.4641
5649.040	155.8757	0.4877
5651.970	156.1127	0.4446
5654.900	156.0120	0.4291
5657.830	155.5787	0.4796
5660.760	155.2615	0.4550
5663.690	154.8536	0.4338
5666.620	154.1268	0.4364
5669.550	153.8031	0.4426
5672.480	153.0404	0.4694
5675.410	152.0400	0.5073
5678.340	151.7094	0.5140
5681.270	152.0788	0.5342
5684.200	152.6132	0.4591
5687.130	152.9618	0.4610
5690.060	152.9839	0.4301
5692.990	152.4281	0.4540
5695.920	151.7592	0.4482
5698.850	151.6569	0.4423
5701.780	151.8608	0.4268
5704.710	151.3685	0.4670
5707.640	150.9478	0.5505
5710.570	150.8786	0.5154
5713.500	150.4066	0.4971
5716.430	150.0997	0.4881
5719.360	150.0530	0.4772
5722.290	149.8120	0.4380
5725.220	149.7119	0.4270
5728.150	149.7477	0.4122
5731.080	149.3321	0.4172
5734.010	148.6935	0.3769
5736.940	147.9188	0.4005
5739.870	147.5270	0.3750
5742.800	147.5643	0.4228
5745.730	147.7004	0.4067
5748.660	147.8037	0.4380
5751.590	147.7704	0.4249
5754.520	147.2365	0.4744
5757.450	146.7262	0.4747
5760.380	146.7230	0.4661
5763.310	146.5483	0.4239
5766.240	146.1275	0.4461
5769.170	145.7681	0.4326
5772.100	145.6289	0.4020
5775.030	145.4317	0.3887
5777.960	145.1076	0.3771
5780.890	145.0332	0.4037
5783.820	144.7060	0.4357
5786.750	144.4185	0.4278
5789.680	144.2407	0.4469
5792.610	144.0141	0.4065
5795.540	143.4909	0.4243
5798.470	143.2014	0.4222
5801.400	143.2980	0.4539
5804.330	142.7763	0.4629
5807.260	142.7515	0.4889
5810.190	142.4147	0.4590
5813.120	142.2238	0.4202
5816.050	142.1815	0.4115
5818.980	142.1381	0.3912
5821.910	141.7883	0.3957
5824.840	141.3950	0.3967
5827.770	141.0986	0.4270
5830.700	140.5110	0.4335
5833.630	140.6287	0.3874
5836.560	140.5601	0.3931
5839.490	139.8292	0.4238
5842.420	139.7545	0.3922
5845.350	139.4230	0.4010
5848.280	139.1830	0.4017
5851.210	139.0149	0.4404
5854.140	139.0520	0.4838
5857.070	138.9464	0.4876
5860.000	138.3306	0.4576
5862.930	138.0528	0.4442
5865.860	137.2529	0.4476
5868.790	135.1175	0.4932
5871.720	131.9717	0.8469
5874.650	131.3458	0.9355
5877.580	133.5231	0.6377
5880.510	135.6798	0.3654
5883.440	135.9028	0.3478
5886.370	134.8349	0.4961
5889.300	133.9482	0.6718
5892.230	134.0640	0.6132
5895.160	134.3046	0.5106
5898.090	134.5477	0.4161
5901.020	134.6390	0.4368
5903.950	134.9864	0.4419
5906.880	134.8284	0.4302
5909.810	134.5751	0.4185
5912.740	134.3102	0.3948
5915.670	134.0901	0.3812
5918.600	133.7528	0.3970
5921.530	133.3640	0.4481
5924.460	133.1324	0.4542
5927.390	132.9729	0.4511
5930.320	132.6491	0.4237
5933.250	132.7028	0.3988
5936.180	132.3497	0.3698
5939.110	131.9660	0.3529
5942.040	131.3364	0.4354
5944.970	131.4043	0.4577
5947.900	131.5254	0.4155
5950.830	131.8264	0.4132
5953.760	131.6150	0.4003
5956.690	131.1071	0.4159
5959.620	130.9447	0.3658
5962.550	130.7676	0.3560
5965.480	130.5493	0.3704
5968.410	130.3779	0.4061
5971.340	130.0851	0.4385
5974.270	130.0513	0.4434
5977.200	129.9480	0.4477
5980.130	129.9158	0.4153
5983.060	129.3729	0.4140
5985.990	128.9382	0.4267
5988.920	128.6558	0.3968
5991.850	128.3593	0.4117
5994.780	128.1985	0.4065
5997.710	128.0145	0.4281
6000.640	127.7240	0.4745
6003.570	127.4175	0.4693
6006.500	127.4753	0.4637
6009.430	127.2192	0.4476
6012.360	127.1082	0.3954
6015.290	126.9233	0.3778
6018.220	126.8531	0.3845
6021.150	126.7774	0.3718
6024.080	126.5249	0.4098
6027.010	126.3160	0.3615
6029.940	126.0277	0.3850
6032.870	125.3119	0.3799
6035.800	125.1368	0.3998
6038.730	125.3658	0.3292
6041.660	125.1738	0.3535
6044.590	124.8503	0.3869
6047.520	124.4571	0.3951
6050.450	124.4973	0.4066
6053.380	124.1398	0.4266
6056.310	123.9763	0.4267
6059.240	123.6333	0.4193
6062.170	123.5017	0.4028
6065.100	123.5877	0.3763
6068.030	123.2902	0.3572
6070.960	122.8883	0.3641
6073.890	122.6351	0.3416
6076.820	122.7510	0.3714
6079.750	122.5721	0.3647
6082.680	122.2390	0.3674
6085.610	121.7665	0.4077
6088.540	121.6759	0.3542
6091.470	121.3219	0.3870
6094.400	120.9677	0.3782
6097.330	120.8990	0.3606
6100.260	121.1642	0.3735
6103.190	121.0633	0.3601
6106.120	120.7452	0.3403
6109.050	120.2003	0.3571
6111.980	119.8824	0.3723
6114.910	119.9249	0.3715
6117.840	119.7363	0.3810
6120.770	119.4769	0.3623
6123.700	119.5248	0.3631
6126.630	119.2312	0.3788
6129.560	119.1659	0.3704
6132.490	119.1641	0.3444
6135.420	119.2327	0.3540
6138.350	118.7597	0.3845
6141.280	118.3935	0.3584
6144.210	118.0418	0.3410
6147.140	117.8130	0.3625
6150.070	117.6154	0.3373
6153.000	117.4601	0.3195
6155.930	117.1116	0.3354
6158.860	116.9687	0.4018
6161.790	117.1865	0.4551
6164.720	116.9064	0.4391
6167.650	116.6825	0.4092
6170.580	116.5488	0.3441
6173.510	116.3449	0.3437
6176.440	115.9152	0.3304
6179.370	115.4865	0.3288
6182.300	115.4384	0.3216
6185.230	115.3233	0.3142
6188.160	115.3067	0.3441
6191.090	115.1612	0.3877
6194.020	115.0082	0.3620
6196.950	114.8146	0.3677
6199.880	114.6695	0.3431
6202.810	114.4684	0.3174
6205.740	114.1794	0.3169
6208.670	113.9132	0.3297
6211.600	113.8707	0.3396
6214.530	113.5698	0.3470
6217.460	113.3292	0.3650
6220.390	113.0415	0.3305
6223.320	113.0386	0.3300
6226.250	112.8397	0.3465
6229.180	112.8501	0.3682
6232.110	112.7994	0.3434
6235.040	112.2326	0.3233
6237.970	111.9238	0.3808
6240.900	111.9395	0.3685
6243.830	112.0044	0.3545
6246.760	111.7786	0.3420
6249.690	111.5939	0.3416
6252.620	111.5984	0.3341
6255.550	111.4085	0.3328
6258.480	111.2034	0.3121
6261.410	110.8027	0.3324
6264.340	110.4383	0.3672
6267.270	110.2422	0.3390
6270.200	110.2055	0.3678
6273.130	109.8182	0.3358
6276.060	109.7496	0.3162
6278.990	109.6798	0.3284
6281.920	109.4666	0.3542
6284.850	109.2120	0.3947
6287.780	109.3749	0.3437
6290.710	109.5908	0.3144
6293.640	109.6148	0.3078
6296.570	109.5332	0.3210
6299.500	109.2555	0.3270
6302.430	108.7802	0.3213
6305.360	108.5470	0.3493
6308.290	108.2338	0.3834
6311.220	107.9954	0.3629
6314.150	107.8787	0.4127
6317.080	107.3867	0.3707
6320.010	107.0343	0.3335
6322.940	106.5454	0.3517
6325.870	106.0074	0.3648
6328.800	105.6808	0.3511
6331.730	105.4753	0.2850
6334.660	105.3990	0.2962
6337.590	105.7592	0.2884
6340.520	105.9425	0.2836
6343.450	106.0744	0.2823
6346.380	105.8990	0.2534
6349.310	105.6727	0.2724
6352.240	105.6873	0.2811
6355.170	105.5328	0.2984
6358.100	105.5904	0.2949
6361.030	105.3460	0.2829
6363.960	104.9523	0.2977
6366.890	104.5905	0.3090
6369.820	104.3117	0.3371
6372.750	104.1817	0.3342
6375.680	103.9431	0.3266
6378.610	103.9075	0.3241
6381.540	103.8497	0.3022
6384.470	103.7693	0.2920
6387.400	103.8348	0.3452
6390.330	103.7350	0.2986
6393.260	103.3115	0.2915
6396.190	102.7959	0.3065
6399.120	102.4646	0.2880
6402.050	102.2954	0.2970
6404.980	102.3764	0.3043
6407.910	102.2553	0.3443
6410.840	102.0657	0.3348
6413.770	101.9342	0.3118
6416.700	102.0741	0.3017
6419.630	101.8235	0.2927
6422.560	101.7554	0.2576
6425.490	101.4834	0.2967
6428.420	101.4241	0.3062
6431.350	101.1950	0.2905
6434.280	101.0244	0.3059
6437.210	100.7739	0.3411
6440.140	100.5347	0.3707
6443.070	100.3286	0.3281
6446.000	100.1676	0.3173
6448.930	100.0733	0.3181
6451.860	100.0038	0.3249
6454.790	99.8546	0.3091
6457.720	99.7047	0.3413
6460.650	99.7509	0.3256
6463.580	99.6471	0.2939
6466.510	99.5140	0.2898
6469.440	99.1975	0.2960
6472.370	98.8828	0.3008
6475.300	98.3075	0.2907
6478.230	98.1566	0.2843
6481.160	98.2034	0.3007
6484.090	98.2999	0.2961
6487.020	98.1586	0.3025
6489.950	98.2671	0.2956
6492.880	98.3955	0.3372
6495.810	98.3445	0.3646
6498.740	97.9029	0.3250
6501.670	97.3443	0.3139
6504.600	97.1743	0.3425
6507.530	97.1106	0.3256
6510.460	97.1630	0.3282
6513.390	96.9284	0.3147
6516.320	96.6671	0.3294
6519.250	96.3228	0.3376
6522.180	96.1917	0.3448
6525.110	96.2604	0.3166
6528.040	96.2666	0.3110
6530.970	96.0226	0.3050
6533.900	96.0565	0.2855
6536.830	95.9840	0.2952
6539.760	95.9476	0.3020
6542.690	95.9252	0.3620
6545.620	95.5327	0.3708
6548.550	94.6173	0.3945
6551.480	93.4311	0.4726
6554.410	92.9873	0.5068
6557.340	94.4369	0.5123
6560.270	97.5451	0.6579
6563.200	97.5081	0.7156
6566.130	95.0557	0.4731
6569.060	93.4647	0.4556
6571.990	92.1790	0.2705
6574.920	91.2794	0.2459
6577.850	91.5293	0.2492
6580.780	92.5997	0.2508
6583.710	93.4807	0.2448
6586.640	93.6586	0.2675
6589.570	93.4815	0.3244
6592.500	93.3267	0.3465
6595.430	93.2194	0.2860
6598.360	93.2119	0.2814
6601.290	93.0326	0.2828
6604.220	92.9862	0.2699
6607.150	92.8218	0.2735
6610.080	92.4579	0.2792
6613.010	92.1411	0.2817
6615.940	92.0976	0.2905
6618.870	92.0588	0.2655
6621.800	91.9428	0.2609
6624.730	91.7741	0.2827
6627.660	91.5969	0.2704
6630.590	91.5086	0.2931
6633.520	91.3209	0.3042
6636.450	91.0235	0.2926
6639.380	90.8499	0.2904
6642.310	90.7503	0.3047
6645.240	90.4559	0.3149
6648.170	90.3722	0.2775
6651.100	90.3361	0.2631
6654.030	90.1882	0.2850
6656.960	90.2706	0.2607
6659.890	90.0904	0.2834
6662.820	89.8581	0.2958
6665.750	89.4190	0.3310
6668.680	88.7691	0.2628
6671.610	87.1409	0.2792
6674.540	84.9984	0.4479
6677.470	85.0059	0.5126
6680.400	86.8438	0.3796
6683.330	88.2132	0.2920
6686.260	88.6195	0.2758
6689.190	88.6826	0.2413
6692.120	88.5364	0.2408
6695.050	88.4555	0.2760
6697.980	88.2207	0.2985
6700.910	88.1306	0.2806
6703.840	87.9767	0.2816
6706.770	87.9377	0.2686
6709.700	87.8564	0.2917
6712.630	87.9136	0.2720
6715.560	87.8553	0.2657
6718.490	87.4585	0.2809
6721.420	87.1702	0.3210
6724.350	87.1010	0.3045
6727.280	87.0964	0.2914
6730.210	86.9478	0.3041
6733.140	86.6566	0.2839
6736.070	86.5232	0.2762
6739.000	86.4724	0.2516
6741.930	86.4327	0.2501
6744.860	86.3920	0.2764
6747.790	86.2914	0.2855
6750.720	86.1057	0.2794
6753.650	85.8160	0.2914
6756.580	85.6448	0.2504
6759.510	85.5385	0.2369
6762.440	85.4193	0.2392
6765.370	85.3061	0.2639
6768.300	85.2048	0.2510
6771.230	85.0105	0.2548
6774.160	84.7811	0.2772
6777.090	84.5862	0.2621
6780.020	84.5462	0.2554
6782.950	84.5745	0.2349
6785.880	84.4596	0.2254
6788.810	84.2330	0.2469
6791.740	84.0383	0.2586
6794.670	84.1021	0.2415
6797.600	83.9607	0.2392
6800.530	83.7836	0.2442
6803.460	83.7200	0.2241
6806.390	83.6448	0.2489
6809.320	83.4950	0.2429
6812.250	83.5758	0.2107
6815.180	83.3168	0.2213
6818.110	82.9899	0.2254
6821.040	82.8483	0.2306
6823.970	82.6792	0.2584
6826.900	82.7144	0.2724
6829.830	82.6100	0.2703
6832.760	82.4834	0.2598
6835.690	82.4496	0.2580
6838.620	82.2203	0.2585
6841.550	82.1152	0.2269
6844.480	82.0812	0.2372
6847.410	81.7664	0.2473
6850.340	81.6375	0.2562
6853.270	81.4652	0.2707
6856.200	81.2671	0.2700
6859.130	81.0971	0.2818
6862.060	80.9430	0.2567
6864.990	80.7882	0.2557
6867.920	80.6959	0.2652
6870.850	80.7418	0.2447
6873.780	80.7932	0.2286
6876.710	80.7817	0.2214
6879.640	80.5942	0.2387
6882.570	80.2852	0.2707
6885.500	80.1121	0.3134
6888.430	80.1175	0.2786
6891.360	80.2042	0.2593
6894.290	79.9752	0.2386
6897.220	79.9669	0.2253
6900.150	79.9258	0.2105
6903.080	79.8549	0.2228
6906.010	79.7197	0.2237
6908.940	79.5252	0.2386
6911.870	79.3145	0.2458
6914.800	79.2566	0.2327
6917.730	78.9729	0.2281
6920.660	78.8324	0.2294
6923.590	78.7803	0.2218
6926.520	78.6477	0.2139
6929.450	78.3668	0.2126
6932.380	78.3494	0.2130
6935.310	78.3290	0.1995
6938.240	78.1839	0.2160
6941.170	78.1176	0.2120
6944.100	78.0461	0.2161
6947.030	77.8899	0.2317
6949.960	77.7595	0.2396
6952.890	77.6003	0.2270
6955.820	77.4543	0.2218
6958.750	77.2816	0.2156
6961.680	77.1809	0.2174
6964.610	77.1020	0.2363
6967.540	77.0157	0.2347
6970.470	76.9790	0.2320
6973.400	77.0481	0.2233
6976.330	77.0893	0.2256
6979.260	76.9220	0.2373
6982.190	76.6403	0.2138
6985.120	76.2979	0.2213
6988.050	76.1853	0.2285
6990.980	76.0855	0.2478
6993.910	76.0061	0.2448
6996.840	75.8677	0.2334
6999.770	75.7789	0.2399
7002.700	75.6610	0.2440
7005.630	75.5845	0.2398
7008.560	75.4518	0.2367
7011.490	75.4036	0.2222
7014.420	75.3779	0.2068
7017.350	75.1302	0.2077
7020.280	75.0648	0.2183
7023.210	75.0440	0.2253
7026.140	74.9015	0.2278
7029.070	74.7622	0.2160
7032.000	74.8393	0.1935
7034.930	74.7494	0.1874
7037.860	74.6394	0.1842
7040.790	74.5300	0.1913
7043.720	74.3037	0.2111
7046.650	74.2449	0.2076
7049.580	74.1124	0.1944
7052.510	74.0434	0.1973
7055.440	73.6237	0.2137
7058.370	72.7091	0.2431
7061.300	71.5041	0.2848
7064.230	71.3637	0.3637
7067.160	72.1972	0.2939
7070.090	72.8437	0.2009
7073.020	73.0310	0.2055
7075.950	73.1178	0.2141
7078.880	73.0737	0.2012
7081.810	72.8632	0.1931
7084.740	72.6666	0.2001
7087.670	72.6645	0.1943
7090.600	72.5996	0.1874
7093.530	72.4420	0.1937
7096.460	72.2582	0.1881
7099.390	72.2163	0.1924
7102.320	72.2039	0.2097
7105.250	72.1222	0.2303
7108.180	72.0158	0.2269
7111.110	71.8936	0.2198
7114.040	71.7234	0.1989
7116.970	71.5236	0.2102
7119.900	71.5132	0.2206
7122.830	71.4936	0.2289
7125.760	71.4410	0.2151
7128.690	71.3317	0.1954
7131.620	71.2413	0.1950
7134.550	71.0703	0.1990
7137.480	71.0433	0.1906
7140.410	71.0282	0.1925
7143.340	71.0640	0.2259
7146.270	70.9657	0.2079
7149.200	70.6225	0.2176
7152.130	70.2635	0.2194
7155.060	69.9868	0.2088
7157.990	69.9180	0.2101
7160.920	69.9501	0.2032
7163.850	69.9431	0.2315
7166.780	69.8687	0.2296
7169.710	69.7793	0.2614
7172.640	69.7378	0.2670
7175.570	69.6739	0.2481
7178.500	69.5362	0.2381
7181.430	69.4503	0.2177
7184.360	69.3871	0.2118
7187.290	69.3624	0.1984
7190.220	69.2288	0.1972
7193.150	69.1116	0.1912
7196.080	68.9959	0.1931
7199.010	68.8619	0.2209
7201.940	68.7926	0.2112
7204.870	68.7758	0.2000
7207.800	68.7440	0.1956
7210.730	68.6639	0.1883
7213.660	68.5112	0.1909
7216.590	68.4313	0.1887
7219.520	68.5003	0.2087
7222.450	68.3723	0.2814
7225.380	68.3508	0.2645
7228.310	68.3095	0.2180
7231.240	68.1151	0.2061
7234.170	68.1749	0.2010
7237.100	68.0479	0.1948
7240.030	67.7786	0.2011
7242.960	67.6463	0.2104
7245.890	67.5311	0.2283
7248.820	67.4366	0.2171
7251.750	67.3171	0.2140
7254.680	67.0968	0.2052
7257.610	66.9885	0.1905
7260.540	66.9305	0.1787
7263.470	66.8001	0.1958
7266.400	66.6492	0.1914
7269.330	66.4544	0.2175
7272.260	66.2023	0.2179
7275.190	65.4258	0.2096
7278.120	64.7347	0.2280
7281.050	64.8912	0.2435
7283.980	65.5671	0.2091
7286.910	65.8181	0.2176
7289.840	65.6841	0.2289
7292.770	65.5147	0.2104
7295.700	65.3531	0.2066
7298.630	65.3384	0.2082
7301.560	65.3750	0.2063
7304.490	65.3989	0.2029
7307.420	65.3121	0.2002
7310.350	65.2738	0.1929
7313.280	65.2046	0.1961
7316.210	65.0559	0.1977
7319.140	65.0527	0.1792
7322.070	65.1179	0.1836
7325.000	64.9741	0.1950
7327.930	64.8592	0.1968
7330.860	64.7978	0.1970
7333.790	64.6006	0.2182
7336.720	64.3086	0.2345
7339.650	64.2938	0.2111
7342.580	64.3607	0.1894
7345.510	64.3397	0.1774
7348.440	64.2050	0.1769
7351.370	64.0791	0.2112
7354.300	63.9688	0.2196
7357.230	63.9459	0.1923
7360.160	63.8644	0.1924
7363.090	63.7031	0.1942
7366.020	63.5865	0.1937
7368.950	63.6755	0.1831
7371.880	63.6499	0.1818
7374.810	63.4895	0.1740
7377.740	63.3828	0.1876
7380.670	63.2536	0.1813
7383.600	63.1975	0.2013
7386.530	63.1231	0.1955
7389.460	63.0666	0.1890
7392.390	62.9503	0.1809
7395.320	62.7873	0.1772
7398.250	62.5794	0.1728
7401.180	62.4476	0.1737
7404.110	62.3902	0.1768
7407.040	62.3264	0.1849
7409.970	62.2734	0.2038
7412.900	62.1707	0.2183
7415.830	62.2092	0.2003
7418.760	62.1612	0.1788
7421.690	62.0987	0.1932
7424.620	61.9983	0.1927
7427.550	61.8516	0.1751
7430.480	61.7852	0.1806
7433.410	61.6868	0.1799
7436.340	61.5447	0.1762
7439.270	61.4631	0.1888
7442.200	61.4740	0.1718
7445.130	61.4742	0.1871
7448.060	61.4116	0.1884
7450.990	61.1457	0.1982
7453.920	60.9827	0.2107
7456.850	60.9454	0.1936
7459.780	60.9114	0.1996
7462.710	60.8734	0.1994
7465.640	60.8012	0.2113
7468.570	60.6975	0.1966
7471.500	60.5657	0.1997
7474.430	60.4431	0.2193
7477.360	60.3333	0.2093
7480.290	60.1887	0.2082
7483.220	60.1870	0.1917
7486.150	60.1143	0.1867
7489.080	59.9839	0.1834
7492.010	59.8697	0.1988
7494.940	59.5621	0.2017
7497.870	59.2475	0.2056
7500.800	59.3268	0.2002
7503.730	59.5019	0.1915
7506.660	59.5369	0.1851
7509.590	59.6554	0.1853
7512.520	59.5858	0.1900
7515.450	59.4477	0.1659
7518.380	59.3447	0.1791
7521.310	59.2774	0.1915
7524.240	59.1855	0.2029
7527.170	58.9969	0.1929
7530.100	58.9483	0.1901
7533.030	58.9370	0.1920
7535.960	58.7904	0.1671
7538.890	58.6352	0.1805
7541.820	58.5592	0.1916
7544.750	58.5228	0.1875
7547.680	58.4389	0.1579
7550.610	58.3877	0.1673
7553.540	58.3730	0.1600
7556.470	58.2993	0.1627
7559.400	58.1452	0.1758
7562.330	58.0628	0.1909
7565.260	57.9078	0.2164
7568.190	57.8403	0.2237
7571.120	57.8561	0.1931
7574.050	57.7685	0.1691
7576.980	57.6676	0.1648
7579.910	57.5202	0.1799
7582.840	57.4798	0.1973
7585.770	57.4209	0.2280
7588.700	57.2300	0.2370
7591.630	56.9411	0.2601
7594.560	56.6813	0.2831
7597.490	56.4229	0.2817
7600.420	56.5107	0.2534
7603.350	56.7644	0.2292
7606.280	57.0152	0.1906
7609.210	57.1300	0.1956
7612.140	57.2312	0.1889
7615.070	57.3002	0.1924
7618.000	56.8636	0.1752
7620.930	56.4081	0.1866
7623.860	56.1883	0.2317
7626.790	56.1747	0.2094
7629.720	56.1976	0.2012
7632.650	56.1893	0.1795
7635.580	56.0570	0.1540
7638.510	56.0446	0.1689
7641.440	55.9584	0.2027
7644.370	55.9349	0.1807
7647.300	55.8777	0.1675
7650.230	55.7902	0.1864
7653.160	55.7380	0.1745
7656.090	55.6812	0.1964
7659.020	55.6291	0.2124
7661.950	55.6202	0.2063
7664.880	55.6518	0.1906
7667.810	55.5125	0.1507
7670.740	55.2848	0.1557
7673.670	55.2363	0.1697
7676.600	55.1660	0.1764
7679.530	55.0545	0.1869
7682.460	54.9380	0.1755
7685.390	54.7216	0.1965
7688.320	54.5834	0.1901
7691.250	54.6251	0.1861
7694.180	54.5967	0.1701
7697.110	54.5210	0.1657
7700.040	54.5318	0.1658
7702.970	54.4460	0.1641
7705.900	54.3443	0.1627
7708.830	54.2627	0.1665
7711.760	54.2157	0.1756
7714.690	54.1966	0.1759
7717.620	54.1455	0.1579
7720.550	54.0934	0.1836
7723.480	54.0954	0.1931
7726.410	54.0711	0.1801
7729.340	53.8781	0.1847
7732.270	53.7902	0.1863
7735.200	53.6924	0.1641
7738.130	53.6761	0.1696
7741.060	53.6360	0.1530
7743.990	53.4934	0.1716
7746.920	53.4009	0.1594
7749.850	53.3901	0.1478
7752.780	53.3193	0.1553
7755.710	53.1468	0.1646
7758.640	53.1221	0.1510
7761.570	52.9296	0.1642
7764.500	52.5209	0.1576
7767.430	51.8709	0.1444
7770.360	51.1971	0.1685
7773.290	51.2305	0.1797
7776.220	51.9410	0.1668
7779.150	52.3429	0.1736
7782.080	52.4846	0.1548
7785.010	52.4854	0.1627
7787.940	52.4430	0.1585
7790.870	52.3081	0.1504
7793.800	52.2279	0.1487
7796.730	52.2413	0.1520
7799.660	52.3065	0.1552
7802.590	52.1822	0.1738
7805.520	51.9905	0.1933
7808.450	51.8080	0.1752
7811.380	51.6005	0.1641
7814.310	51.4879	0.1546
7817.240	51.5830	0.1599
7820.170	51.7230	0.1597
7823.100	51.8135	0.1580
7826.030	51.7266	0.1619
7828.960	51.6142	0.1724
7831.890	51.4733	0.1881
7834.820	51.4587	0.1696
7837.750	51.3172	0.1644
7840.680	51.2032	0.1558
7843.610	51.0597	0.1508
7846.540	50.9019	0.1689
7849.470	50.9817	0.1849
7852.400	50.9765	0.1743
7855.330	50.9852	0.1839
7858.260	50.9483	0.1650
7861.190	50.9002	0.1575
7864.120	50.8719	0.1633
7867.050	50.7351	0.1703
7869.980	50.5096	0.1846
7872.910	50.3591	0.1682
7875.840	50.2615	0.1702
7878.770	50.2887	0.1609
7881.700	50.1620	0.1608
7884.630	50.0776	0.1710
7887.560	50.0682	0.1668
7890.490	50.1710	0.1470
7893.420	50.2343	0.1480
7896.350	50.3094	0.1573
7899.280	50.2913	0.1803
7902.210	50.0961	0.1747
7905.140	49.9332	0.1800
7908.070	49.8205	0.1796
7911.000	49.6775	0.1909
7913.930	49.5462	0.1832
7916.860	49.3407	0.1749
7919.790	49.2508	0.1578
7922.720	49.1372	0.1824
7925.650	49.1447	0.1640
7928.580	49.2347	0.1562
7931.510	49.1172	0.1624
7934.440	49.0340	0.1625
7937.370	48.9387	0.1533
7940.300	48.9529	0.1443
7943.230	48.8897	0.1402
7946.160	48.7154	0.1441
7949.090	48.5510	0.1419
7952.020	48.6189	0.1440
7954.950	48.6112	0.1520
7957.880	48.5908	0.1646
7960.810	48.4522	0.1759
7963.740	48.3222	0.1811
7966.670	48.3728	0.1695
7969.600	48.2844	0.1628
7972.530	48.2872	0.1724
7975.460	48.2916	0.1643
7978.390	48.3745	0.1696
7981.320	48.3532	0.1572
7984.250	48.2389	0.1562
7987.180	48.0456	0.1726
7990.110	47.9059	0.1772
7993.040	47.9276	0.1590
7995.970	47.8354	0.1589
7998.900	47.7670	0.1492
8001.830	47.5867	0.1466
8004.760	47.6532	0.1300
8007.690	47.6282	0.1216
8010.620	47.6745	0.1226
8013.550	47.6934	0.1292
8016.480	47.7432	0.1532
8019.410	47.7889	0.1618
8022.340	47.6163	0.1616
8025.270	47.5737	0.1526
8028.200	47.5667	0.1729
8031.130	47.3734	0.1550
8034.060	47.1060	0.1438
8036.990	46.8900	0.1464
8039.920	46.8005	0.1480
8042.850	46.7835	0.1452
8045.780	46.8296	0.1445
8048.710	46.7467	0.1532
8051.640	46.5785	0.1586
8054.570	46.4400	0.1828
8057.500	46.4401	0.1604
8060.430	46.4063	0.1439
8063.360	46.5579	0.1462
8066.290	46.6597	0.1323
8069.220	46.6035	0.1567
8072.150	46.6022	0.1501
8075.080	46.4010	0.1502
8078.010	46.3338	0.1652
8080.940	46.1112	0.1733
8083.870	46.0756	0.1566
8086.800	45.9509	0.1409
8089.730	45.8378	0.1444
8092.660	45.8372	0.1439
8095.590	45.8094	0.1458
8098.520	45.7587	0.1457
8101.450	45.6498	0.1521
8104.380	45.6564	0.1542
8107.310	45.6060	0.1622
8110.240	45.4763	0.1458
8113.170	45.3630	0.1589
8116.100	45.3918	0.1707
8119.030	45.4177	0.1609
8121.960	45.4861	0.1577
8124.890	45.5846	0.1427
8127.820	45.5865	0.1319
8130.750	45.4559	0.1380
8133.680	45.2509	0.1307
8136.610	45.1021	0.1439
8139.540	44.9576	0.1439
8142.470	44.9201	0.1520
8145.400	44.8083	0.1283
8148.330	44.7325	0.1291
8151.260	44.6843	0.1343
8154.190	44.6419	0.1389
8157.120	44.6818	0.1571
8160.050	44.6595	0.1546
8162.980	44.6224	0.1622
8165.910	44.5688	0.1710
8168.840	44.3801	0.1948
8171.770	44.3082	0.1837
8174.700	44.3436	0.1704
8177.630	44.3219	0.1694
8180.560	44.2013	0.1796
8183.490	44.0389	0.1879
8186.420	44.1029	0.1656
8189.350	44.0034	0.1608
8192.280	43.9763	0.1522
8195.210	43.9296	0.1591
8198.140	43.6949	0.1357
8201.070	43.5421	0.1307
8204.000	43.4971	0.1373
8206.930	43.5645	0.1461
8209.860	43.6814	0.1328
8212.790	43.7689	0.1274
8215.720	43.6777	0.1177
8218.650	43.6034	0.1354
8221.580	43.4759	0.1538
8224.510	43.2423	0.1701
8227.440	43.0831	0.2021
8230.370	43.2093	0.2391
8233.300	43.4023	0.2088
8236.230	43.4235	0.1752
8239.160	43.3349	0.1539
8242.090	43.2023	0.1189
8245.020	43.1664	0.1161
8247.950	43.1058	0.1325
8250.880	42.9129	0.1257
8253.810	42.7764	0.1370
8256.740	42.5762	0.1557
8259.670	42.3502	0.1391
8262.600	42.1759	0.1345
8265.530	42.1649	0.1327
8268.460	42.2645	0.1352
8271.390	42.4171	0.1253
8274.320	42.6002	0.1196
8277.250	42.5714	0.1149
8280.180	42.3676	0.1322
8283.110	42.3374	0.1239
8286.040	42.2562	0.1266
8288.970	42.1591	0.1363
8291.900	42.0854	0.1450
8294.830	41.8648	0.1411
8297.760	41.6729	0.1458
8300.690	41.6619	0.1286
8303.620	41.8505	0.1158
8306.550	41.8743	0.1315
8309.480	41.7912	0.1466
8312.410	41.7085	0.1438
8315.340	41.7458	0.1558
8318.270	41.7646	0.1513
8321.200	41.7578	0.1477
8324.130	41.7761	0.1404
8327.060	41.7231	0.1636
8329.990	41.5060	0.1644
8332.920	41.3567	0.1613
8335.850	41.0609	0.1575
8338.780	40.7792	0.1524
8341.710	40.6571	0.1555
8344.640	40.7261	0.1506
8347.570	40.9770	0.1273
8350.500	40.9259	0.1425
8353.430	40.6328	0.1482
8356.360	40.4214	0.1298
8359.290	40.3741	0.1306
8362.220	40.5385	0.1537
8365.150	40.7186	0.1567
8368.080	40.5872	0.1313
8371.010	40.5566	0.1178
8373.940	40.6005	0.1150
8376.870	40.7275	0.1417
8379.800	40.9381	0.1624
8382.730	40.8640	0.1675
8385.660	40.7531	0.1418
8388.590	40.3820	0.1272
8391.520	40.2958	0.1252
8394.450	40.4526	0.1424
8397.380	40.6517	0.1514
8400.310	40.6957	0.1342
8403.240	40.6012	0.1101
8406.170	40.1316	0.1065
8409.100	39.6506	0.1195
8412.030	39.4551	0.1411
8414.960	39.7655	0.1629
8417.890	40.3769	0.1257
8420.820	40.8301	0.1140
8423.750	40.7868	0.1175
8426.680	40.2608	0.1415
8429.610	39.5571	0.1742
8432.540	38.9038	0.1423
8435.470	38.5396	0.1418
8438.400	38.4910	0.1374
8441.330	38.9678	0.1271
8444.260	39.6316	0.1216
8447.190	40.1083	0.1267
8450.120	40.2622	0.1837
8453.050	40.1107	0.1386
8455.980	39.7406	0.1276
8458.910	38.9177	0.1541
8461.840	38.0380	0.1538
8464.770	37.6198	0.1513
8467.700	38.1598	0.1451
8470.630	39.1952	0.1303
8473.560	39.8088	0.1316
8476.490	40.2189	0.1445
8479.420	40.4635	0.1467
8482.350	40.5760	0.1427
8485.280	40.4079	0.1718
8488.210	39.9764	0.1645
8491.140	39.2131	0.1578
8494.070	38.4292	0.1954
8497.000	37.3577	0.2573
8499.930	36.4414	0.1896
8502.860	36.6533	0.1490
8505.790	37.9034	0.1606
8508.720	38.9250	0.1510
8511.650	39.5343	0.1405
8514.580	39.7867	0.1613
8517.510	39.9010	0.1494
8520.440	39.9287	0.1426
8523.370	39.8215	0.1425
8526.300	39.6937	0.1581
8529.230	39.3342	0.1836
8532.160	38.8520	0.1629
8535.090	38.1250	0.1532
8538.020	37.0358	0.2975
8540.950	35.8683	0.3604
8543.880	35.4688	0.2606
8546.810	36.2538	0.1548
8549.740	37.6994	0.1851
8552.670	38.6511	0.1644
8555.600	39.2518	0.1348
8558.530	39.5777	0.1280
8561.460	39.9415	0.1340
8564.390	40.1776	0.1388
8567.320	40.2602	0.1357
8570.250	40.0080	0.1382
8573.180	39.5874	0.1443
8576.110	38.7994	0.1474
8579.040	38.0791	0.1527
8581.970	37.8101	0.1680
8584.900	37.5907	0.1573
8587.830	36.8104	0.1497
8590.760	35.2904	0.1154
8593.690	33.6698	0.1078
8596.620	33.1464	0.1057
8599.550	34.3109	0.1317
8602.480	36.1280	0.1313
8605.410	37.5313	0.1113
8608.340	38.4635	0.1021
8611.270	38.9684	0.1056
8614.200	39.3216	0.1233
8617.130	39.4439	0.1143
8620.060	39.2217	0.1453
8622.990	39.0811	0.1953
8625.920	39.0372	0.1689
8628.850	39.1170	0.1470
8631.780	39.0309	0.1338
8634.710	38.8482	0.1646
8637.640	38.6737	0.1698
8640.570	38.3699	0.1637
8643.500	37.9641	0.1475
8646.430	37.6230	0.1414
8649.360	37.0714	0.1469
8652.290	36.4179	0.1481
8655.220	35.4277	0.1055
8658.150	33.8656	0.2521
8661.080	32.3565	0.2915
8664.010	32.2073	0.2236
8666.940	33.5543	0.1526
8669.870	35.3386	0.1473
8672.800	36.6256	0.1410
8675.730	37.3834	0.1409
8678.660	37.8732	0.1436
8681.590	38.1356	0.1347
8684.520	38.3290	0.1316
8687.450	38.4219	0.1344
8690.380	38.3804	0.1339
8693.310	38.4550	0.1279
8696.240	38.5031	0.1229
8699.170	38.4314	0.1290
8702.100	38.4332	0.1341
8705.030	38.3195	0.1389
8707.960	38.3006	0.1358
8710.890	38.3278	0.1317
8713.820	38.2170	0.1301
8716.750	38.0174	0.1165
8719.680	37.7030	0.1200
8722.610	37.4038	0.1307
8725.540	37.1383	0.1113
8728.470	36.7824	0.1016
8731.400	36.4361	0.0983
8734.330	36.2210	0.1075
8737.260	35.7184	0.1148
8740.190	34.4615	0.1059
8743.120	32.5056	0.1022
8746.050	30.3755	0.0955
8748.980	30.1154	0.0945
8751.910	31.9001	0.1121
8754.840	34.0471	0.1105
8757.770	35.5456	0.1134
8760.700	36.2552	0.1234
8763.630	36.7633	0.1313
8766.560	36.8821	0.1417
8769.490	36.4878	0.1443
8772.420	35.6445	0.1413
8775.350	35.3783	0.1405
8778.280	36.0315	0.1328
8781.210	36.5038	0.1469
8784.140	36.6949	0.1504
8787.070	36.7400	0.1525
8790.000	36.8196	0.1282
8792.930	36.8498	0.1169
8795.860	36.7840	0.1102
8798.790	36.6604	0.1115
8801.720	36.7800	0.1340
8804.650	36.9611	0.1630
8807.580	37.0212	0.1489
8810.510	36.7393	0.1542
8813.440	36.5522	0.1581
8816.370	36.2525	0.1535
8819.300	36.0886	0.1429
8822.230	36.1398	0.1417
8825.160	36.0692	0.1482
8828.090	36.1262	0.1282
8831.020	36.1139	0.1255
8833.950	35.9558	0.1276
8836.880	35.7964	0.1206
8839.810	35.3231	0.1024
8842.740	34.6768	0.1049
8845.670	34.2413	0.1196
8848.600	33.9115	0.1512
8851.530	33.2455	0.1445
8854.460	31.4542	0.1273
8857.390	29.1724	0.1097
8860.320	28.2641	0.0898
8863.250	29.5221	0.1048
8866.180	31.6524	0.1225
8869.110	33.3589	0.1236
8872.040	34.3737	0.1121
8874.970	34.9051	0.1112
8877.900	35.3251	0.0924
8880.830	35.4692	0.1073
8883.760	35.3858	0.1291
8886.690	35.4972	0.1143
8889.620	35.4970	0.0928
8892.550	35.3760	0.1087
8895.480	35.3244	0.1415
8898.410	35.3567	0.1444
8901.340	35.2426	0.1422
8904.270	35.1433	0.1328
8907.200	35.0873	0.1286
8910.130	35.0453	0.1124
8913.060	35.1066	0.1293
8915.990	35.0807	0.1212
8918.920	35.2104	0.1146
8921.850	35.2789	0.1334
8924.780	35.1253	0.1455
8927.710	34.8553	0.1411
8930.640	34.6524	0.1196
8933.570	34.5853	0.1148
8936.500	34.5904	0.1206
8939.430	34.5640	0.1393
8942.360	34.6334	0.1361
8945.290	34.7087	0.1235
8948.220	34.7250	0.1233
8951.150	34.8809	0.1140
8954.080	34.8741	0.1288
8957.010	34.7939	0.1270
8959.940	34.7726	0.1020
8962.870	34.6948	0.1053
8965.800	34.6837	0.1224
8968.730	34.5803	0.1309
8971.660	34.3062	0.1504
8974.590	34.1276	0.1405
8977.520	34.0434	0.1356
8980.450	34.0589	0.1215
8983.380	33.9727	0.1134
8986.310	33.7209	0.1225
8989.240	33.3581	0.1338
8992.170	32.8264	0.1230
8995.100	32.2520	0.1347
8998.030	32.0481	0.1409
9000.960	31.9272	0.1252
9003.890	31.1306	0.1095
9006.820	29.3086	0.1076
9009.750	27.1717	0.1074
9012.680	26.4183	0.1274
9015.610	28.0103	0.1349
9018.540	30.2949	0.1183
9021.470	31.8010	0.1224
9024.400	32.5849	0.1372
9027.330	33.0246	0.1409
9030.260	33.3021	0.1163
9033.190	33.4413	0.0889
9036.120	33.4950	0.0925
9039.050	33.3666	0.0946
9041.980	33.3353	0.1215
9044.910	33.2083	0.1247
9047.840	33.1128	0.1460
9050.770	32.9538	0.1410
9053.700	32.7643	0.1227
9056.630	32.2025	0.0936
9059.560	31.4943	0.1056
9062.490	31.6052	0.1160
9065.420	32.3427	0.1330
9068.350	32.8191	0.1469
9071.280	33.1288	0.1374
9074.210	33.3651	0.1240
9077.140	33.3067	0.1213
9080.070	33.0246	0.1398
9083.000	32.7512	0.1195
9085.930	32.7291	0.1178
9088.860	32.9292	0.1261
9091.790	32.8517	0.1358
9094.720	32.7308	0.1151
9097.650	32.7262	0.1134
9100.580	32.7200	0.1279
9103.510	32.6834	0.1281
9106.440	32.6935	0.1248
9109.370	32.7079	0.1348
9112.300	32.6252	0.1392
9115.230	32.5341	0.1517
9118.160	32.4159	0.1511
9121.090	32.3061	0.1272
9124.020	32.2938	0.1113
9126.950	32.2304	0.1107
9129.880	32.1683	0.1307
9132.810	32.1638	0.1440
9135.740	32.1363	0.1304
9138.670	32.1524	0.1316
9141.600	32.2622	0.1242
9144.530	32.3299	0.1252
9147.460	32.3257	0.1097
9150.390	32.3110	0.1124
9153.320	32.1789	0.1288
9156.250	32.1463	0.1293
9159.180	32.1421	0.1326
9162.110	32.0561	0.1275
9165.040	31.8563	0.1338
9167.970	31.6141	0.1282
9170.900	31.4192	0.1173
9173.830	31.3672	0.1327
9176.760	31.5104	0.1312
9179.690	31.5434	0.1295
9182.620	31.5044	0.1348
9185.550	31.6034	0.1130
9188.480	31.7396	0.1163
9191.410	31.8706	0.1164
9194.340	31.7937	0.1177
9197.270	31.5386	0.1292
9200.200	31.1395	0.1174
9203.130	30.4197	0.1327
9206.060	29.4851	0.1235
9208.990	29.1079	0.1178
9211.920	29.2376	0.1170
9214.850	29.3885	0.1192
9217.780	28.7548	0.1214
9220.710	27.1000	0.1093
9223.640	25.0286	0.0916
9226.570	24.1987	0.0974
9229.500	25.5923	0.1026
9232.430	27.6667	0.1192
9235.360	29.1179	0.1089
9238.290	29.9076	0.1019
9241.220	30.2441	0.1092
9244.150	30.4655	0.1252
9247.080	30.5234	0.1438
9250.010	30.6096	0.1455
9252.940	30.7384	0.1269
9255.870	30.5740	0.1150
9258.800	30.0998	0.1196
9261.730	29.8149	0.1227
9264.660	29.9948	0.1259
9267.590	30.3092	0.1255
9270.520	30.4236	0.1358
9273.450	30.4400	0.1397
9276.380	30.3700	0.1493
9279.310	30.3651	0.1578
9282.240	30.3019	0.1297
9285.170	30.4111	0.1158
9288.100	30.4561	0.1178
9291.030	30.4596	0.1018
9293.960	30.5665	0.0984
9296.890	30.4826	0.1118
9299.820	30.3439	0.1246
9302.750	30.2968	0.1431
9305.680	30.2984	0.1252
9308.610	30.1561	0.1257
9311.540	29.9255	0.1240
9314.470	29.8554	0.1488
9317.400	30.0090	0.1357
9320.330	29.9480	0.1511
9323.260	29.9648	0.1702
9326.190	30.1162	0.1555
9329.120	30.0581	0.1401
9332.050	29.9123	0.1520
9334.980	29.7501	0.1752
9337.910	29.6856	0.1954
9340.840	29.7094	0.1866
9343.770	29.9257	0.1815
9346.700	29.8723	0.1642
9349.630	29.5979	0.1507
9352.560	29.4171	0.1691
9355.490	29.4951	0.1616
9358.420	29.6671	0.1382
9361.350	29.6107	0.1395
9364.280	29.4992	0.1403
9367.210	29.5511	0.1527
9370.140	29.5767	0.1455
9373.070	29.2779	0.1382
9376.000	29.2487	0.1405
9378.930	29.4515	0.1560
9381.860	29.4074	0.1489
9384.790	29.4507	0.1105
9387.720	29.5038	0.1119
9390.650	29.3887	0.1243
9393.580	29.2883	0.1480
9396.510	29.2115	0.1375
9399.440	29.1405	0.1345
9402.370	29.1540	0.1362
9405.300	29.3031	0.1533
9408.230	29.2059	0.1525
9411.160	29.0390	0.1875
9414.090	28.9018	0.1781
9417.020	28.8352	0.1400
9419.950	28.8333	0.1466
9422.880	28.8133	0.1450
9425.810	28.7211	0.1432
9428.740	29.0981	0.1356
9431.670	29.1898	0.1232
9434.600	28.8987	0.1176
9437.530	28.6111	0.1521
9440.460	28.6047	0.1720
9443.390	28.7465	0.1499
9446.320	28.7498	0.1297
9449.250	28.7239	0.1266
9452.180	28.6086	0.1371
9455.110	28.3606	0.1373
9458.040	28.0648	0.1249
9460.970	28.0782	0.1145
9463.900	28.3576	0.1087
9466.830	28.4843	0.1063
9469.760	28.5329	0.1193
9472.690	28.4426	0.1324
9475.620	28.2916	0.1401
9478.550	28.2177	0.1451
9481.480	28.2477	0.1363
9484.410	28.2680	0.1212
9487.340	28.1263	0.1360
9490.270	28.0435	0.1327
9493.200	28.1239	0.1265
9496.130	28.1755	0.1407
9499.060	28.0984	0.1549
9501.990	28.1476	0.1398
9504.920	28.0278	0.1221
9507.850	27.6478	0.1197
9510.780	26.8901	0.1346
9513.710	26.1995	0.1518
9516.640	26.1723	0.1616
9519.570	26.0321	0.1423
9522.500	25.4455	0.1092
9525.430	25.2688	0.1023
9528.360	25.8268	0.1058
9531.290	26.1078	0.1095
9534.220	25.6967	0.1186
9537.150	24.5406	0.1241
9540.080	22.8504	0.1254
9543.010	21.8685	0.1283
9545.940	22.6859	0.1306
9548.870	24.2690	0.1388
9551.800	25.3255	0.1436
9554.730	26.2910	0.1353
9557.660	26.8634	0.1456
9560.590	27.1375	0.1449
9563.520	27.1492	0.1558
9566.450	27.2510	0.1784
9569.380	27.4829	0.1650
9572.310	27.5985	0.1461
9575.240	27.3374	0.1302
9578.170	27.1959	0.1377
9581.100	27.1751	0.1365
9584.030	27.1772	0.1478
9586.960	27.0830	0.1779
9589.890	26.9811	0.1834
9592.820	27.1300	0.1732
9595.750	27.1324	0.1732
9598.680	27.1203	0.1607
9601.610	27.0821	0.1726
9604.540	27.0967	0.1916
9607.470	27.2351	0.2111
9610.400	27.2399	0.2258
9613.330	27.1122	0.2228
9616.260	26.7441	0.1953
9619.190	26.5456	0.2403
9622.120	26.4225	0.2481
9625.050	26.3798	0.2479
9627.980	26.6728	0.2288
9630.910	26.7567	0.2175
9633.840	26.8642	0.2262
9636.770	26.9657	0.2412
9639.700	27.0563	0.2315
9642.630	26.9547	0.2412
9645.560	26.8250	0.2597
9648.490	26.6971	0.2447
9651.420	26.6524	0.2574
9654.350	26.5145	0.2458
9657.280	26.5934	0.2459
9660.210	26.7358	0.2785
9663.140	26.7985	0.2796
9666.070	26.7527	0.2748
9669.000	26.8296	0.2713
9671.930	26.7805	0.2879
9674.860	26.6192	0.2853
9677.790	26.5079	0.2979
9680.720	26.3777	0.2869
9683.650	26.4920	0.3063
9686.580	26.4949	0.3076
9689.510	26.3955	0.3060
9692.440	26.4552	0.3093
9695.370	26.5633	0.3115
9698.300	26.5095	0.3044
9701.230	26.6213	0.3247
