3298.680	3648.1897	24.8570
3301.060	3610.8360	29.0387
3303.440	3593.1618	26.0002
3305.820	3599.4994	22.6546
3308.200	3596.7400	21.6706
3310.580	3567.2730	23.7107
3312.960	3565.9948	23.1070
3315.340	3551.4839	22.9639
3317.720	3539.9427	23.3235
3320.100	3518.9641	27.5111
3322.480	3539.4873	23.1122
3324.860	3543.1252	20.5246
3327.240	3511.5428	20.9796
3329.620	3504.2829	19.6938
3332.000	3500.0288	21.9390
3334.380	3503.4985	20.5817
3336.760	3497.7809	20.2384
3339.140	3475.0899	18.8980
3341.520	3462.7092	18.5436
3343.900	3466.9839	19.2862
3346.280	3472.5626	17.1610
3348.660	3484.9293	19.9871
3351.040	3440.9765	18.0851
3353.420	3381.3975	19.8493
3355.800	3356.5750	24.2338
3358.180	3365.5541	22.2189
3360.560	3422.4994	23.5071
3362.940	3388.1143	19.2946
3365.320	3328.1930	20.1115
3367.700	3335.8903	18.7388
3370.080	3365.7709	19.9415
3372.460	3378.3922	19.4742
3374.840	3381.3570	19.6510
3377.220	3328.2549	23.0185
3379.600	3354.7977	15.5973
3381.980	3358.4005	15.2547
3384.360	3341.4224	16.5128
3386.740	3321.4223	20.1110
3389.120	3321.1191	17.7504
3391.500	3315.0230	16.5906
3393.880	3304.0615	19.6614
3396.260	3270.5090	15.8245
3398.640	3244.5655	20.3492
3401.020	3244.1164	21.4905
3403.400	3261.5464	16.8063
3405.780	3256.6832	15.7733
3408.160	3252.7209	13.9893
3410.540	3248.2077	15.0901
3412.920	3237.2194	17.0352
3415.300	3244.5586	15.9468
3417.680	3219.1468	18.1822
3420.060	3203.4228	19.4801
3422.440	3204.8288	16.8453
3424.820	3219.8480	13.3844
3427.200	3214.3596	13.6406
3429.580	3191.4588	17.5069
3431.960	3169.7969	19.2371
3434.340	3160.7979	18.5269
3436.720	3141.8207	19.5163
3439.100	3128.3993	17.3845
3441.480	3119.7372	18.1716
3443.860	3105.8331	16.5351
3446.240	3115.2885	14.3431
3448.620	3097.3475	18.3740
3451.000	3090.7236	17.9107
3453.380	3084.5259	17.1464
3455.760	3086.3202	15.8517
3458.140	3091.1108	13.6480
3460.520	3074.2069	14.3089
3462.900	3060.0088	14.1081
3465.280	3059.0804	18.7855
3467.660	3055.0080	17.4354
3470.040	3035.6100	18.8245
3472.420	3029.5836	15.3007
3474.800	3006.1242	14.3945
3477.180	2947.1272	16.3766
3479.560	2892.6968	19.1186
3481.940	2872.8352	16.9361
3484.320	2895.3178	14.8955
3486.700	2946.2175	15.9183
3489.080	2989.8479	14.4594
3491.460	2984.7935	15.1877
3493.840	2964.9272	13.4563
3496.220	2972.6445	13.8053
3498.600	2967.8571	12.8855
3500.980	2939.4108	16.5581
3503.360	2917.9438	17.5129
3505.740	2923.4386	16.3013
3508.120	2921.4329	13.9411
3510.500	2924.2524	13.1117
3512.880	2924.2792	13.5023
3515.260	2903.5611	13.1935
3517.640	2906.7042	11.2925
3520.020	2895.5336	11.7923
3522.400	2897.2420	13.4964
3524.780	2904.5351	18.4786
3527.160	2884.2890	12.3494
3529.540	2869.9382	11.8024
3531.920	2863.1876	12.6796
3534.300	2852.3144	11.9386
3536.680	2841.3380	11.9155
3539.060	2828.9978	12.2285
3541.440	2824.5387	13.2667
3543.820	2816.3529	13.6091
3546.200	2806.3144	15.4117
3548.580	2803.5381	13.6908
3550.960	2799.4898	14.1714
3553.340	2789.1951	14.6346
3555.720	2760.8995	15.1422
3558.100	2750.0646	15.6123
3560.480	2756.1242	14.3399
3562.860	2766.7514	12.3798
3565.240	2760.4881	12.1943
3567.620	2755.4789	11.0394
3570.000	2735.3128	15.1278
3572.380	2730.9301	11.9889
3574.760	2729.9340	12.2600
3577.140	2725.9093	13.0588
3579.520	2734.3923	13.9346
3581.900	2724.8115	13.4312
3584.280	2722.2827	13.6921
3586.660	2715.9850	12.9787
3589.040	2713.2507	12.2852
3591.420	2696.4907	13.1185
3593.800	2670.4769	16.3408
3596.180	2656.2972	16.9755
3598.560	2660.1224	15.7751
3600.940	2660.5289	12.1625
3603.320	2651.1976	11.4348
3605.700	2655.7187	12.1146
3608.080	2645.9867	10.8541
3610.460	2629.3613	13.4175
3612.840	2604.4109	16.7176
3615.220	2600.0004	14.6735
3617.600	2620.9643	10.3809
3619.980	2608.6820	13.6517
3622.360	2595.0756	12.4994
3624.740	2573.9131	16.8662
3627.120	2565.9582	15.8625
3629.500	2564.6045	13.4875
3631.880	2575.9929	14.4439
3634.260	2566.3745	13.5200
3636.640	2545.1199	12.9661
3639.020	2538.4473	11.9499
3641.400	2544.6100	11.4630
3643.780	2539.7567	11.7408
3646.160	2533.5301	10.9571
3648.540	2529.0688	11.4930
3650.920	2517.7424	9.5795
3653.300	2510.0224	12.1610
3655.680	2508.5015	12.1797
3658.060	2499.8761	11.4213
3660.440	2504.5123	9.9623
3662.820	2502.5845	9.5097
3665.200	2492.4396	9.7595
3667.580	2486.6110	10.0224
3669.960	2476.0511	11.4160
3672.340	2459.4222	13.6827
3674.720	2459.1914	11.9302
3677.100	2449.1607	10.9328
3679.480	2449.8451	10.1190
3681.860	2447.0661	10.3942
3684.240	2440.6780	10.9794
3686.620	2433.3095	11.1172
3689.000	2423.1224	11.2698
3691.380	2420.2196	11.1666
3693.760	2407.9218	11.6368
3696.140	2410.3189	11.1699
3698.520	2395.1348	11.0746
3700.900	2379.3996	15.0027
3703.280	2381.2151	12.4114
3705.660	2370.8627	11.0790
3708.040	2360.8986	9.4325
3710.420	2346.5778	10.4646
3712.800	2334.6265	11.9739
3715.180	2332.8336	13.2830
3717.560	2342.3420	10.3688
3719.940	2366.1597	12.7950
3722.320	2356.4167	9.9940
3724.700	2333.6191	11.0797
3727.080	2323.6347	12.8172
3729.460	2324.7608	11.9005
3731.840	2327.7544	12.8764
3734.220	2333.9829	12.4895
3736.600	2334.7773	9.7979
3738.980	2303.0642	14.3329
3741.360	2285.9639	13.6179
3743.740	2282.8372	8.7669
3746.120	2269.0190	10.2392
3748.500	2271.6021	10.8611
3750.880	2281.0896	11.9224
3753.260	2260.2230	17.6793
3755.640	2247.9073	13.0214
3758.020	2263.3758	8.6191
3760.400	2259.4154	8.8184
3762.780	2242.9692	9.9489
3765.160	2239.4979	9.6710
3767.540	2239.0694	9.3327
3769.920	2229.4572	10.0418
3772.300	2225.4182	9.6714
3774.680	2236.8825	8.8676
3777.060	2233.8452	8.3623
3779.440	2226.5554	7.9308
3781.820	2211.4419	8.6683
3784.200	2201.7392	8.5738
3786.580	2196.3227	10.1854
3788.960	2198.5767	8.5326
3791.340	2174.8439	8.9117
3793.720	2157.0477	9.1453
3796.100	2170.5619	10.2767
3798.480	2182.8694	9.7333
3800.860	2180.1431	8.6466
3803.240	2166.5409	8.8860
3805.620	2160.7094	10.1688
3808.000	2154.9526	8.5496
3810.380	2139.9949	9.6824
3812.760	2135.7048	9.8616
3815.140	2130.7106	12.4279
3817.520	2126.9581	12.2852
3819.900	2113.2340	12.4116
3822.280	2108.3656	10.0089
3824.660	2111.0924	7.9753
3827.040	2111.3794	7.6252
3829.420	2105.0720	7.4248
3831.800	2104.0313	7.7777
3834.180	2109.7259	9.4308
3836.560	2116.4407	8.7772
3838.940	2105.9233	9.6610
3841.320	2092.6092	7.9890
3843.700	2074.2230	11.9094
3846.080	2066.4517	11.5037
3848.460	2073.1889	9.5305
3850.840	2069.3751	8.6899
3853.220	2065.8151	7.7677
3855.600	2065.7069	7.2819
3857.980	2068.3755	8.4223
3860.360	2065.8635	7.9048
3862.740	2035.2433	12.6471
3865.120	2027.0532	12.9702
3867.500	2040.0143	8.7283
3869.880	2044.2271	9.2048
3872.260	2042.4828	7.1106
3874.640	2036.6165	7.9084
3877.020	2023.5214	7.3384
3879.400	2012.3460	7.9935
3881.780	1999.8282	8.4588
3884.160	1976.6144	8.5284
3886.540	1965.7986	9.3398
3888.920	1962.3404	9.6453
3891.300	1970.5681	6.8279
3893.680	1974.0340	7.6514
3896.060	1977.0286	8.6057
3898.440	1984.7687	7.2937
3900.820	1990.4310	6.5334
3903.200	1988.4729	6.2361
3905.580	1983.5964	6.7549
3907.960	1982.7608	7.2710
3910.340	1964.5936	9.3683
3912.720	1951.6827	10.0789
3915.100	1940.0758	9.3302
3917.480	1936.0750	8.5393
3919.860	1922.4232	8.5112
3922.240	1904.9010	8.7071
3924.620	1909.5339	8.6451
3927.000	1916.6172	10.2347
3929.380	1922.7491	9.7506
3931.760	1943.5016	17.2184
3934.140	1965.3122	18.0948
3936.520	1937.1880	12.2728
3938.900	1918.5032	10.0739
3941.280	1914.9077	8.8450
3943.660	1908.7367	10.4811
3946.040	1911.7596	7.7269
3948.420	1897.7536	9.0525
3950.800	1889.9459	9.3340
3953.180	1887.3306	9.9427
3955.560	1871.3519	9.0296
3957.940	1851.1936	9.6383
3960.320	1833.3756	10.0556
3962.700	1812.6968	8.7940
3965.080	1793.7980	11.9267
3967.460	1804.8185	15.8518
3969.840	1816.1506	16.9190
3972.220	1800.2239	9.2727
3974.600	1797.9523	9.4676
3976.980	1804.1813	9.7730
3979.360	1807.4222	11.4683
3981.740	1820.7550	11.5768
3984.120	1837.4467	8.2553
3986.500	1839.6034	7.4738
3988.880	1837.1559	8.1398
3991.260	1838.7912	7.9084
3993.640	1838.8828	7.4132
3996.020	1825.8651	7.5171
3998.400	1816.8139	7.2663
4000.780	1802.7910	7.6318
4003.160	1795.0562	7.9345
4005.540	1802.2012	7.3377
4007.920	1807.4636	6.3856
4010.300	1800.7704	6.9148
4012.680	1786.0008	6.5949
4015.060	1766.9540	6.0622
4017.440	1750.4716	5.5879
4019.820	1729.6910	6.3675
4022.200	1694.9983	7.8148
4024.580	1666.3973	8.7949
4026.960	1658.6812	6.5984
4029.340	1683.2715	5.8723
4031.720	1711.0530	5.0480
4034.100	1730.0768	5.0330
4036.480	1735.1548	5.5392
4038.860	1738.7756	6.3778
4041.240	1747.3124	6.1046
4043.620	1756.4032	7.0488
4046.000	1755.8384	5.7812
4048.380	1754.3734	5.9929
4050.760	1750.4824	6.5959
4053.140	1742.4064	6.2305
4055.520	1723.7258	5.8068
4057.900	1715.2918	5.9350
4060.280	1723.3549	5.9858
4062.660	1734.2417	5.6088
4065.040	1729.9419	5.9411
4067.420	1723.2201	6.2378
4069.800	1720.4670	6.4989
4072.180	1715.3925	6.4086
4074.560	1706.2934	6.5426
4076.940	1696.1266	6.8077
4079.320	1682.9315	6.4642
4081.700	1674.9896	6.1508
4084.080	1665.9976	5.9540
4086.460	1648.7038	6.5629
4088.840	1622.6714	6.9650
4091.220	1597.5851	6.6792
4093.600	1557.0393	6.8660
4095.980	1507.2242	7.5833
4098.360	1479.2625	9.2620
4100.740	1478.0921	9.7901
4103.120	1501.9147	7.2983
4105.500	1537.6100	6.1195
4107.880	1569.1648	5.5987
4110.260	1596.2271	5.8240
4112.640	1610.9241	5.4138
4115.020	1615.0590	5.6794
4117.400	1625.0081	5.5195
4119.780	1632.8251	5.7002
4122.160	1633.5705	5.4656
4124.540	1634.5347	6.3072
4126.920	1635.8460	6.1400
4129.300	1632.1415	5.5577
4131.680	1634.3634	6.1406
4134.060	1632.0705	6.3467
4136.440	1620.1827	6.5254
4138.820	1612.2394	6.2798
4141.200	1610.1360	6.9328
4143.580	1616.8855	6.5725
4145.960	1606.7410	5.4964
4148.340	1602.5386	5.9009
4150.720	1603.8987	6.1228
4153.100	1608.7549	5.8827
4155.480	1608.3821	6.3273
4157.860	1601.7059	5.9881
4160.240	1596.7927	6.0041
4162.620	1590.6772	6.5436
4165.000	1585.7791	5.8950
4167.380	1579.9875	5.9971
4169.760	1577.0483	4.7706
4172.140	1571.2661	5.6072
4174.520	1566.7608	5.9098
4176.900	1553.6344	5.1078
4179.280	1540.5988	5.3796
4181.660	1535.0479	4.8752
4184.040	1522.8614	4.9374
4186.420	1507.7945	5.3131
4188.800	1488.1539	5.8450
4191.180	1459.2739	6.5460
4193.560	1427.8046	5.5758
4195.940	1387.1955	5.6515
4198.320	1362.2444	6.1788
4200.700	1363.3644	5.5213
4203.080	1386.5867	4.6957
4205.460	1413.4560	5.1070
4207.840	1438.7134	4.6678
4210.220	1452.0850	5.0570
4212.600	1463.6888	5.2239
4214.980	1476.9028	5.3569
4217.360	1480.3765	4.7128
4219.740	1476.5496	5.0440
4222.120	1480.5483	4.5444
4224.500	1489.4667	6.9847
4226.880	1487.3677	4.8658
4229.260	1484.4201	4.7750
4231.640	1477.6197	6.7240
4234.020	1481.3163	5.2921
4236.400	1483.9285	4.7776
4238.780	1482.2309	4.8128
4241.160	1479.0084	5.0266
4243.540	1473.2989	4.9830
4245.920	1473.3224	4.8117
4248.300	1473.2243	5.2784
4250.680	1469.4393	5.2731
4253.060	1463.8695	5.1557
4255.440	1456.8106	5.1025
4257.820	1458.2641	5.0481
4260.200	1454.3934	4.9675
4262.580	1450.8818	5.0691
4264.960	1444.0582	5.5418
4267.340	1441.0156	5.5199
4269.720	1441.4199	5.4460
4272.100	1442.8163	6.0068
4274.480	1435.1792	4.8900
4276.860	1429.7617	4.9433
4279.240	1423.2152	5.0966
4281.620	1418.2215	4.8864
4284.000	1406.0932	5.1301
4286.380	1398.8978	5.1686
4288.760	1388.8208	5.6251
4291.140	1384.4295	4.9301
4293.520	1389.3000	5.3758
4295.900	1395.2209	5.6156
4298.280	1396.4091	5.6001
4300.660	1395.8544	5.3077
4303.040	1393.0083	5.1127
4305.420	1388.0250	4.6821
4307.800	1388.1746	6.0871
4310.180	1382.8998	6.9173
4312.560	1367.5189	5.3082
4314.940	1356.7429	6.0280
4317.320	1336.5487	8.1797
4319.700	1326.5112	6.4434
4322.080	1318.6645	5.3363
4324.460	1308.9979	6.2862
4326.840	1289.4556	5.0876
4329.220	1261.4914	5.3140
4331.600	1227.1775	5.9846
4333.980	1188.6303	5.5703
4336.360	1154.9803	6.0159
4338.740	1149.0845	8.3064
4341.120	1166.7856	7.3521
4343.500	1190.7632	4.7551
4345.880	1223.0627	4.4382
4348.260	1255.2872	4.0981
4350.640	1278.8395	4.1917
4353.020	1291.3747	4.0828
4355.400	1300.1172	3.8366
4357.780	1300.9091	3.9580
4360.160	1302.0704	4.3713
4362.540	1305.2946	4.5249
4364.920	1305.9071	4.4774
4367.300	1303.0065	4.9119
4369.680	1302.2687	5.1495
4372.060	1300.4918	4.7889
4374.440	1293.6722	4.7758
4376.820	1284.2259	5.1437
4379.200	1280.7283	5.2636
4381.580	1287.9680	5.2533
4383.960	1294.1433	5.3894
4386.340	1295.7281	5.9911
4388.720	1288.0657	5.1547
4391.100	1283.0468	4.2034
4393.480	1281.1455	4.6123
4395.860	1279.0906	4.3855
4398.240	1278.0645	4.1431
4400.620	1279.1167	4.0351
4403.000	1279.0463	5.1012
4405.380	1277.0885	4.1922
4407.760	1275.2970	4.0607
4410.140	1270.5005	4.4660
4412.520	1269.6103	4.3711
4414.900	1267.8117	3.9964
4417.280	1262.6041	4.6204
4419.660	1258.4290	4.3065
4422.040	1254.1539	4.5422
4424.420	1253.1087	4.5482
4426.800	1252.2691	4.2184
4429.180	1248.4475	4.2438
4431.560	1248.5453	4.5353
4433.940	1247.6892	4.2228
4436.320	1242.4853	4.3856
4438.700	1239.5860	4.0286
4441.080	1230.2705	4.6449
4443.460	1229.5682	3.9711
4445.840	1225.8336	4.2029
4448.220	1216.2525	4.4112
4450.600	1212.3016	4.3046
4452.980	1208.3356	4.1985
4455.360	1203.8394	4.0962
4457.740	1197.9639	4.2801
4460.120	1199.0172	3.8406
4462.500	1201.9469	3.7115
4464.880	1195.0458	4.6401
4467.260	1168.2801	6.2648
4469.640	1135.7136	6.0725
4472.020	1127.3757	4.4187
4474.400	1150.6725	3.2758
4476.780	1172.5512	3.6687
4479.160	1176.0290	3.6923
4481.540	1173.6064	3.6248
4483.920	1173.6483	3.6683
4486.300	1172.7067	3.6707
4488.680	1168.5514	3.7886
4491.060	1167.8165	3.7855
4493.440	1167.8140	4.6179
4495.820	1167.2686	4.1995
4498.200	1168.6379	4.2138
4500.580	1165.9088	4.3087
4502.960	1161.0006	4.3008
4505.340	1156.0705	4.5102
4507.720	1149.1194	4.3908
4510.100	1141.5544	4.0290
4512.480	1132.9108	3.8963
4514.860	1132.5429	3.6399
4517.240	1132.8631	3.9099
4519.620	1132.6733	3.8326
4522.000	1123.8294	4.2813
4524.380	1116.4322	3.7961
4526.760	1104.8202	3.8187
4529.140	1088.0086	4.0061
4531.520	1066.1678	4.5004
4533.900	1039.0118	4.4613
4536.280	1003.6560	4.6584
4538.660	964.4164	4.8325
4541.040	947.6214	3.9734
4543.420	965.5652	3.5405
4545.800	1001.8268	3.6910
4548.180	1034.9111	3.4655
4550.560	1058.4921	3.3582
4552.940	1072.2519	3.3705
4555.320	1084.3865	3.1946
4557.700	1089.6952	3.2474
4560.080	1094.8709	3.4792
4562.460	1097.4497	3.4747
4564.840	1097.9324	3.3189
4567.220	1100.6113	3.4615
4569.600	1099.0379	3.4266
4571.980	1100.3535	3.8166
4574.360	1101.6711	3.7509
4576.740	1099.2790	3.7676
4579.120	1095.2402	3.9298
4581.500	1093.2452	3.8920
4583.880	1093.1483	3.7513
4586.260	1089.7934	3.8834
4588.640	1083.8757	4.2543
4591.020	1079.5583	3.7936
4593.400	1079.2958	3.4670
4595.780	1079.6829	3.7294
4598.160	1078.5168	3.4029
4600.540	1075.5157	3.5776
4602.920	1065.5545	3.7793
4605.300	1055.0033	4.2282
4607.680	1048.4892	4.0187
4610.060	1050.0136	3.8304
4612.440	1054.6947	3.5914
4614.820	1055.9331	3.5300
4617.200	1055.5843	3.4712
4619.580	1051.6441	3.3632
4621.960	1045.1793	3.4926
4624.340	1039.6149	3.5529
4626.720	1036.1422	3.5953
4629.100	1030.3877	3.6447
4631.480	1023.9272	3.7016
4633.860	1028.9425	3.1971
4636.240	1032.0089	3.1252
4638.620	1022.6780	3.5872
4641.000	1019.4029	4.0580
4643.380	1021.6351	3.6863
4645.760	1027.2089	3.3361
4648.140	1031.2996	3.1231
4650.520	1023.5409	3.8549
4652.900	1016.1472	3.8339
4655.280	1016.3637	3.4991
4657.660	1012.4998	3.5707
4660.040	1009.5268	3.4428
4662.420	1010.7819	3.3311
4664.800	1007.2673	3.7238
4667.180	1001.3301	3.7025
4669.560	992.8235	3.6426
4671.940	977.6562	3.4102
4674.320	962.7695	3.8571
4676.700	939.6941	3.9800
4679.080	903.1520	4.1152
4681.460	847.1336	4.9254
4683.840	791.2232	4.7299
4686.220	790.0768	4.7400
4688.600	842.9631	4.1918
4690.980	895.0847	2.6514
4693.360	929.5007	2.6584
4695.740	949.7831	2.6906
4698.120	963.2722	2.5558
4700.500	969.8565	2.8246
4702.880	971.3242	3.3659
4705.260	969.6283	3.7022
4707.640	968.3954	3.1191
4710.020	973.4590	3.5168
4712.400	972.8099	3.9230
4714.780	972.2814	3.4589
4717.160	974.7220	3.1867
4719.540	976.3273	3.2086
4721.920	973.1358	3.3659
4724.300	970.4701	3.4311
4726.680	969.6715	3.5555
4729.060	970.5824	3.7331
4731.440	967.3841	3.8609
4733.820	965.1715	3.4971
4736.200	963.9397	3.5122
4738.580	962.3812	3.0231
4740.960	960.7221	3.3335
4743.340	958.6401	3.4025
4745.720	956.7673	3.6989
4748.100	955.6196	3.4301
4750.480	953.9941	3.4587
4752.860	950.5311	3.4627
4755.240	947.7438	3.7198
4757.620	946.7239	3.1555
4760.000	941.6606	3.3624
4762.380	940.9523	3.5831
4764.760	942.2014	3.4052
4767.140	940.4641	3.4082
4769.520	935.9383	3.8537
4771.900	933.7707	3.4088
4774.280	933.6717	3.1497
4776.660	932.2369	3.0674
4779.040	928.4910	3.0172
4781.420	925.4892	3.0257
4783.800	923.1996	3.0379
4786.180	921.9563	2.8545
4788.560	920.1149	2.9126
4790.940	916.2445	3.0169
4793.320	915.6991	2.8933
4795.700	913.9723	3.0476
4798.080	908.9957	3.1449
4800.460	906.1403	3.0451
4802.840	905.1197	3.2009
4805.220	906.3189	3.3426
4807.600	906.3307	3.3378
4809.980	905.3936	3.4339
4812.360	904.9094	2.9536
4814.740	901.1061	2.8608
4817.120	897.4512	3.0903
4819.500	893.6290	3.3725
4821.880	894.1148	3.4718
4824.260	895.7494	3.0881
4826.640	895.6544	3.1777
4829.020	889.5866	3.5104
4831.400	883.9890	3.5024
4833.780	879.4854	3.3099
4836.160	872.8422	3.3969
4838.540	869.3184	3.1968
4840.920	863.4519	3.0756
4843.300	852.5575	3.5035
4845.680	837.8408	3.8519
4848.060	823.0038	3.4280
4850.440	805.3143	3.4212
4852.820	777.5380	3.5301
4855.200	742.9505	3.7182
4857.580	717.4971	4.3144
4859.960	717.2277	4.5478
4862.340	739.7259	4.2303
4864.720	766.2710	2.3918
4867.100	790.8276	2.2129
4869.480	810.9218	2.2672
4871.860	822.8327	2.3982
4874.240	831.6906	2.5645
4876.620	835.6816	2.8917
4879.000	840.5777	2.9881
4881.380	842.0956	3.0017
4883.760	838.7078	3.2586
4886.140	842.4807	2.9320
4888.520	845.0527	3.2512
4890.900	843.9726	2.9882
4893.280	840.8284	3.0067
4895.660	838.2626	3.0899
4898.040	836.3100	3.3578
4900.420	836.4794	2.8767
4902.800	835.8434	2.9903
4905.180	833.2574	3.0964
4907.560	833.0360	3.0468
4909.940	834.0869	2.9183
4912.320	833.8744	2.9920
4914.700	832.3269	3.0803
4917.080	828.0720	3.8761
4919.460	824.0742	4.4727
4921.840	820.2832	3.8900
4924.220	817.5675	2.7794
4926.600	818.6036	2.7805
4928.980	819.2401	2.8657
4931.360	820.1465	2.6237
4933.740	819.9467	2.8301
4936.120	820.1766	3.4362
4938.500	822.0271	3.0212
4940.880	817.3943	3.0879
4943.260	815.8966	2.9342
4945.640	817.2577	2.5530
4948.020	817.3700	2.7225
4950.400	814.0188	3.1822
4952.780	813.3120	2.9572
4955.160	815.0296	2.9371
4957.540	812.2222	2.9906
4959.920	810.2909	2.7128
4962.300	807.1690	2.8249
4964.680	804.3857	2.8364
4967.060	803.6430	2.6559
4969.440	802.4622	2.7944
4971.820	802.7282	2.7768
4974.200	801.3527	2.9605
4976.580	800.4194	3.0397
4978.960	797.9286	3.3040
4981.340	795.3614	3.1966
4983.720	791.8940	2.9974
4986.100	788.7342	3.0554
4988.480	789.3804	3.0379
4990.860	789.6420	2.6987
4993.240	788.8385	2.7897
4995.620	787.2919	2.8281
4998.000	784.4412	2.8955
5000.380	784.2463	2.7814
5002.760	783.4277	2.9906
5005.140	780.8127	3.0747
5007.520	776.5228	2.9765
5009.900	774.5813	3.2102
5012.280	770.4823	3.0991
5014.660	767.5258	2.9485
5017.040	766.8598	2.7025
5019.420	768.4238	2.7651
5021.800	768.7827	2.9357
5024.180	766.3836	3.0131
5026.560	765.2923	2.8371
5028.940	764.9118	2.8090
5031.320	762.3500	3.0439
5033.700	762.8895	3.1031
5036.080	760.7311	3.2219
5038.460	758.8900	3.0937
5040.840	757.1034	3.0519
5043.220	757.3792	2.8934
5045.600	755.8103	2.9607
5047.980	754.8131	2.9851
5050.360	752.9968	2.6170
5052.740	752.0181	2.7115
5055.120	748.6486	2.7625
5057.500	744.1868	2.8266
5059.880	744.0029	2.8022
5062.260	745.8576	2.5868
5064.640	747.1251	2.5435
5067.020	746.9279	2.9766
5069.400	746.3769	2.7975
5071.780	743.6294	2.8230
5074.160	742.8522	2.8626
5076.540	741.9873	2.7417
5078.920	741.5906	2.7526
5081.300	738.2061	2.5801
5083.680	736.6512	2.5997
5086.060	735.6262	2.6492
5088.440	734.8569	2.7460
5090.820	732.5956	2.8329
5093.200	730.3209	2.7244
5095.580	729.0224	2.8139
5097.960	727.5524	3.0287
5098.200	728.0482	2.6148
5100.340	727.4231	2.9352
5101.130	727.2116	2.9759
5102.720	725.2074	2.8349
5104.060	725.7767	2.7795
5105.100	723.9392	2.6060
5106.990	725.6097	2.2525
5107.480	722.6644	2.4139
5109.860	721.0365	2.4249
5109.920	723.3559	2.3399
5112.240	719.8229	2.2869
5112.850	722.4146	2.3379
5114.620	717.7656	2.7027
5115.780	720.3024	2.7041
5117.000	715.8299	2.7197
5118.710	717.4006	2.7701
5119.380	713.5513	2.6830
5121.640	717.3647	2.5494
5121.760	712.8565	2.8934
5124.140	711.0602	2.6529
5124.570	711.5382	3.0835
5126.520	709.6315	2.5404
5127.500	713.5564	2.1689
5128.900	709.3791	2.3423
5130.430	712.0008	2.1931
5131.280	706.5154	2.7458
5133.360	709.2137	2.5661
5133.660	705.1173	2.6959
5136.040	702.8612	2.7660
5136.290	706.3344	2.6279
5138.420	700.1303	2.9206
5139.220	704.4504	2.7422
5140.800	697.6322	3.0275
5142.150	704.3892	2.6937
5143.180	695.0835	3.0229
5145.080	700.7454	2.6614
5145.560	692.0807	3.0746
5147.940	691.1028	3.0951
5148.010	697.6824	2.6305
5150.320	692.6890	2.8077
5150.940	699.9089	2.0246
5153.870	698.7816	2.4524
5156.800	699.5364	2.3415
5159.730	696.0860	2.4972
5162.660	694.5580	2.6455
5165.590	686.2758	4.2187
5168.520	687.0459	3.2510
5171.450	690.9761	2.4176
5174.380	692.8677	2.7002
5177.310	691.2121	3.0932
5180.240	684.4101	2.5939
5183.170	681.8873	3.3833
5186.100	685.2245	2.7010
5189.030	682.8145	2.6791
5191.960	679.9631	2.4649
5194.890	677.7379	2.3594
5197.820	675.8796	2.2517
5200.750	669.3872	2.4040
5203.680	666.7867	2.1156
5206.610	667.8483	2.4825
5209.540	671.3754	2.2698
5212.470	670.1723	2.6641
5215.400	665.9446	2.2705
5218.330	665.3715	2.1692
5221.260	664.6396	2.0788
5224.190	660.0990	2.1337
5227.120	660.3807	2.4372
5230.050	661.9641	2.1854
5232.980	658.7861	2.1519
5235.910	657.3449	2.3520
5238.840	658.7075	2.4921
5241.770	655.4054	2.2841
5244.700	653.6459	2.0041
5247.630	652.7031	1.9738
5250.560	650.9456	2.2091
5253.490	650.5058	2.1588
5256.420	650.4885	1.9407
5259.350	648.5831	1.8604
5262.280	642.5723	2.4072
5265.210	642.8677	2.1728
5268.140	642.6059	1.9383
5271.070	643.0578	2.2801
5274.000	642.6328	2.2667
5276.930	640.6646	2.1828
5279.860	636.6146	1.7223
5282.790	634.8924	1.8124
5285.720	635.3232	2.0067
5288.650	634.6636	1.9406
5291.580	631.5613	1.9449
5294.510	629.4221	2.0099
5297.440	629.0417	1.9555
5300.370	628.6278	1.9922
5303.300	627.5163	2.0591
5306.230	627.7901	1.8660
5309.160	623.4925	1.9175
5312.090	621.5013	1.8010
5315.020	618.7238	1.9105
5317.950	618.3912	2.0911
5320.880	618.0366	2.0898
5323.810	616.5919	2.2036
5326.740	612.9989	2.3221
5329.670	614.0610	2.2030
5332.600	615.4478	2.0799
5335.530	612.2664	1.8799
5338.460	610.6893	2.0722
5341.390	608.8867	2.0107
5344.320	608.4141	1.9750
5347.250	606.3306	1.9467
5350.180	605.4764	1.8299
5353.110	600.8259	2.1681
5356.040	600.8812	2.0004
5358.970	600.8003	1.7858
5361.900	598.6488	2.0780
5364.830	598.5509	2.0463
5367.760	597.4739	1.7277
5370.690	592.8630	1.8628
5373.620	593.6336	2.0445
5376.550	593.3552	2.1514
5379.480	588.2427	1.6847
5382.410	584.4041	1.8853
5385.340	581.8208	1.7353
5388.270	578.6147	1.6598
5391.200	573.7754	1.8328
5394.130	566.7056	1.7250
5397.060	559.3637	1.6935
5399.990	547.5970	1.7503
5402.920	529.6016	1.8482
5405.850	508.7902	1.8446
5408.780	488.1165	1.6690
5411.710	482.6982	1.6402
5414.640	496.7625	1.6876
5417.570	518.1349	1.5103
5420.500	533.7712	1.5930
5423.430	545.2090	1.5007
5426.360	551.9058	1.7671
5429.290	556.6912	1.5968
5432.220	560.0601	1.5660
5435.150	562.1164	1.7196
5438.080	560.5555	1.7648
5441.010	561.0340	1.7788
5443.940	560.1326	1.8709
5446.870	561.3148	1.5810
5449.800	559.5547	1.5916
5452.730	556.8169	1.4201
5455.660	555.7771	1.2757
5458.590	555.0857	1.3561
5461.520	553.7381	1.3660
5464.450	552.2337	1.3051
5467.380	551.6695	1.4136
5470.310	551.8789	1.5349
5473.240	551.0118	1.5222
5476.170	550.6674	1.6197
5479.100	548.4463	1.6198
5482.030	546.7061	1.5124
5484.960	545.9794	1.4411
5487.890	546.1235	1.2865
5490.820	544.2664	1.5410
5493.750	544.1043	1.5369
5496.680	543.7304	1.5204
5499.610	543.0698	1.4349
5502.540	542.4601	1.3901
5505.470	540.4316	1.4589
5508.400	537.6005	1.6604
5511.330	536.3366	1.7312
5514.260	535.7784	1.6029
5517.190	535.7742	1.5481
5520.120	535.6669	1.5628
5523.050	534.6503	1.5503
5525.980	534.5541	1.3914
5528.910	532.6633	1.5598
5531.840	530.3784	1.7667
5534.770	528.2359	1.7906
5537.700	527.0657	1.7271
5540.630	526.9149	1.5824
5543.560	526.3944	1.3931
5546.490	524.4914	1.5051
5549.420	523.8918	1.5298
5552.350	523.0581	1.5161
5555.280	521.7577	1.5530
5558.210	520.9692	1.6190
5561.140	519.1608	1.6762
5564.070	518.2086	1.6499
5567.000	518.4915	1.4399
5569.930	517.2506	1.4056
5572.860	514.7190	1.5610
5575.790	510.9300	1.8096
5578.720	510.1712	1.7388
5581.650	510.6372	1.5813
5584.580	510.9074	1.7024
5587.510	509.8059	1.7128
5590.440	508.6258	1.6314
5593.370	507.3122	1.5328
5596.300	506.7280	1.5412
5599.230	505.7625	1.5123
5602.160	504.8341	1.4638
5605.090	503.2525	1.5483
5608.020	501.9309	1.6775
5610.950	500.6662	1.6117
5613.880	500.2596	1.4575
5616.810	499.4213	1.5450
5619.740	499.2487	1.4428
5622.670	498.6250	1.4384
5625.600	496.6534	1.4908
5628.530	494.1532	1.6691
5631.460	493.2899	1.5802
5634.390	493.5210	1.5685
5637.320	492.2907	1.6307
5640.250	489.5975	1.8169
5643.180	489.2728	1.5422
5646.110	488.0878	1.4973
5649.040	487.0769	1.5340
5651.970	487.7791	1.4207
5654.900	487.3567	1.3616
5657.830	486.0495	1.5409
5660.760	485.3845	1.4579
5663.690	485.1579	1.3572
5666.620	482.7834	1.3646
5669.550	481.3175	1.4395
5672.480	480.3423	1.5110
5675.410	479.2506	1.6238
5678.340	477.3086	1.6414
5681.270	476.4191	1.6610
5684.200	475.9610	1.4720
5687.130	476.4667	1.4554
5690.060	476.0795	1.4069
5692.990	473.8704	1.4513
5695.920	472.6817	1.4652
5698.850	472.1081	1.4016
5701.780	471.5737	1.3652
5704.710	470.6247	1.4357
5707.640	469.4396	1.7050
5710.570	468.5453	1.6141
5713.500	466.8869	1.5794
5716.430	466.0717	1.5187
5719.360	464.6632	1.4990
5722.290	463.6350	1.3710
5725.220	463.5611	1.3592
5728.150	463.3050	1.3390
5731.080	461.4482	1.3338
5734.010	461.3299	1.1968
5736.940	460.7982	1.2594
5739.870	459.6107	1.2217
5742.800	458.1726	1.3532
5745.730	457.3396	1.2914
5748.660	457.0618	1.3936
5751.590	456.6239	1.3460
5754.520	454.8990	1.4935
5757.450	453.0366	1.5200
5760.380	452.2166	1.4462
5763.310	452.2705	1.3348
5766.240	450.7370	1.3930
5769.170	449.8458	1.3655
5772.100	449.9667	1.2333
5775.030	449.1426	1.2607
5777.960	449.1007	1.1980
5780.890	448.4029	1.2666
5783.820	447.0004	1.3519
5786.750	445.4418	1.3283
5789.680	443.8443	1.3883
5792.610	442.6063	1.3067
5795.540	441.4415	1.3116
5798.470	440.4248	1.3141
5801.400	439.9993	1.4101
5804.330	438.5529	1.4681
5807.260	437.3103	1.5112
5810.190	436.8849	1.4021
5813.120	436.5831	1.2992
5816.050	435.6230	1.3088
5818.980	435.1160	1.2472
5821.910	434.2555	1.2318
5824.840	434.2349	1.2422
5827.770	432.7522	1.3275
5830.700	431.3214	1.3829
5833.630	431.7397	1.2300
5836.560	430.7065	1.2557
5839.490	428.7772	1.3337
5842.420	428.1177	1.2140
5845.350	426.6625	1.2444
5848.280	426.0165	1.2800
5851.210	425.1376	1.4024
5854.140	425.0489	1.4861
5857.070	423.8534	1.4958
5860.000	422.4524	1.4579
5862.930	421.3847	1.3974
5865.860	419.3581	1.3978
5868.790	414.0295	1.5348
5871.720	406.0263	2.5974
5874.650	402.6256	2.8530
5877.580	405.7701	1.9659
5880.510	411.9605	1.0923
5883.440	414.9210	1.0840
5886.370	415.1943	1.5837
5889.300	415.4389	2.0948
5892.230	414.9403	1.9007
5895.160	414.4287	1.5935
5898.090	413.9645	1.2982
5901.020	411.1674	1.3914
5903.950	411.1579	1.3847
5906.880	409.8138	1.3804
5909.810	409.3662	1.2936
5912.740	408.7715	1.2420
5915.670	408.7597	1.1914
5918.600	407.8946	1.2469
5921.530	406.0040	1.4216
5924.460	406.1075	1.4067
5927.390	405.8208	1.4332
5930.320	405.3382	1.3456
5933.250	404.9407	1.2451
5936.180	404.2017	1.1893
5939.110	403.0691	1.0963
5942.040	400.5345	1.3312
5944.970	400.0221	1.4029
5947.900	399.7632	1.3178
5950.830	399.3637	1.2846
5953.760	399.2058	1.2780
5956.690	397.7669	1.2846
5959.620	397.2984	1.1477
5962.550	396.6523	1.1216
5965.480	395.8512	1.1465
5968.410	394.8241	1.2877
5971.340	393.0820	1.3751
5974.270	393.2906	1.3555
5977.200	392.9435	1.3784
5980.130	391.6300	1.2834
5983.060	390.3733	1.2851
5985.990	389.7161	1.3223
5988.920	389.3602	1.2467
5991.850	388.6988	1.2946
5994.780	387.3294	1.2631
5997.710	387.0513	1.3389
6000.640	385.9090	1.4909
6003.570	384.8395	1.4584
6006.500	384.2846	1.4250
6009.430	384.1871	1.3956
6012.360	383.6822	1.2297
6015.290	383.0625	1.1616
6018.220	381.6548	1.2145
6021.150	381.7382	1.1637
6024.080	381.4699	1.2387
6027.010	380.2582	1.1184
6029.940	378.4504	1.2091
6032.870	377.4632	1.1872
6035.800	376.8659	1.2522
6038.730	377.8488	1.0658
6041.660	377.1149	1.1354
6044.590	375.8127	1.1924
6047.520	374.8389	1.1965
6050.450	374.0492	1.2308
6053.380	372.4995	1.2987
6056.310	371.3719	1.2940
6059.240	370.8779	1.2809
6062.170	370.8559	1.2561
6065.100	371.1249	1.1438
6068.030	370.0144	1.1178
6070.960	368.9240	1.1242
6073.890	368.5565	1.0501
6076.820	367.4481	1.1308
6079.750	366.9877	1.1387
6082.680	366.4346	1.1392
6085.610	364.5121	1.2493
6088.540	364.1948	1.1018
6091.470	363.7048	1.1807
6094.400	362.5822	1.1559
6097.330	362.3442	1.1011
6100.260	361.7656	1.1492
6103.190	361.6658	1.0871
6106.120	360.3157	1.0447
6109.050	358.9969	1.1023
6111.980	358.2345	1.1531
6114.910	357.4650	1.1430
6117.840	357.4862	1.1540
6120.770	357.4188	1.1070
6123.700	356.2170	1.0956
6126.630	355.3258	1.1368
6129.560	355.3156	1.1479
6132.490	355.6317	1.0822
6135.420	355.2618	1.0982
6138.350	354.0932	1.1780
6141.280	353.4352	1.0753
6144.210	352.5155	1.0544
6147.140	351.8867	1.0939
6150.070	351.4681	1.0299
6153.000	350.8151	0.9987
6155.930	349.8807	1.0101
6158.860	349.1797	1.2297
6161.790	349.0808	1.3672
6164.720	348.2581	1.2965
6167.650	347.2345	1.2270
6170.580	347.2084	1.0390
6173.510	346.0462	1.0535
6176.440	345.0373	1.0236
6179.370	343.7080	1.0258
6182.300	343.9729	0.9931
6185.230	343.6969	0.9789
6188.160	343.4444	1.0516
6191.090	342.9671	1.1684
6194.020	342.2437	1.1184
6196.950	341.5381	1.1306
6199.880	341.8415	1.0490
6202.810	341.2876	1.0006
6205.740	340.2113	0.9875
6208.670	338.9979	1.0131
6211.600	337.8778	1.0224
6214.530	337.3109	1.0439
6217.460	336.3187	1.1005
6220.390	335.3001	1.0102
6223.320	334.2404	1.0081
6226.250	334.0537	1.0695
6229.180	333.5121	1.1115
6232.110	333.1691	1.0355
6235.040	332.4423	0.9830
6237.970	331.3110	1.1207
6240.900	331.2348	1.1017
6243.830	331.3131	1.0863
6246.760	330.6102	1.0357
6249.690	329.9348	1.0435
6252.620	330.0222	1.0046
6255.550	330.1512	1.0024
6258.480	329.8047	0.9575
6261.410	328.3476	1.0047
6264.340	326.5984	1.0924
6267.270	326.6095	1.0404
6270.200	326.2362	1.1004
6273.130	325.4257	1.0083
6276.060	325.2825	0.9742
6278.990	325.5453	0.9961
6281.920	325.3513	1.0735
6284.850	324.3382	1.1860
6287.780	323.4633	1.0530
6290.710	323.0154	0.9474
6293.640	322.3860	0.9239
6296.570	321.3226	0.9613
6299.500	319.8068	0.9913
6302.430	318.9675	0.9783
6305.360	317.8166	1.0420
6308.290	317.0002	1.1578
6311.220	316.7737	1.1047
6314.150	316.2789	1.2271
6317.080	315.1981	1.0879
6320.010	314.3599	1.0066
6322.940	313.0918	1.0621
6325.870	311.1140	1.1066
6328.800	310.7282	1.0393
6331.730	310.7070	0.8529
6334.660	310.5364	0.9044
6337.590	310.7147	0.8719
6340.520	311.2437	0.8466
6343.450	311.4585	0.8706
6346.380	311.4902	0.7818
6349.310	310.8202	0.8320
6352.240	311.0096	0.8511
6355.170	310.7147	0.8931
6358.100	310.6810	0.8960
6361.030	309.7225	0.8387
6363.960	307.9666	0.8995
6366.890	307.0979	0.9196
6369.820	306.5104	1.0151
6372.750	305.0037	0.9822
6375.680	303.4819	0.9781
6378.610	302.1954	0.9574
6381.540	302.2255	0.9120
6384.470	302.5005	0.8935
6387.400	302.7122	1.0057
6390.330	302.0574	0.8932
6393.260	301.4352	0.8716
6396.190	299.9860	0.9388
6399.120	299.4039	0.8670
6402.050	298.2158	0.8808
6404.980	296.7582	0.9211
6407.910	295.5251	1.0253
6410.840	295.6335	0.9930
6413.770	296.0774	0.9324
6416.700	296.3838	0.9069
6419.630	296.3477	0.8780
6422.560	296.7274	0.7964
6425.490	296.6640	0.9069
6428.420	296.3135	0.9089
6431.350	295.6065	0.8659
6434.280	294.7187	0.9127
6437.210	294.3241	1.0063
6440.140	293.8976	1.1006
6443.070	293.6575	0.9906
6446.000	293.4731	0.9546
6448.930	292.6382	0.9875
6451.860	292.6022	0.9971
6454.790	292.4028	0.9567
6457.720	291.6679	1.0132
6460.650	290.8067	0.9756
6463.580	290.7143	0.8829
6466.510	289.8484	0.8546
6469.440	288.9268	0.9017
6472.370	288.0938	0.9031
6475.300	287.8497	0.8955
6478.230	288.1169	0.8634
6481.160	287.4919	0.9019
6484.090	286.5542	0.8921
6487.020	286.1976	0.9098
6489.950	286.0483	0.8740
6492.880	285.9052	0.9943
6495.810	284.9699	1.0725
6498.740	283.6192	0.9479
6501.670	282.0794	0.9336
6504.600	280.7949	0.9974
6507.530	280.0088	0.9540
6510.460	279.0933	0.9696
6513.390	277.9344	0.9224
6516.320	275.9105	0.9787
6519.250	274.1065	0.9954
6522.180	272.7544	0.9994
6525.110	271.8375	0.9119
6528.040	271.7150	0.8967
6530.970	271.1305	0.8770
6533.900	270.3282	0.8301
6536.830	269.6237	0.8716
6539.760	267.7429	0.8690
6542.690	265.1072	1.0197
6545.620	260.7349	1.0234
6548.550	254.4182	1.0826
6551.480	246.4839	1.2627
6554.410	238.5471	1.3144
6557.340	234.8574	1.2901
6560.270	238.3608	1.6094
6563.200	244.9670	1.7952
6566.130	250.5337	1.2526
6569.060	254.2308	1.2582
6571.990	256.5940	0.7557
6574.920	259.1909	0.6981
6577.850	261.9174	0.7299
6580.780	264.2789	0.7537
6583.710	266.1352	0.7087
6586.640	267.1011	0.7770
6589.570	267.6676	0.9348
6592.500	267.7987	1.0108
6595.430	268.1864	0.8264
6598.360	268.4435	0.8116
6601.290	268.4412	0.8283
6604.220	268.1185	0.7782
6607.150	268.0631	0.8063
6610.080	267.2393	0.8385
6613.010	266.4560	0.8315
6615.940	266.5717	0.8420
6618.870	266.1874	0.7973
6621.800	265.5676	0.7858
6624.730	264.9588	0.8482
6627.660	264.6580	0.8189
6630.590	263.9435	0.8643
6633.520	263.3251	0.8986
6636.450	262.5536	0.8678
6639.380	262.1604	0.8719
6642.310	261.2706	0.8964
6645.240	259.9329	0.9321
6648.170	259.1923	0.8323
6651.100	259.0023	0.7983
6654.030	258.2375	0.8370
6656.960	257.7303	0.7764
6659.890	256.5324	0.8193
6662.820	255.0503	0.8636
6665.750	253.2565	0.9498
6668.680	252.4242	0.7831
6671.610	251.8659	0.8279
6674.540	251.6175	1.3280
6677.470	250.6613	1.5226
6680.400	248.3590	1.1136
6683.330	247.5361	0.8499
6686.260	247.4960	0.7890
6689.190	248.2486	0.6974
6692.120	248.6953	0.6933
6695.050	248.8721	0.8093
6697.980	248.8480	0.8764
6700.910	249.1510	0.8122
6703.840	249.5327	0.8074
6706.770	249.7310	0.7764
6709.700	249.6949	0.8501
6712.630	250.2155	0.7822
6715.560	250.4327	0.7726
6718.490	249.9215	0.8275
6721.420	249.5290	0.9242
6724.350	249.0376	0.8790
6727.280	248.6678	0.8520
6730.210	248.0225	0.8776
6733.140	247.6546	0.8325
6736.070	247.8850	0.8128
6739.000	248.0614	0.7531
6741.930	248.0448	0.7328
6744.860	247.6731	0.8043
6747.790	247.3870	0.8360
6750.720	247.0982	0.8163
6753.650	246.4635	0.8646
6756.580	245.7245	0.7547
6759.510	245.5043	0.7149
6762.440	244.9510	0.7116
6765.370	244.5377	0.7782
6768.300	244.2109	0.7580
6771.230	243.5829	0.7446
6774.160	243.0717	0.8106
6777.090	243.0395	0.7764
6780.020	242.7732	0.7475
6782.950	242.7558	0.6911
6785.880	241.9478	0.6616
6788.810	241.2823	0.7393
6791.740	240.8717	0.7598
6794.670	240.6831	0.7155
6797.600	239.9501	0.6955
6800.530	239.5858	0.7298
6803.460	239.5847	0.6755
6806.390	239.0641	0.7472
6809.320	238.9414	0.7108
6812.250	239.0903	0.6169
6815.180	238.2270	0.6514
6818.110	237.5608	0.6643
6821.040	236.7702	0.6856
6823.970	235.8542	0.7639
6826.900	235.7378	0.7882
6829.830	235.5232	0.7772
6832.760	235.2569	0.7633
6835.690	234.6776	0.7580
6838.620	234.0838	0.7460
6841.550	233.7810	0.6826
6844.480	232.7788	0.7176
6847.410	231.8518	0.7221
6850.340	231.1458	0.7604
6853.270	230.7836	0.7771
6856.200	229.8576	0.7872
6859.130	228.8458	0.8154
6862.060	228.6336	0.7519
6864.990	227.9702	0.7491
6867.920	226.2968	0.7851
6870.850	224.6079	0.7029
6873.780	223.9512	0.6513
6876.710	223.1345	0.6317
6879.640	221.7720	0.6828
6882.570	219.6814	0.7633
6885.500	217.8602	0.8586
6888.430	217.2284	0.7818
6891.360	217.0624	0.7076
6894.290	217.5154	0.6609
6897.220	218.5113	0.6381
6900.150	219.5829	0.6122
6903.080	220.2523	0.6412
6906.010	221.0683	0.6353
6908.940	221.4584	0.6829
6911.870	221.7601	0.7123
6914.800	222.0886	0.6681
6917.730	221.8519	0.6508
6920.660	221.7630	0.6782
6923.590	221.7520	0.6523
6926.520	221.7446	0.6362
6929.450	221.4741	0.6252
6932.380	221.4762	0.6295
6935.310	221.6162	0.5918
6938.240	221.2334	0.6304
6941.170	221.0072	0.6278
6944.100	220.8102	0.6228
6947.030	220.2739	0.6642
6949.960	219.9483	0.6902
6952.890	219.7436	0.6621
6955.820	219.3114	0.6564
6958.750	218.9363	0.6445
6961.680	218.9800	0.6500
6964.610	218.4384	0.6853
6967.540	218.0949	0.6742
6970.470	217.9054	0.6924
6973.400	218.0253	0.6668
6976.330	218.0046	0.6572
6979.260	217.5477	0.6879
6982.190	216.9473	0.6313
6985.120	216.2771	0.6494
6988.050	215.4897	0.6674
6990.980	214.9156	0.7253
6993.910	214.7640	0.6978
6996.840	214.4188	0.6802
6999.770	214.2533	0.6849
7002.700	213.8263	0.6972
7005.630	213.4062	0.6920
7008.560	212.8180	0.6743
7011.490	212.7132	0.6606
7014.420	212.6905	0.5990
7017.350	212.0795	0.6085
7020.280	211.8354	0.6211
7023.210	211.7731	0.6479
7026.140	211.2806	0.6527
7029.070	210.9695	0.6249
7032.000	210.9096	0.5614
7034.930	210.4571	0.5488
7037.860	210.0498	0.5538
7040.790	209.5100	0.5682
7043.720	208.8583	0.6259
7046.650	208.3721	0.6204
7049.580	208.0362	0.5884
7052.510	207.4286	0.5713
7055.440	206.5212	0.6116
7058.370	205.2690	0.6971
7061.300	203.0669	0.8154
7064.230	201.8650	1.0247
7067.160	202.6585	0.8380
7070.090	204.3025	0.5691
7073.020	204.7966	0.5895
7075.950	204.9378	0.6207
7078.880	204.9242	0.5720
7081.810	204.4773	0.5478
7084.740	204.0706	0.5762
7087.670	203.8764	0.5549
7090.600	203.7270	0.5437
7093.530	203.1510	0.5672
7096.460	202.4663	0.5520
7099.390	201.8156	0.5457
7102.320	201.1277	0.5991
7105.250	200.4320	0.6608
7108.180	199.7941	0.6433
7111.110	199.5422	0.6193
7114.040	199.8606	0.5645
7116.970	199.4002	0.5973
7119.900	198.2400	0.6374
7122.830	197.5349	0.6448
7125.760	197.8137	0.6145
7128.690	198.3861	0.5582
7131.620	198.3984	0.5591
7134.550	197.9131	0.5721
7137.480	197.7109	0.5511
7140.410	197.3721	0.5581
7143.340	196.7497	0.6452
7146.270	196.0997	0.5849
7149.200	194.7566	0.6170
7152.130	193.5224	0.6172
7155.060	192.5947	0.5893
7157.990	191.6902	0.5915
7160.920	190.2731	0.5793
7163.850	188.5288	0.6330
7166.780	186.5454	0.6314
7169.710	184.3410	0.7033
7172.640	182.5280	0.7097
7175.570	181.3132	0.6863
7178.500	181.1617	0.6692
7181.430	182.2961	0.6055
7184.360	183.6193	0.5992
7187.290	185.0171	0.5628
7190.220	186.0298	0.5573
7193.150	186.9472	0.5440
7196.080	187.7213	0.5544
7199.010	188.0518	0.6250
7201.940	188.2836	0.6292
7204.870	188.5026	0.5919
7207.800	188.9337	0.5600
7210.730	189.3133	0.5383
7213.660	189.3393	0.5491
7216.590	189.3062	0.5404
7219.520	189.6542	0.5929
7222.450	189.2501	0.7926
7225.380	188.8182	0.7470
7228.310	188.4801	0.6178
7231.240	188.0561	0.5881
7234.170	188.1238	0.5847
7237.100	188.1084	0.5762
7240.030	188.1346	0.6024
7242.960	187.6296	0.6166
7245.890	187.2328	0.6624
7248.820	187.0107	0.6288
7251.750	186.5633	0.6240
7254.680	186.2950	0.5857
7257.610	186.4611	0.5472
7260.540	185.7643	0.5106
7263.470	184.9969	0.5605
7266.400	184.7159	0.5571
7269.330	184.4074	0.6218
7272.260	184.1281	0.6171
7275.190	183.8463	0.6204
7278.120	183.7089	0.6625
7281.050	183.5505	0.7096
7283.980	183.2982	0.5995
7286.910	182.6131	0.6301
7289.840	182.3721	0.6512
7292.770	182.0633	0.6372
7295.700	181.9693	0.6040
7298.630	181.9148	0.6058
7301.560	181.5066	0.5975
7304.490	181.6363	0.5868
7307.420	181.2451	0.5748
7310.350	180.7268	0.5580
7313.280	180.3591	0.5684
7316.210	180.3234	0.5742
7319.140	180.4174	0.5338
7322.070	180.0744	0.5252
7325.000	179.7955	0.5617
7327.930	179.6141	0.5636
7330.860	179.1460	0.5651
7333.790	178.4633	0.6230
7336.720	177.8109	0.6640
7339.650	177.9206	0.6025
7342.580	178.1902	0.5356
7345.510	178.0566	0.5065
7348.440	177.6495	0.5077
7351.370	177.1623	0.5973
7354.300	176.8657	0.6206
7357.230	176.8266	0.5564
7360.160	176.5866	0.5520
7363.090	176.0237	0.5566
7366.020	175.6510	0.5577
7368.950	175.5805	0.5252
7371.880	175.5124	0.5253
7374.810	175.4584	0.5084
7377.740	175.0795	0.5481
7380.670	174.8693	0.5332
7383.600	174.5271	0.5722
7386.530	174.3121	0.5578
7389.460	174.2508	0.5442
7392.390	173.9264	0.5266
7395.320	173.3847	0.5136
7398.250	172.6593	0.5093
7401.180	172.0999	0.5073
7404.110	171.8157	0.5005
7407.040	171.7521	0.5391
7409.970	171.5254	0.5764
7412.900	171.0575	0.5963
7415.830	170.7862	0.5786
7418.760	170.8628	0.5026
7421.690	170.8762	0.5367
7424.620	170.7601	0.5402
7427.550	170.4918	0.5056
7430.480	170.1910	0.5231
7433.410	170.0793	0.5109
7436.340	169.6873	0.5106
7439.270	169.0962	0.5296
7442.200	168.9819	0.4886
7445.130	168.8956	0.5186
7448.060	168.5632	0.5222
7450.990	167.8938	0.5523
7453.920	167.3987	0.5913
7456.850	167.2425	0.5531
7459.780	166.9093	0.5729
7462.710	166.7539	0.5660
7465.640	166.4505	0.5765
7468.570	166.3368	0.5604
7471.500	166.0233	0.5716
7474.430	165.6266	0.6172
7477.360	165.3040	0.5958
7480.290	165.1562	0.5883
7483.220	165.0318	0.5441
7486.150	164.7243	0.5390
7489.080	164.3944	0.5206
7492.010	163.9952	0.5604
7494.940	163.6439	0.5623
7497.870	163.2153	0.5914
7500.800	163.0291	0.5677
7503.730	162.9844	0.5392
7506.660	163.0618	0.5235
7509.590	162.9388	0.5260
7512.520	162.6461	0.5316
7515.450	162.5657	0.4863
7518.380	162.3305	0.5097
7521.310	161.9832	0.5367
7524.240	161.5802	0.5615
7527.170	161.2127	0.5459
7530.100	160.6981	0.5428
7533.030	160.2953	0.5403
7535.960	160.0854	0.4791
7538.890	159.7547	0.5120
7541.820	159.2647	0.5398
7544.750	159.0035	0.5289
7547.680	158.6333	0.4597
7550.610	158.0296	0.4829
7553.540	157.8692	0.4507
7556.470	157.6658	0.4545
7559.400	156.8794	0.4961
7562.330	156.1081	0.5252
7565.260	155.2680	0.5946
7568.190	154.4361	0.6015
7571.120	153.6548	0.5204
7574.050	152.6794	0.4709
7576.980	151.3534	0.4476
7579.910	149.4114	0.4848
7582.840	147.3411	0.5194
7585.770	145.0730	0.5951
7588.700	142.8710	0.6063
7591.630	141.3421	0.6645
7594.560	141.1166	0.7259
7597.490	142.2212	0.7308
7600.420	144.4431	0.6689
7603.350	146.7972	0.5917
7606.280	149.0866	0.4967
7609.210	150.1554	0.5146
7612.140	151.3727	0.4800
7615.070	152.1092	0.4984
7618.000	152.1141	0.4714
7620.930	151.4399	0.5253
7623.860	151.0769	0.6335
7626.790	151.3869	0.5749
7629.720	151.2124	0.5551
7632.650	151.4521	0.4944
7635.580	151.7514	0.4312
7638.510	151.6149	0.4654
7641.440	151.3472	0.5499
7644.370	151.4848	0.4962
7647.300	151.4502	0.4784
7650.230	151.0860	0.5020
7653.160	151.1053	0.4747
7656.090	151.1282	0.5329
7659.020	150.8198	0.5857
7661.950	150.8079	0.5783
7664.880	150.6274	0.5229
7667.810	150.2725	0.4319
7670.740	149.6062	0.4446
7673.670	149.2843	0.4823
7676.600	149.0306	0.4951
7679.530	148.7272	0.5164
7682.460	148.0456	0.4855
7685.390	147.1472	0.5409
7688.320	147.2651	0.5241
7691.250	147.6753	0.5292
7694.180	147.5793	0.4831
7697.110	147.1270	0.4630
7700.040	146.9425	0.4693
7702.970	146.7287	0.4638
7705.900	146.5668	0.4606
7708.830	146.4810	0.4689
7711.760	146.4579	0.4932
7714.690	146.4157	0.4908
7717.620	146.1765	0.4434
7720.550	145.7224	0.5024
7723.480	145.3379	0.5330
7726.410	145.4298	0.4944
7729.340	145.3687	0.5210
7732.270	144.9633	0.5170
7735.200	144.7671	0.4587
7738.130	144.7771	0.4668
7741.060	144.8431	0.4336
7743.990	144.5807	0.4771
7746.920	144.3593	0.4515
7749.850	144.2893	0.4094
7752.780	143.8936	0.4272
7755.710	143.4141	0.4546
7758.640	143.2996	0.4185
7761.570	142.9660	0.4581
7764.500	142.7740	0.4558
7767.430	142.8894	0.4232
7770.360	142.7052	0.4824
7773.290	142.4902	0.5240
7776.220	142.3426	0.4760
7779.150	142.0054	0.4922
7782.080	141.8181	0.4334
7785.010	141.4991	0.4538
7787.940	141.2937	0.4429
7790.870	140.9289	0.4178
7793.800	140.6077	0.4290
7796.730	140.7620	0.4288
7799.660	140.7585	0.4298
7802.590	140.2641	0.4746
7805.520	139.7750	0.5260
7808.450	139.4379	0.4917
7811.380	139.4531	0.4541
7814.310	139.4305	0.4411
7817.240	139.0549	0.4578
7820.170	139.0185	0.4493
7823.100	139.0294	0.4409
7826.030	138.5555	0.4413
7828.960	138.2219	0.4741
7831.890	138.0882	0.5019
7834.820	137.9075	0.4644
7837.750	137.5750	0.4425
7840.680	137.4047	0.4391
7843.610	137.1394	0.4325
7846.540	136.6343	0.4775
7849.470	136.5593	0.5070
7852.400	136.3180	0.4912
7855.330	136.0275	0.5109
7858.260	135.8863	0.4579
7861.190	135.8890	0.4330
7864.120	136.1968	0.4477
7867.050	135.8997	0.4757
7869.980	135.3088	0.4932
7872.910	134.9811	0.4707
7875.840	134.6602	0.4704
7878.770	134.6581	0.4517
7881.700	134.5160	0.4494
7884.630	134.1222	0.4697
7887.560	134.0354	0.4690
7890.490	134.3006	0.4095
7893.420	134.4636	0.4103
7896.350	134.6227	0.4341
7899.280	134.4579	0.5059
7902.210	134.2274	0.4874
7905.140	133.6843	0.5003
7908.070	133.0451	0.5036
7911.000	132.7009	0.5216
7913.930	132.1306	0.5066
7916.860	131.8918	0.4914
7919.790	131.9653	0.4442
7922.720	131.6684	0.5064
7925.650	131.5190	0.4625
7928.580	131.5569	0.4303
7931.510	131.3558	0.4480
7934.440	131.1874	0.4507
7937.370	131.2263	0.4270
7940.300	131.3768	0.4037
7943.230	131.2331	0.3792
7946.160	130.9544	0.3958
7949.090	130.5124	0.4047
7952.020	130.0718	0.4176
7954.950	130.0006	0.4198
7957.880	129.5087	0.4555
7960.810	129.2767	0.4882
7963.740	129.0631	0.4949
7966.670	128.9030	0.4743
7969.600	128.5134	0.4513
7972.530	128.6622	0.4784
7975.460	128.7648	0.4456
7978.390	128.8168	0.4529
7981.320	128.7130	0.4322
7984.250	128.4220	0.4399
7987.180	128.0366	0.4781
7990.110	127.6409	0.4791
7993.040	127.6215	0.4486
7995.970	127.3833	0.4414
7998.900	127.2493	0.4230
8001.830	126.7020	0.4080
8004.760	126.4730	0.3801
8007.690	126.6352	0.3460
8010.620	126.6656	0.3396
8013.550	126.3488	0.3597
8016.480	125.7350	0.4164
8019.410	125.6034	0.4432
8022.340	125.6704	0.4455
8025.270	126.0508	0.4214
8028.200	126.0313	0.4687
8031.130	125.6152	0.4319
8034.060	125.2912	0.4068
8036.990	124.9578	0.4122
8039.920	124.4948	0.4089
8042.850	124.3872	0.4154
8045.780	124.3240	0.4087
8048.710	123.9432	0.4194
8051.640	123.4767	0.4267
8054.570	122.9520	0.4962
8057.500	123.0319	0.4415
8060.430	123.0617	0.3970
8063.360	123.2946	0.3991
8066.290	123.5784	0.3722
8069.220	123.4920	0.4257
8072.150	123.4691	0.4143
8075.080	123.0540	0.4296
8078.010	122.7810	0.4573
8080.940	122.2338	0.4705
8083.870	122.1261	0.4437
8086.800	121.8845	0.4020
8089.730	121.4163	0.4052
8092.660	121.1915	0.3912
8095.590	121.2024	0.3988
8098.520	121.0488	0.3964
8101.450	120.5050	0.4322
8104.380	120.4419	0.4172
8107.310	120.2317	0.4400
8110.240	120.2936	0.4060
8113.170	120.3309	0.4382
8116.100	120.3674	0.4784
8119.030	120.1294	0.4454
8121.960	120.0035	0.4316
8124.890	120.1872	0.3972
8127.820	120.2867	0.3607
8130.750	119.8496	0.3733
8133.680	119.3060	0.3707
8136.610	118.8518	0.4085
8139.540	118.3904	0.4132
8142.470	118.2760	0.4186
8145.400	118.2042	0.3693
8148.330	118.0113	0.3801
8151.260	117.9458	0.3816
8154.190	117.8579	0.4011
8157.120	117.6714	0.4349
8160.050	117.6174	0.4299
8162.980	117.2952	0.4432
8165.910	116.8852	0.4664
8168.840	116.3010	0.5365
8171.770	116.0422	0.5006
8174.700	115.9764	0.4613
8177.630	115.5528	0.4520
8180.560	115.2270	0.4960
8183.490	114.9034	0.5071
8186.420	114.4728	0.4528
8189.350	114.4460	0.4403
8192.280	114.6449	0.4127
8195.210	114.3166	0.4335
8198.140	113.8782	0.3857
8201.070	113.5562	0.3684
8204.000	113.0900	0.3800
8206.930	112.4162	0.4003
8209.860	112.4255	0.3597
8212.790	112.1754	0.3425
8215.720	111.3719	0.3147
8218.650	110.2413	0.3544
8221.580	108.6239	0.4118
8224.510	106.6964	0.4436
8227.440	104.7007	0.5050
8230.370	103.1133	0.5766
8233.300	102.1839	0.5065
8236.230	101.9281	0.4317
8239.160	102.6426	0.3725
8242.090	103.9774	0.2943
8245.020	105.4359	0.2893
8247.950	106.7233	0.3298
8250.880	107.8330	0.3245
8253.810	108.4606	0.3507
8256.740	108.6183	0.4101
8259.670	108.9810	0.3700
8262.600	109.2641	0.3581
8265.530	109.3720	0.3542
8268.460	109.3162	0.3630
8271.390	109.7216	0.3511
8274.320	110.1959	0.3325
8277.250	110.2101	0.3383
8280.180	109.6193	0.3797
8283.110	109.7801	0.3585
8286.040	109.6209	0.3503
8288.970	109.3494	0.3754
8291.900	109.1473	0.3983
8294.830	108.8738	0.3987
8297.760	108.2297	0.3975
8300.690	108.3373	0.3620
8303.620	108.9968	0.3072
8306.550	108.7317	0.3501
8309.480	108.4333	0.3936
8312.410	108.4897	0.3872
8315.340	108.5039	0.4283
8318.270	108.4782	0.4158
8321.200	108.6638	0.3997
8324.130	108.9493	0.3779
8327.060	108.3317	0.4362
8329.990	107.6588	0.4414
8332.920	107.6775	0.4323
8335.850	107.6286	0.4293
8338.780	107.5026	0.4198
8341.710	106.9458	0.4282
8344.640	106.8684	0.4019
8347.570	107.0075	0.3601
8350.500	106.5358	0.3976
8353.430	105.9306	0.4058
8356.360	106.1063	0.3569
8359.290	106.2979	0.3562
8362.220	106.2416	0.4198
8365.150	106.2509	0.4180
8368.080	106.2479	0.3599
8371.010	106.4309	0.3351
8373.940	106.3104	0.3164
8376.870	105.8794	0.3857
8379.800	105.8533	0.4334
8382.730	105.8890	0.4564
8385.660	106.3127	0.3823
8388.590	106.2987	0.3526
8391.520	105.9870	0.3409
8394.450	105.1774	0.3839
8397.380	104.6615	0.4050
8400.310	104.6671	0.3609
8403.240	105.1407	0.2936
8406.170	105.1627	0.3015
8409.100	104.9325	0.3363
8412.030	104.2042	0.3987
8414.960	103.7587	0.4300
8417.890	104.0572	0.3376
8420.820	104.5025	0.3072
8423.750	104.4778	0.3228
8426.680	103.6139	0.3805
8429.610	103.0633	0.4693
8432.540	103.3387	0.3848
8435.470	103.5678	0.3857
8438.400	103.1257	0.3909
8441.330	102.9358	0.3439
8444.260	102.7033	0.3255
8447.190	102.5005	0.3422
8450.120	102.0283	0.4693
8453.050	101.7330	0.3722
8455.980	101.9458	0.3376
8458.910	102.0256	0.4157
8461.840	101.9322	0.4201
8464.770	102.0669	0.4222
8467.700	102.3187	0.3966
8470.630	102.3169	0.3595
8473.560	101.8839	0.3657
8476.490	101.5597	0.3856
8479.420	101.4692	0.3796
8482.350	101.4020	0.3743
8485.280	101.0799	0.4377
8488.210	101.0463	0.4315
8491.140	100.9596	0.4141
8494.070	101.3166	0.5214
8497.000	101.7382	0.7075
8499.930	100.6547	0.5351
8502.860	99.4403	0.4229
8505.790	99.2320	0.4230
8508.720	99.3820	0.4106
8511.650	99.4309	0.3652
8514.580	99.0554	0.4117
8517.510	98.7650	0.3862
8520.440	98.4373	0.3721
8523.370	98.4192	0.3657
8526.300	98.5939	0.3991
8529.230	98.0903	0.4696
8532.160	98.2179	0.4342
8535.090	98.8750	0.4075
8538.020	100.0883	0.8183
8540.950	100.7342	1.0180
8543.880	99.8991	0.7344
8546.810	98.3613	0.4318
8549.740	97.7413	0.4896
8552.670	97.3643	0.4258
8555.600	97.5025	0.3497
8558.530	97.3033	0.3331
8561.460	97.4279	0.3450
8564.390	97.5476	0.3549
8567.320	97.5278	0.3422
8570.250	97.4271	0.3448
8573.180	97.1383	0.3714
8576.110	96.9743	0.3742
8579.040	96.9304	0.3965
8581.970	96.6113	0.4374
8584.900	96.1553	0.4229
8587.830	95.8933	0.4013
8590.760	96.0506	0.3345
8593.690	95.8400	0.3082
8596.620	95.6323	0.3198
8599.550	95.2747	0.3748
8602.480	95.2905	0.3543
8605.410	95.5753	0.2923
8608.340	95.6961	0.2688
8611.270	95.5946	0.2765
8614.200	95.5717	0.3176
8617.130	95.6833	0.2832
8620.060	95.2186	0.3671
8622.990	94.4956	0.4797
8625.920	94.3116	0.4136
8628.850	94.2345	0.3714
8631.780	94.2095	0.3490
8634.710	93.7419	0.4095
8637.640	93.3310	0.4253
8640.570	93.2474	0.4115
8643.500	93.4170	0.3787
8646.430	93.2191	0.3630
8649.360	92.6998	0.3865
8652.290	92.6938	0.3913
8655.220	93.7296	0.3251
8658.150	94.0397	0.7008
8661.080	94.4921	0.8647
8664.010	93.7286	0.6530
8666.940	92.6511	0.4283
8669.870	92.5445	0.3979
8672.800	92.3602	0.3651
8675.730	92.0219	0.3707
8678.660	91.6533	0.3660
8681.590	91.7356	0.3447
8684.520	91.7973	0.3321
8687.450	92.0803	0.3362
8690.380	92.0387	0.3306
8693.310	92.1868	0.3174
8696.240	92.4042	0.3066
8699.170	92.1597	0.3254
8702.100	91.8642	0.3324
8705.030	91.4082	0.3445
8707.960	91.3234	0.3359
8710.890	91.3303	0.3197
8713.820	91.4318	0.3243
8716.750	91.1291	0.2930
8719.680	90.6439	0.3067
8722.610	90.2040	0.3291
8725.540	90.1718	0.2822
8728.470	90.3132	0.2647
8731.400	90.3290	0.2581
8734.330	90.4148	0.2842
8737.260	90.2515	0.3026
8740.190	89.8122	0.2896
8743.120	89.5754	0.2911
8746.050	89.6606	0.3001
8748.980	89.9530	0.2914
8751.910	89.9610	0.3203
8754.840	89.9410	0.2946
8757.770	89.7361	0.3006
8760.700	89.3988	0.3199
8763.630	89.3002	0.3354
8766.560	88.9634	0.3521
8769.490	88.8273	0.3620
8772.420	88.6484	0.3631
8775.350	88.2644	0.3679
8778.280	88.1354	0.3433
8781.210	87.8350	0.3763
8784.140	87.4359	0.3766
8787.070	87.2231	0.3678
8790.000	87.5267	0.3184
8792.930	87.6996	0.2889
8795.860	87.4697	0.2659
8798.790	87.2885	0.2861
8801.720	87.5505	0.3333
8804.650	87.9519	0.4094
8807.580	87.7574	0.3794
8810.510	87.0612	0.3758
8813.440	86.9638	0.3847
8816.370	86.7777	0.3707
8819.300	86.7615	0.3604
8822.230	86.5317	0.3477
8825.160	85.8459	0.3649
8828.090	85.9053	0.3261
8831.020	86.0154	0.3209
8833.950	85.5256	0.3261
8836.880	85.8565	0.3117
8839.810	86.4515	0.2715
8842.740	86.5747	0.2754
8845.670	85.9824	0.3158
8848.600	85.2778	0.3901
8851.530	85.1815	0.3792
8854.460	85.1290	0.3555
8857.390	85.1301	0.3329
8860.320	85.3491	0.2794
8863.250	85.0746	0.3155
8866.180	84.9752	0.3362
8869.110	84.8024	0.3154
8872.040	84.4432	0.2864
8874.970	84.2361	0.2839
8877.900	84.7142	0.2453
8880.830	84.5118	0.2654
8883.760	84.1242	0.3112
8886.690	84.3569	0.2825
8889.620	84.6790	0.2172
8892.550	84.0895	0.2713
8895.480	83.4800	0.3502
8898.410	83.2357	0.3589
8901.340	83.1386	0.3504
8904.270	83.1827	0.3328
8907.200	83.2246	0.3243
8910.130	83.6703	0.2832
8913.060	83.8320	0.3185
8915.990	83.3438	0.3048
8918.920	82.9227	0.2921
8921.850	82.9677	0.3291
8924.780	82.9337	0.3541
8927.710	82.9465	0.3455
8930.640	82.7895	0.2999
8933.570	82.4808	0.2886
8936.500	82.1906	0.2964
8939.430	81.7839	0.3386
8942.360	81.3329	0.3341
8945.290	81.3365	0.3042
8948.220	81.6578	0.2969
8951.150	82.0368	0.2744
8954.080	81.9684	0.3129
8957.010	81.6748	0.3119
8959.940	82.0290	0.2481
8962.870	81.8251	0.2948
8965.800	81.1931	0.3029
8968.730	80.8905	0.3181
8971.660	80.2073	0.3604
8974.590	80.1836	0.3443
8977.520	80.2006	0.3375
8980.450	80.5011	0.2969
8983.380	80.7437	0.2820
8986.310	80.3988	0.3097
8989.240	80.2436	0.3359
8992.170	80.2534	0.3316
8995.100	79.9885	0.3529
8998.030	79.4042	0.3612
9000.960	79.3414	0.3333
9003.890	79.8575	0.3032
9006.820	79.9778	0.3029
9009.750	79.9361	0.3137
9012.680	79.8663	0.3908
9015.610	79.7493	0.3970
9018.540	79.6386	0.3192
9021.470	79.4466	0.3182
9024.400	79.1137	0.3497
9027.330	78.9431	0.3533
9030.260	79.2582	0.2936
9033.190	79.7961	0.2089
9036.120	79.6869	0.2207
9039.050	79.2064	0.2515
9041.980	78.1488	0.3021
9044.910	77.6641	0.3023
9047.840	77.4309	0.3493
9050.770	77.2696	0.3553
9053.700	77.6623	0.3024
9056.630	78.3203	0.2353
9059.560	78.5606	0.2639
9062.490	78.2144	0.2919
9065.420	77.5117	0.3313
9068.350	77.1067	0.3607
9071.280	77.4255	0.3420
9074.210	78.0799	0.3102
9077.140	78.3076	0.2957
9080.070	77.7382	0.3439
9083.000	77.3628	0.3053
9085.930	77.3368	0.3052
9088.860	77.1473	0.3080
9091.790	76.7995	0.3319
9094.720	76.9401	0.2925
9097.650	76.8844	0.2903
9100.580	76.4337	0.3160
9103.510	76.1264	0.3127
9106.440	76.1851	0.3153
9109.370	76.1143	0.3380
9112.300	76.0912	0.3350
9115.230	76.0271	0.3671
9118.160	76.1915	0.3637
9121.090	76.4191	0.3094
9124.020	76.2367	0.2706
9126.950	75.6185	0.2722
9129.880	74.8241	0.3230
9132.810	74.3744	0.3511
9135.740	74.5593	0.3181
9138.670	74.7304	0.3223
9141.600	75.4736	0.3087
9144.530	76.1083	0.3082
9147.460	76.2069	0.2705
9150.390	76.1136	0.2733
9153.320	75.4241	0.3322
9156.250	74.9261	0.3157
9159.180	74.4743	0.3272
9162.110	74.5066	0.3281
9165.040	74.3520	0.3410
9167.970	74.3068	0.3113
9170.900	74.1518	0.2935
9173.830	73.7223	0.3203
9176.760	73.6743	0.3186
9179.690	73.8985	0.3231
9182.620	74.0740	0.3322
9185.550	74.1932	0.2916
9188.480	73.9012	0.2932
9191.410	73.7923	0.2887
9194.340	73.6187	0.2889
9197.270	73.3851	0.3056
9200.200	73.4875	0.2939
9203.130	73.4946	0.3331
9206.060	73.2251	0.3214
9208.990	73.1119	0.3094
9211.920	72.7497	0.3019
9214.850	72.1768	0.3079
9217.780	71.8013	0.3190
9220.710	71.7390	0.2957
9223.640	72.1938	0.2631
9226.570	72.5983	0.2924
9229.500	73.0588	0.2972
9232.430	73.1117	0.3162
9235.360	72.9384	0.2722
9238.290	72.4919	0.2649
9241.220	71.6897	0.2787
9244.150	70.8915	0.3110
9247.080	70.4463	0.3460
9250.010	70.3118	0.3506
9252.940	71.1075	0.3092
9255.870	71.9620	0.2795
9258.800	72.2380	0.2931
9261.730	72.0508	0.3031
9264.660	71.4747	0.3095
9267.590	70.9620	0.3033
9270.520	70.4266	0.3251
9273.450	70.0783	0.3333
9276.380	69.8050	0.3512
9279.310	69.9137	0.3792
9282.240	70.2875	0.3200
9285.170	70.8067	0.2880
9288.100	70.8906	0.2901
9291.030	71.1095	0.2524
9293.960	71.1571	0.2550
9296.890	70.8370	0.2857
9299.820	70.5617	0.3153
9302.750	70.0285	0.3515
9305.680	69.9519	0.3095
9308.610	69.3750	0.3118
9311.540	68.8676	0.3152
9314.470	68.1114	0.3710
9317.400	67.8168	0.3483
9320.330	67.0271	0.3651
9323.260	66.2581	0.3980
9326.190	66.2840	0.3664
9329.120	66.0026	0.3292
9332.050	65.1197	0.3550
9334.980	63.7712	0.3979
9337.910	62.2241	0.4339
9340.840	61.5594	0.4211
9343.770	61.3987	0.4090
9346.700	61.9155	0.3698
9349.630	62.6568	0.3356
9352.560	62.9153	0.3835
9355.490	63.4183	0.3825
9358.420	64.5126	0.3214
9361.350	65.0943	0.3286
9364.280	65.5403	0.3363
9367.210	66.0141	0.3711
9370.140	66.8718	0.3495
9373.070	67.0754	0.3239
9376.000	67.3636	0.3343
9378.930	67.5380	0.3736
9381.860	67.2218	0.3579
9384.790	67.2870	0.2639
9387.720	67.3675	0.2502
9390.650	67.2784	0.2932
9393.580	67.3542	0.3490
9396.510	67.4955	0.3351
9399.440	67.6141	0.3281
9402.370	67.6695	0.3325
9405.300	67.5295	0.3733
9408.230	67.2457	0.3676
9411.160	66.9638	0.4515
9414.090	66.5713	0.4238
9417.020	66.3426	0.3428
9419.950	66.2170	0.3633
9422.880	66.4521	0.3691
9425.810	66.5813	0.3609
9428.740	67.0594	0.3265
9431.670	67.2515	0.3023
9434.600	67.2358	0.2929
9437.530	66.6887	0.3732
9440.460	66.3657	0.4199
9443.390	66.3385	0.3759
9446.320	66.4359	0.3258
9449.250	66.3052	0.3202
9452.180	65.9232	0.3343
9455.110	65.8675	0.3463
9458.040	66.0060	0.3084
9460.970	66.3110	0.2617
9463.900	66.2534	0.2467
9466.830	66.0013	0.2411
9469.760	65.3712	0.2824
9472.690	64.5615	0.3278
9475.620	64.2758	0.3356
9478.550	64.5412	0.3470
9481.480	65.4229	0.3239
9484.410	65.8038	0.2944
9487.340	65.5971	0.3263
9490.270	65.1626	0.3181
9493.200	65.1117	0.3165
9496.130	64.8707	0.3575
9499.060	64.3427	0.3853
9501.990	64.2797	0.3428
9504.920	64.8884	0.2951
9507.850	65.0469	0.2945
9510.780	64.9821	0.3370
9513.710	64.2792	0.3859
9516.640	63.6005	0.4111
9519.570	63.6123	0.3701
9522.500	64.5212	0.2878
9525.430	64.7899	0.2487
9528.360	64.6046	0.2595
9531.290	64.0875	0.2751
9534.220	63.3161	0.3070
9537.150	63.0051	0.3337
9540.080	63.0447	0.3460
9543.010	63.4051	0.3816
9545.940	63.8083	0.3804
9548.870	64.2023	0.3804
9551.800	63.9009	0.3713
9554.730	63.9675	0.3432
9557.660	63.7702	0.3573
9560.590	63.4971	0.3518
9563.520	63.1440	0.3748
9566.450	62.7286	0.4300
9569.380	63.0525	0.3926
9572.310	63.4512	0.3468
9575.240	63.7208	0.3127
9578.170	63.7345	0.3315
9581.100	63.4301	0.3323
9584.030	63.3726	0.3614
9586.960	63.1940	0.4192
9589.890	63.3205	0.4359
9592.820	63.5342	0.4325
9595.750	63.8341	0.4299
9598.680	64.1877	0.4014
9601.610	64.1233	0.4247
9604.540	63.3693	0.4548
9607.470	62.9689	0.5013
9610.400	62.7763	0.5352
9613.330	62.6301	0.5291
9616.260	62.6074	0.4794
9619.190	63.2498	0.5760
9622.120	63.8917	0.6179
9625.050	64.2249	0.6175
9627.980	64.2001	0.5647
9630.910	63.8094	0.5345
9633.840	63.6060	0.5565
9636.770	63.0584	0.5859
9639.700	62.5709	0.5545
9642.630	62.0715	0.5809
9645.560	62.0116	0.6096
9648.490	62.4217	0.5919
9651.420	63.0630	0.6255
9654.350	63.0751	0.5988
9657.280	63.5823	0.6154
9660.210	63.7694	0.6908
9663.140	63.6933	0.6823
9666.070	63.3374	0.6791
9669.000	63.1387	0.6558
9671.930	63.0383	0.6997
9674.860	62.8460	0.6939
9677.790	62.7558	0.7260
9680.720	62.6950	0.7043
9683.650	63.3159	0.7560
9686.580	63.5834	0.7519
9689.510	63.5209	0.7536
9692.440	62.9165	0.7580
9695.370	62.6882	0.7631
9698.300	62.7212	0.7510
9701.230	62.8839	0.7840
