3298.680	171.5803	1.4986
3301.060	165.8218	1.5190
3303.440	156.0336	1.3679
3305.820	154.6993	1.2314
3308.200	159.9187	1.2565
3310.580	160.6631	1.3312
3312.960	158.0967	1.2727
3315.340	160.5799	1.2975
3317.720	163.5425	1.3483
3320.100	158.0083	1.4188
3322.480	151.5574	1.2032
3324.860	153.9918	1.1538
3327.240	156.3823	1.1497
3329.620	160.0917	1.1601
3332.000	161.7301	1.2261
3334.380	156.5608	1.2037
3336.760	151.9396	1.1395
3339.140	153.0275	1.1419
3341.520	155.1121	1.1002
3343.900	158.8309	1.1065
3346.280	157.0627	1.0420
3348.660	155.0932	1.1244
3351.040	160.1232	1.0742
3353.420	166.0367	1.1804
3355.800	163.8423	1.3295
3358.180	155.8720	1.1789
3360.560	152.3109	1.2009
3362.940	155.8917	1.0898
3365.320	155.1686	1.1100
3367.700	151.4224	1.0649
3370.080	151.0731	1.0764
3372.460	153.0395	1.0697
3374.840	158.3577	1.1121
3377.220	154.7622	1.2420
3379.600	147.1078	0.9125
3381.980	151.0866	0.9339
3384.360	161.9479	1.0003
3386.740	163.5498	1.1520
3389.120	158.5427	1.0418
3391.500	151.5672	0.9522
3393.880	152.4508	1.0621
3396.260	163.4551	1.0008
3398.640	168.0937	1.1913
3401.020	162.9666	1.2188
3403.400	157.8133	0.9869
3405.780	154.1267	0.9348
3408.160	154.3157	0.8810
3410.540	157.4862	0.9530
3412.920	157.7146	1.0166
3415.300	159.0683	0.9653
3417.680	162.6638	1.0829
3420.060	162.1388	1.1431
3422.440	156.7991	1.0157
3424.820	157.4854	0.8917
3427.200	163.9556	0.9080
3429.580	168.3494	1.0975
3431.960	165.4834	1.1294
3434.340	164.2500	1.1279
3436.720	160.7315	1.1552
3439.100	152.1240	0.9992
3441.480	146.5782	0.9937
3443.860	149.3262	0.9733
3446.240	159.2943	0.9143
3448.620	163.4047	1.1137
3451.000	160.0672	1.0654
3453.380	156.6247	1.0098
3455.760	156.8314	0.9563
3458.140	154.9844	0.8626
3460.520	152.3874	0.8723
3462.900	154.5268	0.8794
3465.280	157.7402	1.0991
3467.660	161.3601	1.0634
3470.040	161.1757	1.1239
3472.420	155.2913	0.9452
3474.800	149.1356	0.8794
3477.180	151.2862	0.9801
3479.560	156.0531	1.1406
3481.940	156.7472	1.0545
3484.320	158.7096	0.9827
3486.700	161.8360	1.0065
3489.080	160.2108	0.9216
3491.460	154.9112	0.9649
3493.840	146.4756	0.8248
3496.220	144.3264	0.8133
3498.600	153.5618	0.8556
3500.980	160.9107	1.0329
3503.360	161.1402	1.0876
3505.740	159.8230	1.0088
3508.120	158.9624	0.9055
3510.500	158.7819	0.8914
3512.880	158.7372	0.8987
3515.260	161.6062	0.9118
3517.640	164.0631	0.8311
3520.020	160.2620	0.8517
3522.400	155.8985	0.8882
3524.780	153.3209	1.0875
3527.160	156.2335	0.8185
3529.540	160.7062	0.8298
3531.920	161.8720	0.8820
3534.300	163.6278	0.8531
3536.680	166.7076	0.8528
3539.060	169.0614	0.8801
3541.440	170.1188	0.9555
3543.820	170.3148	0.9697
3546.200	168.4924	1.0477
3548.580	168.4455	0.9613
3550.960	169.3796	0.9814
3553.340	167.4521	1.0235
3555.720	166.1533	1.0184
3558.100	167.3457	1.0322
3560.480	169.9049	0.9850
3562.860	169.6278	0.9004
3565.240	163.8946	0.8753
3567.620	158.5140	0.8068
3570.000	155.6805	0.9826
3572.380	156.4686	0.8592
3574.760	159.4877	0.8682
3577.140	162.5201	0.9360
3579.520	163.6958	0.9468
3581.900	157.4099	0.8942
3584.280	146.9372	0.8553
3586.660	144.0580	0.8238
3589.040	154.0901	0.8338
3591.420	163.4583	0.9238
3593.800	166.4184	1.1060
3596.180	167.3862	1.1718
3598.560	165.4510	1.0583
3600.940	159.0415	0.8527
3603.320	154.6828	0.7995
3605.700	156.0760	0.8456
3608.080	153.7193	0.7678
3610.460	151.4050	0.8990
3612.840	154.4301	1.0660
3615.220	159.1681	0.9949
3617.600	158.9023	0.7941
3619.980	157.1234	0.9348
3622.360	162.5742	0.8944
3624.740	168.9675	1.1883
3627.120	170.0394	1.1381
3629.500	161.8303	0.9444
3631.880	155.7994	0.9759
3634.260	159.3887	0.9487
3636.640	166.9501	0.9684
3639.020	171.0432	0.9242
3641.400	170.6516	0.8829
3643.780	166.2960	0.8835
3646.160	163.1538	0.8412
3648.540	162.9389	0.8674
3650.920	166.5775	0.7825
3653.300	171.5395	0.9507
3655.680	174.5264	0.9686
3658.060	174.7045	0.9231
3660.440	173.9126	0.8194
3662.820	172.5086	0.8031
3665.200	172.5100	0.8338
3667.580	171.6717	0.8265
3669.960	171.1090	0.9225
3672.340	172.2081	1.0399
3674.720	171.1168	0.9317
3677.100	167.2869	0.8632
3679.480	166.4743	0.8163
3681.860	167.0179	0.8269
3684.240	165.1105	0.8530
3686.620	165.3758	0.8791
3689.000	169.6411	0.9052
3691.380	173.4661	0.9103
3693.760	171.8866	0.9368
3696.140	173.0105	0.9374
3698.520	177.1300	0.9376
3700.900	175.9504	1.1997
3703.280	168.0560	0.9699
3705.660	165.9098	0.8919
3708.040	166.3506	0.8089
3710.420	163.1167	0.8421
3712.800	168.7037	0.9619
3715.180	185.6539	1.1711
3717.560	189.6908	0.9828
3719.940	174.2203	1.0702
3722.320	168.8075	0.8446
3724.700	183.6328	0.9890
3727.080	197.1296	1.1919
3729.460	194.1330	1.0969
3731.840	172.0344	1.0739
3734.220	156.0090	0.9474
3736.600	172.2797	0.8625
3738.980	201.6411	1.3506
3741.360	216.2826	1.3738
3743.740	206.1919	0.9578
3746.120	177.9861	0.9293
3748.500	154.1220	0.8579
3750.880	163.1199	0.9436
3753.260	195.6134	1.6098
3755.640	214.7389	1.3280
3758.020	216.7128	0.9932
3760.400	219.1750	0.9943
3762.780	221.9087	1.1007
3765.160	210.0645	1.0668
3767.540	182.8195	0.9344
3769.920	164.4308	0.8743
3772.300	175.9451	0.8890
3774.680	208.6611	0.9828
3777.060	240.9514	1.0717
3779.440	263.4054	1.1154
3781.820	269.6358	1.2212
3784.200	262.9810	1.2130
3786.580	249.3361	1.3150
3788.960	238.2189	1.1038
3791.340	223.5978	1.0964
3793.720	195.1302	0.9822
3796.100	165.6125	0.9212
3798.480	163.8831	0.8538
3800.860	197.0479	0.9458
3803.240	232.4221	1.0959
3805.620	252.3470	1.3223
3808.000	268.7965	1.2138
3810.380	280.3345	1.4066
3812.760	278.1887	1.4040
3815.140	275.7031	1.7126
3817.520	279.1250	1.7265
3819.900	277.2782	1.7254
3822.280	268.9190	1.3979
3824.660	251.7395	1.1254
3827.040	232.8477	1.0411
3829.420	210.7255	0.9612
3831.800	179.5647	0.8410
3834.180	154.5559	0.8237
3836.560	159.2922	0.7910
3838.940	188.6571	1.0024
3841.320	225.0781	1.0219
3843.700	252.8934	1.5642
3846.080	265.4492	1.6093
3848.460	271.4052	1.3879
3850.840	281.3647	1.3584
3853.220	294.7604	1.2846
3855.600	303.4863	1.2683
3857.980	311.0190	1.4543
3860.360	321.3920	1.4338
3862.740	326.7832	2.1329
3865.120	331.9925	2.2270
3867.500	336.5131	1.6457
3869.880	324.5370	1.6439
3872.260	303.3546	1.2761
3874.640	290.4799	1.3336
3877.020	276.9192	1.2226
3879.400	261.7225	1.2212
3881.780	246.2140	1.2173
3884.160	215.8157	1.1104
3886.540	177.6428	0.9844
3888.920	159.8637	0.8989
3891.300	179.7021	0.7807
3893.680	211.4250	0.9568
3896.060	234.8112	1.1746
3898.440	254.2636	1.0837
3900.820	273.6443	1.1130
3903.200	282.0159	1.1183
3905.580	281.0634	1.1637
3907.960	294.7652	1.2676
3910.340	314.1735	1.6454
3912.720	317.6416	1.7899
3915.100	306.3387	1.6115
3917.480	302.2064	1.4945
3919.860	312.7421	1.5854
3922.240	331.8395	1.6809
3924.620	343.7784	1.7892
3927.000	330.1989	2.0163
3929.380	294.5862	1.7234
3931.760	256.1881	2.4199
3934.140	257.6522	2.4983
3936.520	296.5328	2.0349
3938.900	320.9957	1.8502
3941.280	316.8655	1.6557
3943.660	311.7425	1.8674
3946.040	311.3860	1.4120
3948.420	297.7342	1.5793
3950.800	286.0415	1.5591
3953.180	286.5116	1.6456
3955.560	283.8528	1.5278
3957.940	278.8964	1.5908
3960.320	269.8995	1.6512
3962.700	247.0198	1.4263
3965.080	208.6308	1.5213
3967.460	165.8851	1.5599
3969.840	152.1361	1.4843
3972.220	181.3635	1.0566
3974.600	222.9217	1.3254
3976.980	255.0233	1.5127
3979.360	271.6260	1.8180
3981.740	281.0989	1.9026
3984.120	296.9154	1.5131
3986.500	313.2025	1.5110
3988.880	317.9114	1.6269
3991.260	318.2920	1.6074
3993.640	317.1393	1.5027
3996.020	316.1356	1.5240
3998.400	325.8101	1.5394
4000.780	337.1871	1.6675
4003.160	335.9382	1.7077
4005.540	336.8339	1.5893
4007.920	351.5232	1.5625
4010.300	361.5112	1.6608
4012.680	362.1947	1.6357
4015.060	364.6617	1.6109
4017.440	368.7042	1.5391
4019.820	365.9126	1.6328
4022.200	361.1166	1.8919
4024.580	366.3859	2.1203
4026.960	367.0317	1.7237
4029.340	347.0858	1.4712
4031.720	333.8457	1.2732
4034.100	351.7962	1.3643
4036.480	371.7915	1.5317
4038.860	369.5429	1.6369
4041.240	355.5270	1.4827
4043.620	343.0698	1.5864
4046.000	343.0050	1.4154
4048.380	353.6166	1.4773
4050.760	357.3193	1.5683
4053.140	353.7534	1.5025
4055.520	354.4079	1.4598
4057.900	356.7885	1.4846
4060.280	349.2789	1.4528
4062.660	338.9906	1.3556
4065.040	336.6217	1.3665
4067.420	338.0637	1.4344
4069.800	334.6441	1.4633
4072.180	321.8186	1.4199
4074.560	293.5638	1.3197
4076.940	271.4137	1.2341
4079.320	283.5522	1.2565
4081.700	304.2321	1.2945
4084.080	303.3907	1.2832
4086.460	299.8619	1.3684
4088.840	300.2216	1.4695
4091.220	295.4215	1.4135
4093.600	278.7347	1.3781
4095.980	249.6802	1.4307
4098.360	208.7437	1.4220
4100.740	175.2777	1.2402
4103.120	183.9750	1.0304
4105.500	216.6272	1.0326
4107.880	243.4278	1.0602
4110.260	265.9977	1.1352
4112.640	290.2433	1.2017
4115.020	301.6796	1.2552
4117.400	299.9139	1.2519
4119.780	298.7986	1.2573
4122.160	302.6650	1.2414
4124.540	306.4334	1.3699
4126.920	305.7575	1.3422
4129.300	300.9884	1.2400
4131.680	305.7344	1.3274
4134.060	322.7572	1.4321
4136.440	343.1165	1.5749
4138.820	355.9212	1.5837
4141.200	344.5314	1.6364
4143.580	333.6135	1.5423
4145.960	341.7588	1.4308
4148.340	346.4080	1.4799
4150.720	340.9878	1.4866
4153.100	336.6919	1.4295
4155.480	337.6578	1.5004
4157.860	345.3495	1.4924
4160.240	352.0192	1.5262
4162.620	354.2980	1.6312
4165.000	354.6924	1.5049
4167.380	355.3227	1.5432
4169.760	350.7085	1.3159
4172.140	336.8642	1.4090
4174.520	329.6983	1.4437
4176.900	326.2371	1.2796
4179.280	332.8706	1.3495
4181.660	344.8396	1.3180
4184.040	345.2061	1.3188
4186.420	339.9957	1.3793
4188.800	345.2233	1.5572
4191.180	353.2848	1.7346
4193.560	350.3072	1.5515
4195.940	333.7984	1.5131
4198.320	326.8042	1.6255
4200.700	332.8602	1.5269
4203.080	336.9522	1.3792
4205.460	343.7813	1.4448
4207.840	357.7905	1.3804
4210.220	367.3415	1.4868
4212.600	361.8843	1.5075
4214.980	349.0683	1.4816
4217.360	350.4534	1.3433
4219.740	357.9046	1.4440
4222.120	350.5411	1.3227
4224.500	336.3917	1.7304
4226.880	336.3760	1.3261
4229.260	353.6907	1.3750
4231.640	350.8480	1.7458
4234.020	337.1660	1.3974
4236.400	335.7786	1.2913
4238.780	342.8773	1.3416
4241.160	353.5714	1.4374
4243.540	357.2423	1.4375
4245.920	348.3343	1.3532
4248.300	341.8957	1.4244
4250.680	344.5031	1.4666
4253.060	349.1778	1.4186
4255.440	352.9377	1.4772
4257.820	353.4078	1.4215
4260.200	350.7531	1.3905
4262.580	356.7465	1.4570
4264.960	366.2608	1.5729
4267.340	361.6065	1.5175
4269.720	342.8192	1.4395
4272.100	336.5621	1.5620
4274.480	347.0012	1.3926
4276.860	359.1327	1.4170
4279.240	360.3235	1.4511
4281.620	355.9280	1.4167
4284.000	352.8972	1.4694
4286.380	345.7607	1.4346
4288.760	334.8633	1.4840
4291.140	335.8926	1.3959
4293.520	340.3763	1.4928
4295.900	329.9336	1.4977
4298.280	315.0282	1.4150
4300.660	307.3332	1.3224
4303.040	307.5029	1.2813
4305.420	309.9273	1.2370
4307.800	316.0900	1.5304
4310.180	324.7056	1.7599
4312.560	326.6546	1.4307
4314.940	324.3125	1.5709
4317.320	324.9595	2.0710
4319.700	326.2134	1.7046
4322.080	318.7078	1.4257
4324.460	304.8075	1.6086
4326.840	290.8485	1.2861
4329.220	281.1342	1.3084
4331.600	264.9453	1.4350
4333.980	240.0339	1.2634
4336.360	207.7379	1.2029
4338.740	176.6295	1.3675
4341.120	170.2489	1.1444
4343.500	199.8196	0.9303
4345.880	235.1384	1.0065
4348.260	257.6538	1.0161
4350.640	268.1511	1.0627
4353.020	281.7525	1.0597
4355.400	300.2918	1.0880
4357.780	308.4771	1.1109
4360.160	314.6104	1.2298
4362.540	326.5097	1.3060
4364.920	333.5642	1.2729
4367.300	331.7891	1.4096
4369.680	332.5913	1.4603
4372.060	335.0859	1.4033
4374.440	336.3944	1.3818
4376.820	345.7527	1.5296
4379.200	351.7983	1.6194
4381.580	338.7905	1.5524
4383.960	322.1697	1.5042
4386.340	324.9918	1.6437
4388.720	335.6184	1.5063
4391.100	339.8388	1.3140
4393.480	339.1150	1.3857
4395.860	337.3099	1.3236
4398.240	335.1402	1.2495
4400.620	337.2831	1.2560
4403.000	343.6766	1.5266
4405.380	347.2734	1.3271
4407.760	347.2162	1.3089
4410.140	347.5763	1.4089
4412.520	347.6790	1.4124
4414.900	341.6957	1.2927
4417.280	337.2585	1.4098
4419.660	341.4164	1.3589
4422.040	347.2891	1.4016
4424.420	348.1755	1.4244
4426.800	342.8347	1.3397
4429.180	337.0200	1.3102
4431.560	339.8474	1.3962
4433.940	347.7062	1.3420
4436.320	356.2075	1.4339
4438.700	359.0742	1.3553
4441.080	345.0164	1.4454
4443.460	333.1400	1.2561
4445.840	335.3912	1.3142
4448.220	338.3496	1.3796
4450.600	338.0257	1.3301
4452.980	339.8413	1.3243
4455.360	339.8530	1.3423
4457.740	333.7841	1.3429
4460.120	326.7147	1.2498
4462.500	325.5311	1.2252
4464.880	327.3869	1.4201
4467.260	326.7861	1.8637
4469.640	329.0688	1.8532
4472.020	338.5028	1.5048
4474.400	350.2697	1.2665
4476.780	351.1759	1.3182
4479.160	337.6299	1.2243
4481.540	327.8725	1.2195
4483.920	334.1244	1.2461
4486.300	342.0000	1.2640
4488.680	341.7732	1.2798
4491.060	342.4652	1.2834
4493.440	345.0957	1.4830
4495.820	347.6466	1.4216
4498.200	350.5722	1.4583
4500.580	353.8151	1.4750
4502.960	360.7165	1.5141
4505.340	362.6282	1.5906
4507.720	358.3053	1.5167
4510.100	357.1311	1.4394
4512.480	355.3211	1.4041
4514.860	350.9493	1.3313
4517.240	346.8386	1.3785
4519.620	339.6294	1.3243
4522.000	326.1428	1.4047
4524.380	320.1298	1.2243
4526.760	322.1561	1.2829
4529.140	327.0852	1.3529
4531.520	331.5906	1.5175
4533.900	337.2396	1.5991
4536.280	344.0249	1.6978
4538.660	344.2345	1.8340
4541.040	342.1529	1.5446
4543.420	344.3317	1.4403
4545.800	340.9629	1.4330
4548.180	328.7151	1.2966
4550.560	318.9163	1.2069
4552.940	312.1104	1.1967
4555.320	311.8019	1.1432
4557.700	319.5516	1.1477
4560.080	326.8758	1.2268
4562.460	329.3978	1.2275
4564.840	334.7458	1.2275
4567.220	346.2025	1.2972
4569.600	347.1417	1.2629
4571.980	342.3092	1.3772
4574.360	342.4614	1.3545
4576.740	343.3521	1.3756
4579.120	337.7677	1.3803
4581.500	329.1579	1.3434
4583.880	329.3317	1.2932
4586.260	335.5840	1.3730
4588.640	335.6677	1.4781
4591.020	331.0701	1.3328
4593.400	329.8863	1.2622
4595.780	335.0310	1.3386
4598.160	340.7501	1.2802
4600.540	343.3535	1.3241
4602.920	341.6394	1.3659
4605.300	338.0111	1.5012
4607.680	340.2194	1.5060
4610.060	343.8697	1.4064
4612.440	343.5043	1.3446
4614.820	340.1222	1.2957
4617.200	335.4373	1.3159
4619.580	336.1197	1.2875
4621.960	341.9444	1.3264
4624.340	343.3027	1.3524
4626.720	337.6571	1.3210
4629.100	335.3148	1.3749
4631.480	338.1468	1.4202
4633.860	340.5152	1.2613
4636.240	340.0938	1.2274
4638.620	342.8963	1.3680
4641.000	342.7494	1.5286
4643.380	336.0118	1.3528
4645.760	328.8167	1.2617
4648.140	330.0460	1.2347
4650.520	335.6904	1.4399
4652.900	335.2436	1.4406
4655.280	332.2192	1.3252
4657.660	335.0022	1.3652
4660.040	339.0319	1.3426
4662.420	333.6673	1.3107
4664.800	322.3556	1.3711
4667.180	313.8594	1.3125
4669.560	316.5033	1.3333
4671.940	326.2130	1.3210
4674.320	335.1663	1.4946
4676.700	335.2437	1.5543
4679.080	330.3705	1.6252
4681.460	330.5699	2.0154
4683.840	335.9582	2.0950
4686.220	338.5258	2.1610
4688.600	335.9259	1.8238
4690.980	332.4045	1.1937
4693.360	333.9242	1.1981
4695.740	336.3582	1.1629
4698.120	333.1983	1.1164
4700.500	325.4064	1.1481
4702.880	319.8478	1.3010
4705.260	320.2720	1.3895
4707.640	322.6672	1.2068
4710.020	326.1816	1.3751
4712.400	325.4213	1.4655
4714.780	323.2314	1.3167
4717.160	326.3880	1.2501
4719.540	332.1405	1.2665
4721.920	332.6523	1.3198
4724.300	330.6923	1.3400
4726.680	327.1363	1.3446
4729.060	323.6349	1.4138
4731.440	322.0006	1.4639
4733.820	323.4126	1.3229
4736.200	323.5583	1.3456
4738.580	322.8386	1.1922
4740.960	323.6930	1.2980
4743.340	324.7835	1.3198
4745.720	325.5590	1.4283
4748.100	325.6068	1.3534
4750.480	325.8678	1.3586
4752.860	324.2509	1.3503
4755.240	322.6690	1.4115
4757.620	324.3831	1.2462
4760.000	323.7053	1.2859
4762.380	319.6390	1.3591
4764.760	318.8384	1.3172
4767.140	322.0829	1.3443
4769.520	324.7373	1.4848
4771.900	325.9419	1.3624
4774.280	327.6116	1.2736
4776.660	329.2189	1.2594
4779.040	328.1018	1.2377
4781.420	324.7916	1.2374
4783.800	319.7181	1.2594
4786.180	316.3108	1.1904
4788.560	316.7915	1.2210
4790.940	320.4680	1.2598
4793.320	324.3161	1.2166
4795.700	324.8070	1.2773
4798.080	321.6179	1.2567
4800.460	319.3801	1.2443
4802.840	317.0324	1.2967
4805.220	313.9915	1.3072
4807.600	311.6094	1.3030
4809.980	310.7704	1.3369
4812.360	313.0348	1.1928
4814.740	315.4819	1.1748
4817.120	315.4522	1.2435
4819.500	309.6208	1.3032
4821.880	300.2815	1.3266
4824.260	295.9312	1.1691
4826.640	299.2541	1.2151
4829.020	300.2607	1.3123
4831.400	298.1761	1.3200
4833.780	295.6399	1.2746
4836.160	291.4232	1.2691
4838.540	287.8562	1.2103
4840.920	283.9002	1.1756
4843.300	277.5498	1.2873
4845.680	267.1966	1.3253
4848.060	256.0947	1.1918
4850.440	245.1759	1.1440
4852.820	228.9534	1.1607
4855.200	206.0324	1.1182
4857.580	179.9987	1.1608
4859.960	158.3397	1.0805
4862.340	159.2202	0.9813
4864.720	183.3741	0.7220
4867.100	209.9279	0.7792
4869.480	226.3276	0.8109
4871.860	236.1062	0.8738
4874.240	246.7100	0.9296
4876.620	257.1219	1.0375
4879.000	266.0640	1.0820
4881.380	269.0311	1.1131
4883.760	267.6981	1.1890
4886.140	271.6419	1.0923
4888.520	274.7800	1.1904
4890.900	277.1873	1.1313
4893.280	285.7094	1.1736
4895.660	292.8040	1.2444
4898.040	289.7127	1.3113
4900.420	286.3425	1.1608
4902.800	290.8856	1.2031
4905.180	297.9273	1.2545
4907.560	298.8559	1.2420
4909.940	295.1649	1.2056
4912.320	294.5900	1.2092
4914.700	295.7552	1.2397
4917.080	287.5836	1.4798
4919.460	274.9969	1.6138
4921.840	272.5569	1.4135
4924.220	282.4811	1.1461
4926.600	295.7037	1.1934
4928.980	301.2232	1.2134
4931.360	295.3343	1.1037
4933.740	286.7411	1.1605
4936.120	286.6050	1.3576
4938.500	293.3307	1.2715
4940.880	297.9172	1.3152
4943.260	301.5715	1.2614
4945.640	302.4168	1.1578
4948.020	303.8661	1.2055
4950.400	304.1852	1.3746
4952.780	301.4990	1.2884
4955.160	296.1568	1.2810
4957.540	291.0479	1.2527
4959.920	296.9198	1.2148
4962.300	303.7862	1.2486
4964.680	303.7449	1.2723
4967.060	299.1613	1.2224
4969.440	296.8033	1.2604
4971.820	299.2144	1.2721
4974.200	303.0126	1.3143
4976.580	302.5414	1.3498
4978.960	292.8911	1.3809
4981.340	278.4864	1.2797
4983.720	271.8267	1.2129
4986.100	278.7039	1.2476
4988.480	288.3949	1.2830
4990.860	291.6060	1.2183
4993.240	293.4765	1.2639
4995.620	294.1949	1.2599
4998.000	290.3809	1.2717
5000.380	285.0628	1.2633
5002.760	282.7833	1.2760
5005.140	282.0474	1.2858
5007.520	284.1391	1.2688
5009.900	287.0190	1.3613
5012.280	283.9872	1.3249
5014.660	280.0963	1.2795
5017.040	277.4752	1.1769
5019.420	279.6350	1.2090
5021.800	286.3662	1.2674
5024.180	290.8827	1.3405
5026.560	290.8879	1.2704
5028.940	292.2342	1.2783
5031.320	293.4916	1.3389
5033.700	292.1275	1.3436
5036.080	286.8024	1.3661
5038.460	282.2953	1.3300
5040.840	281.3757	1.3239
5043.220	286.5503	1.3035
5045.600	290.9689	1.3443
5047.980	290.3038	1.3581
5050.360	287.1373	1.2127
5052.740	289.3283	1.2387
5055.120	293.8255	1.2975
5057.500	296.4658	1.3393
5059.880	298.2044	1.3461
5062.260	295.6041	1.2349
5064.640	291.5628	1.1935
5067.020	288.5419	1.3291
5069.400	287.4137	1.2620
5071.780	284.7997	1.2788
5074.160	281.0517	1.2823
5076.540	275.9284	1.2271
5078.920	272.9761	1.1966
5081.300	273.6820	1.1517
5083.680	278.1265	1.1905
5086.060	281.5257	1.2039
5088.440	283.4753	1.2643
5090.820	286.2231	1.2799
5093.200	287.6946	1.2850
5095.580	284.2374	1.2967
5097.960	278.6449	1.3482
5098.200	282.8288	1.2016
5100.340	277.9500	1.3051
5101.130	281.2965	1.3201
5102.720	281.3267	1.3070
5104.060	283.5167	1.3012
5105.100	283.1088	1.2225
5106.990	285.7782	1.1627
5107.480	281.7275	1.1667
5109.860	281.6487	1.1835
5109.920	285.0231	1.1691
5112.240	283.0495	1.1433
5112.850	285.4959	1.1699
5114.620	282.5531	1.2723
5115.780	285.6372	1.3070
5117.000	280.6996	1.2651
5118.710	282.7730	1.2897
5119.380	277.4304	1.2542
5121.640	278.9794	1.2062
5121.760	272.2444	1.2901
5124.140	268.4265	1.2084
5124.570	272.8860	1.3592
5126.520	268.6936	1.1947
5127.500	272.5691	1.0612
5128.900	271.0159	1.1386
5130.430	273.9896	1.0832
5131.280	272.3808	1.2636
5133.360	274.5925	1.1888
5133.660	273.5886	1.2940
5136.040	272.5158	1.3131
5136.290	274.6867	1.1819
5138.420	270.0793	1.3021
5139.220	273.5569	1.1916
5140.800	269.3194	1.3756
5142.150	274.2814	1.2418
5143.180	271.1722	1.3795
5145.080	276.2344	1.2598
5145.560	272.9095	1.4495
5147.940	273.5285	1.4791
5148.010	276.5046	1.2560
5150.320	274.3161	1.4017
5150.940	276.4411	1.0543
5153.870	276.2236	1.1905
5156.800	277.9603	1.1324
5159.730	277.5430	1.1911
5162.660	274.4425	1.2218
5165.590	264.6677	1.7350
5168.520	257.9419	1.3809
5171.450	258.6454	1.1050
5174.380	268.5822	1.2182
5177.310	276.1955	1.4050
5180.240	274.2323	1.2284
5183.170	268.0789	1.4735
5186.100	264.0818	1.2277
5189.030	262.5047	1.1630
5191.960	260.0056	1.0886
5194.890	258.0069	1.0594
5197.820	258.4619	1.0209
5200.750	259.1232	1.0847
5203.680	258.5373	1.0243
5206.610	259.2263	1.1312
5209.540	264.5002	1.0565
5212.470	268.9741	1.2177
5215.400	268.5739	1.0571
5218.330	269.2435	1.0493
5221.260	270.6027	1.0232
5224.190	266.9287	1.0203
5227.120	262.1419	1.1040
5230.050	260.1593	1.0035
5232.980	259.3913	0.9991
5235.910	261.4862	1.0507
5238.840	268.2040	1.1649
5241.770	271.9385	1.0935
5244.700	272.8441	0.9937
5247.630	272.3834	1.0263
5250.560	269.7303	1.0571
5253.490	268.5073	1.0276
5256.420	269.4531	0.9921
5259.350	268.5932	0.9569
5262.280	261.5055	1.1074
5265.210	254.6659	1.0044
5268.140	249.8952	0.9052
5271.070	249.5576	1.0134
5274.000	250.8513	1.0293
5276.930	253.8444	0.9953
5279.860	257.0648	0.8773
5282.790	259.8699	0.9058
5285.720	264.0468	0.9885
5288.650	267.6372	0.9578
5291.580	267.8512	0.9828
5294.510	265.8388	0.9933
5297.440	264.6110	0.9911
5300.370	264.1121	0.9635
5303.300	263.6976	0.9964
5306.230	265.8807	0.9539
5309.160	266.3285	0.9719
5312.090	264.8008	0.9104
5315.020	261.0091	0.9578
5317.950	259.6871	1.0143
5320.880	259.3596	0.9996
5323.810	257.1007	1.0493
5326.740	252.0828	1.0800
5329.670	253.5758	1.0122
5332.600	258.1926	1.0030
5335.530	259.5578	0.9359
5338.460	258.2892	1.0054
5341.390	258.0101	0.9752
5344.320	260.9959	0.9963
5347.250	262.9082	0.9946
5350.180	263.9580	0.9485
5353.110	263.0795	1.0673
5356.040	264.6365	1.0174
5358.970	263.3162	0.9295
5361.900	258.7826	1.0334
5364.830	254.0581	0.9875
5367.760	250.7570	0.8697
5370.690	249.6545	0.9055
5373.620	255.0298	0.9969
5376.550	259.9824	1.0562
5379.480	258.0010	0.8904
5382.410	256.1107	0.9509
5385.340	256.6454	0.8984
5388.270	257.1804	0.8855
5391.200	255.4692	0.9538
5394.130	252.2797	0.9123
5397.060	250.2884	0.8870
5399.990	247.3588	0.9013
5402.920	243.9645	0.9411
5405.850	243.3606	0.9812
5408.780	244.6327	0.9625
5411.710	247.7852	0.9582
5414.640	251.2062	0.9903
5417.570	253.9228	0.8817
5420.500	253.0844	0.8933
5423.430	251.2380	0.8620
5426.360	250.0149	0.9400
5429.290	248.8924	0.8532
5432.220	249.9992	0.8372
5435.150	252.6945	0.9194
5438.080	254.9205	0.9370
5441.010	255.4559	0.9363
5443.940	252.2334	0.9729
5446.870	250.3665	0.8459
5449.800	251.3164	0.8655
5452.730	251.1608	0.8101
5455.660	250.0650	0.7577
5458.590	249.5256	0.7819
5461.520	249.3261	0.7603
5464.450	248.3102	0.7571
5467.380	249.0051	0.8288
5470.310	248.3250	0.8366
5473.240	243.8273	0.8261
5476.170	241.3282	0.8445
5479.100	242.1484	0.8570
5482.030	245.0135	0.8293
5484.960	248.2702	0.8496
5487.890	250.0373	0.7924
5490.820	250.6995	0.8334
5493.750	249.9559	0.8525
5496.680	248.3253	0.8356
5499.610	246.5159	0.7988
5502.540	245.2535	0.7908
5505.470	244.0331	0.8046
5508.400	242.4677	0.8595
5511.330	243.1260	0.9009
5514.260	246.5707	0.8498
5517.190	248.9961	0.8483
5520.120	248.3365	0.8388
5523.050	247.2798	0.8591
5525.980	246.4046	0.8019
5528.910	244.8252	0.8395
5531.840	243.4744	0.9321
5534.770	243.3144	0.9361
5537.700	243.9196	0.9144
5540.630	244.0936	0.8822
5543.560	242.3564	0.7842
5546.490	242.1508	0.8228
5549.420	244.0508	0.8267
5552.350	245.5937	0.8458
5555.280	245.2255	0.8612
5558.210	244.4483	0.8816
5561.140	243.5925	0.9096
5564.070	241.9243	0.8994
5567.000	241.1540	0.8082
5569.930	239.9180	0.8075
5572.860	239.7911	0.8577
5575.790	240.2984	0.9735
5578.720	241.7920	0.9324
5581.650	242.1169	0.8782
5584.580	240.2681	0.9151
5587.510	237.8043	0.9090
5590.440	238.0265	0.8871
5593.370	238.0847	0.8403
5596.300	237.9959	0.8477
5599.230	237.6580	0.8175
5602.160	238.3414	0.8058
5605.090	239.6842	0.8542
5608.020	240.3143	0.9012
5610.950	239.7994	0.8650
5613.880	236.8383	0.8103
5616.810	236.1556	0.8368
5619.740	237.2475	0.8241
5622.670	237.3738	0.8204
5625.600	237.7420	0.8324
5628.530	238.5541	0.9255
5631.460	238.9739	0.8709
5634.390	238.4243	0.8733
5637.320	236.6383	0.8812
5640.250	236.1139	0.9761
5643.180	237.3691	0.8701
5646.110	237.8508	0.8526
5649.040	237.4298	0.8741
5651.970	235.9209	0.8167
5654.900	233.4737	0.7850
5657.830	230.7374	0.8359
5660.760	228.5262	0.7997
5663.690	230.2027	0.7828
5666.620	232.3616	0.8099
5669.550	234.6772	0.8218
5672.480	235.7198	0.8605
5675.410	235.7749	0.9340
5678.340	233.8609	0.9215
5681.270	231.1885	0.9133
5684.200	229.2605	0.8095
5687.130	229.9174	0.8194
5690.060	231.9031	0.7951
5692.990	233.2101	0.8161
5695.920	232.9886	0.8270
5698.850	232.9435	0.8187
5701.780	231.5159	0.7833
5704.710	229.5133	0.8285
5707.640	227.3153	0.9431
5710.570	227.3308	0.8839
5713.500	228.7316	0.8762
5716.430	230.8399	0.8718
5719.360	231.7263	0.8642
5722.290	232.7421	0.7930
5725.220	232.8053	0.7978
5728.150	231.6318	0.7833
5731.080	230.8729	0.7813
5734.010	232.0548	0.7267
5736.940	232.2015	0.7620
5739.870	231.4378	0.7432
5742.800	230.8673	0.7886
5745.730	230.5857	0.7963
5748.660	229.7779	0.8164
5751.590	228.7418	0.7765
5754.520	228.5472	0.8624
5757.450	228.1124	0.8814
5760.380	227.7239	0.8524
5763.310	227.7603	0.7878
5766.240	227.3023	0.8239
5769.170	227.3118	0.7954
5772.100	227.9890	0.7756
5775.030	227.8133	0.7641
5777.960	227.2991	0.7405
5780.890	226.3334	0.7670
5783.820	225.7360	0.7870
5786.750	225.7449	0.7997
5789.680	226.0417	0.8312
5792.610	225.6633	0.7789
5795.540	225.1402	0.7957
5798.470	224.5028	0.7769
5801.400	224.1157	0.8300
5804.330	223.1125	0.8429
5807.260	223.2199	0.8616
5810.190	224.0033	0.8243
5813.120	224.0591	0.7941
5816.050	224.3931	0.7878
5818.980	225.3700	0.7670
5821.910	225.2905	0.7678
5824.840	224.8772	0.7627
5827.770	224.9115	0.7864
5830.700	224.7108	0.8315
5833.630	224.4529	0.7476
5836.560	224.1651	0.7577
5839.490	223.4569	0.7996
5842.420	223.0914	0.7433
5845.350	222.3893	0.7589
5848.280	220.7899	0.7624
5851.210	217.7141	0.8043
5854.140	215.5392	0.8451
5857.070	216.0672	0.8699
5860.000	216.9858	0.8487
5862.930	218.5649	0.8340
5865.860	220.5822	0.8310
5868.790	221.9720	0.9189
5871.720	222.9489	1.4880
5874.650	223.9403	1.6464
5877.580	222.0621	1.1357
5880.510	219.5601	0.7294
5883.440	217.4081	0.6941
5886.370	213.5787	0.8986
5889.300	209.6503	1.1250
5892.230	207.7297	1.0082
5895.160	208.8360	0.8751
5898.090	211.7382	0.7647
5901.020	214.9623	0.8039
5903.950	216.7071	0.8036
5906.880	216.4533	0.7957
5909.810	216.4605	0.7855
5912.740	215.9545	0.7630
5915.670	216.2120	0.7446
5918.600	217.1195	0.7598
5921.530	216.7719	0.8425
5924.460	216.0948	0.8401
5927.390	214.5392	0.8534
5930.320	214.2077	0.8075
5933.250	214.5780	0.7720
5936.180	215.3181	0.7371
5939.110	215.2387	0.6881
5942.040	214.4522	0.8217
5944.970	214.2943	0.8325
5947.900	213.4762	0.7865
5950.830	213.6643	0.7769
5953.760	213.5742	0.7740
5956.690	213.0778	0.7903
5959.620	213.4924	0.7123
5962.550	213.7939	0.7276
5965.480	213.6202	0.7252
5968.410	213.4206	0.7861
5971.340	212.6809	0.8262
5974.270	211.8125	0.8292
5977.200	210.8649	0.8455
5980.130	209.7720	0.7777
5983.060	208.6269	0.7710
5985.990	208.4095	0.8049
5988.920	209.0770	0.7548
5991.850	209.2036	0.7699
5994.780	209.6906	0.7820
5997.710	209.8686	0.8087
6000.640	209.3086	0.8711
6003.570	208.4360	0.8660
6006.500	208.0047	0.8622
6009.430	208.1819	0.8186
6012.360	208.2383	0.7481
6015.290	207.5203	0.7246
6018.220	206.1017	0.7425
6021.150	205.2366	0.7126
6024.080	205.6056	0.7759
6027.010	206.5699	0.7052
6029.940	207.1487	0.7467
6032.870	207.4089	0.7379
6035.800	207.5177	0.7737
6038.730	207.7774	0.6868
6041.660	206.9983	0.7095
6044.590	205.8965	0.7433
6047.520	205.9020	0.7539
6050.450	205.8057	0.7742
6053.380	205.1376	0.8042
6056.310	205.0218	0.7991
6059.240	204.9603	0.8010
6062.170	205.3384	0.7727
6065.100	205.2180	0.7258
6068.030	205.0958	0.7117
6070.960	205.2692	0.7256
6073.890	204.9622	0.6923
6076.820	203.8752	0.7239
6079.750	202.9273	0.7045
6082.680	202.2829	0.7150
6085.610	202.3712	0.7805
6088.540	202.7089	0.7168
6091.470	202.5054	0.7506
6094.400	201.9392	0.7399
6097.330	201.7237	0.7059
6100.260	201.1023	0.7266
6103.190	200.7475	0.7040
6106.120	200.3751	0.6673
6109.050	200.5230	0.7098
6111.980	200.2887	0.7331
6114.910	200.4102	0.7144
6117.840	200.5339	0.7273
6120.770	200.3466	0.7143
6123.700	199.5160	0.6982
6126.630	198.3006	0.7322
6129.560	198.1005	0.7312
6132.490	197.1334	0.6817
6135.420	194.3860	0.6832
6138.350	190.8084	0.7165
6141.280	190.4025	0.6791
6144.210	191.2818	0.6676
6147.140	192.8831	0.6994
6150.070	194.5094	0.6662
6153.000	195.5317	0.6458
6155.930	195.1610	0.6506
6158.860	194.6491	0.7550
6161.790	195.0034	0.8430
6164.720	195.2060	0.8085
6167.650	195.3893	0.7737
6170.580	194.8857	0.6797
6173.510	194.4356	0.6889
6176.440	194.1214	0.6612
6179.370	194.7367	0.6812
6182.300	195.6032	0.6858
6185.230	194.9059	0.6470
6188.160	194.1895	0.6766
6191.090	193.9434	0.7273
6194.020	194.0020	0.6967
6196.950	194.2539	0.7231
6199.880	195.1407	0.6913
6202.810	195.5490	0.6671
6205.740	195.4469	0.6616
6208.670	195.1964	0.6662
6211.600	194.3261	0.6672
6214.530	193.3548	0.6870
6217.460	192.6297	0.7131
6220.390	192.2079	0.6645
6223.320	192.2178	0.6584
6226.250	191.6170	0.6958
6229.180	190.4576	0.7104
6232.110	189.2526	0.6710
6235.040	188.6030	0.6587
6237.970	188.1860	0.7286
6240.900	187.8206	0.7063
6243.830	187.0163	0.6878
6246.760	186.3307	0.6630
6249.690	186.3440	0.6769
6252.620	187.5100	0.6544
6255.550	188.5688	0.6572
6258.480	189.4643	0.6398
6261.410	189.2677	0.6632
6264.340	189.3196	0.7217
6267.270	189.5848	0.6856
6270.200	189.8522	0.7111
6273.130	189.6737	0.6777
6276.060	190.1088	0.6660
6278.990	190.6004	0.6773
6281.920	190.5085	0.7124
6284.850	189.9206	0.7691
6287.780	189.6623	0.6888
6290.710	189.2018	0.6392
6293.640	188.7018	0.6338
6296.570	187.9725	0.6444
6299.500	186.4314	0.6513
6302.430	186.2901	0.6533
6305.360	186.9555	0.6998
6308.290	187.4252	0.7575
6311.220	186.8031	0.7201
6314.150	185.1790	0.7938
6317.080	183.6604	0.7123
6320.010	183.7276	0.6649
6322.940	184.2370	0.6917
6325.870	184.2620	0.7295
6328.800	184.1786	0.7044
6331.730	183.0124	0.5920
6334.660	181.9056	0.6158
6337.590	182.0806	0.5977
6340.520	182.8043	0.5969
6343.450	182.3501	0.5915
6346.380	181.3589	0.5497
6349.310	182.1854	0.5854
6352.240	184.1600	0.5908
6355.170	184.7816	0.6249
6358.100	184.3535	0.6124
6361.030	183.3699	0.5885
6363.960	182.3230	0.6186
6366.890	181.3076	0.6288
6369.820	180.2997	0.6742
6372.750	180.6719	0.6722
6375.680	181.7089	0.6574
6378.610	182.1879	0.6535
6381.540	181.7431	0.6296
6384.470	181.4814	0.6089
6387.400	181.2440	0.6800
6390.330	180.3803	0.6092
6393.260	180.0915	0.6105
6396.190	179.6424	0.6293
6399.120	179.4030	0.5975
6402.050	179.4685	0.6184
6404.980	179.0365	0.6227
6407.910	177.9803	0.6780
6410.840	177.0135	0.6541
6413.770	176.4644	0.6339
6416.700	176.5724	0.6265
6419.630	176.8150	0.6044
6422.560	177.5158	0.5555
6425.490	178.3398	0.6155
6428.420	177.8572	0.6210
6431.350	176.2236	0.5927
6434.280	176.3363	0.6141
6437.210	176.8161	0.6843
6440.140	177.1293	0.7283
6443.070	177.3953	0.6617
6446.000	177.4627	0.6644
6448.930	177.2957	0.6626
6451.860	176.1997	0.6631
6454.790	174.7649	0.6343
6457.720	174.1056	0.6650
6460.650	175.0568	0.6516
6463.580	175.3992	0.6057
6466.510	176.2610	0.5975
6469.440	176.1805	0.6236
6472.370	175.9445	0.6294
6475.300	175.2904	0.6040
6478.230	175.1765	0.6012
6481.160	174.9935	0.6187
6484.090	174.6887	0.6282
6487.020	173.8352	0.6413
6489.950	171.5903	0.6092
6492.880	168.0409	0.6528
6495.810	165.6341	0.6780
6498.740	167.2699	0.6290
6501.670	170.3017	0.6457
6504.600	171.9165	0.6675
6507.530	172.3827	0.6605
6510.460	171.7563	0.6573
6513.390	170.4560	0.6345
6516.320	168.9939	0.6556
6519.250	168.2773	0.6648
6522.180	168.2853	0.6697
6525.110	167.6799	0.6297
6528.040	167.1588	0.6123
6530.970	166.4211	0.6003
6533.900	165.1267	0.5786
6536.830	163.7533	0.5879
6539.760	161.7434	0.5906
6542.690	158.6270	0.6740
6545.620	154.6803	0.6644
6548.550	150.3060	0.6955
6551.480	144.4210	0.7880
6554.410	136.8466	0.8004
6557.340	126.1745	0.7305
6560.270	114.8270	0.8040
6563.200	110.4055	0.8402
6566.130	118.2582	0.6351
6569.060	129.8124	0.6773
6571.990	138.9748	0.4867
6574.920	145.4308	0.4780
6577.850	150.3151	0.4875
6580.780	154.0775	0.5004
6583.710	157.0577	0.5030
6586.640	159.0062	0.5393
6589.570	159.7603	0.6174
6592.500	160.7371	0.6552
6595.430	161.9545	0.5651
6598.360	163.3879	0.5743
6601.290	164.6992	0.5877
6604.220	165.6253	0.5697
6607.150	165.5827	0.5772
6610.080	164.9432	0.5855
6613.010	164.7213	0.5927
6615.940	165.5211	0.6145
6618.870	166.5599	0.5643
6621.800	166.9922	0.5540
6624.730	166.7379	0.5977
6627.660	166.2914	0.5782
6630.590	165.8526	0.6098
6633.520	165.4166	0.6244
6636.450	165.3641	0.6123
6639.380	165.3194	0.6025
6642.310	165.3825	0.6250
6645.240	165.0905	0.6520
6648.170	165.4529	0.5976
6651.100	165.5581	0.5730
6654.030	165.5378	0.6010
6656.960	165.5933	0.5553
6659.890	165.4342	0.5983
6662.820	165.0218	0.6172
6665.750	164.6815	0.6721
6668.680	164.7337	0.5731
6671.610	165.0372	0.6038
6674.540	165.1512	0.9196
6677.470	164.6145	1.0341
6680.400	164.1233	0.7742
6683.330	164.4389	0.6167
6686.260	164.6620	0.5896
6689.190	164.5943	0.5402
6692.120	164.4193	0.5349
6695.050	164.0877	0.5987
6697.980	163.7516	0.6251
6700.910	163.7076	0.5878
6703.840	163.2665	0.5922
6706.770	162.9569	0.5798
6709.700	162.7213	0.6141
6712.630	162.7838	0.5803
6715.560	162.3822	0.5702
6718.490	161.9167	0.5976
6721.420	161.5385	0.6596
6724.350	161.4653	0.6329
6727.280	161.3520	0.6137
6730.210	161.3734	0.6368
6733.140	161.3331	0.6025
6736.070	161.3587	0.5912
6739.000	161.3583	0.5560
6741.930	160.8493	0.5496
6744.860	160.3145	0.5919
6747.790	159.8805	0.5934
6750.720	159.9629	0.5884
6753.650	159.8561	0.6098
6756.580	159.6955	0.5482
6759.510	159.8730	0.5300
6762.440	159.8735	0.5295
6765.370	159.5554	0.5735
6768.300	158.9965	0.5567
6771.230	158.6451	0.5476
6774.160	158.5847	0.5948
6777.090	159.0910	0.5655
6780.020	159.2526	0.5546
6782.950	159.3945	0.5272
6785.880	159.0696	0.5105
6788.810	158.1332	0.5511
6791.740	157.2094	0.5541
6794.670	156.9316	0.5331
6797.600	157.1833	0.5252
6800.530	157.6657	0.5474
6803.460	157.8830	0.5045
6806.390	157.6889	0.5500
6809.320	157.5720	0.5339
6812.250	157.7556	0.4943
6815.180	157.5926	0.5070
6818.110	157.2155	0.5151
6821.040	156.8973	0.5299
6823.970	156.3085	0.5701
6826.900	156.1676	0.5849
6829.830	155.9463	0.5832
6832.760	155.9337	0.5777
6835.690	155.6214	0.5671
6838.620	155.0170	0.5588
6841.550	154.4339	0.5231
6844.480	154.0548	0.5331
6847.410	154.3957	0.5468
6850.340	154.3696	0.5547
6853.270	153.9597	0.5951
6856.200	153.1105	0.5835
6859.130	153.0370	0.6006
6862.060	153.9486	0.5662
6864.990	154.8840	0.5678
6867.920	154.7464	0.5893
6870.850	153.6648	0.5356
6873.780	153.1727	0.5124
6876.710	153.3375	0.5099
6879.640	153.1667	0.5395
6882.570	153.1684	0.5843
6885.500	153.3233	0.6561
6888.430	153.6957	0.6157
6891.360	153.5203	0.5622
6894.290	152.6971	0.5193
6897.220	152.3579	0.5146
6900.150	152.5947	0.4855
6903.080	152.5507	0.4972
6906.010	152.4738	0.5015
6908.940	152.2910	0.5341
6911.870	151.9189	0.5467
6914.800	151.5365	0.5231
6917.730	151.1328	0.5070
6920.660	151.0473	0.5221
6923.590	151.1936	0.5011
6926.520	151.4348	0.5008
6929.450	151.1179	0.4905
6932.380	151.0183	0.4993
6935.310	150.9389	0.4699
6938.240	150.8180	0.5091
6941.170	150.4762	0.4950
6944.100	150.2038	0.4847
6947.030	149.7798	0.5363
6949.960	149.2822	0.5401
6952.890	148.9988	0.5193
6955.820	148.8531	0.5031
6958.750	148.9606	0.4918
6961.680	149.2984	0.4993
6964.610	149.3533	0.5241
6967.540	149.2682	0.5320
6970.470	149.0331	0.5269
6973.400	148.5789	0.5116
6976.330	148.1206	0.5078
6979.260	147.9085	0.5290
6982.190	148.0121	0.5013
6985.120	148.0785	0.5076
6988.050	148.0142	0.5174
6990.980	147.8548	0.5480
6993.910	147.4835	0.5430
6996.840	147.0854	0.5285
6999.770	146.4482	0.5391
7002.700	145.7454	0.5420
7005.630	145.5016	0.5275
7008.560	145.6014	0.5173
7011.490	145.6264	0.5066
7014.420	145.5984	0.4751
7017.350	145.1884	0.4818
7020.280	145.1408	0.4843
7023.210	145.2326	0.4972
7026.140	145.1056	0.4995
7029.070	145.1032	0.4882
7032.000	145.0645	0.4462
7034.930	144.6571	0.4359
7037.860	144.5958	0.4351
7040.790	144.9158	0.4502
7043.720	145.2049	0.4869
7046.650	145.4366	0.4905
7049.580	145.2469	0.4623
7052.510	145.0136	0.4618
7055.440	144.5543	0.4875
7058.370	144.3612	0.5470
7061.300	144.3196	0.6206
7064.230	143.8535	0.7701
7067.160	143.0636	0.6319
7070.090	142.8991	0.4683
7073.020	143.0986	0.4778
7075.950	143.4014	0.4891
7078.880	143.4252	0.4664
7081.810	142.9092	0.4500
7084.740	142.2180	0.4650
7087.670	142.0262	0.4548
7090.600	142.0564	0.4455
7093.530	142.0543	0.4523
7096.460	141.9163	0.4480
7099.390	142.1231	0.4460
7102.320	142.2801	0.4830
7105.250	142.3005	0.5197
7108.180	141.7219	0.5104
7111.110	141.1070	0.4925
7114.040	140.5649	0.4687
7116.970	140.0805	0.4797
7119.900	139.9851	0.5081
7122.830	140.0347	0.5158
7125.760	140.2117	0.4945
7128.690	140.1829	0.4665
7131.620	139.9230	0.4562
7134.550	140.2406	0.4689
7137.480	140.7167	0.4593
7140.410	140.6911	0.4586
7143.340	140.4600	0.5060
7146.270	140.1428	0.4886
7149.200	139.6571	0.5005
7152.130	139.5200	0.4937
7155.060	139.5866	0.4794
7157.990	139.4224	0.4845
7160.920	138.5549	0.4709
7163.850	137.5603	0.5228
7166.780	137.4842	0.5225
7169.710	138.1375	0.5735
7172.640	138.3996	0.5858
7175.570	137.8717	0.5589
7178.500	137.1542	0.5432
7181.430	136.6902	0.5023
7184.360	136.0111	0.4933
7187.290	135.6555	0.4709
7190.220	135.7982	0.4674
7193.150	136.0970	0.4534
7196.080	136.5389	0.4646
7199.010	136.8267	0.5093
7201.940	136.5032	0.4983
7204.870	135.7127	0.4779
7207.800	135.1935	0.4589
7210.730	135.6090	0.4505
7213.660	135.9359	0.4421
7216.590	135.7043	0.4507
7219.520	135.3601	0.4822
7222.450	134.9019	0.6079
7225.380	134.8965	0.5836
7228.310	135.2578	0.5005
7231.240	135.5085	0.4833
7234.170	135.4333	0.4744
7237.100	135.1480	0.4712
7240.030	134.8831	0.4803
7242.960	134.9720	0.5001
7245.890	134.9553	0.5221
7248.820	135.0795	0.5092
7251.750	135.0330	0.5112
7254.680	134.9188	0.4825
7257.610	134.7505	0.4617
7260.540	133.9887	0.4387
7263.470	133.2445	0.4688
7266.400	133.2504	0.4630
7269.330	133.4040	0.5066
7272.260	133.5856	0.5101
7275.190	133.4443	0.5028
7278.120	133.1590	0.5386
7281.050	132.5592	0.5541
7283.980	131.7868	0.4906
7286.910	131.0698	0.5064
7289.840	130.6687	0.5140
7292.770	131.1044	0.4904
7295.700	132.0362	0.4778
7298.630	132.4279	0.4820
7301.560	132.1668	0.4753
7304.490	131.5746	0.4778
7307.420	130.6082	0.4650
7310.350	130.3679	0.4539
7313.280	131.1639	0.4756
7316.210	131.7005	0.4737
7319.140	131.6131	0.4495
7322.070	131.4846	0.4413
7325.000	131.6089	0.4567
7327.930	131.5631	0.4686
7330.860	131.3344	0.4669
7333.790	131.0239	0.5135
7336.720	130.9551	0.5395
7339.650	131.2494	0.4967
7342.580	131.3840	0.4591
7345.510	131.2873	0.4383
7348.440	130.9644	0.4396
7351.370	130.2265	0.4884
7354.300	129.7712	0.5132
7357.230	130.0918	0.4587
7360.160	130.2112	0.4526
7363.090	129.8721	0.4495
7366.020	129.6729	0.4553
7368.950	129.9181	0.4416
7371.880	129.9715	0.4499
7374.810	129.6908	0.4237
7377.740	129.2902	0.4495
7380.670	128.9938	0.4505
7383.600	127.9985	0.4690
7386.530	127.0017	0.4608
7389.460	127.0185	0.4378
7392.390	127.3175	0.4375
7395.320	127.6874	0.4320
7398.250	127.8812	0.4318
7401.180	127.3165	0.4298
7404.110	126.4572	0.4270
7407.040	125.5719	0.4416
7409.970	125.0967	0.4689
7412.900	125.2663	0.4812
7415.830	125.3582	0.4642
7418.760	125.3874	0.4302
7421.690	125.3798	0.4525
7424.620	125.5269	0.4519
7427.550	126.1868	0.4180
7430.480	126.7522	0.4366
7433.410	126.9108	0.4276
7436.340	126.7003	0.4276
7439.270	126.2081	0.4539
7442.200	125.3895	0.4165
7445.130	124.5508	0.4405
7448.060	124.1268	0.4488
7450.990	124.4120	0.4675
7453.920	125.1163	0.4896
7456.850	125.4933	0.4576
7459.780	124.9311	0.4662
7462.710	124.5082	0.4670
7465.640	124.9426	0.4884
7468.570	125.5742	0.4774
7471.500	125.6092	0.4803
7474.430	125.2072	0.5088
7477.360	124.5542	0.4818
7480.290	124.0836	0.4882
7483.220	124.0589	0.4600
7486.150	124.1263	0.4557
7489.080	123.9664	0.4390
7492.010	123.2438	0.4736
7494.940	122.8938	0.4689
7497.870	122.9520	0.4778
7500.800	123.6081	0.4674
7503.730	123.7367	0.4570
7506.660	123.0822	0.4389
7509.590	122.1706	0.4433
7512.520	121.7102	0.4442
7515.450	122.2485	0.4061
7518.380	122.9670	0.4328
7521.310	122.9327	0.4516
7524.240	122.5220	0.4720
7527.170	122.2296	0.4618
7530.100	122.0507	0.4494
7533.030	121.8972	0.4608
7535.960	122.2564	0.4211
7538.890	122.6581	0.4361
7541.820	122.6223	0.4574
7544.750	122.4272	0.4480
7547.680	122.0031	0.4001
7550.610	121.7499	0.4139
7553.540	121.5396	0.3961
7556.470	121.4186	0.4048
7559.400	121.4273	0.4327
7562.330	121.3685	0.4586
7565.260	120.9932	0.5086
7568.190	120.6337	0.5203
7571.120	120.5112	0.4533
7574.050	120.6505	0.4183
7576.980	120.7601	0.4208
7579.910	120.4998	0.4406
7582.840	119.9602	0.4646
7585.770	119.2903	0.5262
7588.700	119.6780	0.5479
7591.630	120.7771	0.6036
7594.560	120.8332	0.6693
7597.490	120.6169	0.6852
7600.420	119.8475	0.6228
7603.350	120.0966	0.5548
7606.280	119.3840	0.4724
7609.210	118.6574	0.4937
7612.140	117.5558	0.4834
7615.070	116.8281	0.4833
7618.000	117.0622	0.4481
7620.930	117.5029	0.4587
7623.860	118.3566	0.5501
7626.790	118.8032	0.4985
7629.720	118.8482	0.4824
7632.650	118.8837	0.4364
7635.580	118.6809	0.3968
7638.510	118.4924	0.4193
7641.440	118.5469	0.4904
7644.370	118.5639	0.4518
7647.300	118.5705	0.4325
7650.230	118.0831	0.4508
7653.160	117.1038	0.4325
7656.090	116.5854	0.4553
7659.020	116.0637	0.4892
7661.950	115.6932	0.4854
7664.880	115.9201	0.4489
7667.810	116.7937	0.3920
7670.740	117.3054	0.4001
7673.670	117.3724	0.4247
7676.600	117.0212	0.4379
7679.530	116.5128	0.4422
7682.460	116.3286	0.4249
7685.390	116.0881	0.4688
7688.320	115.4655	0.4473
7691.250	115.5388	0.4479
7694.180	115.6585	0.4227
7697.110	115.5767	0.4099
7700.040	115.7466	0.4165
7702.970	115.7239	0.4117
7705.900	115.2006	0.4057
7708.830	114.2857	0.4078
7711.760	113.4049	0.4228
7714.690	113.7474	0.4211
7717.620	114.7519	0.3997
7720.550	115.2665	0.4441
7723.480	115.0505	0.4619
7726.410	114.8200	0.4357
7729.340	114.7840	0.4464
7732.270	114.8423	0.4537
7735.200	114.6507	0.4077
7738.130	114.4335	0.4218
7741.060	113.8222	0.3850
7743.990	113.0912	0.4202
7746.920	112.6962	0.3997
7749.850	112.9109	0.3745
7752.780	113.6889	0.3899
7755.710	114.3633	0.4154
7758.640	114.3288	0.3870
7761.570	113.7451	0.4130
7764.500	113.3717	0.3997
7767.430	112.6101	0.3831
7770.360	110.2639	0.4184
7773.290	108.2902	0.4318
7776.220	109.0294	0.4152
7779.150	110.8067	0.4241
7782.080	111.9522	0.3932
7785.010	112.6543	0.4020
7787.940	112.7015	0.4070
7790.870	112.5169	0.4019
7793.800	112.0637	0.3777
7796.730	111.6415	0.3887
7799.660	111.9418	0.3856
7802.590	112.1647	0.4327
7805.520	111.8780	0.4685
7808.450	111.9413	0.4323
7811.380	112.1600	0.4219
7814.310	112.2749	0.3955
7817.240	112.1978	0.4109
7820.170	112.2125	0.4020
7823.100	112.0686	0.3992
7826.030	111.9666	0.4042
7828.960	111.3426	0.4236
7831.890	110.2696	0.4514
7834.820	110.1797	0.4168
7837.750	110.6892	0.4143
7840.680	110.7877	0.3975
7843.610	110.4958	0.3891
7846.540	110.3885	0.4222
7849.470	110.3603	0.4523
7852.400	110.2759	0.4350
7855.330	110.3925	0.4528
7858.260	110.5358	0.4184
7861.190	110.5213	0.3982
7864.120	110.6616	0.4152
7867.050	110.5421	0.4337
7869.980	110.0591	0.4497
7872.910	109.6261	0.4303
7875.840	108.9352	0.4289
7878.770	108.2037	0.4054
7881.700	107.7943	0.3999
7884.630	108.4057	0.4281
7887.560	109.1207	0.4194
7890.490	109.2662	0.3821
7893.420	109.1036	0.3831
7896.350	108.8493	0.3995
7899.280	109.0262	0.4410
7902.210	109.6075	0.4409
7905.140	109.6053	0.4421
7908.070	109.2045	0.4463
7911.000	108.7455	0.4699
7913.930	107.9460	0.4465
7916.860	107.3994	0.4270
7919.790	107.2844	0.4121
7922.720	107.2382	0.4463
7925.650	107.2976	0.4200
7928.580	106.7089	0.4005
7931.510	105.9083	0.4068
7934.440	105.4678	0.4124
7937.370	105.7788	0.3930
7940.300	106.1131	0.3703
7943.230	105.9892	0.3651
7946.160	105.9021	0.3747
7949.090	106.6413	0.3871
7952.020	107.1430	0.3802
7954.950	107.2084	0.3877
7957.880	107.0876	0.4184
7960.810	106.9627	0.4426
7963.740	106.6110	0.4506
7966.670	106.5684	0.4262
7969.600	106.5980	0.4128
7972.530	106.8018	0.4414
7975.460	106.7395	0.4154
7978.390	106.7840	0.4207
7981.320	106.5929	0.4010
7984.250	106.3709	0.4057
7987.180	106.3249	0.4376
7990.110	106.2424	0.4409
7993.040	105.5720	0.4079
7995.970	105.0967	0.4009
7998.900	104.7166	0.3900
8001.830	104.8695	0.3786
8004.760	105.4933	0.3541
8007.690	105.7242	0.3428
8010.620	105.6868	0.3441
8013.550	105.8449	0.3530
8016.480	105.9156	0.3918
8019.410	105.9883	0.4156
8022.340	105.6433	0.4177
8025.270	105.1675	0.4034
8028.200	104.8520	0.4302
8031.130	104.7531	0.3994
8034.060	104.4046	0.3726
8036.990	104.2389	0.3807
8039.920	104.1127	0.3839
8042.850	103.7945	0.3831
8045.780	103.0715	0.3832
8048.710	102.8775	0.3895
8051.640	103.1840	0.3999
8054.570	103.3418	0.4623
8057.500	103.5457	0.4105
8060.430	103.3489	0.3766
8063.360	103.5986	0.3833
8066.290	103.8774	0.3546
8069.220	103.5857	0.4035
8072.150	103.7478	0.3947
8075.080	103.7242	0.4017
8078.010	103.7540	0.4205
8080.940	102.9902	0.4329
8083.870	102.1146	0.3994
8086.800	102.0392	0.3701
8089.730	102.0904	0.3792
8092.660	102.0177	0.3728
8095.590	101.9969	0.3781
8098.520	101.9468	0.3815
8101.450	102.0640	0.4004
8104.380	102.1316	0.3914
8107.310	102.0625	0.4109
8110.240	101.9100	0.3822
8113.170	102.2881	0.4086
8116.100	102.4717	0.4338
8119.030	102.1258	0.4153
8121.960	102.1872	0.3990
8124.890	102.3193	0.3765
8127.820	102.3024	0.3548
8130.750	102.1550	0.3736
8133.680	101.6270	0.3535
8136.610	101.3026	0.3849
8139.540	100.9762	0.3823
8142.470	100.6939	0.3972
8145.400	100.5533	0.3513
8148.330	100.5329	0.3496
8151.260	100.9404	0.3689
8154.190	100.9459	0.3794
8157.120	101.0150	0.4101
8160.050	100.7652	0.4011
8162.980	100.5763	0.4240
8165.910	100.2950	0.4422
8168.840	99.9346	0.4834
8171.770	99.8574	0.4580
8174.700	99.8716	0.4362
8177.630	99.2350	0.4341
8180.560	97.6685	0.4525
8183.490	96.7496	0.4610
8186.420	97.4233	0.4168
8189.350	97.9687	0.4094
8192.280	96.9500	0.3903
8195.210	96.1443	0.3985
8198.140	96.8138	0.3636
8201.070	97.5916	0.3632
8204.000	98.0286	0.3740
8206.930	98.3233	0.3827
8209.860	98.0526	0.3607
8212.790	97.7860	0.3474
8215.720	97.4381	0.3279
8218.650	97.0573	0.3547
8221.580	97.1036	0.3913
8224.510	97.5489	0.4413
8227.440	97.7557	0.5159
8230.370	97.4874	0.5836
8233.300	97.5496	0.5144
8236.230	97.9648	0.4455
8239.160	97.9292	0.3964
8242.090	97.6283	0.3307
8245.020	97.3473	0.3243
8247.950	96.7348	0.3537
8250.880	96.9772	0.3457
8253.810	97.2471	0.3591
8256.740	96.9297	0.4054
8259.670	96.7164	0.3752
8262.600	96.6905	0.3623
8265.530	96.6420	0.3647
8268.460	96.5969	0.3639
8271.390	96.7056	0.3416
8274.320	96.8363	0.3415
8277.250	96.7223	0.3392
8280.180	96.5923	0.3626
8283.110	96.5019	0.3478
8286.040	96.2143	0.3529
8288.970	95.8096	0.3668
8291.900	96.0501	0.3925
8294.830	95.5705	0.3769
8297.760	95.0937	0.3849
8300.690	95.1793	0.3511
8303.620	95.6327	0.3333
8306.550	95.5505	0.3564
8309.480	95.6406	0.3920
8312.410	95.6587	0.3879
8315.340	95.6852	0.4128
8318.270	95.7620	0.3928
8321.200	95.3139	0.3802
8324.130	94.5348	0.3689
8327.060	93.5627	0.4151
8329.990	92.8151	0.4123
8332.920	92.3775	0.4020
8335.850	92.4905	0.3998
8338.780	93.2026	0.3956
8341.710	93.2844	0.4031
8344.640	93.3657	0.4008
8347.570	94.0422	0.3524
8350.500	94.0688	0.3771
8353.430	93.7166	0.3885
8356.360	93.8306	0.3593
8359.290	93.8210	0.3625
8362.220	93.6376	0.4058
8365.150	93.6263	0.4095
8368.080	93.4328	0.3520
8371.010	94.0014	0.3289
8373.940	94.2375	0.3214
8376.870	94.2114	0.3752
8379.800	93.9249	0.4148
8382.730	93.4606	0.4384
8385.660	93.0570	0.3702
8388.590	92.5314	0.3509
8391.520	92.9362	0.3526
8394.450	93.3062	0.3800
8397.380	93.1594	0.3966
8400.310	93.2712	0.3550
8403.240	93.4833	0.3155
8406.170	93.2426	0.3046
8409.100	92.9825	0.3407
8412.030	92.3416	0.3817
8414.960	92.1272	0.4132
8417.890	92.5568	0.3469
8420.820	93.0227	0.3286
8423.750	92.9880	0.3279
8426.680	92.4243	0.3741
8429.610	92.0265	0.4509
8432.540	92.2110	0.3866
8435.470	91.7357	0.3843
8438.400	90.9323	0.3744
8441.330	90.2442	0.3433
8444.260	89.3703	0.3242
8447.190	89.3447	0.3385
8450.120	90.6631	0.4461
8453.050	91.6410	0.3734
8455.980	92.0145	0.3540
8458.910	91.3789	0.4082
8461.840	90.5223	0.4048
8464.770	89.6735	0.4036
8467.700	89.2396	0.3787
8470.630	89.8884	0.3516
8473.560	91.0235	0.3574
8476.490	91.9574	0.3858
8479.420	92.2263	0.3803
8482.350	92.3060	0.3769
8485.280	92.0877	0.4303
8488.210	91.7538	0.4283
8491.140	90.6200	0.4045
8494.070	88.8263	0.4906
8497.000	86.0603	0.6174
8499.930	84.4882	0.4706
8502.860	85.4303	0.3915
8505.790	87.3401	0.4059
8508.720	88.6888	0.3952
8511.650	89.4231	0.3634
8514.580	89.8169	0.4053
8517.510	90.3074	0.3897
8520.440	90.5984	0.3798
8523.370	90.7563	0.3641
8526.300	90.6312	0.4061
8529.230	90.5045	0.4571
8532.160	89.9168	0.4177
8535.090	88.3397	0.4025
8538.020	85.6046	0.7182
8540.950	81.8473	0.8400
8543.880	81.0538	0.6153
8546.810	83.3929	0.3936
8549.740	85.9152	0.4580
8552.670	87.1227	0.4093
8555.600	88.1502	0.3527
8558.530	89.2553	0.3378
8561.460	90.6421	0.3570
8564.390	91.3835	0.3688
8567.320	91.4089	0.3533
8570.250	90.9887	0.3562
8573.180	90.8607	0.3774
8576.110	90.6752	0.3937
8579.040	90.3751	0.4020
8581.970	89.5354	0.4397
8584.900	88.1358	0.4149
8587.830	86.8207	0.3877
8590.760	85.4243	0.3263
8593.690	83.2426	0.3115
8596.620	81.3117	0.3044
8599.550	81.3888	0.3481
8602.480	83.3640	0.3465
8605.410	85.6907	0.3139
8608.340	87.2044	0.2910
8611.270	87.9571	0.2942
8614.200	88.7474	0.3322
8617.130	89.5892	0.3159
8620.060	89.9302	0.3760
8622.990	90.0792	0.4796
8625.920	90.1118	0.4240
8628.850	90.2360	0.3929
8631.780	90.0625	0.3690
8634.710	89.5957	0.4269
8637.640	89.2562	0.4361
8640.570	89.1954	0.4276
8643.500	88.5296	0.3887
8646.430	87.2367	0.3752
8649.360	85.8953	0.3951
8652.290	84.7033	0.3890
8655.220	83.3043	0.3046
8658.150	80.0588	0.6240
8661.080	76.0422	0.7060
8664.010	74.3006	0.5376
8666.940	76.0759	0.3831
8669.870	79.0662	0.3788
8672.800	81.5077	0.3603
8675.730	83.1230	0.3642
8678.660	84.2909	0.3588
8681.590	85.4687	0.3459
8684.520	86.1125	0.3356
8687.450	86.3928	0.3483
8690.380	86.6838	0.3462
8693.310	87.3862	0.3467
8696.240	88.3394	0.3388
8699.170	88.8931	0.3506
8702.100	89.2383	0.3667
8705.030	89.1414	0.3690
8707.960	88.7568	0.3594
8710.890	88.3882	0.3456
8713.820	88.3493	0.3453
8716.750	88.3682	0.3312
8719.680	88.0228	0.3330
8722.610	87.5044	0.3548
8725.540	86.7967	0.3178
8728.470	86.1487	0.2950
8731.400	85.8221	0.2882
8734.330	84.8004	0.3055
8737.260	83.2721	0.3188
8740.190	81.1924	0.2985
8743.120	78.5103	0.2991
8746.050	75.3823	0.2894
8748.980	72.6955	0.2781
8751.910	72.8069	0.3034
8754.840	75.8781	0.2976
8757.770	79.2646	0.3095
8760.700	81.3719	0.3447
8763.630	82.8272	0.3375
8766.560	84.1466	0.3606
8769.490	85.1910	0.3798
8772.420	85.6671	0.3857
8775.350	85.8057	0.3893
8778.280	86.4602	0.3736
8781.210	86.6591	0.3958
8784.140	86.6399	0.4056
8787.070	86.3990	0.4018
8790.000	86.2405	0.3458
8792.930	86.6511	0.3262
8795.860	87.5062	0.3045
8798.790	87.8941	0.3261
8801.720	87.5550	0.3714
8804.650	86.5011	0.4228
8807.580	85.8263	0.4071
8810.510	86.4575	0.4030
8813.440	87.2901	0.4196
8816.370	87.3782	0.4038
8819.300	86.7960	0.3919
8822.230	85.9268	0.3882
8825.160	85.0788	0.3969
8828.090	85.4558	0.3633
8831.020	85.5357	0.3582
8833.950	84.4846	0.3592
8836.880	84.1081	0.3398
8839.810	84.0709	0.3018
8842.740	83.7952	0.3074
8845.670	82.6280	0.3319
8848.600	80.8733	0.3913
8851.530	79.0171	0.3848
8854.460	76.2470	0.3468
8857.390	72.2298	0.3121
8860.320	68.3604	0.2654
8863.250	66.9256	0.2867
8866.180	69.2927	0.3130
8869.110	73.5255	0.3140
8872.040	77.0772	0.3062
8874.970	79.2463	0.3017
8877.900	80.8116	0.2654
8880.830	81.3613	0.2984
8883.760	81.6596	0.3435
8886.690	82.3914	0.3221
8889.620	83.0346	0.2878
8892.550	83.4246	0.3184
8895.480	84.1099	0.3765
8898.410	84.7024	0.3933
8901.340	85.1031	0.3862
8904.270	85.3680	0.3754
8907.200	84.9276	0.3612
8910.130	84.0957	0.3288
8913.060	84.2559	0.3658
8915.990	84.5823	0.3471
8918.920	85.1266	0.3306
8921.850	85.3337	0.3672
8924.780	84.6288	0.3978
8927.710	84.0119	0.3864
8930.640	84.5003	0.3459
8933.570	84.8050	0.3404
8936.500	84.4271	0.3452
8939.430	84.2988	0.3803
8942.360	84.4619	0.3752
8945.290	84.6073	0.3588
8948.220	84.9280	0.3526
8951.150	85.4040	0.3350
8954.080	85.2255	0.3742
8957.010	84.6962	0.3643
8959.940	84.4181	0.3156
8962.870	83.9162	0.3225
8965.800	83.8155	0.3417
8968.730	83.8415	0.3667
8971.660	83.3351	0.4184
8974.590	83.0468	0.3941
8977.520	82.6204	0.3835
8980.450	82.2294	0.3469
8983.380	81.3793	0.3285
8986.310	80.9744	0.3591
8989.240	80.5682	0.3884
8992.170	79.9214	0.3648
8995.100	78.9369	0.3829
8998.030	77.5775	0.3863
9000.960	76.1095	0.3509
9003.890	74.2507	0.3216
9006.820	71.0904	0.3128
9009.750	66.9488	0.3085
9012.680	63.2305	0.3400
9015.610	62.6167	0.3447
9018.540	65.9813	0.3053
9021.470	70.6412	0.3213
9024.400	74.0132	0.3615
9027.330	76.1123	0.3733
9030.260	76.9760	0.3199
9033.190	77.2054	0.2650
9036.120	77.5980	0.2808
9039.050	78.4534	0.2833
9041.980	79.3948	0.3339
9044.910	80.2979	0.3434
9047.840	80.8635	0.3900
9050.770	80.9957	0.4034
9053.700	81.0762	0.3531
9056.630	79.9054	0.2914
9059.560	77.7107	0.3165
9062.490	76.9294	0.3293
9065.420	78.6708	0.3731
9068.350	81.0555	0.4017
9071.280	82.3507	0.3942
9074.210	82.5366	0.3589
9077.140	81.4064	0.3454
9080.070	80.5891	0.3918
9083.000	80.6546	0.3542
9085.930	79.7684	0.3475
9088.860	78.7033	0.3507
9091.790	77.9955	0.3702
9094.720	78.2720	0.3367
9097.650	79.5353	0.3402
9100.580	80.5592	0.3670
9103.510	80.9532	0.3662
9106.440	80.8530	0.3650
9109.370	80.2299	0.3780
9112.300	80.0346	0.3839
9115.230	80.9037	0.4193
9118.160	81.3643	0.4309
9121.090	80.9320	0.3623
9124.020	80.3533	0.3371
9126.950	79.9901	0.3355
9129.880	79.7358	0.3818
9132.810	79.8777	0.4103
9135.740	80.6935	0.3899
9138.670	81.4596	0.3923
9141.600	81.8434	0.3658
9144.530	81.5081	0.3663
9147.460	80.9124	0.3359
9150.390	81.0308	0.3463
9153.320	81.0659	0.3884
9156.250	81.0117	0.3841
9159.180	80.7423	0.3891
9162.110	80.3280	0.3791
9165.040	79.7730	0.3930
9167.970	79.1859	0.3674
9170.900	78.8153	0.3477
9173.830	78.5123	0.3874
9176.760	78.3028	0.3740
9179.690	78.4987	0.3778
9182.620	78.9723	0.3830
9185.550	79.4529	0.3376
9188.480	79.5008	0.3410
9191.410	78.8290	0.3473
9194.340	77.3661	0.3494
9197.270	76.0807	0.3580
9200.200	75.7275	0.3286
9203.130	75.4345	0.3749
9206.060	74.6635	0.3533
9208.990	73.1555	0.3422
9211.920	70.7185	0.3310
9214.850	68.5896	0.3234
9217.780	66.9954	0.3265
9220.710	64.9956	0.3004
9223.640	61.9274	0.2711
9226.570	58.1214	0.2662
9229.500	57.1891	0.2663
9232.430	60.1137	0.2945
9235.360	63.5920	0.2954
9238.290	66.3430	0.2758
9241.220	68.5755	0.2948
9244.150	70.0605	0.3337
9247.080	71.3339	0.3805
9250.010	72.4752	0.3894
9252.940	73.0915	0.3478
9255.870	73.3902	0.3228
9258.800	73.5348	0.3328
9261.730	73.6300	0.3467
9264.660	73.9808	0.3562
9267.590	74.6524	0.3532
9270.520	75.3494	0.3812
9273.450	76.0448	0.3882
9276.380	76.6604	0.4241
9279.310	76.9573	0.4444
9282.240	76.8775	0.3813
9285.170	77.1901	0.3588
9288.100	77.1910	0.3537
9291.030	77.1728	0.3301
9293.960	77.3089	0.3280
9296.890	77.7295	0.3624
9299.820	78.3816	0.3862
9302.750	78.2726	0.4244
9305.680	77.5189	0.3869
9308.610	76.8689	0.3860
9311.540	76.3004	0.3919
9314.470	75.9566	0.4518
9317.400	75.7762	0.4219
9320.330	75.6367	0.4554
9323.260	75.9295	0.5138
9326.190	76.2988	0.4617
9329.120	77.1029	0.4364
9332.050	77.8014	0.4767
9334.980	77.4400	0.5356
9337.910	76.7018	0.5789
9340.840	76.6529	0.5726
9343.770	76.2920	0.5513
9346.700	75.5554	0.4932
9349.630	75.1824	0.4507
9352.560	75.5607	0.5151
9355.490	75.5754	0.5006
9358.420	75.6101	0.4439
9361.350	75.9720	0.4348
9364.280	76.2812	0.4513
9367.210	76.3060	0.4879
9370.140	75.7863	0.4775
9373.070	75.3675	0.4569
9376.000	75.6149	0.4575
9378.930	76.0219	0.5035
9381.860	75.5282	0.4658
9384.790	75.6850	0.3748
9387.720	75.4519	0.3605
9390.650	74.9107	0.3794
9393.580	74.9194	0.4340
9396.510	74.7960	0.4143
9399.440	73.9077	0.4043
9402.370	72.7405	0.4029
9405.300	72.0696	0.4355
9408.230	72.0283	0.4307
9411.160	71.5515	0.5148
9414.090	70.6302	0.4816
9417.020	71.0518	0.4073
9419.950	72.2979	0.4310
9422.880	73.3064	0.4388
9425.810	73.8379	0.4421
9428.740	73.8316	0.4299
9431.670	73.4013	0.3880
9434.600	73.4105	0.3686
9437.530	73.7572	0.4612
9440.460	73.4785	0.5223
9443.390	73.0612	0.4609
9446.320	73.1508	0.4031
9449.250	73.3185	0.3874
9452.180	73.4531	0.4119
9455.110	72.9816	0.4312
9458.040	73.0649	0.4084
9460.970	73.3023	0.3853
9463.900	73.4132	0.3661
9466.830	73.2490	0.3577
9469.760	73.0220	0.3740
9472.690	72.3503	0.4023
9475.620	71.7799	0.4264
9478.550	71.6080	0.4349
9481.480	71.6513	0.4222
9484.410	71.9015	0.3927
9487.340	71.5472	0.4045
9490.270	71.2476	0.3875
9493.200	71.6651	0.3963
9496.130	71.9813	0.4449
9499.060	71.7731	0.4753
9501.990	71.3963	0.4363
9504.920	71.0181	0.3720
9507.850	70.8752	0.3734
9510.780	70.9824	0.4165
9513.710	70.3883	0.4716
9516.640	69.1714	0.4874
9519.570	67.7885	0.4384
9522.500	66.8801	0.3595
9525.430	66.7263	0.3521
9528.360	66.1035	0.3482
9531.290	64.6638	0.3368
9534.220	63.2604	0.3534
9537.150	61.2588	0.3690
9540.080	58.3212	0.3686
9543.010	54.8386	0.3646
9545.940	52.4672	0.3439
9548.870	53.7473	0.3516
9551.800	57.1109	0.3767
9554.730	60.4294	0.3768
9557.660	62.5285	0.3974
9560.590	64.2527	0.4023
9563.520	65.7312	0.4392
9566.450	66.6901	0.4951
9569.380	67.4258	0.4627
9572.310	68.1024	0.4126
9575.240	68.1060	0.3771
9578.170	67.7244	0.3980
9581.100	67.1243	0.4043
9584.030	67.1676	0.4297
9586.960	67.7436	0.4992
9589.890	68.1241	0.5229
9592.820	68.5372	0.5091
9595.750	68.7666	0.5075
9598.680	68.3964	0.4658
9601.610	68.0056	0.4824
9604.540	67.7996	0.5234
9607.470	68.6968	0.5821
9610.400	69.6292	0.6248
9613.330	69.6413	0.6222
9616.260	68.6355	0.5628
9619.190	67.6238	0.6563
9622.120	66.9804	0.6722
9625.050	66.5943	0.6731
9627.980	66.8688	0.6190
9630.910	67.1650	0.5937
9633.840	67.9714	0.6244
9636.770	68.3411	0.6650
9639.700	68.5273	0.6487
9642.630	68.4391	0.6669
9645.560	67.9382	0.7080
9648.490	67.4254	0.6742
9651.420	67.4488	0.7020
9654.350	66.7627	0.6675
9657.280	66.0140	0.6717
9660.210	65.6221	0.7410
9663.140	66.1534	0.7480
9666.070	66.6772	0.7442
9669.000	67.0825	0.7328
9671.930	67.4051	0.7858
9674.860	68.0066	0.7929
9677.790	68.2254	0.8283
9680.720	67.5388	0.7915
9683.650	67.5641	0.8442
9686.580	67.0287	0.8251
9689.510	66.2606	0.8217
9692.440	66.1025	0.8194
9695.370	66.4482	0.8526
9698.300	66.6801	0.8412
9701.230	66.9758	0.8810
