3298.680	121.9903	0.5966
3301.060	121.4881	0.7617
3303.440	121.3135	0.6795
3305.820	121.7261	0.5476
3308.200	121.7234	0.5294
3310.580	120.9861	0.6135
3312.960	120.5863	0.5738
3315.340	120.2533	0.5766
3317.720	120.1854	0.6199
3320.100	120.1217	0.7708
3322.480	120.7161	0.5865
3324.860	120.8339	0.5071
3327.240	120.1511	0.5235
3329.620	120.0540	0.5097
3332.000	119.7143	0.5986
3334.380	119.9416	0.5516
3336.760	120.0128	0.5118
3339.140	120.0145	0.5064
3341.520	119.9272	0.4945
3343.900	119.6050	0.5144
3346.280	119.6945	0.4188
3348.660	120.0003	0.5390
3351.040	119.5918	0.4815
3353.420	118.7680	0.5692
3355.800	117.8069	0.7224
3358.180	117.6892	0.6189
3360.560	119.7404	0.6917
3362.940	119.0801	0.5296
3365.320	118.0151	0.5730
3367.700	118.2105	0.5237
3370.080	118.4846	0.5483
3372.460	118.8382	0.5584
3374.840	118.6305	0.5640
3377.220	116.8750	0.7069
3379.600	117.2844	0.3856
3381.980	117.6006	0.4090
3384.360	117.3849	0.4353
3386.740	117.0391	0.5966
3389.120	117.1338	0.4971
3391.500	117.1528	0.4356
3393.880	117.6592	0.5752
3396.260	117.3074	0.4443
3398.640	116.4162	0.6198
3401.020	116.0360	0.6586
3403.400	116.0532	0.4740
3405.780	116.0396	0.4110
3408.160	116.2340	0.3630
3410.540	116.4684	0.4115
3412.920	115.8913	0.4990
3415.300	115.8366	0.4402
3417.680	115.2963	0.5313
3420.060	114.8897	0.5990
3422.440	115.2005	0.4962
3424.820	115.7122	0.3616
3427.200	115.5843	0.3592
3429.580	115.0072	0.5272
3431.960	114.4982	0.5977
3434.340	114.3289	0.5821
3436.720	114.1649	0.6062
3439.100	114.5012	0.5189
3441.480	115.2730	0.5752
3443.860	114.6638	0.5280
3446.240	114.5356	0.4074
3448.620	113.7587	0.5949
3451.000	113.7228	0.5701
3453.380	113.4707	0.5343
3455.760	113.8371	0.4678
3458.140	114.3123	0.3783
3460.520	114.1960	0.4228
3462.900	114.0371	0.4154
3465.280	113.1893	0.6287
3467.660	113.0271	0.5563
3470.040	112.6949	0.6014
3472.420	113.1230	0.4728
3474.800	113.7690	0.4430
3477.180	113.2632	0.5489
3479.560	112.4625	0.6758
3481.940	112.3291	0.5705
3484.320	112.2945	0.4653
3486.700	111.7916	0.5112
3489.080	112.4648	0.4419
3491.460	112.3961	0.4741
3493.840	112.0087	0.3859
3496.220	112.2469	0.4210
3498.600	112.0650	0.3778
3500.980	111.1889	0.5327
3503.360	110.6533	0.5698
3505.740	110.8995	0.5135
3508.120	110.9548	0.4176
3510.500	111.1263	0.3894
3512.880	111.0769	0.4090
3515.260	110.5994	0.4065
3517.640	110.6447	0.3008
3520.020	110.3026	0.3424
3522.400	110.6791	0.4120
3524.780	111.0455	0.6394
3527.160	110.4219	0.3786
3529.540	110.0447	0.3507
3531.920	110.0851	0.3963
3534.300	109.9988	0.3417
3536.680	109.8440	0.3410
3539.060	109.4816	0.3622
3541.440	109.5582	0.4109
3543.820	109.4028	0.4361
3546.200	109.0514	0.5106
3548.580	109.2812	0.4287
3550.960	109.4211	0.4691
3553.340	109.2066	0.4799
3555.720	108.3424	0.5036
3558.100	107.9865	0.5191
3560.480	108.2562	0.4578
3562.860	108.5977	0.3680
3565.240	108.4877	0.3829
3567.620	108.4072	0.3260
3570.000	107.7872	0.5073
3572.380	107.7055	0.3872
3574.760	107.8003	0.3934
3577.140	107.7621	0.4264
3579.520	108.4860	0.4679
3581.900	108.2798	0.4440
3584.280	108.0349	0.4594
3586.660	107.7955	0.4274
3589.040	107.7426	0.3926
3591.420	107.4533	0.4372
3593.800	106.5905	0.5820
3596.180	106.2333	0.6188
3598.560	106.5404	0.5476
3600.940	106.8961	0.3916
3603.320	106.5973	0.3645
3605.700	106.8862	0.3965
3608.080	106.3738	0.3371
3610.460	106.0851	0.4589
3612.840	105.4433	0.6055
3615.220	105.4878	0.5258
3617.600	106.3655	0.3260
3619.980	106.1239	0.4701
3622.360	105.7346	0.4194
3624.740	105.1472	0.6209
3627.120	105.1236	0.5885
3629.500	105.4224	0.4738
3631.880	106.0698	0.5239
3634.260	105.7948	0.4857
3636.640	105.0883	0.4622
3639.020	105.0670	0.4012
3641.400	105.7103	0.3915
3643.780	105.5429	0.4037
3646.160	105.3239	0.3746
3648.540	105.1966	0.3975
3650.920	104.8648	0.3028
3653.300	104.7892	0.4335
3655.680	104.6143	0.4295
3658.060	104.2656	0.4031
3660.440	104.4206	0.3190
3662.820	104.2700	0.3008
3665.200	104.0194	0.3191
3667.580	103.9414	0.3196
3669.960	103.5480	0.3984
3672.340	103.1119	0.5044
3674.720	103.2528	0.4385
3677.100	103.2358	0.3822
3679.480	103.4128	0.3373
3681.860	103.1754	0.3552
3684.240	103.0005	0.3801
3686.620	102.9940	0.4047
3689.000	102.6886	0.4058
3691.380	102.7553	0.4034
3693.760	102.2614	0.4197
3696.140	102.4669	0.4008
3698.520	102.3463	0.3906
3700.900	102.1863	0.5858
3703.280	102.5395	0.4666
3705.660	102.7242	0.4064
3708.040	102.4748	0.3242
3710.420	101.6648	0.3735
3712.800	101.2016	0.4526
3715.180	101.2581	0.5173
3717.560	101.6066	0.3634
3719.940	102.3657	0.4917
3722.320	102.0799	0.3496
3724.700	101.4217	0.4066
3727.080	101.2613	0.4973
3729.460	101.7770	0.4429
3731.840	101.8404	0.4931
3734.220	102.0017	0.4732
3736.600	101.8079	0.3482
3738.980	100.5559	0.5736
3741.360	100.4557	0.5324
3743.740	100.7963	0.2930
3746.120	100.5004	0.3676
3748.500	99.9818	0.4008
3750.880	100.3538	0.4515
3753.260	99.9527	0.7443
3755.640	99.4902	0.5088
3758.020	100.0972	0.3028
3760.400	100.2242	0.3120
3762.780	99.7463	0.3644
3765.160	99.5659	0.3508
3767.540	99.7733	0.3321
3769.920	99.6694	0.3765
3772.300	99.8004	0.3576
3774.680	99.9735	0.3199
3777.060	99.6079	0.2962
3779.440	99.3474	0.2754
3781.820	98.9637	0.3109
3784.200	98.5877	0.3044
3786.580	98.4311	0.3996
3788.960	98.7495	0.3022
3791.340	98.4382	0.3221
3793.720	97.9392	0.3418
3796.100	98.2036	0.3943
3798.480	98.2233	0.3739
3800.860	98.1032	0.3224
3803.240	97.5367	0.3264
3805.620	97.2788	0.3958
3808.000	97.1688	0.3059
3810.380	96.9612	0.3663
3812.760	96.9860	0.3734
3815.140	97.2196	0.5167
3817.520	97.4216	0.5056
3819.900	96.9669	0.5123
3822.280	96.7745	0.3917
3824.660	96.5817	0.2872
3827.040	96.8019	0.2722
3829.420	96.9588	0.2637
3831.800	97.1421	0.2839
3834.180	97.2401	0.3654
3836.560	97.5790	0.3277
3838.940	97.0700	0.3713
3841.320	96.4431	0.3001
3843.700	95.6768	0.4989
3846.080	95.4838	0.4939
3848.460	95.7595	0.3754
3850.840	95.6598	0.3441
3853.220	95.7425	0.2863
3855.600	95.8966	0.2651
3857.980	96.0951	0.3266
3860.360	95.8786	0.3020
3862.740	94.5446	0.5427
3865.120	94.2610	0.5584
3867.500	94.7027	0.3460
3869.880	94.7118	0.3713
3872.260	94.3606	0.2560
3874.640	94.0983	0.2973
3877.020	93.5378	0.2768
3879.400	93.0269	0.3005
3881.780	92.8102	0.3161
3884.160	92.5114	0.3350
3886.540	93.0226	0.3764
3888.920	93.3712	0.4002
3891.300	93.6108	0.2563
3893.680	93.4480	0.2968
3896.060	93.4508	0.3609
3898.440	93.6498	0.2766
3900.820	93.7609	0.2396
3903.200	93.7708	0.2276
3905.580	93.4869	0.2437
3907.960	93.7900	0.2744
3910.340	93.5006	0.3948
3912.720	93.2328	0.4330
3915.100	93.0583	0.3986
3917.480	93.2939	0.3616
3919.860	93.1632	0.3621
3922.240	92.6690	0.3598
3924.620	92.8709	0.3397
3927.000	93.1952	0.4176
3929.380	93.5798	0.4092
3931.760	94.4130	0.7867
3934.140	95.1090	0.8428
3936.520	93.6025	0.5596
3938.900	92.4253	0.4425
3941.280	91.9470	0.3806
3943.660	91.7410	0.4674
3946.040	91.7323	0.3028
3948.420	91.2336	0.3817
3950.800	91.0695	0.3968
3953.180	91.3408	0.4420
3955.560	91.0321	0.3881
3957.940	90.8111	0.4227
3960.320	90.9000	0.4349
3962.700	91.1307	0.3546
3965.080	91.6115	0.5464
3967.460	93.0468	0.7727
3969.840	93.7047	0.8354
3972.220	92.2790	0.4091
3974.600	91.1751	0.4266
3976.980	90.5413	0.4452
3979.360	89.8420	0.5248
3981.740	89.9026	0.5321
3984.120	90.4050	0.3503
3986.500	90.1986	0.3136
3988.880	89.7865	0.3411
3991.260	89.8757	0.3292
3993.640	89.9736	0.2921
3996.020	89.8507	0.3015
3998.400	89.7195	0.2948
4000.780	89.4109	0.3238
4003.160	89.1926	0.3434
4005.540	88.9842	0.2909
4007.920	89.0131	0.2375
4010.300	89.0756	0.2714
4012.680	88.8898	0.2556
4015.060	88.6502	0.2433
4017.440	88.5418	0.2141
4019.820	88.7405	0.2596
4022.200	88.8673	0.3568
4024.580	88.8578	0.4270
4026.960	88.3258	0.2928
4029.340	88.1309	0.2375
4031.720	88.0723	0.1872
4034.100	88.2105	0.1837
4036.480	88.0319	0.2190
4038.860	88.0064	0.2567
4041.240	88.1729	0.2358
4043.620	88.4118	0.2937
4046.000	88.1181	0.2262
4048.380	87.9035	0.2343
4050.760	87.7456	0.2746
4053.140	87.7546	0.2560
4055.520	87.7456	0.2289
4057.900	87.4621	0.2449
4060.280	87.1677	0.2407
4062.660	87.3441	0.2244
4065.040	87.0237	0.2401
4067.420	86.9444	0.2536
4069.800	86.9522	0.2730
4072.180	86.8865	0.2713
4074.560	86.8734	0.2834
4076.940	86.8213	0.2945
4079.320	86.5079	0.2728
4081.700	86.4135	0.2625
4084.080	86.4532	0.2528
4086.460	86.3716	0.2927
4088.840	86.0551	0.3192
4091.220	85.7542	0.3076
4093.600	85.6995	0.3147
4095.980	85.8556	0.3828
4098.360	86.1832	0.4937
4100.740	86.6427	0.5334
4103.120	86.7948	0.3801
4105.500	85.9110	0.3007
4107.880	85.1626	0.2427
4110.260	85.2313	0.2508
4112.640	85.4374	0.2291
4115.020	85.1693	0.2382
4117.400	85.2396	0.2335
4119.780	85.3656	0.2489
4122.160	85.1663	0.2268
4124.540	85.0703	0.2776
4126.920	85.0659	0.2662
4129.300	84.9699	0.2345
4131.680	85.1510	0.2686
4134.060	85.1975	0.2866
4136.440	84.7791	0.2889
4138.820	84.6656	0.2757
4141.200	84.5008	0.3141
4143.580	84.8020	0.2961
4145.960	84.3617	0.2342
4148.340	84.0323	0.2515
4150.720	84.1217	0.2710
4153.100	84.3378	0.2573
4155.480	84.3185	0.2791
4157.860	83.9636	0.2644
4160.240	83.7280	0.2676
4162.620	83.6622	0.2945
4165.000	83.6163	0.2597
4167.380	83.4856	0.2673
4169.760	83.5785	0.1976
4172.140	83.4685	0.2476
4174.520	83.4290	0.2760
4176.900	82.9930	0.2167
4179.280	82.6513	0.2279
4181.660	82.7479	0.1997
4184.040	82.6192	0.2054
4186.420	82.5407	0.2354
4188.800	82.5763	0.2837
4191.180	82.3978	0.3293
4193.560	82.4585	0.2705
4195.940	82.2234	0.2847
4198.320	82.3381	0.3318
4200.700	81.9893	0.2953
4203.080	81.6394	0.2344
4205.460	81.4591	0.2515
4207.840	81.4032	0.2132
4210.220	81.3708	0.2391
4212.600	81.3304	0.2465
4214.980	81.4707	0.2514
4217.360	81.2494	0.2094
4219.740	80.6772	0.2281
4222.120	80.7971	0.1854
4224.500	81.2773	0.3430
4226.880	80.9433	0.2128
4229.260	80.7048	0.2095
4231.640	80.2432	0.3232
4234.020	80.4543	0.2379
4236.400	80.6879	0.2095
4238.780	80.5508	0.2056
4241.160	80.4084	0.2238
4243.540	80.2605	0.2227
4245.920	80.1026	0.2112
4248.300	80.0609	0.2349
4250.680	80.0910	0.2421
4253.060	79.7842	0.2340
4255.440	79.5103	0.2376
4257.820	79.7444	0.2268
4260.200	79.6637	0.2188
4262.580	79.5687	0.2297
4264.960	79.1243	0.2577
4267.340	79.0286	0.2473
4269.720	79.1005	0.2514
4272.100	79.3166	0.2910
4274.480	78.8955	0.2232
4276.860	78.6164	0.2259
4279.240	78.5170	0.2276
4281.620	78.4994	0.2204
4284.000	78.3787	0.2404
4286.380	78.3987	0.2419
4288.760	78.2463	0.2721
4291.140	77.8949	0.2297
4293.520	77.7934	0.2566
4295.900	77.8232	0.2723
4298.280	77.7919	0.2708
4300.660	77.9251	0.2524
4303.040	77.9812	0.2447
4305.420	77.6948	0.2127
4307.800	77.8816	0.3052
4310.180	77.7902	0.3581
4312.560	77.1240	0.2610
4314.940	76.8978	0.3057
4317.320	76.1813	0.4352
4319.700	76.3257	0.3368
4322.080	76.5452	0.2634
4324.460	76.6748	0.3386
4326.840	76.1631	0.2584
4329.220	75.8298	0.2745
4331.600	75.6926	0.3319
4333.980	75.9537	0.3107
4336.360	76.6590	0.3668
4338.740	77.9478	0.5351
4341.120	78.1189	0.4620
4343.500	76.6784	0.2633
4345.880	76.0629	0.2298
4348.260	76.0404	0.2055
4350.640	76.0632	0.2085
4353.020	75.8615	0.1906
4355.400	75.7194	0.1755
4357.780	75.4743	0.1735
4360.160	75.3247	0.2064
4362.540	75.3138	0.2162
4364.920	75.3600	0.2082
4367.300	75.2301	0.2399
4369.680	75.1297	0.2573
4372.060	75.0472	0.2330
4374.440	75.0257	0.2326
4376.820	75.2362	0.2617
4379.200	75.3528	0.2766
4381.580	75.3391	0.2671
4383.960	75.2470	0.2787
4386.340	75.3945	0.3210
4388.720	75.0097	0.2623
4391.100	74.7284	0.1956
4393.480	74.6011	0.2200
4395.860	74.4593	0.2087
4398.240	74.4132	0.1900
4400.620	74.4473	0.1873
4403.000	74.4519	0.2569
4405.380	74.3012	0.1964
4407.760	74.2116	0.1922
4410.140	73.9935	0.2210
4412.520	73.9328	0.2171
4414.900	73.8431	0.1852
4417.280	73.5916	0.2262
4419.660	73.3749	0.2059
4422.040	73.1484	0.2200
4424.420	73.1141	0.2220
4426.800	73.0968	0.2023
4429.180	72.9953	0.2010
4431.560	73.0544	0.2194
4433.940	73.0375	0.2040
4436.320	72.7921	0.2179
4438.700	72.6726	0.1920
4441.080	72.2176	0.2332
4443.460	72.2650	0.1871
4445.840	72.0656	0.2050
4448.220	71.5680	0.2153
4450.600	71.6064	0.2116
4452.980	71.8289	0.2032
4455.360	71.9885	0.2025
4457.740	71.6311	0.2194
4460.120	71.2339	0.1825
4462.500	71.1134	0.1801
4464.880	71.1601	0.2404
4467.260	71.2203	0.3550
4469.640	71.1297	0.3498
4472.020	70.7282	0.2409
4474.400	70.6011	0.1575
4476.780	70.7761	0.1788
4479.160	70.8611	0.1760
4481.540	70.9076	0.1748
4483.920	70.8967	0.1734
4486.300	70.7650	0.1764
4488.680	70.6198	0.1808
4491.060	70.7246	0.1843
4493.440	70.8199	0.2383
4495.820	70.8764	0.2184
4498.200	71.0314	0.2194
4500.580	70.9001	0.2256
4502.960	70.6954	0.2230
4505.340	70.4509	0.2426
4507.720	70.3921	0.2281
4510.100	70.4483	0.2076
4512.480	70.3040	0.1985
4514.860	70.3958	0.1857
4517.240	70.3522	0.2082
4519.620	70.3578	0.1954
4522.000	70.0751	0.2257
4524.380	70.0762	0.1847
4526.760	70.0882	0.2026
4529.140	70.0404	0.2191
4531.520	69.9627	0.2623
4533.900	69.9521	0.2658
4536.280	69.9831	0.2887
4538.660	69.6913	0.3179
4541.040	69.5187	0.2518
4543.420	69.4140	0.2180
4545.800	69.3040	0.2232
4548.180	69.1860	0.1936
4550.560	69.1565	0.1844
4552.940	69.0074	0.1792
4555.320	69.1043	0.1650
4557.700	69.0071	0.1617
4560.080	68.9668	0.1744
4562.460	68.8294	0.1805
4564.840	68.7387	0.1661
4567.220	68.7987	0.1784
4569.600	68.6247	0.1719
4571.980	68.6302	0.1996
4574.360	68.6608	0.1965
4576.740	68.5464	0.1964
4579.120	68.3686	0.2094
4581.500	68.1824	0.2056
4583.880	68.2103	0.1942
4586.260	68.0736	0.2033
4588.640	67.9214	0.2305
4591.020	67.8979	0.2041
4593.400	67.8781	0.1716
4595.780	67.7598	0.1951
4598.160	67.7841	0.1707
4600.540	67.7272	0.1869
4602.920	67.6006	0.2032
4605.300	67.4894	0.2370
4607.680	67.2583	0.2258
4610.060	67.1982	0.2085
4612.440	67.3007	0.1886
4614.820	67.1505	0.1818
4617.200	67.0949	0.1862
4619.580	67.0421	0.1740
4621.960	66.8639	0.1834
4624.340	66.7139	0.1896
4626.720	66.7750	0.1889
4629.100	66.8071	0.2016
4631.480	66.6295	0.2095
4633.860	66.7167	0.1709
4636.240	66.5868	0.1570
4638.620	66.4966	0.1954
4641.000	66.2755	0.2295
4643.380	65.8518	0.1888
4645.760	65.8093	0.1717
4648.140	66.0756	0.1638
4650.520	65.8488	0.2170
4652.900	65.7870	0.2122
4655.280	65.8875	0.1870
4657.660	65.6192	0.1956
4660.040	65.4217	0.1843
4662.420	65.6773	0.1830
4664.800	65.7018	0.2116
4667.180	65.6798	0.2100
4669.560	65.5872	0.2076
4671.940	65.2839	0.1906
4674.320	65.0932	0.2281
4676.700	65.0552	0.2449
4679.080	65.0404	0.2654
4681.460	65.1737	0.3532
4683.840	65.2507	0.3651
4686.220	64.8739	0.3684
4688.600	64.4014	0.2985
4690.980	64.1732	0.1516
4693.360	64.1729	0.1498
4695.740	64.1226	0.1410
4698.120	64.2257	0.1321
4700.500	64.3135	0.1458
4702.880	64.3210	0.1912
4705.260	64.2569	0.2130
4707.640	64.1094	0.1674
4710.020	64.3058	0.2058
4712.400	64.2038	0.2323
4714.780	63.9761	0.1882
4717.160	63.7490	0.1691
4719.540	63.7966	0.1704
4721.920	63.5866	0.1874
4724.300	63.5128	0.1855
4726.680	63.5177	0.1980
4729.060	63.6025	0.2134
4731.440	63.4910	0.2254
4733.820	63.3000	0.1954
4736.200	63.2247	0.1932
4738.580	63.1915	0.1554
4740.960	63.1974	0.1847
4743.340	63.1785	0.1917
4745.720	63.0851	0.2159
4748.100	63.0936	0.1960
4750.480	63.0142	0.1988
4752.860	62.7361	0.1964
4755.240	62.5904	0.2144
4757.620	62.5308	0.1705
4760.000	62.3613	0.1848
4762.380	62.3322	0.2025
4764.760	62.4582	0.1930
4767.140	62.3978	0.1928
4769.520	62.1436	0.2273
4771.900	62.0138	0.1960
4774.280	62.0481	0.1761
4776.660	61.9678	0.1689
4779.040	61.8032	0.1635
4781.420	61.7412	0.1695
4783.800	61.7455	0.1739
4786.180	61.8227	0.1586
4788.560	61.6736	0.1622
4790.940	61.3222	0.1677
4793.320	61.2654	0.1575
4795.700	61.2972	0.1779
4798.080	61.0992	0.1772
4800.460	61.0670	0.1728
4802.840	61.0937	0.1843
4805.220	61.0349	0.1928
4807.600	60.9137	0.1959
4809.980	60.8087	0.2005
4812.360	60.8262	0.1619
4814.740	60.6253	0.1539
4817.120	60.4453	0.1753
4819.500	60.2938	0.1921
4821.880	60.3906	0.2058
4824.260	60.5754	0.1769
4826.640	60.7078	0.1818
4829.020	60.4030	0.2102
4831.400	60.2218	0.2112
4833.780	60.0534	0.1951
4836.160	59.7832	0.2039
4838.540	59.8193	0.1891
4840.920	59.8073	0.1878
4843.300	59.5453	0.2227
4845.680	59.1933	0.2449
4848.060	59.1507	0.2190
4850.440	59.2499	0.2206
4852.820	59.1795	0.2395
4855.200	59.1172	0.2621
4857.580	59.3733	0.3341
4859.960	60.0747	0.3597
4862.340	60.0987	0.3209
4864.720	59.3212	0.1471
4867.100	58.9145	0.1245
4869.480	58.8983	0.1262
4871.860	58.8060	0.1347
4874.240	58.7526	0.1462
4876.620	58.5294	0.1688
4879.000	58.6557	0.1716
4881.380	58.6621	0.1797
4883.760	58.4147	0.1993
4886.140	58.5891	0.1717
4888.520	58.7467	0.1965
4890.900	58.5759	0.1743
4893.280	58.4067	0.1741
4895.660	58.2093	0.1867
4898.040	58.1430	0.2051
4900.420	58.2574	0.1731
4902.800	58.3400	0.1746
4905.180	58.3396	0.1837
4907.560	58.1879	0.1819
4909.940	58.0770	0.1727
4912.320	57.9197	0.1700
4914.700	57.9102	0.1785
4917.080	57.9295	0.2468
4919.460	58.0803	0.2949
4921.840	58.1007	0.2543
4924.220	57.7255	0.1602
4926.600	57.5841	0.1622
4928.980	57.5020	0.1619
4931.360	57.5126	0.1410
4933.740	57.7426	0.1676
4936.120	57.8431	0.2167
4938.500	57.9165	0.1861
4940.880	57.4668	0.1924
4943.260	57.2477	0.1712
4945.640	57.3257	0.1447
4948.020	57.4183	0.1589
4950.400	57.3113	0.1936
4952.780	57.2431	0.1748
4955.160	57.3184	0.1765
4957.540	57.1969	0.1770
4959.920	57.0501	0.1592
4962.300	56.8750	0.1631
4964.680	56.7775	0.1646
4967.060	56.7397	0.1564
4969.440	56.8017	0.1606
4971.820	56.8971	0.1622
4974.200	56.7590	0.1703
4976.580	56.7238	0.1818
4978.960	56.6549	0.2042
4981.340	56.5464	0.1932
4983.720	56.3653	0.1781
4986.100	56.0536	0.1745
4988.480	56.0392	0.1782
4990.860	56.1313	0.1549
4993.240	56.0891	0.1641
4995.620	56.0172	0.1595
4998.000	55.9255	0.1657
5000.380	55.8950	0.1634
5002.760	55.9335	0.1772
5005.140	55.7455	0.1862
5007.520	55.5920	0.1779
5009.900	55.5182	0.1987
5012.280	55.3833	0.1902
5014.660	55.3516	0.1819
5017.040	55.2007	0.1525
5019.420	55.0914	0.1580
5021.800	55.0477	0.1699
5024.180	54.9065	0.1848
5026.560	54.8224	0.1655
5028.940	54.9137	0.1587
5031.320	54.8049	0.1802
5033.700	54.9281	0.1877
5036.080	54.8343	0.1976
5038.460	54.6115	0.1899
5040.840	54.4647	0.1846
5043.220	54.5920	0.1758
5045.600	54.6104	0.1853
5047.980	54.5614	0.1844
5050.360	54.4796	0.1553
5052.740	54.4832	0.1628
5055.120	54.4827	0.1734
5057.500	54.2930	0.1757
5059.880	54.1865	0.1750
5062.260	54.1222	0.1542
5064.640	54.2057	0.1533
5067.020	54.2021	0.1885
5069.400	54.1691	0.1742
5071.780	54.0378	0.1721
5074.160	53.9855	0.1825
5076.540	53.9522	0.1723
5078.920	53.9677	0.1750
5081.300	53.7371	0.1594
5083.680	53.7348	0.1619
5086.060	53.7401	0.1647
5088.440	53.5717	0.1753
5090.820	53.3348	0.1739
5093.200	53.2731	0.1728
5095.580	53.3270	0.1807
5097.960	53.2891	0.1963
5098.200	53.1476	0.1471
5100.340	53.3080	0.1875
5101.130	53.2185	0.1945
5102.720	53.1809	0.1768
5104.060	53.1035	0.1744
5105.100	53.0732	0.1600
5106.990	53.0026	0.1322
5107.480	52.9954	0.1450
5109.860	52.9299	0.1495
5109.920	52.9130	0.1434
5112.240	52.9061	0.1310
5112.850	52.8511	0.1370
5114.620	52.8139	0.1689
5115.780	52.8447	0.1700
5117.000	52.7241	0.1692
5118.710	52.6550	0.1747
5119.380	52.6889	0.1678
5121.640	52.5614	0.1595
5121.760	52.7348	0.1831
5124.140	52.6537	0.1595
5124.570	52.3966	0.2056
5126.520	52.5407	0.1553
5127.500	52.4691	0.1254
5128.900	52.5813	0.1318
5130.430	52.3622	0.1318
5131.280	52.4750	0.1753
5133.360	52.3174	0.1539
5133.660	52.3835	0.1679
5136.040	52.2290	0.1658
5136.290	52.1579	0.1533
5138.420	52.1059	0.1677
5139.220	51.9812	0.1630
5140.800	52.0808	0.1817
5142.150	51.9322	0.1573
5143.180	52.1419	0.1806
5145.080	52.0008	0.1596
5145.560	52.0828	0.1851
5147.940	52.0590	0.1893
5148.010	51.8940	0.1670
5150.320	52.0506	0.1545
5150.940	51.9065	0.1119
5153.870	51.8200	0.1473
5156.800	51.8038	0.1382
5159.730	51.6235	0.1477
5162.660	51.4651	0.1620
5165.590	50.9049	0.2893
5168.520	51.2369	0.2180
5171.450	51.4899	0.1425
5174.380	51.8402	0.1723
5177.310	51.8458	0.2086
5180.240	51.2619	0.1628
5183.170	51.1138	0.2324
5186.100	51.4042	0.1786
5189.030	51.2399	0.1714
5191.960	51.0292	0.1574
5194.890	51.0353	0.1444
5197.820	51.1653	0.1446
5200.750	50.9262	0.1583
5203.680	50.8526	0.1354
5206.610	50.8724	0.1673
5209.540	50.9720	0.1453
5212.470	50.7993	0.1846
5215.400	50.3110	0.1449
5218.330	50.2997	0.1348
5221.260	50.3244	0.1319
5224.190	50.1209	0.1339
5227.120	50.2575	0.1660
5230.050	50.2868	0.1397
5232.980	49.9472	0.1361
5235.910	49.8838	0.1481
5238.840	50.0538	0.1680
5241.770	49.8565	0.1511
5244.700	49.6617	0.1223
5247.630	49.6679	0.1271
5250.560	49.5535	0.1426
5253.490	49.4985	0.1375
5256.420	49.5730	0.1245
5259.350	49.5449	0.1141
5262.280	49.1541	0.1588
5265.210	49.1927	0.1467
5268.140	49.2242	0.1218
5271.070	49.2930	0.1505
5274.000	49.2453	0.1545
5276.930	49.1032	0.1428
5279.860	48.8206	0.1028
5282.790	48.7539	0.1118
5285.720	48.8781	0.1317
5288.650	48.8152	0.1211
5291.580	48.6110	0.1234
5294.510	48.5558	0.1276
5297.440	48.5855	0.1267
5300.370	48.5867	0.1250
5303.300	48.4965	0.1352
5306.230	48.5188	0.1173
5309.160	48.3449	0.1202
5312.090	48.0721	0.1092
5315.020	47.9551	0.1240
5317.950	48.0886	0.1422
5320.880	48.0159	0.1390
5323.810	47.9376	0.1474
5326.740	47.6581	0.1581
5329.670	47.8225	0.1495
5332.600	47.8559	0.1428
5335.530	47.7633	0.1234
5338.460	47.6237	0.1374
5341.390	47.5244	0.1329
5344.320	47.5754	0.1318
5347.250	47.4536	0.1253
5350.180	47.4276	0.1205
5353.110	47.1159	0.1474
5356.040	47.1580	0.1338
5358.970	47.1480	0.1148
5361.900	47.1030	0.1434
5364.830	47.1307	0.1359
5367.760	47.0819	0.1116
5370.690	46.7843	0.1237
5373.620	46.9004	0.1394
5376.550	46.9496	0.1506
5379.480	46.6372	0.1078
5382.410	46.5033	0.1247
5385.340	46.4890	0.1097
5388.270	46.3798	0.1054
5391.200	46.3128	0.1229
5394.130	46.1580	0.1144
5397.060	46.1552	0.1134
5399.990	46.0160	0.1210
5402.920	45.9433	0.1390
5405.850	45.9471	0.1445
5408.780	45.9533	0.1381
5411.710	45.9659	0.1338
5414.640	45.9909	0.1345
5417.570	46.0325	0.1102
5420.500	45.9011	0.1139
5423.430	45.7620	0.1055
5426.360	45.7629	0.1267
5429.290	45.5778	0.1069
5432.220	45.5634	0.1027
5435.150	45.6083	0.1181
5438.080	45.3288	0.1203
5441.010	45.3400	0.1219
5443.940	45.1970	0.1323
5446.870	45.1552	0.1028
5449.800	45.0285	0.1079
5452.730	44.8802	0.0917
5455.660	44.8695	0.0786
5458.590	44.8121	0.0856
5461.520	44.6954	0.0845
5464.450	44.6036	0.0807
5467.380	44.6017	0.0923
5470.310	44.5863	0.1009
5473.240	44.6321	0.1032
5476.170	44.5366	0.1094
5479.100	44.3791	0.1069
5482.030	44.3374	0.1011
5484.960	44.2689	0.0916
5487.890	44.1845	0.0800
5490.820	44.1665	0.0986
5493.750	44.1997	0.1011
5496.680	44.2449	0.1015
5499.610	44.1483	0.0914
5502.540	43.9980	0.0898
5505.470	43.8647	0.0972
5508.400	43.7675	0.1149
5511.330	43.7049	0.1229
5514.260	43.6267	0.1069
5517.190	43.6341	0.1008
5520.120	43.6573	0.1024
5523.050	43.6307	0.1078
5525.980	43.6473	0.0930
5528.910	43.4684	0.1040
5531.840	43.2559	0.1245
5534.770	43.2027	0.1228
5537.700	43.1255	0.1221
5540.630	43.1093	0.1071
5543.560	43.0758	0.0911
5546.490	43.0214	0.0979
5549.420	42.9856	0.1011
5552.350	42.9570	0.1009
5555.280	42.7907	0.1063
5558.210	42.7457	0.1101
5561.140	42.6987	0.1169
5564.070	42.6453	0.1142
5567.000	42.7003	0.0954
5569.930	42.6567	0.0938
5572.860	42.5321	0.1059
5575.790	42.3294	0.1315
5578.720	42.2936	0.1217
5581.650	42.2991	0.1117
5584.580	42.2733	0.1221
5587.510	42.2622	0.1247
5590.440	42.2218	0.1163
5593.370	42.1123	0.1074
5596.300	42.0223	0.1075
5599.230	41.9924	0.1032
5602.160	41.9353	0.0965
5605.090	41.8215	0.1078
5608.020	41.7688	0.1203
5610.950	41.6794	0.1107
5613.880	41.6885	0.0991
5616.810	41.6977	0.1095
5619.740	41.7095	0.0985
5622.670	41.6294	0.0941
5625.600	41.5149	0.1036
5628.530	41.3405	0.1185
5631.460	41.3000	0.1105
5634.390	41.3337	0.1084
5637.320	41.2579	0.1139
5640.250	41.0359	0.1328
5643.180	40.9808	0.1085
5646.110	40.9248	0.1052
5649.040	40.9340	0.1101
5651.970	40.9608	0.0957
5654.900	40.9354	0.0926
5657.830	40.8931	0.1102
5660.760	40.8960	0.1023
5663.690	40.8979	0.0957
5666.620	40.7577	0.0947
5669.550	40.6399	0.0987
5672.480	40.5258	0.1073
5675.410	40.4794	0.1205
5678.340	40.4031	0.1203
5681.270	40.3547	0.1261
5684.200	40.3552	0.1037
5687.130	40.3671	0.1048
5690.060	40.3592	0.0960
5692.990	40.3039	0.1039
5695.920	40.1646	0.1004
5698.850	40.1080	0.1006
5701.780	40.0712	0.0962
5704.710	40.0393	0.1049
5707.640	40.0122	0.1312
5710.570	39.9456	0.1206
5713.500	39.8071	0.1164
5716.430	39.7530	0.1142
5719.360	39.6667	0.1097
5722.290	39.5817	0.0977
5725.220	39.6087	0.0957
5728.150	39.5815	0.0885
5731.080	39.5298	0.0922
5734.010	39.4438	0.0806
5736.940	39.3758	0.0852
5739.870	39.3036	0.0788
5742.800	39.2230	0.0953
5745.730	39.1947	0.0914
5748.660	39.1974	0.1005
5751.590	39.1711	0.0964
5754.520	39.0643	0.1079
5757.450	38.9207	0.1107
5760.380	38.8988	0.1066
5763.310	38.8799	0.0953
5766.240	38.8008	0.1025
5769.170	38.7377	0.0982
5772.100	38.7367	0.0862
5775.030	38.6831	0.0846
5777.960	38.6880	0.0805
5780.890	38.6755	0.0893
5783.820	38.5572	0.0981
5786.750	38.4286	0.0968
5789.680	38.3665	0.1021
5792.610	38.2682	0.0929
5795.540	38.2050	0.0969
5798.470	38.1671	0.0966
5801.400	38.0939	0.1066
5804.330	37.9702	0.1096
5807.260	37.9856	0.1159
5810.190	37.8985	0.1067
5813.120	37.8813	0.0967
5816.050	37.8231	0.0947
5818.980	37.8163	0.0863
5821.910	37.7333	0.0879
5824.840	37.6459	0.0882
5827.770	37.5003	0.0970
5830.700	37.4014	0.0988
5833.630	37.3899	0.0874
5836.560	37.2665	0.0870
5839.490	37.1053	0.0981
5842.420	37.0154	0.0871
5845.350	36.9322	0.0904
5848.280	36.7779	0.0904
5851.210	36.6447	0.1012
5854.140	36.5235	0.1129
5857.070	36.3498	0.1145
5860.000	36.0899	0.1069
5862.930	35.9037	0.1023
5865.860	35.7064	0.1035
5868.790	35.5834	0.1181
5871.720	35.6375	0.2220
5874.650	35.7463	0.2486
5877.580	35.5414	0.1597
5880.510	35.4492	0.0790
5883.440	35.5020	0.0744
5886.370	35.6553	0.1198
5889.300	35.8635	0.1717
5892.230	35.9760	0.1544
5895.160	36.0319	0.1243
5898.090	36.0262	0.0956
5901.020	35.9238	0.1023
5903.950	35.9730	0.1037
5906.880	35.9629	0.1021
5909.810	35.9816	0.0986
5912.740	36.0156	0.0903
5915.670	36.0183	0.0848
5918.600	35.9810	0.0916
5921.530	35.9125	0.1088
5924.460	35.9547	0.1101
5927.390	35.9776	0.1092
5930.320	35.9387	0.1022
5933.250	35.9228	0.0923
5936.180	35.8706	0.0844
5939.110	35.7921	0.0788
5942.040	35.6764	0.1046
5944.970	35.6435	0.1106
5947.900	35.6710	0.1004
5950.830	35.6828	0.0976
5953.760	35.6474	0.0941
5956.690	35.5540	0.0982
5959.620	35.4974	0.0824
5962.550	35.5016	0.0828
5965.480	35.4230	0.0854
5968.410	35.3850	0.0960
5971.340	35.2959	0.1068
5974.270	35.3315	0.1076
5977.200	35.3026	0.1084
5980.130	35.2532	0.0999
5983.060	35.1618	0.0991
5985.990	35.1353	0.1036
5988.920	35.0635	0.0934
5991.850	35.0051	0.0987
5994.780	34.9577	0.0983
5997.710	34.9266	0.1045
6000.640	34.8632	0.1178
6003.570	34.8021	0.1181
6006.500	34.8212	0.1148
6009.430	34.7693	0.1113
6012.360	34.7249	0.0944
6015.290	34.6985	0.0884
6018.220	34.6553	0.0919
6021.150	34.6637	0.0879
6024.080	34.6258	0.0979
6027.010	34.5871	0.0833
6029.940	34.4544	0.0909
6032.870	34.3544	0.0901
6035.800	34.3256	0.0965
6038.730	34.3645	0.0751
6041.660	34.3244	0.0814
6044.590	34.2219	0.0920
6047.520	34.2099	0.0948
6050.450	34.1679	0.0986
6053.380	34.0800	0.1067
6056.310	34.0343	0.1047
6059.240	33.9537	0.1012
6062.170	33.9926	0.0989
6065.100	33.9980	0.0910
6068.030	33.9209	0.0851
6070.960	33.8546	0.0844
6073.890	33.8206	0.0801
6076.820	33.8152	0.0888
6079.750	33.7391	0.0855
6082.680	33.6327	0.0865
6085.610	33.5190	0.1007
6088.540	33.4957	0.0834
6091.470	33.4753	0.0948
6094.400	33.3995	0.0929
6097.330	33.3700	0.0864
6100.260	33.4540	0.0910
6103.190	33.4814	0.0864
6106.120	33.3429	0.0788
6109.050	33.2346	0.0857
6111.980	33.1573	0.0898
6114.910	33.0901	0.0888
6117.840	33.0885	0.0925
6120.770	33.1083	0.0871
6123.700	33.0335	0.0866
6126.630	32.9408	0.0909
6129.560	32.9907	0.0906
6132.490	33.0308	0.0820
6135.420	33.0779	0.0868
6138.350	32.9536	0.0950
6141.280	32.8503	0.0866
6144.210	32.7931	0.0810
6147.140	32.7085	0.0862
6150.070	32.6684	0.0800
6153.000	32.6448	0.0747
6155.930	32.6029	0.0791
6158.860	32.5907	0.1001
6161.790	32.6124	0.1162
6164.720	32.5382	0.1112
6167.650	32.5380	0.1028
6170.580	32.4920	0.0811
6173.510	32.3952	0.0834
6176.440	32.2791	0.0784
6179.370	32.1994	0.0783
6182.300	32.1710	0.0760
6185.230	32.1301	0.0739
6188.160	32.1602	0.0829
6191.090	32.1204	0.0961
6194.020	32.0649	0.0888
6196.950	32.0204	0.0902
6199.880	32.0342	0.0824
6202.810	32.0127	0.0755
6205.740	31.9319	0.0749
6208.670	31.8354	0.0787
6211.600	31.8012	0.0813
6214.530	31.7490	0.0857
6217.460	31.7025	0.0912
6220.390	31.6127	0.0807
6223.320	31.5747	0.0793
6226.250	31.5407	0.0847
6229.180	31.5611	0.0914
6232.110	31.5137	0.0843
6235.040	31.4308	0.0774
6237.970	31.3888	0.0954
6240.900	31.3814	0.0912
6243.830	31.3720	0.0858
6246.760	31.3034	0.0837
6249.690	31.2779	0.0858
6252.620	31.2643	0.0806
6255.550	31.2526	0.0805
6258.480	31.2279	0.0731
6261.410	31.1054	0.0795
6264.340	31.0106	0.0924
6267.270	30.9874	0.0837
6270.200	30.9648	0.0923
6273.130	30.9032	0.0832
6276.060	30.9051	0.0777
6278.990	30.9414	0.0817
6281.920	30.9567	0.0890
6284.850	30.8854	0.1010
6287.780	30.8975	0.0862
6290.710	30.8397	0.0760
6293.640	30.7991	0.0744
6296.570	30.8102	0.0777
6299.500	30.7613	0.0788
6302.430	30.6569	0.0777
6305.360	30.5960	0.0860
6308.290	30.5572	0.0972
6311.220	30.4973	0.0917
6314.150	30.4481	0.1072
6317.080	30.3297	0.0939
6320.010	30.2281	0.0832
6322.940	30.1003	0.0891
6325.870	29.9256	0.0928
6328.800	29.8840	0.0908
6331.730	29.8385	0.0682
6334.660	29.8005	0.0713
6337.590	29.8538	0.0690
6340.520	29.9597	0.0671
6343.450	29.9380	0.0675
6346.380	29.9031	0.0557
6349.310	29.8893	0.0639
6352.240	29.8883	0.0659
6355.170	29.9006	0.0721
6358.100	29.9106	0.0717
6361.030	29.8114	0.0661
6363.960	29.7149	0.0725
6366.890	29.6257	0.0756
6369.820	29.5710	0.0840
6372.750	29.5613	0.0849
6375.680	29.5246	0.0824
6378.610	29.5191	0.0818
6381.540	29.5087	0.0739
6384.470	29.4974	0.0711
6387.400	29.4755	0.0884
6390.330	29.4276	0.0731
6393.260	29.3907	0.0708
6396.190	29.3194	0.0777
6399.120	29.2698	0.0710
6402.050	29.1797	0.0734
6404.980	29.1343	0.0763
6407.910	29.0798	0.0875
6410.840	29.0223	0.0846
6413.770	28.9860	0.0777
6416.700	28.9861	0.0747
6419.630	28.9943	0.0712
6422.560	28.9855	0.0609
6425.490	28.9393	0.0735
6428.420	28.8905	0.0760
6431.350	28.8279	0.0713
6434.280	28.7826	0.0755
6437.210	28.7350	0.0882
6440.140	28.6424	0.0965
6443.070	28.5721	0.0845
6446.000	28.5650	0.0816
6448.930	28.5784	0.0818
6451.860	28.5824	0.0845
6454.790	28.5277	0.0768
6457.720	28.4814	0.0871
6460.650	28.4482	0.0829
6463.580	28.4180	0.0725
6466.510	28.4037	0.0710
6469.440	28.3121	0.0727
6472.370	28.2106	0.0736
6475.300	28.1692	0.0718
6478.230	28.1544	0.0706
6481.160	28.1330	0.0745
6484.090	28.1253	0.0743
6487.020	28.0990	0.0756
6489.950	28.0841	0.0737
6492.880	28.1374	0.0878
6495.810	28.1399	0.0968
6498.740	28.0338	0.0832
6501.670	27.8740	0.0807
6504.600	27.8199	0.0885
6507.530	27.7626	0.0847
6510.460	27.7410	0.0850
6513.390	27.7055	0.0807
6516.320	27.6307	0.0859
6519.250	27.5153	0.0881
6522.180	27.4574	0.0898
6525.110	27.4678	0.0808
6528.040	27.4225	0.0798
6530.970	27.3341	0.0772
6533.900	27.2728	0.0709
6536.830	27.2114	0.0743
6539.760	27.1026	0.0773
6542.690	26.9678	0.0940
6545.620	26.7899	0.0958
6548.550	26.6038	0.1029
6551.480	26.4775	0.1272
6554.410	26.4863	0.1384
6557.340	26.6490	0.1364
6560.270	26.9799	0.1737
6563.200	26.9805	0.1912
6566.130	26.5974	0.1250
6569.060	26.1959	0.1224
6571.990	25.9988	0.0642
6574.920	26.0201	0.0589
6577.850	26.1033	0.0595
6580.780	26.2283	0.0596
6583.710	26.3689	0.0566
6586.640	26.5079	0.0647
6589.570	26.5572	0.0836
6592.500	26.5923	0.0910
6595.430	26.6184	0.0715
6598.360	26.6444	0.0702
6601.290	26.6315	0.0714
6604.220	26.6537	0.0670
6607.150	26.6674	0.0692
6610.080	26.6222	0.0710
6613.010	26.5634	0.0716
6615.940	26.5619	0.0745
6618.870	26.5420	0.0665
6621.800	26.5079	0.0648
6624.730	26.4917	0.0719
6627.660	26.4440	0.0691
6630.590	26.3969	0.0759
6633.520	26.3561	0.0794
6636.450	26.3173	0.0758
6639.380	26.2865	0.0754
6642.310	26.2229	0.0790
6645.240	26.1348	0.0829
6648.170	26.0865	0.0709
6651.100	26.0672	0.0670
6654.030	26.0580	0.0740
6656.960	26.0270	0.0642
6659.890	25.9424	0.0721
6662.820	25.8768	0.0765
6665.750	25.7731	0.0874
6668.680	25.7264	0.0678
6671.610	25.7823	0.0729
6674.540	25.8690	0.1303
6677.470	25.8567	0.1517
6680.400	25.7018	0.1055
6683.330	25.5720	0.0763
6686.260	25.5577	0.0699
6689.190	25.5621	0.0602
6692.120	25.5626	0.0592
6695.050	25.5650	0.0712
6697.980	25.5529	0.0792
6700.910	25.5647	0.0735
6703.840	25.5329	0.0728
6706.770	25.5261	0.0686
6709.700	25.4994	0.0773
6712.630	25.5241	0.0692
6715.560	25.4999	0.0687
6718.490	25.4321	0.0731
6721.420	25.3597	0.0857
6724.350	25.3387	0.0806
6727.280	25.2985	0.0768
6730.210	25.2599	0.0811
6733.140	25.2429	0.0746
6736.070	25.2576	0.0720
6739.000	25.2598	0.0636
6741.930	25.2421	0.0641
6744.860	25.2456	0.0726
6747.790	25.2122	0.0748
6750.720	25.1853	0.0733
6753.650	25.1235	0.0777
6756.580	25.0888	0.0638
6759.510	25.0516	0.0589
6762.440	25.0055	0.0607
6765.370	24.9760	0.0683
6768.300	24.9534	0.0652
6771.230	24.9232	0.0655
6774.160	24.8716	0.0731
6777.090	24.8361	0.0685
6780.020	24.8410	0.0655
6782.950	24.8298	0.0595
6785.880	24.8049	0.0562
6788.810	24.7319	0.0634
6791.740	24.6810	0.0661
6794.670	24.6884	0.0619
6797.600	24.6496	0.0606
6800.530	24.6227	0.0632
6803.460	24.6041	0.0556
6806.390	24.5556	0.0638
6809.320	24.5415	0.0622
6812.250	24.5610	0.0516
6815.180	24.5088	0.0543
6818.110	24.4582	0.0562
6821.040	24.3977	0.0576
6823.970	24.3407	0.0685
6826.900	24.3443	0.0722
6829.830	24.3034	0.0712
6832.760	24.3066	0.0690
6835.690	24.3022	0.0673
6838.620	24.2819	0.0674
6841.550	24.2458	0.0578
6844.480	24.1851	0.0614
6847.410	24.1162	0.0653
6850.340	24.0732	0.0674
6853.270	24.0335	0.0716
6856.200	23.9825	0.0715
6859.130	23.9429	0.0756
6862.060	23.9437	0.0679
6864.990	23.9446	0.0680
6867.920	23.8992	0.0703
6870.850	23.8207	0.0633
6873.780	23.8044	0.0570
6876.710	23.8218	0.0558
6879.640	23.7825	0.0621
6882.570	23.7504	0.0723
6885.500	23.7242	0.0854
6888.430	23.7202	0.0753
6891.360	23.6908	0.0678
6894.290	23.6562	0.0609
6897.220	23.6565	0.0572
6900.150	23.6502	0.0523
6903.080	23.6127	0.0566
6906.010	23.5815	0.0564
6908.940	23.5569	0.0616
6911.870	23.5017	0.0648
6914.800	23.4763	0.0600
6917.730	23.4130	0.0589
6920.660	23.3864	0.0600
6923.590	23.3752	0.0571
6926.520	23.3683	0.0541
6929.450	23.3032	0.0548
6932.380	23.2678	0.0544
6935.310	23.2611	0.0500
6938.240	23.2344	0.0550
6941.170	23.2164	0.0534
6944.100	23.1886	0.0547
6947.030	23.1473	0.0601
6949.960	23.0966	0.0627
6952.890	23.0556	0.0590
6955.820	23.0093	0.0560
6958.750	22.9640	0.0538
6961.680	22.9380	0.0562
6964.610	22.9312	0.0616
6967.540	22.9087	0.0610
6970.470	22.8739	0.0614
6973.400	22.8835	0.0583
6976.330	22.9082	0.0589
6979.260	22.8693	0.0616
6982.190	22.7954	0.0560
6985.120	22.7290	0.0573
6988.050	22.6830	0.0595
6990.980	22.6694	0.0659
6993.910	22.6317	0.0664
6996.840	22.5943	0.0619
6999.770	22.5741	0.0638
7002.700	22.5569	0.0657
7005.630	22.5033	0.0634
7008.560	22.4331	0.0620
7011.490	22.4050	0.0585
7014.420	22.4383	0.0517
7017.350	22.4124	0.0540
7020.280	22.3736	0.0562
7023.210	22.3505	0.0593
7026.140	22.3189	0.0590
7029.070	22.2837	0.0553
7032.000	22.2791	0.0477
7034.930	22.2526	0.0464
7037.860	22.2065	0.0445
7040.790	22.1655	0.0473
7043.720	22.1243	0.0550
7046.650	22.1079	0.0533
7049.580	22.0972	0.0489
7052.510	22.0982	0.0502
7055.440	22.0830	0.0561
7058.370	22.0912	0.0671
7061.300	22.0968	0.0821
7064.230	22.1129	0.1080
7067.160	22.0376	0.0843
7070.090	21.9372	0.0514
7073.020	21.8831	0.0532
7075.950	21.8938	0.0566
7078.880	21.8815	0.0515
7081.810	21.8190	0.0488
7084.740	21.7641	0.0521
7087.670	21.7681	0.0498
7090.600	21.7405	0.0477
7093.530	21.7109	0.0499
7096.460	21.6511	0.0479
7099.390	21.6457	0.0488
7102.320	21.6660	0.0550
7105.250	21.6610	0.0625
7108.180	21.6133	0.0606
7111.110	21.5691	0.0582
7114.040	21.5442	0.0516
7116.970	21.5224	0.0556
7119.900	21.5244	0.0602
7122.830	21.5141	0.0613
7125.760	21.4721	0.0561
7128.690	21.4471	0.0502
7131.620	21.4315	0.0501
7134.550	21.4035	0.0515
7137.480	21.3899	0.0483
7140.410	21.3958	0.0499
7143.340	21.3980	0.0611
7146.270	21.3856	0.0556
7149.200	21.3177	0.0586
7152.130	21.2313	0.0592
7155.060	21.1924	0.0557
7157.990	21.1812	0.0556
7160.920	21.1701	0.0546
7163.850	21.1360	0.0628
7166.780	21.1030	0.0625
7169.710	21.0870	0.0727
7172.640	21.0711	0.0736
7175.570	21.0433	0.0682
7178.500	20.9879	0.0640
7181.430	20.9633	0.0586
7184.360	20.9711	0.0554
7187.290	20.9472	0.0504
7190.220	20.8882	0.0499
7193.150	20.8442	0.0476
7196.080	20.8453	0.0486
7199.010	20.8324	0.0582
7201.940	20.7938	0.0552
7204.870	20.7814	0.0521
7207.800	20.7716	0.0493
7210.730	20.7638	0.0482
7213.660	20.7394	0.0489
7216.590	20.7167	0.0487
7219.520	20.7349	0.0563
7222.450	20.7144	0.0803
7225.380	20.6718	0.0745
7228.310	20.5900	0.0586
7231.240	20.5333	0.0533
7234.170	20.5452	0.0516
7237.100	20.5358	0.0501
7240.030	20.5121	0.0521
7242.960	20.5115	0.0568
7245.890	20.4686	0.0624
7248.820	20.4364	0.0580
7251.750	20.4094	0.0576
7254.680	20.3754	0.0539
7257.610	20.3442	0.0492
7260.540	20.3036	0.0443
7263.470	20.2687	0.0511
7266.400	20.2068	0.0504
7269.330	20.1541	0.0589
7272.260	20.1562	0.0585
7275.190	20.1585	0.0567
7278.120	20.1838	0.0642
7281.050	20.1885	0.0688
7283.980	20.1517	0.0571
7286.910	20.0805	0.0594
7289.840	20.0282	0.0629
7292.770	19.9936	0.0572
7295.700	19.9627	0.0563
7298.630	19.9527	0.0571
7301.560	19.9622	0.0547
7304.490	19.9575	0.0542
7307.420	19.9059	0.0525
7310.350	19.8838	0.0507
7313.280	19.8871	0.0527
7316.210	19.8521	0.0529
7319.140	19.8291	0.0472
7322.070	19.8385	0.0477
7325.000	19.8069	0.0519
7327.930	19.7837	0.0523
7330.860	19.7694	0.0515
7333.790	19.6992	0.0600
7336.720	19.6387	0.0660
7339.650	19.6401	0.0574
7342.580	19.6317	0.0507
7345.510	19.6440	0.0464
7348.440	19.6273	0.0466
7351.370	19.5851	0.0586
7354.300	19.5349	0.0611
7357.230	19.5248	0.0520
7360.160	19.4890	0.0515
7363.090	19.4452	0.0523
7366.020	19.4184	0.0514
7368.950	19.4512	0.0477
7371.880	19.4676	0.0484
7374.810	19.4431	0.0456
7377.740	19.4021	0.0498
7380.670	19.3625	0.0485
7383.600	19.3354	0.0535
7386.530	19.3053	0.0529
7389.460	19.3247	0.0502
7392.390	19.2983	0.0471
7395.320	19.2468	0.0467
7398.250	19.1730	0.0451
7401.180	19.1380	0.0455
7404.110	19.1173	0.0462
7407.040	19.1206	0.0497
7409.970	19.1169	0.0551
7412.900	19.0905	0.0599
7415.830	19.0568	0.0546
7418.760	19.0696	0.0477
7421.690	19.0786	0.0523
7424.620	19.0513	0.0524
7427.550	19.0202	0.0463
7430.480	18.9925	0.0476
7433.410	18.9419	0.0473
7436.340	18.8828	0.0462
7439.270	18.8646	0.0510
7442.200	18.8883	0.0453
7445.130	18.8965	0.0500
7448.060	18.8582	0.0517
7450.990	18.7922	0.0545
7453.920	18.7208	0.0589
7456.850	18.7105	0.0531
7459.780	18.7189	0.0551
7462.710	18.6993	0.0549
7465.640	18.6700	0.0583
7468.570	18.6477	0.0545
7471.500	18.6284	0.0556
7474.430	18.6111	0.0622
7477.360	18.5588	0.0585
7480.290	18.5264	0.0576
7483.220	18.5440	0.0530
7486.150	18.5154	0.0511
7489.080	18.4877	0.0507
7492.010	18.4620	0.0553
7494.940	18.4323	0.0565
7497.870	18.3560	0.0583
7500.800	18.3556	0.0556
7503.730	18.3889	0.0532
7506.660	18.3874	0.0507
7509.590	18.3894	0.0507
7512.520	18.3787	0.0521
7515.450	18.3460	0.0440
7518.380	18.3230	0.0494
7521.310	18.3090	0.0531
7524.240	18.2676	0.0559
7527.170	18.2213	0.0531
7530.100	18.2035	0.0528
7533.030	18.1824	0.0537
7535.960	18.1434	0.0452
7538.890	18.1191	0.0493
7541.820	18.0878	0.0536
7544.750	18.0746	0.0512
7547.680	18.0461	0.0414
7550.610	18.0293	0.0446
7553.540	18.0383	0.0420
7556.470	18.0471	0.0435
7559.400	18.0112	0.0478
7562.330	17.9705	0.0537
7565.260	17.9232	0.0623
7568.190	17.8954	0.0642
7571.120	17.9082	0.0531
7574.050	17.8881	0.0453
7576.980	17.8610	0.0438
7579.910	17.8273	0.0493
7582.840	17.8274	0.0552
7585.770	17.8126	0.0653
7588.700	17.7821	0.0688
7591.630	17.7510	0.0753
7594.560	17.7542	0.0792
7597.490	17.7535	0.0798
7600.420	17.6636	0.0698
7603.350	17.6476	0.0637
7606.280	17.6088	0.0496
7609.210	17.4962	0.0497
7612.140	17.4647	0.0426
7615.070	17.5156	0.0465
7618.000	17.5050	0.0449
7620.930	17.5310	0.0516
7623.860	17.5256	0.0665
7626.790	17.4763	0.0592
7629.720	17.4162	0.0575
7632.650	17.3910	0.0479
7635.580	17.3594	0.0393
7638.510	17.3513	0.0443
7641.440	17.3255	0.0570
7644.370	17.3245	0.0487
7647.300	17.3361	0.0448
7650.230	17.3048	0.0514
7653.160	17.3025	0.0483
7656.090	17.3135	0.0556
7659.020	17.2987	0.0605
7661.950	17.3196	0.0591
7664.880	17.3146	0.0530
7667.810	17.2699	0.0397
7670.740	17.2179	0.0413
7673.670	17.2109	0.0464
7676.600	17.1882	0.0493
7679.530	17.1352	0.0530
7682.460	17.0986	0.0486
7685.390	17.0691	0.0563
7688.320	17.0259	0.0547
7691.250	17.0451	0.0530
7694.180	17.0535	0.0468
7697.110	17.0276	0.0452
7700.040	17.0275	0.0458
7702.970	16.9864	0.0444
7705.900	16.9472	0.0442
7708.830	16.9261	0.0454
7711.760	16.9359	0.0492
7714.690	16.9241	0.0488
7717.620	16.9223	0.0423
7720.550	16.9108	0.0514
7723.480	16.8789	0.0550
7726.410	16.8785	0.0498
7729.340	16.8580	0.0526
7732.270	16.8069	0.0535
7735.200	16.7589	0.0449
7738.130	16.7613	0.0469
7741.060	16.7544	0.0407
7743.990	16.7219	0.0473
7746.920	16.7138	0.0430
7749.850	16.7095	0.0392
7752.780	16.6688	0.0411
7755.710	16.6481	0.0456
7758.640	16.6290	0.0403
7761.570	16.5598	0.0452
7764.500	16.5497	0.0440
7767.430	16.5500	0.0393
7770.360	16.5355	0.0489
7773.290	16.5457	0.0526
7776.220	16.5371	0.0472
7779.150	16.4765	0.0485
7782.080	16.4513	0.0422
7785.010	16.4287	0.0451
7787.940	16.4054	0.0437
7790.870	16.3886	0.0398
7793.800	16.3574	0.0396
7796.730	16.3487	0.0403
7799.660	16.3704	0.0414
7802.590	16.3344	0.0482
7805.520	16.2871	0.0559
7808.450	16.2705	0.0499
7811.380	16.2658	0.0463
7814.310	16.2409	0.0420
7817.240	16.2279	0.0435
7820.170	16.2412	0.0441
7823.100	16.2375	0.0429
7826.030	16.2160	0.0446
7828.960	16.1854	0.0486
7831.890	16.1542	0.0538
7834.820	16.1301	0.0478
7837.750	16.1066	0.0457
7840.680	16.0828	0.0432
7843.610	16.0317	0.0409
7846.540	16.0053	0.0476
7849.470	16.0205	0.0529
7852.400	16.0269	0.0493
7855.330	16.0118	0.0529
7858.260	15.9757	0.0461
7861.190	15.9752	0.0442
7864.120	15.9891	0.0457
7867.050	15.9474	0.0477
7869.980	15.8675	0.0528
7872.910	15.8311	0.0482
7875.840	15.8239	0.0478
7878.770	15.8250	0.0451
7881.700	15.7892	0.0442
7884.630	15.7600	0.0484
7887.560	15.7323	0.0471
7890.490	15.7586	0.0406
7893.420	15.8406	0.0400
7896.350	15.8382	0.0433
7899.280	15.8184	0.0516
7902.210	15.7803	0.0498
7905.140	15.7430	0.0507
7908.070	15.7043	0.0510
7911.000	15.6612	0.0550
7913.930	15.6022	0.0522
7916.860	15.5566	0.0496
7919.790	15.5562	0.0440
7922.720	15.5281	0.0529
7925.650	15.5126	0.0463
7928.580	15.5249	0.0431
7931.510	15.5074	0.0453
7934.440	15.4840	0.0452
7937.370	15.4765	0.0432
7940.300	15.4904	0.0389
7943.230	15.5123	0.0372
7946.160	15.5213	0.0391
7949.090	15.4686	0.0398
7952.020	15.4079	0.0402
7954.950	15.3716	0.0419
7957.880	15.3391	0.0461
7960.810	15.3227	0.0502
7963.740	15.2939	0.0521
7966.670	15.3032	0.0482
7969.600	15.2571	0.0456
7972.530	15.2739	0.0496
7975.460	15.2783	0.0458
7978.390	15.2942	0.0481
7981.320	15.2692	0.0441
7984.250	15.2336	0.0439
7987.180	15.2020	0.0492
7990.110	15.1858	0.0510
7993.040	15.1734	0.0444
7995.970	15.1519	0.0441
7998.900	15.1082	0.0415
8001.830	15.0673	0.0398
8004.760	15.0635	0.0335
8007.690	15.0762	0.0303
8010.620	15.1036	0.0302
8013.550	15.0871	0.0341
8016.480	15.1026	0.0429
8019.410	15.1090	0.0460
8022.340	15.0923	0.0454
8025.270	15.0931	0.0420
8028.200	15.0703	0.0494
8031.130	15.0096	0.0435
8034.060	14.9228	0.0394
8036.990	14.8847	0.0403
8039.920	14.8677	0.0415
8042.850	14.8489	0.0401
8045.780	14.8491	0.0404
8048.710	14.8068	0.0434
8051.640	14.7570	0.0443
8054.570	14.7124	0.0526
8057.500	14.7276	0.0452
8060.430	14.7399	0.0397
8063.360	14.7760	0.0410
8066.290	14.8128	0.0351
8069.220	14.7671	0.0445
8072.150	14.7549	0.0424
8075.080	14.7310	0.0426
8078.010	14.7155	0.0481
8080.940	14.6664	0.0507
8083.870	14.6493	0.0448
8086.800	14.5983	0.0402
8089.730	14.5819	0.0403
8092.660	14.5979	0.0405
8095.590	14.5863	0.0405
8098.520	14.5308	0.0405
8101.450	14.5069	0.0434
8104.380	14.4993	0.0436
8107.310	14.4709	0.0461
8110.240	14.4653	0.0414
8113.170	14.4900	0.0456
8116.100	14.4913	0.0497
8119.030	14.4706	0.0458
8121.960	14.4851	0.0441
8124.890	14.5025	0.0392
8127.820	14.5129	0.0354
8130.750	14.4754	0.0386
8133.680	14.4200	0.0349
8136.610	14.3334	0.0397
8139.540	14.2972	0.0398
8142.470	14.2906	0.0429
8145.400	14.2744	0.0351
8148.330	14.2753	0.0338
8151.260	14.3015	0.0366
8154.190	14.2803	0.0381
8157.120	14.2712	0.0443
8160.050	14.2362	0.0432
8162.980	14.2256	0.0467
8165.910	14.1883	0.0493
8168.840	14.1319	0.0576
8171.770	14.1382	0.0548
8174.700	14.1301	0.0494
8177.630	14.1021	0.0478
8180.560	14.0485	0.0525
8183.490	14.0245	0.0553
8186.420	14.0404	0.0479
8189.350	14.0298	0.0459
8192.280	14.0380	0.0433
8195.210	14.0310	0.0456
8198.140	13.9916	0.0372
8201.070	13.9865	0.0353
8204.000	13.9632	0.0384
8206.930	13.9345	0.0416
8209.860	13.9391	0.0367
8212.790	13.9553	0.0352
8215.720	13.9565	0.0305
8218.650	13.9457	0.0380
8221.580	13.8988	0.0442
8224.510	13.8608	0.0497
8227.440	13.8332	0.0595
8230.370	13.8504	0.0732
8233.300	13.8610	0.0628
8236.230	13.8616	0.0514
8239.160	13.8305	0.0442
8242.090	13.7796	0.0310
8245.020	13.7792	0.0301
8247.950	13.7709	0.0361
8250.880	13.7309	0.0344
8253.810	13.7088	0.0376
8256.740	13.6716	0.0452
8259.670	13.6208	0.0398
8262.600	13.6098	0.0382
8265.530	13.5915	0.0375
8268.460	13.5967	0.0380
8271.390	13.5986	0.0336
8274.320	13.6169	0.0308
8277.250	13.5817	0.0284
8280.180	13.5652	0.0355
8283.110	13.5513	0.0330
8286.040	13.5303	0.0342
8288.970	13.5122	0.0376
8291.900	13.4728	0.0402
8294.830	13.4327	0.0400
8297.760	13.3675	0.0417
8300.690	13.3558	0.0344
8303.620	13.3840	0.0290
8306.550	13.4040	0.0349
8309.480	13.4212	0.0413
8312.410	13.4072	0.0413
8315.340	13.3954	0.0450
8318.270	13.3772	0.0436
8321.200	13.3860	0.0417
8324.130	13.3791	0.0391
8327.060	13.3430	0.0479
8329.990	13.3059	0.0489
8332.920	13.2925	0.0472
8335.850	13.2623	0.0460
8338.780	13.2303	0.0446
8341.710	13.2042	0.0458
8344.640	13.1750	0.0435
8347.570	13.1783	0.0350
8350.500	13.1280	0.0406
8353.430	13.0943	0.0431
8356.360	13.1195	0.0364
8359.290	13.1144	0.0368
8362.220	13.1077	0.0458
8365.150	13.0911	0.0463
8368.080	13.0545	0.0366
8371.010	13.1024	0.0320
8373.940	13.1267	0.0307
8376.870	13.1347	0.0407
8379.800	13.1111	0.0479
8382.730	13.0764	0.0502
8385.660	13.0990	0.0400
8388.590	13.0620	0.0345
8391.520	13.0405	0.0347
8394.450	13.0164	0.0406
8397.380	13.0137	0.0437
8400.310	12.9829	0.0371
8403.240	12.9538	0.0290
8406.170	12.9255	0.0269
8409.100	12.9161	0.0327
8412.030	12.8952	0.0414
8414.960	12.8939	0.0483
8417.890	12.9139	0.0338
8420.820	12.9366	0.0291
8423.750	12.9001	0.0304
8426.680	12.8296	0.0402
8429.610	12.8152	0.0522
8432.540	12.8334	0.0417
8435.470	12.8402	0.0426
8438.400	12.7927	0.0408
8441.330	12.7709	0.0366
8444.260	12.7311	0.0332
8447.190	12.6985	0.0349
8450.120	12.6860	0.0538
8453.050	12.6752	0.0390
8455.980	12.6613	0.0344
8458.910	12.6520	0.0463
8461.840	12.6626	0.0465
8464.770	12.6976	0.0474
8467.700	12.6951	0.0439
8470.630	12.6785	0.0372
8473.560	12.6474	0.0367
8476.490	12.6493	0.0408
8479.420	12.6236	0.0405
8482.350	12.6197	0.0396
8485.280	12.6007	0.0493
8488.210	12.5689	0.0480
8491.140	12.5748	0.0463
8494.070	12.6475	0.0605
8497.000	12.6846	0.0851
8499.930	12.5520	0.0620
8502.860	12.4168	0.0466
8505.790	12.3854	0.0482
8508.720	12.3571	0.0440
8511.650	12.3640	0.0392
8514.580	12.3789	0.0460
8517.510	12.3545	0.0418
8520.440	12.2953	0.0390
8523.370	12.2819	0.0391
8526.300	12.3001	0.0446
8529.230	12.2923	0.0541
8532.160	12.3200	0.0476
8535.090	12.3745	0.0458
8538.020	12.5354	0.0980
8540.950	12.6122	0.1250
8543.880	12.5017	0.0891
8546.810	12.3121	0.0486
8549.740	12.2526	0.0568
8552.670	12.2101	0.0480
8555.600	12.2118	0.0366
8558.530	12.2239	0.0346
8561.460	12.2593	0.0362
8564.390	12.2739	0.0375
8567.320	12.2403	0.0364
8570.250	12.1923	0.0371
8573.180	12.1823	0.0404
8576.110	12.1685	0.0423
8579.040	12.1760	0.0455
8581.970	12.1325	0.0504
8584.900	12.0643	0.0468
8587.830	12.0117	0.0448
8590.760	12.0134	0.0332
8593.690	12.0263	0.0324
8596.620	12.0159	0.0324
8599.550	11.9965	0.0415
8602.480	12.0057	0.0388
8605.410	12.0162	0.0302
8608.340	12.0049	0.0247
8611.270	11.9775	0.0259
8614.200	12.0085	0.0327
8617.130	12.0291	0.0293
8620.060	11.9829	0.0394
8622.990	11.9454	0.0558
8625.920	11.9006	0.0477
8628.850	11.9041	0.0409
8631.780	11.8704	0.0363
8634.710	11.8190	0.0460
8637.640	11.7861	0.0483
8640.570	11.8039	0.0466
8643.500	11.8121	0.0414
8646.430	11.8072	0.0395
8649.360	11.7392	0.0425
8652.290	11.6777	0.0428
8655.220	11.7382	0.0275
8658.150	11.8719	0.0856
8661.080	11.9820	0.1059
8664.010	11.9057	0.0792
8666.940	11.7448	0.0492
8669.870	11.6806	0.0447
8672.800	11.6802	0.0411
8675.730	11.6419	0.0400
8678.660	11.6229	0.0397
8681.590	11.6409	0.0371
8684.520	11.6624	0.0349
8687.450	11.6705	0.0363
8690.380	11.6433	0.0361
8693.310	11.6384	0.0342
8696.240	11.6571	0.0326
8699.170	11.6544	0.0346
8702.100	11.6476	0.0360
8705.030	11.5993	0.0371
8707.960	11.5808	0.0361
8710.890	11.5855	0.0352
8713.820	11.5705	0.0348
8716.750	11.5357	0.0305
8719.680	11.4900	0.0316
8722.610	11.4469	0.0354
8725.540	11.4522	0.0294
8728.470	11.4767	0.0249
8731.400	11.4982	0.0252
8734.330	11.4674	0.0286
8737.260	11.4345	0.0325
8740.190	11.4002	0.0304
8743.120	11.3895	0.0306
8746.050	11.3847	0.0297
8748.980	11.3935	0.0296
8751.910	11.4063	0.0348
8754.840	11.4034	0.0312
8757.770	11.4073	0.0308
8760.700	11.3947	0.0346
8763.630	11.3919	0.0355
8766.560	11.3961	0.0387
8769.490	11.3814	0.0413
8772.420	11.3491	0.0403
8775.350	11.3000	0.0405
8778.280	11.2580	0.0369
8781.210	11.1806	0.0405
8784.140	11.1438	0.0415
8787.070	11.1606	0.0421
8790.000	11.1952	0.0340
8792.930	11.1976	0.0297
8795.860	11.1652	0.0273
8798.790	11.1480	0.0286
8801.720	11.1764	0.0355
8804.650	11.2541	0.0461
8807.580	11.2487	0.0413
8810.510	11.1749	0.0424
8813.440	11.1405	0.0443
8816.370	11.0847	0.0422
8819.300	11.0562	0.0393
8822.230	11.0825	0.0391
8825.160	11.0674	0.0416
8828.090	11.0429	0.0344
8831.020	11.0201	0.0341
8833.950	10.9923	0.0343
8836.880	11.0294	0.0316
8839.810	11.0585	0.0259
8842.740	11.0655	0.0285
8845.670	11.0248	0.0346
8848.600	10.9906	0.0458
8851.530	10.9844	0.0442
8854.460	10.9343	0.0400
8857.390	10.8813	0.0355
8860.320	10.8918	0.0283
8863.250	10.9018	0.0338
8866.180	10.9018	0.0386
8869.110	10.9080	0.0357
8872.040	10.9302	0.0305
8874.970	10.9315	0.0299
8877.900	10.9283	0.0202
8880.830	10.9038	0.0272
8883.760	10.8645	0.0351
8886.690	10.8303	0.0299
8889.620	10.8012	0.0202
8892.550	10.7893	0.0278
8895.480	10.7940	0.0386
8898.410	10.8032	0.0404
8901.340	10.7723	0.0395
8904.270	10.7435	0.0364
8907.200	10.7049	0.0351
8910.130	10.7100	0.0282
8913.060	10.7591	0.0357
8915.990	10.7719	0.0326
8918.920	10.7848	0.0297
8921.850	10.7700	0.0360
8924.780	10.7569	0.0411
8927.710	10.7140	0.0396
8930.640	10.6385	0.0321
8933.570	10.5757	0.0300
8936.500	10.5330	0.0315
8939.430	10.5186	0.0381
8942.360	10.5603	0.0370
8945.290	10.5998	0.0335
8948.220	10.5993	0.0327
8951.150	10.6565	0.0289
8954.080	10.6638	0.0345
8957.010	10.6169	0.0338
8959.940	10.5580	0.0238
8962.870	10.5128	0.0244
8965.800	10.5208	0.0312
8968.730	10.5247	0.0354
8971.660	10.4783	0.0418
8974.590	10.4779	0.0388
8977.520	10.4838	0.0377
8980.450	10.4786	0.0314
8983.380	10.4189	0.0284
8986.310	10.3742	0.0315
8989.240	10.3976	0.0358
8992.170	10.4322	0.0336
8995.100	10.4417	0.0394
8998.030	10.4541	0.0423
9000.960	10.4201	0.0360
9003.890	10.3706	0.0300
9006.820	10.3268	0.0319
9009.750	10.3164	0.0348
9012.680	10.3345	0.0451
9015.610	10.3946	0.0461
9018.540	10.4375	0.0352
9021.470	10.4430	0.0353
9024.400	10.4415	0.0396
9027.330	10.3860	0.0399
9030.260	10.2942	0.0308
9033.190	10.2288	0.0186
9036.120	10.2231	0.0214
9039.050	10.1757	0.0218
9041.980	10.1732	0.0326
9044.910	10.2001	0.0348
9047.840	10.2144	0.0415
9050.770	10.1835	0.0400
9053.700	10.1356	0.0334
9056.630	10.1152	0.0230
9059.560	10.0882	0.0282
9062.490	10.0587	0.0319
9065.420	10.0552	0.0373
9068.350	10.1078	0.0410
9071.280	10.1948	0.0377
9074.210	10.2501	0.0332
9077.140	10.2227	0.0322
9080.070	10.1342	0.0388
9083.000	10.0725	0.0318
9085.930	10.0299	0.0308
9088.860	10.0290	0.0337
9091.790	10.0122	0.0370
9094.720	9.9965	0.0298
9097.650	9.9763	0.0294
9100.580	9.9505	0.0345
9103.510	9.9416	0.0341
9106.440	9.9556	0.0330
9109.370	10.0041	0.0366
9112.300	10.0253	0.0383
9115.230	10.0136	0.0427
9118.160	9.9574	0.0433
9121.090	9.8804	0.0340
9124.020	9.8478	0.0286
9126.950	9.8590	0.0277
9129.880	9.8519	0.0350
9132.810	9.8518	0.0396
9135.740	9.8885	0.0345
9138.670	9.9108	0.0361
9141.600	9.9209	0.0340
9144.530	9.8969	0.0338
9147.460	9.8957	0.0292
9150.390	9.9135	0.0288
9153.320	9.9232	0.0338
9156.250	9.9292	0.0344
9159.180	9.9074	0.0361
9162.110	9.8723	0.0345
9165.040	9.7834	0.0362
9167.970	9.7144	0.0347
9170.900	9.6817	0.0317
9173.830	9.7034	0.0365
9176.760	9.7269	0.0358
9179.690	9.7388	0.0358
9182.620	9.7685	0.0373
9185.550	9.8076	0.0303
9188.480	9.7980	0.0309
9191.410	9.7854	0.0305
9194.340	9.7311	0.0301
9197.270	9.6898	0.0356
9200.200	9.6892	0.0320
9203.130	9.6855	0.0384
9206.060	9.6548	0.0357
9208.990	9.6614	0.0346
9211.920	9.6314	0.0339
9214.850	9.5884	0.0340
9217.780	9.5370	0.0357
9220.710	9.5422	0.0330
9223.640	9.5803	0.0289
9226.570	9.6289	0.0332
9229.500	9.7047	0.0340
9232.430	9.6987	0.0362
9235.360	9.6397	0.0316
9238.290	9.5873	0.0271
9241.220	9.5443	0.0298
9244.150	9.5254	0.0343
9247.080	9.5168	0.0406
9250.010	9.5204	0.0418
9252.940	9.5583	0.0354
9255.870	9.5803	0.0309
9258.800	9.5399	0.0330
9261.730	9.4620	0.0348
9264.660	9.4015	0.0358
9267.590	9.3748	0.0349
9270.520	9.3643	0.0380
9273.450	9.3818	0.0390
9276.380	9.4005	0.0423
9279.310	9.4098	0.0451
9282.240	9.4000	0.0355
9285.170	9.4043	0.0308
9288.100	9.4014	0.0312
9291.030	9.3952	0.0252
9293.960	9.4233	0.0215
9296.890	9.4637	0.0275
9299.820	9.5046	0.0329
9302.750	9.4679	0.0393
9305.680	9.4267	0.0330
9308.610	9.3752	0.0328
9311.540	9.2722	0.0315
9314.470	9.1856	0.0404
9317.400	9.1471	0.0344
9320.330	9.1791	0.0410
9323.260	9.2574	0.0477
9326.190	9.2741	0.0419
9329.120	9.2901	0.0357
9332.050	9.2996	0.0414
9334.980	9.2363	0.0493
9337.910	9.1761	0.0552
9340.840	9.1766	0.0519
9343.770	9.1683	0.0481
9346.700	9.1292	0.0439
9349.630	9.1323	0.0403
9352.560	9.1641	0.0466
9355.490	9.1438	0.0436
9358.420	9.1153	0.0347
9361.350	9.0889	0.0374
9364.280	9.0795	0.0382
9367.210	9.0641	0.0407
9370.140	9.0490	0.0376
9373.070	9.0518	0.0348
9376.000	9.0776	0.0369
9378.930	9.1073	0.0421
9381.860	9.0647	0.0401
9384.790	9.0806	0.0261
9387.720	9.0578	0.0282
9390.650	8.9728	0.0325
9393.580	8.9428	0.0409
9396.510	8.9414	0.0366
9399.440	8.9410	0.0351
9402.370	8.9740	0.0365
9405.300	9.0290	0.0423
9408.230	9.0301	0.0428
9411.160	8.9583	0.0539
9414.090	8.8951	0.0509
9417.020	8.8435	0.0384
9419.950	8.8272	0.0411
9422.880	8.8615	0.0402
9425.810	8.8920	0.0382
9428.740	8.9232	0.0352
9431.670	8.9375	0.0308
9434.600	8.9717	0.0310
9437.530	9.0000	0.0418
9440.460	8.9402	0.0490
9443.390	8.8490	0.0397
9446.320	8.8268	0.0343
9449.250	8.8326	0.0332
9452.180	8.8516	0.0373
9455.110	8.8217	0.0379
9458.040	8.7774	0.0314
9460.970	8.7819	0.0275
9463.900	8.7837	0.0254
9466.830	8.7977	0.0254
9469.760	8.8029	0.0302
9472.690	8.7962	0.0345
9475.620	8.7918	0.0379
9478.550	8.7445	0.0393
9481.480	8.7030	0.0351
9484.410	8.7113	0.0299
9487.340	8.6925	0.0377
9490.270	8.6631	0.0362
9493.200	8.6854	0.0336
9496.130	8.6980	0.0375
9499.060	8.7111	0.0417
9501.990	8.6926	0.0372
9504.920	8.6825	0.0322
9507.850	8.7246	0.0324
9510.780	8.7543	0.0388
9513.710	8.7260	0.0460
9516.640	8.6538	0.0491
9519.570	8.5728	0.0423
9522.500	8.5497	0.0290
9525.430	8.5481	0.0261
9528.360	8.5646	0.0277
9531.290	8.5367	0.0291
9534.220	8.5339	0.0342
9537.150	8.5239	0.0377
9540.080	8.5484	0.0408
9543.010	8.6095	0.0450
9545.940	8.6080	0.0451
9548.870	8.5861	0.0441
9551.800	8.5154	0.0435
9554.730	8.4635	0.0377
9557.660	8.4363	0.0403
9560.590	8.4872	0.0404
9563.520	8.5258	0.0445
9566.450	8.5376	0.0519
9569.380	8.5346	0.0460
9572.310	8.5321	0.0403
9575.240	8.4562	0.0356
9578.170	8.3787	0.0377
9581.100	8.2899	0.0369
9584.030	8.2679	0.0413
9586.960	8.3053	0.0500
9589.890	8.3342	0.0516
9592.820	8.4069	0.0491
9595.750	8.4327	0.0494
9598.680	8.4052	0.0454
9601.610	8.3678	0.0494
9604.540	8.3004	0.0544
9607.470	8.2900	0.0611
9610.400	8.3144	0.0662
9613.330	8.2939	0.0651
9616.260	8.2496	0.0564
9619.190	8.2752	0.0712
9622.120	8.2739	0.0743
9625.050	8.2222	0.0742
9627.980	8.2162	0.0674
9630.910	8.2040	0.0633
9633.840	8.2128	0.0666
9636.770	8.1797	0.0698
9639.700	8.1322	0.0654
9642.630	8.1174	0.0698
9645.560	8.1349	0.0739
9648.490	8.1387	0.0721
9651.420	8.1644	0.0752
9654.350	8.1436	0.0720
9657.280	8.1457	0.0714
9660.210	8.0897	0.0810
9663.140	8.0028	0.0801
9666.070	7.9549	0.0787
9669.000	7.9859	0.0763
9671.930	8.0089	0.0827
9674.860	8.0457	0.0831
9677.790	8.1088	0.0873
9680.720	8.0636	0.0841
9683.650	8.0302	0.0898
9686.580	7.9833	0.0884
9689.510	7.9452	0.0888
9692.440	7.9161	0.0890
9695.370	7.9376	0.0895
9698.300	7.9433	0.0872
9701.230	7.9588	0.0933
