3298.680	450.2347	2.9633
3301.060	447.4648	3.4165
3303.440	446.0755	3.1661
3305.820	446.7296	2.7614
3308.200	446.7196	2.6855
3310.580	442.4363	2.9147
3312.960	440.8012	2.8254
3315.340	438.8841	2.8047
3317.720	438.2935	2.9251
3320.100	436.6987	3.3879
3322.480	438.7324	2.7951
3324.860	439.0538	2.5898
3327.240	436.6702	2.5737
3329.620	435.0344	2.4950
3332.000	432.7553	2.7491
3334.380	432.9161	2.6689
3336.760	432.8081	2.5496
3339.140	432.3235	2.5127
3341.520	430.7475	2.4056
3343.900	427.5444	2.4256
3346.280	426.2805	2.1608
3348.660	427.7539	2.5104
3351.040	423.9962	2.3305
3353.420	420.8306	2.5219
3355.800	418.5840	3.0161
3358.180	418.0708	2.6975
3360.560	424.5914	2.9072
3362.940	421.3658	2.4691
3365.320	416.9230	2.5396
3367.700	415.5607	2.3817
3370.080	416.4330	2.4761
3372.460	417.0766	2.4764
3374.840	415.6922	2.4469
3377.220	407.9799	2.8779
3379.600	407.8990	2.0239
3381.980	408.3591	1.9800
3384.360	406.8818	2.0746
3386.740	406.0087	2.4954
3389.120	405.9960	2.2341
3391.500	405.9660	2.0971
3393.880	406.2898	2.4465
3396.260	403.5570	2.0774
3398.640	400.5674	2.5243
3401.020	398.9942	2.6595
3403.400	398.7883	2.1407
3405.780	397.9997	1.9797
3408.160	398.1066	1.8285
3410.540	398.2383	1.9422
3412.920	395.8905	2.1768
3415.300	395.4730	2.0050
3417.680	392.6011	2.2399
3420.060	391.3332	2.4257
3422.440	391.0976	2.1588
3424.820	392.1343	1.7770
3427.200	391.5606	1.7794
3429.580	388.7249	2.2032
3431.960	385.9977	2.3864
3434.340	384.6199	2.3648
3436.720	384.0463	2.4402
3439.100	385.1898	2.1489
3441.480	387.6673	2.3014
3443.860	384.9813	2.1787
3446.240	382.9586	1.8454
3448.620	379.8228	2.3281
3451.000	379.1480	2.2602
3453.380	377.2679	2.1646
3455.760	377.7581	1.9903
3458.140	378.6021	1.7591
3460.520	377.2398	1.8580
3462.900	375.6187	1.8241
3465.280	372.2828	2.4009
3467.660	370.9308	2.1821
3470.040	369.4159	2.3243
3472.420	370.9421	1.9630
3474.800	371.3515	1.8446
3477.180	368.4657	2.1118
3479.560	364.6514	2.4615
3481.940	362.8355	2.1643
3484.320	361.7253	1.9301
3486.700	361.3484	2.0253
3489.080	363.8801	1.8268
3491.460	364.2188	1.9244
3493.840	362.3351	1.6869
3496.220	362.0011	1.8151
3498.600	360.9905	1.7004
3500.980	358.0960	2.0826
3503.360	356.4654	2.2047
3505.740	356.1092	2.0093
3508.120	355.6729	1.7780
3510.500	356.4891	1.7080
3512.880	354.9986	1.7365
3515.260	352.4684	1.7267
3517.640	352.8573	1.5265
3520.020	351.5639	1.5731
3522.400	351.5090	1.7390
3524.780	352.0997	2.3072
3527.160	349.3041	1.6081
3529.540	347.7802	1.5681
3531.920	347.8102	1.6630
3534.300	346.4876	1.5265
3536.680	344.9432	1.5577
3539.060	343.6149	1.5453
3541.440	343.6708	1.6966
3543.820	342.8351	1.7393
3546.200	341.2040	1.9397
3548.580	341.2602	1.7211
3550.960	340.8420	1.8125
3553.340	340.1487	1.8416
3555.720	336.6698	1.8724
3558.100	334.5986	1.9176
3560.480	335.0828	1.7885
3562.860	336.2187	1.5692
3565.240	335.2091	1.5627
3567.620	334.3709	1.4562
3570.000	332.1973	1.8714
3572.380	331.6307	1.5685
3574.760	331.1236	1.5678
3577.140	330.2675	1.6449
3579.520	331.8149	1.7364
3581.900	331.0511	1.6975
3584.280	329.6924	1.7207
3586.660	327.9787	1.6530
3589.040	327.7233	1.5519
3591.420	326.7222	1.6661
3593.800	323.9104	2.0073
3596.180	322.1997	2.1321
3598.560	322.4828	1.9325
3600.940	323.8002	1.5543
3603.320	322.6829	1.4802
3605.700	323.0606	1.5593
3608.080	321.0268	1.4105
3610.460	319.4729	1.6772
3612.840	316.6045	2.0450
3615.220	316.5042	1.8406
3617.600	318.8772	1.3897
3619.980	317.3557	1.6872
3622.360	315.7357	1.5835
3624.740	313.4819	2.0933
3627.120	313.2911	1.9963
3629.500	313.6626	1.6741
3631.880	314.7317	1.8224
3634.260	312.8387	1.7239
3636.640	310.4062	1.6800
3639.020	310.3567	1.5476
3641.400	311.4734	1.5020
3643.780	310.8475	1.5124
3646.160	309.4035	1.4229
3648.540	308.6494	1.4902
3650.920	306.9933	1.2839
3653.300	306.5276	1.5684
3655.680	305.9444	1.5551
3658.060	304.7975	1.4791
3660.440	304.6025	1.3023
3662.820	303.8837	1.2364
3665.200	302.5967	1.2904
3667.580	301.8271	1.2985
3669.960	300.0916	1.4606
3672.340	298.4504	1.7042
3674.720	299.1619	1.5511
3677.100	299.1356	1.4305
3679.480	299.2139	1.3343
3681.860	298.2694	1.3478
3684.240	297.2641	1.4158
3686.620	297.0070	1.4792
3689.000	295.6761	1.4555
3691.380	294.8330	1.4467
3693.760	293.3006	1.4828
3696.140	293.1830	1.4430
3698.520	292.3653	1.4310
3700.900	291.6289	1.9138
3703.280	291.9185	1.5966
3705.660	291.4936	1.4584
3708.040	290.8385	1.2678
3710.420	288.9411	1.3745
3712.800	286.3685	1.5407
3715.180	286.1458	1.7059
3717.560	287.1502	1.3739
3719.940	288.7380	1.6649
3722.320	286.5240	1.3248
3724.700	284.3551	1.4329
3727.080	284.4621	1.6491
3729.460	286.3400	1.5435
3731.840	286.0245	1.6635
3734.220	284.6268	1.6061
3736.600	283.5914	1.3167
3738.980	279.9455	1.8112
3741.360	279.4190	1.7461
3743.740	280.9400	1.2083
3746.120	279.6004	1.3496
3748.500	277.1873	1.4275
3750.880	276.5168	1.5167
3753.260	275.4115	2.2269
3755.640	274.6745	1.6444
3758.020	276.5929	1.1668
3760.400	276.7782	1.1876
3762.780	274.8279	1.3130
3765.160	273.7744	1.2782
3767.540	273.3052	1.2496
3769.920	271.9310	1.3278
3772.300	271.5553	1.2655
3774.680	272.2215	1.1797
3777.060	272.1721	1.1399
3779.440	271.8939	1.0886
3781.820	271.0160	1.1488
3784.200	269.9128	1.1410
3786.580	269.2242	1.3442
3788.960	269.5065	1.1634
3791.340	267.0788	1.2264
3793.720	264.3582	1.2329
3796.100	262.9032	1.3428
3798.480	260.9957	1.2691
3800.860	261.8738	1.1800
3803.240	262.4835	1.1683
3805.620	263.4774	1.2954
3808.000	264.2791	1.1110
3810.380	264.4995	1.2467
3812.760	265.0427	1.2809
3815.140	265.4825	1.5996
3817.520	265.6573	1.5684
3819.900	263.4110	1.5829
3822.280	261.3203	1.2919
3824.660	259.0466	1.0955
3827.040	258.0510	1.0935
3829.420	256.0299	1.0714
3831.800	252.2080	1.0873
3834.180	248.7153	1.2217
3836.560	248.1081	1.1338
3838.940	249.0002	1.2362
3841.320	250.6130	1.0890
3843.700	252.0489	1.5042
3846.080	253.8231	1.5020
3848.460	255.4047	1.2462
3850.840	255.9602	1.1743
3853.220	256.7535	1.0625
3855.600	257.4792	1.0108
3857.980	258.1928	1.1312
3860.360	258.0519	1.0906
3862.740	254.2264	1.6276
3865.120	253.0273	1.6820
3867.500	254.2131	1.1926
3869.880	253.4205	1.2337
3872.260	251.8790	0.9963
3874.640	250.4364	1.0849
3877.020	247.8220	1.0357
3879.400	244.7612	1.0888
3881.780	241.4597	1.1270
3884.160	236.7734	1.1474
3886.540	232.2136	1.2123
3888.920	227.6250	1.2038
3891.300	228.1482	0.9250
3893.680	231.5353	1.0106
3896.060	235.8539	1.1398
3898.440	239.3834	0.9784
3900.820	241.9845	0.9333
3903.200	243.4331	0.9047
3905.580	244.0286	0.9417
3907.960	245.5165	1.0027
3910.340	244.8536	1.2392
3912.720	244.1862	1.3311
3915.100	243.8895	1.2482
3917.480	244.5939	1.1674
3919.860	244.1447	1.1821
3922.240	242.9011	1.1851
3924.620	242.9053	1.2044
3927.000	243.6340	1.4426
3929.380	244.4994	1.3620
3931.760	245.5305	2.2744
3934.140	246.6333	2.3580
3936.520	242.9134	1.6391
3938.900	240.1566	1.3664
3941.280	239.0931	1.2142
3943.660	238.1590	1.4141
3946.040	237.4441	1.0423
3948.420	235.1425	1.2031
3950.800	233.9775	1.2358
3953.180	232.8991	1.3045
3955.560	230.0138	1.1989
3957.940	227.0115	1.2785
3960.320	224.0016	1.3212
3962.700	220.1324	1.2067
3965.080	214.2827	1.5194
3967.460	208.7959	1.9242
3969.840	203.7270	1.9630
3972.220	202.4431	1.1225
3974.600	207.3558	1.1727
3976.980	213.2742	1.2386
3979.360	217.0687	1.4346
3981.740	220.6486	1.4841
3984.120	224.1201	1.0896
3986.500	225.6025	1.0593
3988.880	226.0531	1.1198
3991.260	226.9768	1.0875
3993.640	227.5793	1.0242
3996.020	228.2290	1.0585
3998.400	228.2279	1.0399
4000.780	227.2896	1.0812
4003.160	226.4717	1.1240
4005.540	226.0172	1.0246
4007.920	226.0352	0.9627
4010.300	226.4853	1.0055
4012.680	225.7437	0.9895
4015.060	224.6313	0.9386
4017.440	224.0537	0.8884
4019.820	224.2011	0.9686
4022.200	224.1866	1.1520
4024.580	223.5571	1.2771
4026.960	221.7912	0.9970
4029.340	221.0794	0.9108
4031.720	221.0851	0.8258
4034.100	220.8397	0.8300
4036.480	219.8621	0.8680
4038.860	219.1552	0.9374
4041.240	219.4714	0.8881
4043.620	219.7077	0.9768
4046.000	218.4530	0.8554
4048.380	217.4868	0.8787
4050.760	216.8117	0.9438
4053.140	216.7179	0.9105
4055.520	216.2811	0.8513
4057.900	215.4553	0.8512
4060.280	214.7341	0.8673
4062.660	214.5946	0.8177
4065.040	213.4449	0.8522
4067.420	212.8958	0.8678
4069.800	212.5286	0.9059
4072.180	211.8922	0.9045
4074.560	211.3888	0.9194
4076.940	210.7443	0.9267
4079.320	208.8968	0.8964
4081.700	208.1973	0.8655
4084.080	206.9132	0.8626
4086.460	205.1782	0.9062
4088.840	202.3006	0.9553
4091.220	198.8062	0.9331
4093.600	194.1957	0.9402
4095.980	188.2583	1.0397
4098.360	179.5963	1.1871
4100.740	170.9785	1.1865
4103.120	169.5458	0.9072
4105.500	175.7842	0.8005
4107.880	183.4954	0.7655
4110.260	190.0227	0.7824
4112.640	194.6678	0.7850
4115.020	197.0772	0.7992
4117.400	199.3224	0.8027
4119.780	200.8815	0.8365
4122.160	201.1812	0.8037
4124.540	201.5381	0.8848
4126.920	201.7400	0.8605
4129.300	201.8255	0.8125
4131.680	202.1753	0.8633
4134.060	202.2203	0.8955
4136.440	201.2513	0.8957
4138.820	200.8630	0.8733
4141.200	200.5619	0.9403
4143.580	201.0844	0.9212
4145.960	199.6019	0.7972
4148.340	198.7324	0.8294
4150.720	198.6308	0.8549
4153.100	198.9226	0.8370
4155.480	199.0781	0.8741
4157.860	198.1406	0.8392
4160.240	197.1470	0.8532
4162.620	196.5572	0.8841
4165.000	196.0468	0.8137
4167.380	195.3376	0.8351
4169.760	195.5963	0.7164
4172.140	195.2024	0.7816
4174.520	194.6778	0.8376
4176.900	193.6561	0.7385
4179.280	192.7767	0.7635
4181.660	192.7057	0.7143
4184.040	192.1727	0.7152
4186.420	191.6527	0.7670
4188.800	191.1123	0.8518
4191.180	190.1171	0.9278
4193.560	189.7561	0.8182
4195.940	188.8764	0.8348
4198.320	188.0444	0.9136
4200.700	187.1988	0.8478
4203.080	186.5289	0.7407
4205.460	186.1483	0.7738
4207.840	186.6029	0.7026
4210.220	186.4935	0.7487
4212.600	186.6160	0.7632
4214.980	186.9351	0.7857
4217.360	186.2033	0.7221
4219.740	184.8667	0.7269
4222.120	184.8425	0.6697
4224.500	185.7875	0.9434
4226.880	184.9489	0.6935
4229.260	184.4701	0.6977
4231.640	183.2792	0.9041
4234.020	183.3681	0.7416
4236.400	183.4043	0.6948
4238.780	182.9568	0.6888
4241.160	182.5807	0.7251
4243.540	182.0033	0.7041
4245.920	181.7529	0.7010
4248.300	181.5416	0.7224
4250.680	181.0989	0.7308
4253.060	180.4987	0.7203
4255.440	179.5589	0.7261
4257.820	179.7831	0.7093
4260.200	179.5210	0.6955
4262.580	179.2661	0.7219
4264.960	178.4359	0.7603
4267.340	177.7330	0.7436
4269.720	177.5393	0.7393
4272.100	177.7923	0.8153
4274.480	176.6511	0.6965
4276.860	175.9510	0.6943
4279.240	175.5018	0.7050
4281.620	175.2414	0.6888
4284.000	174.5637	0.7187
4286.380	174.6297	0.7221
4288.760	174.1741	0.7743
4291.140	173.2128	0.6980
4293.520	172.8218	0.7462
4295.900	172.4452	0.7572
4298.280	172.3041	0.7710
4300.660	172.3369	0.7251
4303.040	172.0865	0.7146
4305.420	171.5006	0.6628
4307.800	171.5935	0.8287
4310.180	171.0074	0.9213
4312.560	169.2677	0.7386
4314.940	168.0704	0.8116
4317.320	166.1200	1.0570
4319.700	166.0915	0.8680
4322.080	165.7873	0.7287
4324.460	164.7808	0.8585
4326.840	162.0380	0.7155
4329.220	159.0920	0.7312
4331.600	155.9832	0.8219
4333.980	151.3082	0.7760
4336.360	144.7879	0.8188
4338.740	137.6152	1.0381
4341.120	132.5767	0.8752
4343.500	135.3063	0.6192
4345.880	143.6480	0.6096
4348.260	150.7613	0.5865
4350.640	155.4534	0.6165
4353.020	157.9402	0.5771
4355.400	159.5714	0.5622
4357.780	160.2532	0.5689
4360.160	160.6032	0.6174
4362.540	160.8683	0.6241
4364.920	161.4218	0.6179
4367.300	161.3164	0.6737
4369.680	161.2757	0.7024
4372.060	161.1401	0.6636
4374.440	161.1279	0.6615
4376.820	161.8521	0.7213
4379.200	161.8768	0.7463
4381.580	161.6043	0.7210
4383.960	161.3501	0.7403
4386.340	161.3930	0.8081
4388.720	160.4141	0.7140
4391.100	159.6734	0.6044
4393.480	159.2657	0.6474
4395.860	158.8271	0.6134
4398.240	158.5260	0.5840
4400.620	158.4939	0.5775
4403.000	158.3636	0.6927
4405.380	158.1871	0.6022
4407.760	157.8644	0.5948
4410.140	157.3103	0.6142
4412.520	157.0472	0.6170
4414.900	156.7772	0.5738
4417.280	156.2412	0.6389
4419.660	155.5871	0.6057
4422.040	154.8384	0.6280
4424.420	154.6151	0.6223
4426.800	154.4149	0.5984
4429.180	154.1603	0.5979
4431.560	154.3181	0.6207
4433.940	154.1920	0.5904
4436.320	153.7485	0.6112
4438.700	153.5098	0.5622
4441.080	152.5304	0.6397
4443.460	152.6084	0.5611
4445.840	152.0926	0.5868
4448.220	151.0694	0.6163
4450.600	151.2505	0.6001
4452.980	151.7182	0.5944
4455.360	151.6733	0.5888
4457.740	150.9674	0.6148
4460.120	150.4337	0.5586
4462.500	150.3812	0.5594
4464.880	150.5330	0.6507
4467.260	150.3162	0.8504
4469.640	149.7703	0.8425
4472.020	148.6564	0.6454
4474.400	148.0540	0.5208
4476.780	148.0569	0.5449
4479.160	147.7667	0.5432
4481.540	147.4981	0.5404
4483.920	147.2610	0.5374
4486.300	146.7929	0.5413
4488.680	146.1167	0.5334
4491.060	145.9287	0.5508
4493.440	145.9725	0.6250
4495.820	145.8231	0.5876
4498.200	145.8533	0.5923
4500.580	145.3950	0.6047
4502.960	145.0467	0.5977
4505.340	144.4079	0.6365
4507.720	144.0393	0.5979
4510.100	143.8638	0.5754
4512.480	143.1928	0.5599
4514.860	143.1010	0.5417
4517.240	142.9124	0.5686
4519.620	142.8043	0.5628
4522.000	142.1889	0.6065
4524.380	142.1372	0.5452
4526.760	141.9567	0.5598
4529.140	141.3990	0.5854
4531.520	140.6592	0.6520
4533.900	140.1829	0.6533
4536.280	139.4896	0.6817
4538.660	137.6165	0.7297
4541.040	136.1522	0.6149
4543.420	135.9209	0.5699
4545.800	136.7546	0.5669
4548.180	137.4220	0.5441
4550.560	137.8484	0.5248
4552.940	137.8926	0.5167
4555.320	138.1480	0.4987
4557.700	138.1062	0.4903
4560.080	137.8340	0.5073
4562.460	137.6190	0.5094
4564.840	137.5518	0.4984
4567.220	137.5065	0.5088
4569.600	136.9808	0.5063
4571.980	136.8968	0.5482
4574.360	137.0758	0.5379
4576.740	136.4818	0.5318
4579.120	136.0056	0.5566
4581.500	135.7738	0.5531
4583.880	135.7960	0.5316
4586.260	135.1895	0.5512
4588.640	134.8516	0.5820
4591.020	134.7172	0.5508
4593.400	134.2278	0.5069
4595.780	133.9448	0.5290
4598.160	133.6627	0.4890
4600.540	133.7203	0.5231
4602.920	133.3990	0.5367
4605.300	132.7025	0.5840
4607.680	132.1735	0.5661
4610.060	131.6544	0.5409
4612.440	131.5115	0.5228
4614.820	131.4579	0.4949
4617.200	131.5458	0.5154
4619.580	131.4897	0.4969
4621.960	131.0280	0.4997
4624.340	130.4488	0.5096
4626.720	130.2395	0.5131
4629.100	130.0978	0.5308
4631.480	129.9808	0.5415
4633.860	130.2621	0.4879
4636.240	130.1164	0.4730
4638.620	129.8134	0.5178
4641.000	129.3254	0.5790
4643.380	128.2095	0.5108
4645.760	128.0889	0.4831
4648.140	128.3432	0.4739
4650.520	127.7041	0.5402
4652.900	127.5264	0.5367
4655.280	127.6513	0.5054
4657.660	126.9402	0.5191
4660.040	126.7811	0.5011
4662.420	126.9413	0.4962
4664.800	126.8133	0.5344
4667.180	126.4244	0.5325
4669.560	125.8697	0.5254
4671.940	125.3005	0.5024
4674.320	124.9557	0.5558
4676.700	124.1372	0.5737
4679.080	122.3976	0.6037
4681.460	118.5252	0.7246
4683.840	111.0097	0.6946
4686.220	105.3921	0.6690
4688.600	109.2032	0.5880
4690.980	116.5298	0.4224
4693.360	120.6762	0.4327
4695.740	122.0924	0.4293
4698.120	122.4956	0.4235
4700.500	122.6662	0.4371
4702.880	122.4768	0.4978
4705.260	122.4554	0.5275
4707.640	122.3357	0.4627
4710.020	122.6316	0.5117
4712.400	122.2663	0.5488
4714.780	121.4371	0.4872
4717.160	120.9010	0.4637
4719.540	121.1183	0.4609
4721.920	120.7410	0.4808
4724.300	120.4185	0.4788
4726.680	120.1650	0.4957
4729.060	120.1978	0.5187
4731.440	119.7597	0.5415
4733.820	119.4061	0.4929
4736.200	119.1344	0.4948
4738.580	119.0804	0.4416
4740.960	118.9743	0.4704
4743.340	118.7946	0.4792
4745.720	118.5592	0.5199
4748.100	118.2777	0.4889
4750.480	118.0580	0.4837
4752.860	117.4155	0.4932
4755.240	116.9631	0.5087
4757.620	116.7641	0.4470
4760.000	116.2474	0.4706
4762.380	116.1354	0.4924
4764.760	116.4255	0.4810
4767.140	116.2124	0.4735
4769.520	115.4596	0.5230
4771.900	115.0355	0.4797
4774.280	115.0645	0.4502
4776.660	115.0363	0.4406
4779.040	114.8318	0.4327
4781.420	114.5844	0.4500
4783.800	114.3968	0.4532
4786.180	114.4259	0.4312
4788.560	114.0560	0.4297
4790.940	113.2472	0.4412
4793.320	113.0861	0.4238
4795.700	113.0821	0.4511
4798.080	112.5576	0.4492
4800.460	112.4255	0.4373
4802.840	112.3338	0.4593
4805.220	112.3229	0.4645
4807.600	112.2055	0.4695
4809.980	111.9018	0.4828
4812.360	111.8094	0.4283
4814.740	111.2481	0.4165
4817.120	110.6824	0.4368
4819.500	110.4055	0.4658
4821.880	110.7080	0.4849
4824.260	111.0598	0.4429
4826.640	111.1771	0.4481
4829.020	110.3313	0.4801
4831.400	109.5597	0.4846
4833.780	108.9847	0.4660
4836.160	108.3674	0.4717
4838.540	108.1734	0.4531
4840.920	107.8606	0.4448
4843.300	106.8753	0.4927
4845.680	105.6275	0.5215
4848.060	104.4682	0.4793
4850.440	103.1212	0.4801
4852.820	100.6292	0.5091
4855.200	96.6089	0.5247
4857.580	91.2864	0.5941
4859.960	86.2631	0.5839
4862.340	84.3649	0.5159
4864.720	87.3661	0.3409
4867.100	92.7827	0.3389
4869.480	97.4081	0.3538
4871.860	100.0932	0.3619
4874.240	101.5932	0.3805
4876.620	102.5804	0.4102
4879.000	103.6026	0.4233
4881.380	104.0690	0.4297
4883.760	103.9379	0.4544
4886.140	104.3693	0.4209
4888.520	104.6670	0.4505
4890.900	104.2244	0.4308
4893.280	103.9223	0.4319
4895.660	103.9669	0.4410
4898.040	103.8845	0.4697
4900.420	103.9926	0.4282
4902.800	104.0949	0.4253
4905.180	104.1674	0.4417
4907.560	103.8546	0.4422
4909.940	103.6851	0.4262
4912.320	103.5201	0.4279
4914.700	103.3461	0.4357
4917.080	103.4528	0.5282
4919.460	103.7234	0.6044
4921.840	103.6244	0.5454
4924.220	102.8335	0.4133
4926.600	102.3971	0.4155
4928.980	102.3179	0.4072
4931.360	102.3782	0.3879
4933.740	102.7819	0.4165
4936.120	102.8360	0.4842
4938.500	102.7862	0.4481
4940.880	101.7063	0.4546
4943.260	101.1189	0.4257
4945.640	101.3347	0.3909
4948.020	101.4724	0.4074
4950.400	101.1347	0.4496
4952.780	100.8293	0.4331
4955.160	100.9486	0.4359
4957.540	100.6925	0.4300
4959.920	100.4810	0.4130
4962.300	100.0307	0.4157
4964.680	99.8790	0.4199
4967.060	99.7676	0.4019
4969.440	99.7314	0.4145
4971.820	99.7012	0.4227
4974.200	99.3668	0.4275
4976.580	99.2901	0.4382
4978.960	98.9542	0.4708
4981.340	98.9930	0.4574
4983.720	98.5208	0.4332
4986.100	97.7437	0.4325
4988.480	97.7589	0.4382
4990.860	98.0275	0.4013
4993.240	97.8240	0.4163
4995.620	97.5988	0.4128
4998.000	97.3319	0.4313
5000.380	97.5496	0.4212
5002.760	97.6034	0.4445
5005.140	97.0942	0.4482
5007.520	96.5599	0.4255
5009.900	96.5337	0.4599
5012.280	96.5115	0.4487
5014.660	96.4159	0.4407
5017.040	95.8286	0.4113
5019.420	95.5414	0.4205
5021.800	95.4742	0.4230
5024.180	95.1097	0.4419
5026.560	94.8903	0.4165
5028.940	94.9113	0.4066
5031.320	94.5971	0.4362
5033.700	94.8948	0.4409
5036.080	94.6541	0.4580
5038.460	94.1232	0.4519
5040.840	93.8172	0.4373
5043.220	93.8252	0.4243
5045.600	93.7643	0.4291
5047.980	93.9182	0.4306
5050.360	93.7772	0.3915
5052.740	93.6474	0.4072
5055.120	93.3544	0.4166
5057.500	92.9498	0.4200
5059.880	92.9784	0.4174
5062.260	92.8322	0.3892
5064.640	92.6664	0.3866
5067.020	92.6152	0.4283
5069.400	92.6729	0.4103
5071.780	92.2903	0.4100
5074.160	92.2127	0.4231
5076.540	92.0984	0.4103
5078.920	91.9907	0.4111
5081.300	91.5289	0.3969
5083.680	91.4917	0.3977
5086.060	91.4915	0.3957
5088.440	91.3413	0.4161
5090.820	90.8617	0.4144
5093.200	90.5822	0.4073
5095.580	90.5970	0.4183
5097.960	90.5470	0.4353
5098.200	90.0757	0.3912
5100.340	90.2936	0.4359
5101.130	90.2666	0.4375
5102.720	90.0015	0.4185
5104.060	90.0841	0.4208
5105.100	89.8321	0.4003
5106.990	90.0945	0.3715
5107.480	89.6890	0.3725
5109.860	89.5931	0.3809
5109.920	89.9364	0.3839
5112.240	89.6506	0.3699
5112.850	89.4257	0.3793
5114.620	89.4945	0.4114
5115.780	89.0280	0.4170
5117.000	89.1622	0.4073
5118.710	88.9229	0.4160
5119.380	88.9087	0.4113
5121.640	88.6939	0.3925
5121.760	88.9602	0.4261
5124.140	88.9990	0.3971
5124.570	88.0467	0.4438
5126.520	88.7418	0.3964
5127.500	88.5750	0.3610
5128.900	88.6661	0.3674
5130.430	88.3705	0.3632
5131.280	88.3061	0.4265
5133.360	88.1117	0.3927
5133.660	88.2081	0.4246
5136.040	87.8804	0.4264
5136.290	87.5788	0.3909
5138.420	87.4324	0.4438
5139.220	87.4129	0.4017
5140.800	87.1113	0.4573
5142.150	87.4459	0.3989
5143.180	87.0153	0.4486
5145.080	87.3159	0.4094
5145.560	87.0063	0.4589
5147.940	86.8362	0.4690
5148.010	87.0804	0.4166
5150.320	86.9824	0.4439
5150.940	86.8073	0.3489
5153.870	86.6123	0.3940
5156.800	86.8549	0.3707
5159.730	86.5789	0.3858
5162.660	86.0313	0.3935
5165.590	85.2079	0.5719
5168.520	85.3047	0.4600
5171.450	85.9609	0.3748
5174.380	86.3238	0.4081
5177.310	86.0170	0.4496
5180.240	84.9799	0.3851
5183.170	84.7411	0.4792
5186.100	85.1781	0.4024
5189.030	84.7397	0.3891
5191.960	84.4363	0.3733
5194.890	84.3497	0.3491
5197.820	84.4463	0.3402
5200.750	83.8819	0.3601
5203.680	83.5042	0.3347
5206.610	83.7854	0.3687
5209.540	84.0188	0.3407
5212.470	83.4259	0.3875
5215.400	82.6123	0.3320
5218.330	82.6115	0.3271
5221.260	82.6904	0.3217
5224.190	82.1080	0.3182
5227.120	82.1116	0.3530
5230.050	82.2751	0.3210
5232.980	82.0682	0.3135
5235.910	81.7949	0.3276
5238.840	81.7563	0.3561
5241.770	81.4439	0.3338
5244.700	81.0533	0.3072
5247.630	81.0989	0.3055
5250.560	80.9859	0.3254
5253.490	80.6447	0.3158
5256.420	80.6254	0.3005
5259.350	80.5121	0.2913
5262.280	79.8996	0.3425
5265.210	79.8950	0.3227
5268.140	79.8041	0.2925
5271.070	79.8213	0.3310
5274.000	79.7232	0.3341
5276.930	79.5903	0.3133
5279.860	79.0247	0.2699
5282.790	78.8042	0.2816
5285.720	79.0461	0.3076
5288.650	78.9486	0.2914
5291.580	78.5105	0.2930
5294.510	78.2396	0.2965
5297.440	78.3432	0.2957
5300.370	78.1645	0.2898
5303.300	77.9662	0.2993
5306.230	77.9142	0.2857
5309.160	77.5939	0.2853
5312.090	77.0851	0.2753
5315.020	76.9438	0.2849
5317.950	76.9265	0.3022
5320.880	76.8490	0.3018
5323.810	76.7821	0.3147
5326.740	76.0591	0.3228
5329.670	76.3370	0.3107
5332.600	76.5117	0.3010
5335.530	76.1922	0.2803
5338.460	75.8136	0.2991
5341.390	75.5279	0.2930
5344.320	75.6153	0.2843
5347.250	75.3867	0.2804
5350.180	75.3413	0.2767
5353.110	74.7131	0.3047
5356.040	74.8648	0.2874
5358.970	74.9142	0.2708
5361.900	74.5852	0.3036
5364.830	74.5260	0.2980
5367.760	74.3706	0.2620
5370.690	73.9571	0.2732
5373.620	74.1042	0.2940
5376.550	74.1781	0.3105
5379.480	73.5342	0.2582
5382.410	73.2505	0.2778
5385.340	73.1777	0.2584
5388.270	73.0418	0.2571
5391.200	72.5250	0.2720
5394.130	72.2747	0.2587
5397.060	72.0614	0.2597
5399.990	71.6673	0.2669
5402.920	70.8800	0.2774
5405.850	69.9413	0.2858
5408.780	68.4408	0.2755
5411.710	67.4088	0.2637
5414.640	67.6718	0.2645
5417.570	69.0389	0.2465
5420.500	69.9869	0.2526
5423.430	70.5719	0.2457
5426.360	70.8025	0.2700
5429.290	70.7336	0.2458
5432.220	70.8272	0.2470
5435.150	70.7005	0.2577
5438.080	70.3100	0.2607
5441.010	70.3654	0.2644
5443.940	70.1115	0.2682
5446.870	70.1764	0.2402
5449.800	69.8677	0.2418
5452.730	69.4836	0.2292
5455.660	69.3639	0.2172
5458.590	69.2742	0.2223
5461.520	69.0898	0.2185
5464.450	68.9434	0.2150
5467.380	68.8482	0.2256
5470.310	68.8101	0.2369
5473.240	68.5863	0.2322
5476.170	68.5492	0.2431
5479.100	68.2556	0.2433
5482.030	68.1422	0.2340
5484.960	67.9893	0.2224
5487.890	67.9549	0.2102
5490.820	67.7537	0.2298
5493.750	67.7478	0.2314
5496.680	67.8198	0.2359
5499.610	67.5753	0.2180
5502.540	67.2838	0.2201
5505.470	67.1458	0.2257
5508.400	66.9200	0.2446
5511.330	66.7844	0.2517
5514.260	66.6159	0.2370
5517.190	66.5955	0.2300
5520.120	66.6216	0.2282
5523.050	66.6168	0.2347
5525.980	66.4691	0.2224
5528.910	66.2683	0.2312
5531.840	65.9364	0.2548
5534.770	65.6913	0.2539
5537.700	65.6134	0.2481
5540.630	65.5069	0.2344
5543.560	65.4033	0.2177
5546.490	65.1771	0.2235
5549.420	65.0521	0.2217
5552.350	64.8892	0.2276
5555.280	64.7905	0.2271
5558.210	64.7252	0.2353
5561.140	64.5911	0.2420
5564.070	64.3196	0.2396
5567.000	64.2826	0.2198
5569.930	64.4192	0.2161
5572.860	64.1104	0.2293
5575.790	63.6837	0.2543
5578.720	63.5280	0.2428
5581.650	63.5850	0.2336
5584.580	63.7247	0.2448
5587.510	63.5651	0.2415
5590.440	63.3866	0.2355
5593.370	63.1592	0.2296
5596.300	62.9601	0.2282
5599.230	62.8473	0.2204
5602.160	62.8472	0.2134
5605.090	62.6013	0.2266
5608.020	62.3940	0.2385
5610.950	62.2186	0.2276
5613.880	62.2579	0.2118
5616.810	62.3127	0.2248
5619.740	62.1383	0.2134
5622.670	62.0241	0.2128
5625.600	61.9091	0.2194
5628.530	61.5963	0.2355
5631.460	61.4323	0.2271
5634.390	61.4236	0.2255
5637.320	61.2452	0.2306
5640.250	60.9043	0.2518
5643.180	60.7029	0.2227
5646.110	60.6900	0.2169
5649.040	60.7112	0.2253
5651.970	60.6594	0.2063
5654.900	60.5913	0.2042
5657.830	60.4408	0.2248
5660.760	60.2829	0.2100
5663.690	60.2351	0.2081
5666.620	59.8897	0.2061
5669.550	59.7657	0.2114
5672.480	59.5829	0.2177
5675.410	59.6195	0.2296
5678.340	59.5019	0.2318
5681.270	59.3611	0.2374
5684.200	59.2072	0.2140
5687.130	59.3657	0.2106
5690.060	59.2550	0.2044
5692.990	58.9945	0.2099
5695.920	58.7076	0.2061
5698.850	58.6307	0.2068
5701.780	58.6443	0.1982
5704.710	58.5138	0.2109
5707.640	58.3670	0.2437
5710.570	58.1901	0.2289
5713.500	57.8595	0.2219
5716.430	57.8037	0.2187
5719.360	57.6542	0.2164
5722.290	57.6940	0.1979
5725.220	57.7154	0.1983
5728.150	57.5589	0.1947
5731.080	57.5210	0.1950
5734.010	57.4309	0.1822
5736.940	57.4158	0.1911
5739.870	57.2413	0.1830
5742.800	57.0364	0.1986
5745.730	56.8883	0.1954
5748.660	56.8582	0.2026
5751.590	56.7904	0.1977
5754.520	56.5236	0.2131
5757.450	56.4937	0.2140
5760.380	56.3588	0.2117
5763.310	56.2979	0.1957
5766.240	56.0843	0.2014
5769.170	55.9692	0.1992
5772.100	55.9376	0.1877
5775.030	55.8428	0.1881
5777.960	55.7337	0.1820
5780.890	55.6612	0.1890
5783.820	55.4446	0.1956
5786.750	55.3769	0.1978
5789.680	55.2820	0.2007
5792.610	55.1074	0.1920
5795.540	54.9311	0.1907
5798.470	54.9536	0.1939
5801.400	54.8407	0.2021
5804.330	54.7032	0.2081
5807.260	54.6263	0.2122
5810.190	54.5373	0.2010
5813.120	54.4398	0.1912
5816.050	54.3125	0.1923
5818.980	54.2821	0.1839
5821.910	53.9926	0.1812
5824.840	53.9839	0.1829
5827.770	53.9008	0.1936
5830.700	53.7304	0.1954
5833.630	53.7349	0.1826
5836.560	53.6789	0.1809
5839.490	53.2759	0.1932
5842.420	53.2740	0.1800
5845.350	53.2563	0.1822
5848.280	53.1529	0.1840
5851.210	52.9646	0.1952
5854.140	52.9397	0.2075
5857.070	52.8497	0.2117
5860.000	52.5983	0.2038
5862.930	52.4630	0.1984
5865.860	52.4535	0.2023
5868.790	52.4959	0.2135
5871.720	52.6103	0.3524
5874.650	52.6538	0.3893
5877.580	52.3543	0.2691
5880.510	52.0389	0.1717
5883.440	51.9780	0.1696
5886.370	51.8548	0.2150
5889.300	51.7962	0.2795
5892.230	51.7120	0.2545
5895.160	51.6152	0.2182
5898.090	51.5038	0.1862
5901.020	51.2353	0.1933
5903.950	51.2447	0.1938
5906.880	51.0882	0.1877
5909.810	51.0103	0.1840
5912.740	50.8964	0.1783
5915.670	50.8765	0.1734
5918.600	50.7232	0.1754
5921.530	50.5313	0.1952
5924.460	50.5356	0.1987
5927.390	50.4938	0.1989
5930.320	50.4066	0.1892
5933.250	50.3613	0.1783
5936.180	50.3470	0.1702
5939.110	50.0736	0.1638
5942.040	49.9147	0.1917
5944.970	49.8344	0.1984
5947.900	49.8367	0.1882
5950.830	49.8146	0.1816
5953.760	49.7236	0.1785
5956.690	49.6159	0.1818
5959.620	49.5206	0.1627
5962.550	49.3475	0.1665
5965.480	49.2265	0.1647
5968.410	49.2358	0.1796
5971.340	48.8944	0.1912
5974.270	49.0712	0.1894
5977.200	48.9890	0.1954
5980.130	48.7865	0.1847
5983.060	48.6868	0.1802
5985.990	48.6570	0.1882
5988.920	48.4829	0.1748
5991.850	48.3794	0.1826
5994.780	48.3872	0.1777
5997.710	48.2920	0.1826
6000.640	48.1235	0.1998
6003.570	47.9576	0.2001
6006.500	47.9721	0.1983
6009.430	47.8316	0.1924
6012.360	47.8508	0.1737
6015.290	47.7708	0.1681
6018.220	47.5314	0.1731
6021.150	47.5600	0.1675
6024.080	47.5349	0.1785
6027.010	47.4205	0.1618
6029.940	47.2102	0.1712
6032.870	47.0519	0.1701
6035.800	47.0075	0.1775
6038.730	47.1217	0.1547
6041.660	46.9330	0.1590
6044.590	46.7933	0.1679
6047.520	46.6388	0.1710
6050.450	46.6303	0.1748
6053.380	46.4970	0.1832
6056.310	46.4150	0.1836
6059.240	46.3418	0.1801
6062.170	46.2602	0.1729
6065.100	46.2783	0.1664
6068.030	46.1842	0.1606
6070.960	46.0327	0.1637
6073.890	45.8863	0.1567
6076.820	45.8437	0.1621
6079.750	45.8599	0.1636
6082.680	45.6146	0.1631
6085.610	45.5091	0.1771
6088.540	45.5235	0.1621
6091.470	45.4006	0.1738
6094.400	45.1620	0.1654
6097.330	45.0974	0.1574
6100.260	45.2263	0.1661
6103.190	45.1672	0.1584
6106.120	45.0218	0.1526
6109.050	44.8273	0.1579
6111.980	44.6664	0.1638
6114.910	44.5980	0.1616
6117.840	44.6328	0.1655
6120.770	44.6373	0.1582
6123.700	44.5040	0.1582
6126.630	44.3359	0.1622
6129.560	44.3182	0.1606
6132.490	44.3859	0.1515
6135.420	44.4063	0.1610
6138.350	44.2322	0.1656
6141.280	44.1463	0.1571
6144.210	44.0442	0.1524
6147.140	43.9218	0.1565
6150.070	43.8084	0.1503
6153.000	43.7366	0.1458
6155.930	43.6426	0.1494
6158.860	43.5404	0.1700
6161.790	43.5078	0.1894
6164.720	43.3927	0.1808
6167.650	43.3779	0.1710
6170.580	43.2585	0.1501
6173.510	43.1920	0.1517
6176.440	43.0372	0.1473
6179.370	42.7666	0.1462
6182.300	42.7601	0.1471
6185.230	42.8244	0.1410
6188.160	42.7177	0.1507
6191.090	42.6821	0.1635
6194.020	42.5733	0.1544
6196.950	42.5046	0.1579
6199.880	42.5234	0.1532
6202.810	42.4025	0.1435
6205.740	42.3230	0.1429
6208.670	42.2637	0.1451
6211.600	42.1554	0.1476
6214.530	42.0836	0.1531
6217.460	41.9526	0.1576
6220.390	41.8063	0.1486
6223.320	41.7515	0.1441
6226.250	41.6974	0.1528
6229.180	41.7017	0.1558
6232.110	41.6774	0.1514
6235.040	41.4951	0.1439
6237.970	41.4427	0.1596
6240.900	41.4030	0.1552
6243.830	41.3376	0.1528
6246.760	41.2703	0.1488
6249.690	41.1329	0.1496
6252.620	41.1892	0.1456
6255.550	41.1390	0.1430
6258.480	41.0135	0.1381
6261.410	40.9029	0.1441
6264.340	40.7584	0.1569
6267.270	40.6600	0.1484
6270.200	40.5771	0.1515
6273.130	40.4922	0.1462
6276.060	40.4390	0.1416
6278.990	40.4558	0.1442
6281.920	40.4631	0.1518
6284.850	40.4014	0.1658
6287.780	40.2525	0.1507
6290.710	40.2426	0.1368
6293.640	40.2816	0.1348
6296.570	40.1911	0.1410
6299.500	40.1566	0.1424
6302.430	39.9934	0.1413
6305.360	39.9256	0.1463
6308.290	39.8075	0.1579
6311.220	39.6853	0.1539
6314.150	39.6149	0.1702
6317.080	39.4407	0.1526
6320.010	39.2174	0.1450
6322.940	39.0328	0.1491
6325.870	38.8405	0.1517
6328.800	38.8457	0.1484
6331.730	38.7473	0.1252
6334.660	38.6242	0.1320
6337.590	38.6775	0.1291
6340.520	38.7712	0.1265
6343.450	38.7935	0.1284
6346.380	38.7873	0.1188
6349.310	38.7722	0.1236
6352.240	38.6768	0.1265
6355.170	38.6142	0.1285
6358.100	38.6216	0.1315
6361.030	38.5758	0.1247
6363.960	38.3863	0.1291
6366.890	38.2295	0.1332
6369.820	38.1455	0.1422
6372.750	38.0955	0.1387
6375.680	37.9887	0.1396
6378.610	38.0319	0.1369
6381.540	37.9860	0.1306
6384.470	37.9465	0.1284
6387.400	37.9520	0.1425
6390.330	37.8533	0.1317
6393.260	37.8319	0.1278
6396.190	37.7300	0.1339
6399.120	37.6072	0.1275
6402.050	37.4381	0.1285
6404.980	37.3105	0.1325
6407.910	37.2596	0.1435
6410.840	37.2337	0.1413
6413.770	37.1523	0.1331
6416.700	37.1525	0.1293
6419.630	37.1035	0.1270
6422.560	37.1015	0.1185
6425.490	37.0124	0.1300
6428.420	36.9181	0.1300
6431.350	36.7725	0.1247
6434.280	36.7165	0.1301
6437.210	36.6796	0.1424
6440.140	36.5851	0.1494
6443.070	36.4920	0.1373
6446.000	36.3986	0.1368
6448.930	36.3850	0.1355
6451.860	36.4041	0.1360
6454.790	36.3242	0.1321
6457.720	36.2753	0.1412
6460.650	36.2449	0.1355
6463.580	36.1691	0.1252
6466.510	36.0251	0.1230
6469.440	35.9475	0.1267
6472.370	35.8532	0.1298
6475.300	35.7008	0.1238
6478.230	35.6555	0.1244
6481.160	35.6456	0.1252
6484.090	35.7157	0.1255
6487.020	35.6803	0.1283
6489.950	35.5781	0.1252
6492.880	35.6537	0.1400
6495.810	35.5898	0.1465
6498.740	35.3991	0.1324
6501.670	35.2460	0.1335
6504.600	35.1843	0.1390
6507.530	35.1823	0.1354
6510.460	35.0399	0.1335
6513.390	34.9868	0.1311
6516.320	34.8716	0.1376
6519.250	34.6874	0.1382
6522.180	34.6034	0.1362
6525.110	34.6684	0.1297
6528.040	34.5603	0.1287
6530.970	34.3971	0.1276
6533.900	34.2608	0.1195
6536.830	34.1842	0.1233
6539.760	33.9448	0.1255
6542.690	33.7532	0.1428
6545.620	33.3754	0.1431
6548.550	32.8617	0.1501
6551.480	32.1358	0.1739
6554.410	31.3058	0.1818
6557.340	30.2069	0.1774
6560.270	29.1941	0.2051
6563.200	28.4072	0.2154
6566.130	28.5294	0.1521
6569.060	29.5257	0.1557
6571.990	30.5756	0.1073
6574.920	31.4418	0.1026
6577.850	32.1024	0.1063
6580.780	32.5278	0.1079
6583.710	32.8264	0.1065
6586.640	33.0475	0.1115
6589.570	33.1520	0.1309
6592.500	33.2346	0.1390
6595.430	33.2426	0.1194
6598.360	33.2640	0.1169
6601.290	33.3153	0.1187
6604.220	33.2612	0.1141
6607.150	33.2110	0.1186
6610.080	33.1459	0.1178
6613.010	33.0568	0.1194
6615.940	33.0236	0.1193
6618.870	32.9837	0.1112
6621.800	32.9443	0.1108
6624.730	32.8386	0.1174
6627.660	32.7967	0.1145
6630.590	32.7433	0.1216
6633.520	32.6785	0.1235
6636.450	32.6220	0.1212
6639.380	32.5747	0.1233
6642.310	32.5427	0.1253
6645.240	32.3962	0.1275
6648.170	32.3751	0.1160
6651.100	32.3359	0.1140
6654.030	32.2546	0.1183
6656.960	32.2022	0.1096
6659.890	32.1433	0.1169
6662.820	32.1307	0.1227
6665.750	32.0290	0.1326
6668.680	31.9910	0.1119
6671.610	32.0685	0.1195
6674.540	32.1680	0.1787
6677.470	32.2046	0.2035
6680.400	32.0072	0.1529
6683.330	31.7741	0.1200
6686.260	31.6288	0.1152
6689.190	31.6094	0.1052
6692.120	31.5769	0.1053
6695.050	31.5109	0.1152
6697.980	31.4751	0.1214
6700.910	31.4598	0.1148
6703.840	31.3742	0.1144
6706.770	31.3096	0.1114
6709.700	31.2365	0.1187
6712.630	31.2041	0.1103
6715.560	31.1595	0.1116
6718.490	31.0819	0.1169
6721.420	31.0382	0.1285
6724.350	31.0030	0.1232
6727.280	30.9059	0.1182
6730.210	30.8641	0.1216
6733.140	30.8068	0.1155
6736.070	30.7518	0.1141
6739.000	30.7334	0.1050
6741.930	30.7388	0.1054
6744.860	30.7353	0.1127
6747.790	30.7055	0.1142
6750.720	30.6453	0.1143
6753.650	30.5613	0.1190
6756.580	30.5283	0.1054
6759.510	30.4269	0.1009
6762.440	30.3555	0.1012
6765.370	30.2669	0.1071
6768.300	30.2138	0.1060
6771.230	30.2224	0.1041
6774.160	30.1446	0.1124
6777.090	30.0633	0.1084
6780.020	30.0750	0.1059
6782.950	30.0811	0.0991
6785.880	29.9907	0.0968
6788.810	29.9047	0.1055
6791.740	29.8652	0.1071
6794.670	29.8617	0.1030
6797.600	29.8087	0.1006
6800.530	29.7858	0.1028
6803.460	29.7006	0.0953
6806.390	29.5936	0.1037
6809.320	29.5833	0.1005
6812.250	29.6137	0.0935
6815.180	29.5464	0.0952
6818.110	29.4432	0.0978
6821.040	29.3101	0.0996
6823.970	29.2844	0.1069
6826.900	29.2331	0.1105
6829.830	29.2123	0.1095
6832.760	29.1903	0.1074
6835.690	29.1798	0.1075
6838.620	29.1618	0.1066
6841.550	29.0792	0.0977
6844.480	28.9410	0.1005
6847.410	28.9028	0.1031
6850.340	28.8235	0.1056
6853.270	28.7854	0.1087
6856.200	28.7163	0.1091
6859.130	28.6914	0.1126
6862.060	28.6282	0.1051
6864.990	28.5760	0.1064
6867.920	28.5178	0.1111
6870.850	28.4804	0.1017
6873.780	28.4559	0.0975
6876.710	28.4445	0.0968
6879.640	28.3867	0.0991
6882.570	28.2827	0.1096
6885.500	28.2147	0.1216
6888.430	28.2273	0.1120
6891.360	28.1504	0.1038
6894.290	28.0902	0.0985
6897.220	28.0779	0.0944
6900.150	28.0836	0.0919
6903.080	28.0131	0.0924
6906.010	28.0125	0.0943
6908.940	27.9616	0.0995
6911.870	27.8806	0.1025
6914.800	27.8672	0.0975
6917.730	27.7887	0.0950
6920.660	27.6902	0.0946
6923.590	27.6868	0.0930
6926.520	27.7058	0.0919
6929.450	27.6083	0.0913
6932.380	27.5555	0.0904
6935.310	27.5251	0.0872
6938.240	27.4887	0.0901
6941.170	27.4285	0.0896
6944.100	27.4009	0.0893
6947.030	27.3716	0.0958
6949.960	27.3013	0.0982
6952.890	27.2372	0.0951
6955.820	27.1638	0.0926
6958.750	27.1158	0.0903
6961.680	27.0865	0.0909
6964.610	27.0364	0.0974
6967.540	27.0161	0.0965
6970.470	26.9867	0.0949
6973.400	26.9817	0.0935
6976.330	27.0042	0.0938
6979.260	26.9503	0.0966
6982.190	26.8324	0.0896
6985.120	26.7171	0.0922
6988.050	26.6944	0.0935
6990.980	26.6312	0.0995
6993.910	26.6145	0.0992
6996.840	26.5517	0.0956
6999.770	26.5152	0.0981
7002.700	26.4658	0.0999
7005.630	26.4468	0.0963
7008.560	26.3505	0.0952
7011.490	26.2862	0.0924
7014.420	26.3031	0.0865
7017.350	26.2603	0.0887
7020.280	26.2120	0.0891
7023.210	26.1735	0.0932
7026.140	26.1181	0.0941
7029.070	26.0842	0.0903
7032.000	26.1147	0.0824
7034.930	26.0964	0.0794
7037.860	26.0373	0.0802
7040.790	26.0043	0.0829
7043.720	25.9325	0.0879
7046.650	25.8639	0.0875
7049.580	25.8243	0.0833
7052.510	25.8081	0.0842
7055.440	25.7494	0.0873
7058.370	25.7352	0.0981
7061.300	25.7520	0.1119
7064.230	25.7460	0.1395
7067.160	25.6528	0.1145
7070.090	25.5216	0.0850
7073.020	25.4275	0.0852
7075.950	25.4089	0.0884
7078.880	25.3786	0.0840
7081.810	25.3396	0.0798
7084.740	25.2729	0.0844
7087.670	25.2741	0.0831
7090.600	25.2626	0.0807
7093.530	25.2154	0.0822
7096.460	25.1014	0.0800
7099.390	25.0686	0.0809
7102.320	25.0703	0.0864
7105.250	25.0537	0.0926
7108.180	25.0110	0.0905
7111.110	24.9709	0.0892
7114.040	24.9043	0.0833
7116.970	24.8619	0.0859
7119.900	24.8491	0.0905
7122.830	24.8382	0.0909
7125.760	24.8203	0.0872
7128.690	24.7661	0.0819
7131.620	24.7062	0.0816
7134.550	24.6377	0.0841
7137.480	24.6697	0.0813
7140.410	24.6529	0.0823
7143.340	24.6306	0.0906
7146.270	24.6127	0.0860
7149.200	24.4867	0.0892
7152.130	24.3719	0.0893
7155.060	24.3612	0.0857
7157.990	24.3485	0.0857
7160.920	24.3005	0.0849
7163.850	24.2549	0.0922
7166.780	24.1671	0.0928
7169.710	24.0540	0.1002
7172.640	24.0031	0.1011
7175.570	23.9615	0.0982
7178.500	23.9101	0.0941
7181.430	23.8897	0.0893
7184.360	23.8807	0.0878
7187.290	23.8885	0.0838
7190.220	23.8503	0.0825
7193.150	23.7914	0.0805
7196.080	23.7820	0.0836
7199.010	23.7587	0.0906
7201.940	23.7211	0.0870
7204.870	23.6677	0.0844
7207.800	23.6523	0.0820
7210.730	23.6690	0.0799
7213.660	23.6601	0.0784
7216.590	23.6141	0.0787
7219.520	23.6428	0.0848
7222.450	23.5724	0.1073
7225.380	23.4888	0.1012
7228.310	23.4262	0.0877
7231.240	23.3856	0.0848
7234.170	23.3935	0.0843
7237.100	23.3436	0.0826
7240.030	23.3195	0.0839
7242.960	23.3099	0.0868
7245.890	23.2315	0.0923
7248.820	23.1914	0.0890
7251.750	23.1772	0.0888
7254.680	23.1191	0.0848
7257.610	23.1002	0.0814
7260.540	23.0428	0.0769
7263.470	22.9501	0.0811
7266.400	22.9099	0.0800
7269.330	22.8639	0.0875
7272.260	22.8522	0.0885
7275.190	22.8354	0.0876
7278.120	22.8783	0.0937
7281.050	22.8872	0.0967
7283.980	22.8269	0.0860
7286.910	22.7271	0.0893
7289.840	22.6799	0.0909
7292.770	22.6151	0.0870
7295.700	22.5656	0.0832
7298.630	22.5534	0.0858
7301.560	22.5446	0.0845
7304.490	22.5447	0.0846
7307.420	22.5039	0.0840
7310.350	22.4702	0.0815
7313.280	22.4296	0.0823
7316.210	22.3536	0.0813
7319.140	22.3171	0.0752
7322.070	22.3188	0.0780
7325.000	22.2948	0.0800
7327.930	22.2436	0.0804
7330.860	22.2256	0.0813
7333.790	22.1543	0.0866
7336.720	22.0762	0.0921
7339.650	22.0821	0.0840
7342.580	22.0907	0.0783
7345.510	22.0741	0.0739
7348.440	22.0128	0.0746
7351.370	21.9774	0.0833
7354.300	21.9222	0.0870
7357.230	21.9106	0.0786
7360.160	21.8721	0.0779
7363.090	21.7758	0.0774
7366.020	21.7331	0.0777
7368.950	21.7932	0.0749
7371.880	21.8127	0.0758
7374.810	21.7762	0.0728
7377.740	21.7075	0.0772
7380.670	21.6670	0.0752
7383.600	21.5958	0.0790
7386.530	21.5610	0.0798
7389.460	21.5985	0.0774
7392.390	21.5464	0.0751
7395.320	21.4659	0.0729
7398.250	21.3928	0.0728
7401.180	21.3220	0.0727
7404.110	21.2998	0.0741
7407.040	21.2783	0.0765
7409.970	21.2614	0.0822
7412.900	21.2376	0.0849
7415.830	21.2139	0.0807
7418.760	21.2095	0.0737
7421.690	21.2169	0.0780
7424.620	21.1633	0.0774
7427.550	21.1153	0.0726
7430.480	21.1105	0.0739
7433.410	21.0592	0.0731
7436.340	20.9829	0.0713
7439.270	20.9471	0.0747
7442.200	20.9584	0.0710
7445.130	20.9631	0.0763
7448.060	20.9211	0.0770
7450.990	20.8377	0.0784
7453.920	20.7317	0.0816
7456.850	20.6897	0.0772
7459.780	20.6725	0.0788
7462.710	20.6791	0.0782
7465.640	20.6449	0.0807
7468.570	20.6457	0.0783
7471.500	20.6204	0.0795
7474.430	20.5521	0.0837
7477.360	20.4695	0.0812
7480.290	20.4376	0.0804
7483.220	20.4775	0.0758
7486.150	20.4586	0.0763
7489.080	20.4215	0.0738
7492.010	20.3332	0.0775
7494.940	20.2652	0.0783
7497.870	20.2087	0.0801
7500.800	20.2350	0.0785
7503.730	20.2768	0.0765
7506.660	20.2550	0.0743
7509.590	20.2745	0.0758
7512.520	20.2452	0.0749
7515.450	20.2322	0.0686
7518.380	20.2198	0.0724
7521.310	20.1746	0.0757
7524.240	20.1506	0.0794
7527.170	20.0946	0.0758
7530.100	20.0428	0.0754
7533.030	19.9993	0.0768
7535.960	19.9635	0.0697
7538.890	19.9401	0.0720
7541.820	19.9154	0.0756
7544.750	19.8789	0.0749
7547.680	19.8304	0.0675
7550.610	19.8130	0.0687
7553.540	19.8157	0.0659
7556.470	19.7794	0.0689
7559.400	19.7363	0.0713
7562.330	19.6954	0.0751
7565.260	19.6062	0.0827
7568.190	19.5752	0.0858
7571.120	19.5869	0.0753
7574.050	19.5720	0.0694
7576.980	19.5070	0.0684
7579.910	19.4232	0.0716
7582.840	19.4115	0.0760
7585.770	19.3431	0.0856
7588.700	19.2510	0.0886
7591.630	19.1659	0.0967
7594.560	19.1520	0.1074
7597.490	19.2487	0.1100
7600.420	19.3183	0.1048
7603.350	19.3277	0.0968
7606.280	19.4050	0.0859
7609.210	19.4909	0.0864
7612.140	19.4606	0.0840
7615.070	19.4414	0.0820
7618.000	19.3653	0.0722
7620.930	19.1774	0.0763
7623.860	19.0887	0.0913
7626.790	19.0404	0.0824
7629.720	18.9462	0.0808
7632.650	18.9250	0.0735
7635.580	18.8561	0.0661
7638.510	18.8680	0.0690
7641.440	18.8962	0.0790
7644.370	18.8626	0.0724
7647.300	18.8263	0.0710
7650.230	18.8010	0.0756
7653.160	18.7623	0.0705
7656.090	18.7878	0.0758
7659.020	18.7576	0.0795
7661.950	18.7463	0.0795
7664.880	18.7397	0.0743
7667.810	18.6905	0.0628
7670.740	18.6311	0.0656
7673.670	18.6399	0.0687
7676.600	18.6322	0.0709
7679.530	18.5566	0.0724
7682.460	18.5323	0.0693
7685.390	18.4436	0.0745
7688.320	18.3566	0.0727
7691.250	18.3666	0.0730
7694.180	18.3633	0.0691
7697.110	18.3430	0.0666
7700.040	18.3324	0.0674
7702.970	18.3004	0.0657
7705.900	18.2659	0.0652
7708.830	18.2804	0.0673
7711.760	18.2687	0.0695
7714.690	18.2476	0.0688
7717.620	18.2212	0.0654
7720.550	18.1986	0.0728
7723.480	18.1958	0.0740
7726.410	18.1777	0.0699
7729.340	18.1631	0.0725
7732.270	18.0743	0.0738
7735.200	17.9655	0.0681
7738.130	17.9553	0.0676
7741.060	17.9596	0.0630
7743.990	17.9244	0.0676
7746.920	17.9469	0.0666
7749.850	17.9309	0.0618
7752.780	17.8749	0.0631
7755.710	17.8666	0.0667
7758.640	17.8037	0.0628
7761.570	17.7570	0.0664
7764.500	17.7247	0.0647
7767.430	17.7342	0.0622
7770.360	17.7430	0.0705
7773.290	17.7288	0.0731
7776.220	17.6740	0.0673
7779.150	17.5979	0.0674
7782.080	17.5701	0.0631
7785.010	17.5360	0.0642
7787.940	17.5316	0.0642
7790.870	17.5159	0.0625
7793.800	17.4711	0.0605
7796.730	17.4716	0.0620
7799.660	17.4846	0.0629
7802.590	17.4546	0.0685
7805.520	17.3888	0.0748
7808.450	17.3704	0.0691
7811.380	17.3805	0.0662
7814.310	17.3666	0.0625
7817.240	17.3068	0.0650
7820.170	17.3020	0.0642
7823.100	17.3041	0.0627
7826.030	17.2595	0.0646
7828.960	17.2312	0.0672
7831.890	17.2510	0.0724
7834.820	17.2033	0.0666
7837.750	17.1106	0.0658
7840.680	17.0767	0.0643
7843.610	17.0394	0.0611
7846.540	17.0221	0.0672
7849.470	16.9696	0.0713
7852.400	17.0120	0.0686
7855.330	17.0094	0.0715
7858.260	16.9657	0.0662
7861.190	16.9490	0.0625
7864.120	16.9598	0.0643
7867.050	16.9169	0.0671
7869.980	16.8829	0.0699
7872.910	16.7956	0.0662
7875.840	16.7780	0.0666
7878.770	16.8151	0.0655
7881.700	16.7433	0.0642
7884.630	16.6841	0.0666
7887.560	16.6410	0.0667
7890.490	16.7024	0.0610
7893.420	16.7337	0.0596
7896.350	16.7488	0.0633
7899.280	16.7146	0.0695
7902.210	16.6961	0.0685
7905.140	16.6604	0.0692
7908.070	16.5996	0.0680
7911.000	16.5348	0.0723
7913.930	16.5124	0.0686
7916.860	16.4437	0.0676
7919.790	16.3979	0.0630
7922.720	16.3518	0.0697
7925.650	16.3567	0.0654
7928.580	16.3606	0.0632
7931.510	16.3582	0.0642
7934.440	16.3144	0.0643
7937.370	16.2938	0.0615
7940.300	16.3091	0.0592
7943.230	16.3337	0.0577
7946.160	16.3002	0.0589
7949.090	16.2660	0.0581
7952.020	16.2289	0.0596
7954.950	16.1880	0.0610
7957.880	16.1331	0.0647
7960.810	16.1134	0.0686
7963.740	16.1060	0.0688
7966.670	16.0865	0.0667
7969.600	16.0135	0.0639
7972.530	16.0310	0.0667
7975.460	16.0318	0.0643
7978.390	16.0205	0.0643
7981.320	16.0151	0.0627
7984.250	15.9912	0.0636
7987.180	15.9714	0.0671
7990.110	15.9232	0.0670
7993.040	15.8707	0.0630
7995.970	15.8261	0.0620
7998.900	15.8181	0.0595
8001.830	15.7499	0.0606
8004.760	15.7706	0.0556
8007.690	15.8253	0.0540
8010.620	15.7706	0.0521
8013.550	15.7648	0.0541
8016.480	15.8226	0.0609
8019.410	15.8083	0.0631
8022.340	15.7309	0.0630
8025.270	15.7933	0.0613
8028.200	15.6985	0.0656
8031.130	15.6289	0.0619
8034.060	15.5902	0.0571
8036.990	15.5035	0.0597
8039.920	15.4886	0.0591
8042.850	15.4665	0.0582
8045.780	15.4956	0.0589
8048.710	15.4456	0.0612
8051.640	15.3666	0.0609
8054.570	15.3245	0.0682
8057.500	15.3266	0.0617
8060.430	15.3491	0.0588
8063.360	15.3715	0.0593
8066.290	15.4118	0.0551
8069.220	15.3578	0.0620
8072.150	15.3400	0.0590
8075.080	15.3357	0.0598
8078.010	15.3348	0.0646
8080.940	15.2024	0.0655
8083.870	15.1660	0.0621
8086.800	15.1636	0.0575
8089.730	15.1280	0.0586
8092.660	15.1252	0.0586
8095.590	15.1055	0.0598
8098.520	15.0482	0.0578
8101.450	15.0093	0.0608
8104.380	15.0245	0.0609
8107.310	14.9870	0.0621
8110.240	14.9820	0.0590
8113.170	14.9530	0.0619
8116.100	14.9650	0.0653
8119.030	14.9666	0.0615
8121.960	14.9660	0.0603
8124.890	14.9745	0.0573
8127.820	14.9447	0.0548
8130.750	14.9050	0.0559
8133.680	14.8191	0.0531
8136.610	14.7837	0.0579
8139.540	14.7675	0.0581
8142.470	14.7723	0.0592
8145.400	14.7319	0.0542
8148.330	14.7339	0.0533
8151.260	14.7532	0.0556
8154.190	14.7111	0.0570
8157.120	14.6762	0.0612
8160.050	14.6696	0.0604
8162.980	14.6499	0.0640
8165.910	14.5773	0.0659
8168.840	14.5086	0.0724
8171.770	14.5435	0.0692
8174.700	14.5321	0.0646
8177.630	14.4782	0.0644
8180.560	14.4613	0.0689
8183.490	14.4293	0.0694
8186.420	14.4137	0.0643
8189.350	14.4154	0.0625
8192.280	14.3899	0.0588
8195.210	14.3409	0.0624
8198.140	14.3273	0.0547
8201.070	14.3253	0.0538
8204.000	14.3198	0.0553
8206.930	14.2779	0.0561
8209.860	14.2728	0.0535
8212.790	14.2833	0.0522
8215.720	14.2844	0.0520
8218.650	14.2576	0.0550
8221.580	14.1875	0.0597
8224.510	14.0830	0.0653
8227.440	14.0072	0.0750
8230.370	13.9725	0.0846
8233.300	13.9392	0.0754
8236.230	13.9579	0.0642
8239.160	13.9090	0.0579
8242.090	13.8843	0.0496
8245.020	13.9119	0.0476
8247.950	13.9502	0.0525
8250.880	13.9222	0.0509
8253.810	13.9040	0.0535
8256.740	13.8795	0.0597
8259.670	13.8825	0.0544
8262.600	13.8942	0.0547
8265.530	13.8968	0.0539
8268.460	13.8550	0.0539
8271.390	13.8538	0.0511
8274.320	13.8780	0.0513
8277.250	13.8746	0.0504
8280.180	13.8167	0.0558
8283.110	13.7785	0.0525
8286.040	13.7863	0.0518
8288.970	13.7644	0.0549
8291.900	13.7329	0.0572
8294.830	13.6864	0.0576
8297.760	13.6269	0.0573
8300.690	13.5840	0.0518
8303.620	13.6281	0.0492
8306.550	13.6725	0.0531
8309.480	13.6670	0.0595
8312.410	13.6230	0.0557
8315.340	13.6145	0.0593
8318.270	13.6043	0.0584
8321.200	13.6072	0.0565
8324.130	13.6231	0.0554
8327.060	13.5548	0.0610
8329.990	13.4995	0.0617
8332.920	13.4867	0.0610
8335.850	13.4470	0.0603
8338.780	13.4181	0.0610
8341.710	13.3879	0.0596
8344.640	13.3892	0.0590
8347.570	13.3604	0.0520
8350.500	13.3192	0.0563
8353.430	13.2760	0.0565
8356.360	13.2775	0.0531
8359.290	13.3084	0.0522
8362.220	13.3126	0.0593
8365.150	13.2907	0.0592
8368.080	13.2097	0.0522
8371.010	13.2385	0.0498
8373.940	13.2737	0.0480
8376.870	13.2228	0.0560
8379.800	13.2094	0.0607
8382.730	13.2044	0.0633
8385.660	13.2570	0.0556
8388.590	13.2163	0.0527
8391.520	13.1838	0.0510
8394.450	13.1271	0.0550
8397.380	13.0828	0.0573
8400.310	13.0742	0.0526
8403.240	13.0782	0.0474
8406.170	13.0636	0.0472
8409.100	13.0760	0.0493
8412.030	13.0500	0.0549
8414.960	12.9730	0.0603
8417.890	12.9716	0.0501
8420.820	12.9893	0.0472
8423.750	12.9863	0.0477
8426.680	12.9309	0.0543
8429.610	12.8873	0.0637
8432.540	12.9127	0.0560
8435.470	12.9226	0.0570
8438.400	12.8418	0.0548
8441.330	12.8278	0.0513
8444.260	12.7902	0.0489
8447.190	12.7625	0.0489
8450.120	12.7502	0.0636
8453.050	12.7245	0.0536
8455.980	12.7131	0.0508
8458.910	12.7005	0.0582
8461.840	12.7234	0.0590
8464.770	12.7534	0.0590
8467.700	12.7327	0.0554
8470.630	12.7068	0.0520
8473.560	12.6812	0.0518
8476.490	12.6662	0.0551
8479.420	12.6251	0.0541
8482.350	12.6318	0.0535
8485.280	12.6246	0.0609
8488.210	12.5821	0.0603
8491.140	12.5357	0.0585
8494.070	12.6555	0.0706
8497.000	12.7174	0.0919
8499.930	12.5345	0.0723
8502.860	12.4110	0.0588
8505.790	12.3954	0.0588
8508.720	12.3581	0.0565
8511.650	12.3631	0.0526
8514.580	12.3249	0.0576
8517.510	12.3206	0.0540
8520.440	12.2878	0.0528
8523.370	12.2972	0.0518
8526.300	12.2790	0.0550
8529.230	12.2533	0.0641
8532.160	12.2947	0.0604
8535.090	12.3455	0.0586
8538.020	12.4951	0.1051
8540.950	12.5524	0.1297
8543.880	12.4532	0.0953
8546.810	12.2647	0.0602
8549.740	12.2336	0.0661
8552.670	12.1740	0.0581
8555.600	12.1351	0.0506
8558.530	12.1200	0.0485
8561.460	12.1899	0.0504
8564.390	12.2273	0.0504
8567.320	12.1956	0.0501
8570.250	12.1458	0.0502
8573.180	12.1009	0.0533
8576.110	12.0754	0.0536
8579.040	12.0953	0.0548
8581.970	12.0348	0.0600
8584.900	11.9807	0.0577
8587.830	11.9491	0.0561
8590.760	11.9276	0.0482
8593.690	11.9186	0.0465
8596.620	11.8933	0.0469
8599.550	11.8657	0.0534
8602.480	11.8853	0.0505
8605.410	11.8989	0.0446
8608.340	11.9307	0.0434
8611.270	11.9129	0.0430
8614.200	11.9032	0.0469
8617.130	11.9087	0.0446
8620.060	11.8580	0.0523
8622.990	11.8254	0.0650
8625.920	11.7926	0.0566
8628.850	11.7901	0.0527
8631.780	11.8037	0.0496
8634.710	11.7148	0.0563
8637.640	11.6393	0.0587
8640.570	11.6503	0.0573
8643.500	11.6528	0.0535
8646.430	11.6615	0.0517
8649.360	11.5985	0.0543
8652.290	11.5678	0.0554
8655.220	11.6731	0.0447
8658.150	11.7606	0.0918
8661.080	11.8367	0.1106
8664.010	11.7175	0.0853
8666.940	11.5501	0.0588
8669.870	11.4990	0.0560
8672.800	11.5223	0.0525
8675.730	11.4970	0.0524
8678.660	11.4637	0.0512
8681.590	11.5200	0.0504
8684.520	11.5142	0.0492
8687.450	11.5213	0.0483
8690.380	11.4951	0.0485
8693.310	11.4864	0.0467
8696.240	11.5050	0.0456
8699.170	11.4664	0.0461
8702.100	11.4116	0.0478
8705.030	11.4165	0.0490
8707.960	11.3927	0.0484
8710.890	11.4280	0.0472
8713.820	11.3922	0.0469
8716.750	11.3463	0.0450
8719.680	11.2925	0.0471
8722.610	11.2746	0.0494
8725.540	11.2925	0.0438
8728.470	11.2957	0.0397
8731.400	11.3394	0.0399
8734.330	11.3042	0.0432
8737.260	11.2807	0.0455
8740.190	11.2173	0.0439
8743.120	11.2029	0.0441
8746.050	11.1701	0.0440
8748.980	11.1542	0.0442
8751.910	11.1799	0.0480
8754.840	11.1706	0.0454
8757.770	11.1865	0.0456
8760.700	11.1718	0.0463
8763.630	11.1970	0.0475
8766.560	11.1674	0.0507
8769.490	11.1339	0.0515
8772.420	11.1181	0.0511
8775.350	11.0833	0.0517
8778.280	11.0385	0.0496
8781.210	10.9979	0.0522
8784.140	10.9583	0.0525
8787.070	10.9471	0.0525
8790.000	10.9688	0.0466
8792.930	10.9388	0.0430
8795.860	10.9249	0.0403
8798.790	10.9086	0.0414
8801.720	10.9357	0.0481
8804.650	11.0153	0.0564
8807.580	10.9929	0.0523
8810.510	10.9067	0.0530
8813.440	10.8573	0.0547
8816.370	10.8542	0.0529
8819.300	10.8053	0.0514
8822.230	10.8261	0.0503
8825.160	10.8109	0.0519
8828.090	10.7812	0.0474
8831.020	10.7664	0.0474
8833.950	10.7413	0.0470
8836.880	10.7665	0.0446
8839.810	10.7814	0.0409
8842.740	10.7691	0.0424
8845.670	10.7082	0.0453
8848.600	10.6685	0.0539
8851.530	10.6700	0.0541
8854.460	10.6508	0.0503
8857.390	10.6519	0.0476
8860.320	10.6650	0.0424
8863.250	10.5761	0.0454
8866.180	10.5697	0.0488
8869.110	10.5730	0.0470
8872.040	10.5792	0.0433
8874.970	10.5832	0.0433
8877.900	10.6055	0.0379
8880.830	10.5926	0.0412
8883.760	10.5648	0.0452
8886.690	10.5470	0.0431
8889.620	10.5122	0.0388
8892.550	10.4711	0.0415
8895.480	10.4584	0.0497
8898.410	10.4515	0.0504
8901.340	10.4333	0.0503
8904.270	10.3804	0.0485
8907.200	10.3649	0.0467
8910.130	10.4264	0.0422
8913.060	10.4464	0.0476
8915.990	10.4526	0.0449
8918.920	10.4446	0.0433
8921.850	10.4563	0.0475
8924.780	10.4316	0.0512
8927.710	10.3784	0.0487
8930.640	10.3239	0.0449
8933.570	10.2634	0.0432
8936.500	10.2154	0.0443
8939.430	10.2056	0.0480
8942.360	10.2193	0.0479
8945.290	10.2545	0.0450
8948.220	10.2549	0.0453
8951.150	10.2748	0.0430
8954.080	10.3102	0.0467
8957.010	10.2463	0.0464
8959.940	10.1952	0.0410
8962.870	10.1663	0.0415
8965.800	10.1914	0.0448
8968.730	10.1684	0.0463
8971.660	10.0768	0.0514
8974.590	10.0930	0.0497
8977.520	10.0622	0.0480
8980.450	10.0476	0.0447
8983.380	9.9977	0.0428
8986.310	9.9935	0.0456
8989.240	10.0349	0.0502
8992.170	10.0816	0.0486
8995.100	10.0636	0.0510
8998.030	10.0293	0.0511
9000.960	9.9563	0.0482
9003.890	9.9065	0.0447
9006.820	9.8589	0.0459
9009.750	9.8780	0.0476
9012.680	9.8946	0.0551
9015.610	9.9435	0.0552
9018.540	9.9613	0.0474
9021.470	9.9124	0.0462
9024.400	9.9040	0.0497
9027.330	9.8847	0.0503
9030.260	9.8557	0.0438
9033.190	9.8247	0.0366
9036.120	9.8374	0.0383
9039.050	9.8166	0.0395
9041.980	9.8065	0.0442
9044.910	9.7990	0.0442
9047.840	9.7825	0.0491
9050.770	9.7375	0.0497
9053.700	9.7136	0.0439
9056.630	9.7573	0.0387
9059.560	9.7526	0.0427
9062.490	9.7578	0.0447
9065.420	9.7184	0.0489
9068.350	9.7032	0.0501
9071.280	9.7700	0.0485
9074.210	9.8117	0.0450
9077.140	9.7975	0.0453
9080.070	9.7722	0.0499
9083.000	9.7162	0.0450
9085.930	9.6677	0.0463
9088.860	9.6706	0.0463
9091.790	9.6678	0.0476
9094.720	9.6337	0.0435
9097.650	9.6200	0.0427
9100.580	9.6190	0.0459
9103.510	9.5578	0.0460
9106.440	9.6055	0.0457
9109.370	9.6356	0.0492
9112.300	9.6078	0.0491
9115.230	9.5812	0.0526
9118.160	9.5264	0.0522
9121.090	9.4647	0.0453
9124.020	9.4478	0.0417
9126.950	9.4431	0.0416
9129.880	9.4437	0.0475
9132.810	9.4349	0.0506
9135.740	9.4582	0.0485
9138.670	9.4512	0.0484
9141.600	9.4644	0.0451
9144.530	9.4625	0.0441
9147.460	9.4566	0.0416
9150.390	9.4876	0.0428
9153.320	9.4870	0.0475
9156.250	9.4577	0.0475
9159.180	9.4542	0.0476
9162.110	9.4396	0.0462
9165.040	9.3773	0.0480
9167.970	9.3148	0.0455
9170.900	9.2250	0.0436
9173.830	9.2012	0.0476
9176.760	9.2500	0.0469
9179.690	9.2603	0.0461
9182.620	9.2259	0.0474
9185.550	9.2682	0.0422
9188.480	9.2910	0.0430
9191.410	9.3179	0.0442
9194.340	9.2866	0.0439
9197.270	9.1868	0.0461
9200.200	9.1302	0.0433
9203.130	9.1039	0.0470
9206.060	9.0896	0.0463
9208.990	9.0944	0.0454
9211.920	9.0574	0.0448
9214.850	9.0282	0.0444
9217.780	9.0033	0.0460
9220.710	8.9639	0.0438
9223.640	8.9656	0.0406
9226.570	8.9620	0.0437
9229.500	8.9998	0.0439
9232.430	9.0229	0.0458
9235.360	8.9818	0.0417
9238.290	8.9818	0.0401
9241.220	8.9763	0.0405
9244.150	8.9466	0.0451
9247.080	8.9146	0.0493
9250.010	8.9114	0.0495
9252.940	8.9432	0.0448
9255.870	8.9768	0.0414
9258.800	8.9230	0.0436
9261.730	8.9088	0.0444
9264.660	8.8819	0.0453
9267.590	8.8699	0.0455
9270.520	8.8686	0.0478
9273.450	8.8585	0.0473
9276.380	8.8639	0.0509
9279.310	8.8523	0.0534
9282.240	8.8275	0.0468
9285.170	8.8383	0.0438
9288.100	8.8473	0.0433
9291.030	8.8710	0.0403
9293.960	8.9030	0.0415
9296.890	8.9720	0.0448
9299.820	8.9987	0.0480
9302.750	8.9709	0.0516
9305.680	8.9476	0.0474
9308.610	8.8733	0.0474
9311.540	8.7534	0.0473
9314.470	8.6623	0.0550
9317.400	8.6812	0.0524
9320.330	8.6944	0.0562
9323.260	8.7070	0.0615
9326.190	8.7440	0.0565
9329.120	8.7021	0.0534
9332.050	8.6755	0.0554
9334.980	8.6042	0.0620
9337.910	8.4819	0.0664
9340.840	8.4104	0.0654
9343.770	8.4184	0.0637
9346.700	8.4066	0.0585
9349.630	8.4136	0.0536
9352.560	8.4323	0.0591
9355.490	8.4420	0.0597
9358.420	8.5297	0.0539
9361.350	8.5520	0.0518
9364.280	8.5623	0.0543
9367.210	8.5791	0.0585
9370.140	8.5545	0.0577
9373.070	8.5587	0.0538
9376.000	8.5651	0.0558
9378.930	8.5554	0.0595
9381.860	8.5732	0.0568
9384.790	8.6038	0.0464
9387.720	8.5770	0.0447
9390.650	8.5070	0.0466
9393.580	8.4817	0.0517
9396.510	8.4712	0.0495
9399.440	8.4626	0.0496
9402.370	8.4947	0.0501
9405.300	8.4907	0.0535
9408.230	8.4733	0.0533
9411.160	8.4491	0.0629
9414.090	8.4361	0.0601
9417.020	8.4163	0.0503
9419.950	8.3710	0.0527
9422.880	8.3579	0.0535
9425.810	8.3523	0.0546
9428.740	8.3994	0.0521
9431.670	8.4577	0.0487
9434.600	8.4374	0.0459
9437.530	8.4137	0.0558
9440.460	8.3897	0.0621
9443.390	8.3442	0.0561
9446.320	8.3192	0.0501
9449.250	8.3484	0.0475
9452.180	8.3232	0.0505
9455.110	8.3041	0.0521
9458.040	8.2907	0.0507
9460.970	8.2063	0.0483
9463.900	8.2243	0.0453
9466.830	8.2600	0.0444
9469.760	8.2232	0.0461
9472.690	8.2340	0.0494
9475.620	8.2373	0.0511
9478.550	8.2143	0.0539
9481.480	8.1877	0.0522
9484.410	8.1663	0.0486
9487.340	8.1425	0.0494
9490.270	8.1127	0.0485
9493.200	8.1620	0.0497
9496.130	8.1401	0.0541
9499.060	8.1149	0.0590
9501.990	8.0986	0.0524
9504.920	8.0922	0.0453
9507.850	8.0849	0.0458
9510.780	8.1309	0.0508
9513.710	8.1195	0.0571
9516.640	8.0470	0.0607
9519.570	7.9765	0.0562
9522.500	7.9476	0.0474
9525.430	7.9470	0.0461
9528.360	7.9057	0.0464
9531.290	7.8782	0.0453
9534.220	7.8198	0.0475
9537.150	7.7758	0.0491
9540.080	7.7841	0.0520
9543.010	7.8008	0.0547
9545.940	7.8189	0.0547
9548.870	7.8071	0.0537
9551.800	7.7672	0.0549
9554.730	7.8053	0.0522
9557.660	7.8492	0.0525
9560.590	7.8574	0.0521
9563.520	7.8959	0.0551
9566.450	7.9003	0.0612
9569.380	7.8571	0.0569
9572.310	7.8560	0.0515
9575.240	7.8308	0.0471
9578.170	7.8392	0.0500
9581.100	7.8343	0.0506
9584.030	7.8778	0.0539
9586.960	7.8853	0.0609
9589.890	7.8938	0.0639
9592.820	7.8886	0.0619
9595.750	7.8659	0.0612
9598.680	7.8795	0.0567
9601.610	7.8968	0.0591
9604.540	7.8466	0.0634
9607.470	7.8659	0.0696
9610.400	7.9193	0.0735
9613.330	7.8595	0.0718
9616.260	7.8274	0.0664
9619.190	7.8828	0.0796
9622.120	7.9140	0.0829
9625.050	7.8197	0.0824
9627.980	7.8268	0.0754
9630.910	7.8463	0.0713
9633.840	7.8932	0.0751
9636.770	7.8975	0.0790
9639.700	7.9015	0.0769
9642.630	7.8637	0.0794
9645.560	7.8256	0.0835
9648.490	7.7791	0.0804
9651.420	7.7839	0.0832
9654.350	7.7775	0.0807
9657.280	7.8339	0.0811
9660.210	7.8486	0.0897
9663.140	7.8684	0.0918
9666.070	7.8539	0.0902
9669.000	7.8226	0.0881
9671.930	7.7937	0.0920
9674.860	7.7623	0.0915
9677.790	7.8306	0.0981
9680.720	7.7792	0.0948
9683.650	7.7896	0.0985
9686.580	7.7939	0.0985
9689.510	7.7467	0.0984
9692.440	7.7526	0.0984
9695.370	7.7898	0.1007
9698.300	7.8486	0.1001
9701.230	7.8791	0.1064
