3298.680	819.3210	4.1120
3301.060	814.4602	5.2199
3303.440	811.3920	4.6722
3305.820	813.6647	3.7951
3308.200	811.8494	3.6437
3310.580	803.7915	4.1718
3312.960	801.7789	3.9691
3315.340	798.0271	3.9427
3317.720	796.0520	4.1786
3320.100	792.7159	5.1343
3322.480	795.1237	3.9537
3324.860	795.4693	3.4716
3327.240	791.1251	3.6441
3329.620	788.4305	3.4810
3332.000	784.0467	4.0450
3334.380	783.8068	3.7221
3336.760	784.2332	3.4728
3339.140	782.7431	3.3760
3341.520	781.3017	3.3123
3343.900	776.9388	3.4148
3346.280	775.6160	2.8333
3348.660	777.9971	3.6006
3351.040	773.6216	3.2360
3353.420	765.9506	3.7667
3355.800	759.8027	4.7332
3358.180	758.0125	4.1457
3360.560	769.1532	4.5075
3362.940	763.0511	3.5014
3365.320	754.2973	3.7400
3367.700	753.7740	3.4548
3370.080	754.7928	3.6196
3372.460	755.6506	3.5961
3374.840	752.7032	3.6775
3377.220	740.9521	4.5469
3379.600	743.5640	2.5763
3381.980	743.5115	2.6287
3384.360	741.0878	2.8654
3386.740	737.6036	3.8644
3389.120	738.5372	3.2157
3391.500	737.7492	2.8641
3393.880	737.8649	3.7216
3396.260	734.0752	2.8758
3398.640	727.2583	3.9438
3401.020	724.0118	4.1830
3403.400	724.1507	3.0644
3405.780	723.7792	2.6760
3408.160	723.2941	2.3770
3410.540	722.3704	2.6425
3412.920	718.1000	3.1567
3415.300	716.7146	2.8528
3417.680	711.5051	3.3740
3420.060	709.8054	3.7742
3422.440	711.0710	3.1583
3424.820	713.4172	2.3401
3427.200	710.9418	2.3391
3429.580	706.1120	3.3080
3431.960	700.8829	3.7317
3434.340	699.4060	3.6311
3436.720	697.7002	3.8009
3439.100	699.3796	3.2782
3441.480	702.0230	3.5453
3443.860	696.6865	3.2514
3446.240	694.3693	2.5541
3448.620	687.5383	3.6721
3451.000	685.3158	3.5185
3453.380	683.5261	3.2651
3455.760	684.0117	2.9214
3458.140	686.1518	2.3800
3460.520	684.3081	2.6474
3462.900	682.2212	2.5988
3465.280	676.3765	3.8052
3467.660	673.4735	3.4231
3470.040	670.8854	3.6681
3472.420	673.6158	2.8953
3474.800	674.5853	2.7176
3477.180	669.2544	3.3071
3479.560	662.5697	4.0044
3481.940	659.4403	3.3891
3484.320	658.2188	2.8263
3486.700	657.8441	3.0939
3489.080	662.1229	2.7104
3491.460	660.8404	2.9004
3493.840	656.2344	2.3574
3496.220	655.2257	2.5254
3498.600	653.5634	2.3151
3500.980	648.3057	3.1862
3503.360	644.1565	3.3907
3505.740	644.6094	3.0453
3508.120	644.7183	2.5492
3510.500	645.0815	2.3517
3512.880	644.0067	2.4577
3515.260	639.6817	2.4553
3517.640	639.7322	1.8631
3520.020	636.9620	2.0892
3522.400	637.3687	2.4534
3524.780	638.4950	3.7346
3527.160	634.4392	2.2037
3529.540	632.2589	2.0984
3531.920	631.1046	2.3473
3534.300	629.0168	2.0492
3536.680	626.5910	2.0417
3539.060	624.4957	2.1588
3541.440	624.2946	2.4122
3543.820	623.0316	2.5685
3546.200	620.2695	2.9655
3548.580	619.5316	2.5242
3550.960	618.3940	2.7151
3553.340	616.5487	2.7721
3555.720	610.8998	2.9169
3558.100	607.6978	2.9894
3560.480	608.1971	2.6721
3562.860	610.2626	2.1932
3565.240	608.5298	2.2419
3567.620	607.1543	1.9090
3570.000	602.6895	2.8920
3572.380	601.6483	2.2450
3574.760	601.6168	2.3099
3577.140	600.0848	2.4634
3579.520	602.6292	2.6502
3581.900	601.0833	2.5552
3584.280	598.7292	2.6128
3586.660	596.0182	2.4314
3589.040	595.3636	2.2602
3591.420	592.5776	2.4918
3593.800	587.0192	3.2476
3596.180	583.5074	3.4600
3598.560	584.8012	3.0653
3600.940	586.5309	2.2478
3603.320	584.2324	2.0721
3605.700	585.0918	2.2645
3608.080	581.9420	1.9212
3610.460	579.3024	2.5679
3612.840	574.7623	3.3580
3615.220	574.6318	2.9407
3617.600	578.6675	1.8667
3619.980	576.0674	2.6038
3622.360	573.5182	2.3497
3624.740	569.3787	3.4026
3627.120	568.7754	3.2416
3629.500	568.6815	2.5971
3631.880	570.6531	2.8609
3634.260	568.3247	2.6482
3636.640	563.8245	2.5497
3639.020	562.9275	2.2588
3641.400	564.7032	2.1753
3643.780	562.8057	2.1982
3646.160	561.2844	2.0459
3648.540	559.5127	2.1876
3650.920	557.0971	1.6789
3653.300	555.9170	2.3500
3655.680	553.9042	2.3429
3658.060	551.8651	2.1812
3660.440	551.7869	1.7719
3662.820	550.4415	1.6871
3665.200	548.5775	1.7567
3667.580	546.7769	1.7651
3669.960	544.1503	2.1636
3672.340	541.5315	2.7247
3674.720	542.3911	2.3648
3677.100	542.4151	2.0719
3679.480	542.7062	1.8369
3681.860	540.8096	1.9581
3684.240	538.8320	2.0655
3686.620	537.9400	2.1821
3689.000	535.7321	2.2160
3691.380	535.1405	2.1765
3693.760	532.0428	2.2695
3696.140	531.9675	2.1545
3698.520	529.9596	2.0975
3700.900	528.8268	3.0846
3703.280	529.0605	2.4570
3705.660	529.1835	2.1677
3708.040	528.7501	1.7729
3710.420	524.5257	1.9988
3712.800	520.3673	2.3846
3715.180	519.6062	2.7006
3717.560	521.1661	1.9647
3719.940	523.4490	2.5732
3722.320	519.9834	1.8594
3724.700	516.0659	2.1208
3727.080	515.7537	2.5911
3729.460	518.6125	2.3403
3731.840	518.1357	2.5660
3734.220	515.7609	2.4632
3736.600	513.7544	1.8059
3738.980	507.1885	2.9342
3741.360	506.3628	2.7271
3743.740	508.4420	1.5649
3746.120	505.7818	1.8996
3748.500	500.6945	2.0801
3750.880	500.7006	2.2866
3753.260	499.1838	3.7445
3755.640	497.3312	2.5947
3758.020	500.7255	1.5915
3760.400	501.0598	1.6369
3762.780	497.2891	1.8980
3765.160	494.6266	1.8201
3767.540	494.2330	1.7118
3769.920	491.4597	1.9108
3772.300	491.6245	1.8175
3774.680	493.5352	1.6294
3777.060	492.5807	1.5303
3779.440	491.8678	1.4359
3781.820	489.9381	1.6287
3784.200	488.2022	1.5904
3786.580	486.3843	2.0327
3788.960	486.4079	1.5664
3791.340	482.3096	1.6534
3793.720	477.6794	1.7382
3796.100	475.3862	1.9788
3798.480	473.8667	1.8434
3800.860	475.3736	1.6287
3803.240	475.5127	1.6442
3805.620	476.8138	1.9688
3808.000	477.9612	1.5856
3810.380	477.8266	1.8916
3812.760	478.1343	1.9114
3815.140	478.4780	2.5789
3817.520	478.1510	2.5294
3819.900	474.2210	2.5475
3822.280	471.3394	1.9578
3824.660	467.3523	1.4636
3827.040	465.1230	1.4008
3829.420	461.2724	1.3268
3831.800	455.4746	1.4158
3834.180	450.2520	1.7519
3836.560	450.9248	1.5707
3838.940	452.7603	1.8062
3841.320	455.4604	1.4811
3843.700	456.9555	2.4162
3846.080	459.4999	2.4101
3848.460	462.8073	1.8824
3850.840	463.2680	1.7216
3853.220	464.4881	1.4895
3855.600	465.2962	1.3480
3857.980	466.2494	1.6574
3860.360	466.1284	1.5236
3862.740	459.7876	2.6724
3865.120	457.9451	2.7678
3867.500	459.4933	1.7142
3869.880	457.5511	1.8333
3872.260	454.2388	1.3134
3874.640	451.2641	1.4993
3877.020	446.0693	1.3814
3879.400	440.5128	1.4889
3881.780	434.3459	1.5296
3884.160	425.8706	1.6032
3886.540	418.2675	1.7470
3888.920	412.0564	1.8242
3891.300	414.7868	1.1882
3893.680	420.4374	1.3792
3896.060	427.2375	1.6812
3898.440	433.1306	1.3354
3900.820	437.3502	1.2152
3903.200	439.6306	1.1413
3905.580	440.2138	1.2217
3907.960	442.7866	1.3622
3910.340	441.6278	1.9060
3912.720	440.7294	2.0952
3915.100	439.9197	1.9148
3917.480	441.1138	1.7505
3919.860	440.3285	1.7438
3922.240	437.7878	1.7632
3924.620	438.6503	1.6915
3927.000	439.7495	2.0653
3929.380	440.6583	1.9630
3931.760	442.4763	3.7249
3934.140	444.3476	3.9701
3936.520	437.6096	2.6347
3938.900	432.5912	2.1055
3941.280	430.6007	1.8143
3943.660	428.1258	2.2073
3946.040	426.9294	1.4682
3948.420	423.2280	1.8098
3950.800	420.6292	1.8611
3953.180	419.5796	2.0658
3955.560	414.6620	1.8186
3957.940	408.6912	1.9443
3960.320	402.8328	1.9958
3962.700	395.9484	1.6369
3965.080	385.6920	2.3604
3967.460	375.9738	3.1692
3969.840	369.8742	3.3241
3972.220	370.4229	1.6820
3974.600	379.0757	1.8079
3976.980	388.5239	1.9374
3979.360	394.0351	2.3497
3981.740	399.8632	2.4016
3984.120	405.4510	1.6225
3986.500	407.4360	1.4689
3988.880	407.5299	1.6043
3991.260	408.9718	1.5523
3993.640	410.1473	1.4067
3996.020	410.1290	1.4580
3998.400	410.1986	1.4287
4000.780	408.8956	1.5513
4003.160	407.4221	1.6155
4005.540	406.8617	1.4130
4007.920	407.4428	1.1932
4010.300	407.7247	1.3274
4012.680	406.6538	1.2616
4015.060	405.1561	1.1944
4017.440	404.2794	1.0832
4019.820	404.1077	1.2637
4022.200	403.2888	1.6953
4024.580	402.1476	1.9738
4026.960	399.2596	1.3917
4029.340	397.9388	1.1441
4031.720	397.3440	0.9393
4034.100	397.1934	0.9086
4036.480	395.7732	1.0477
4038.860	394.5269	1.2024
4041.240	394.8863	1.1401
4043.620	395.5480	1.3649
4046.000	393.5870	1.0657
4048.380	392.3475	1.1241
4050.760	391.2293	1.2826
4053.140	390.6599	1.1911
4055.520	389.2480	1.0691
4057.900	387.2929	1.1303
4060.280	386.2932	1.1270
4062.660	386.5397	1.0432
4065.040	384.8491	1.1178
4067.420	383.8143	1.1840
4069.800	383.3654	1.2722
4072.180	382.1335	1.2627
4074.560	381.3853	1.2889
4076.940	379.8116	1.3457
4079.320	377.1049	1.2405
4081.700	375.2413	1.1586
4084.080	372.9873	1.1315
4086.460	369.6871	1.2967
4088.840	364.2009	1.4015
4091.220	357.0998	1.3230
4093.600	348.3329	1.3362
4095.980	336.3905	1.5480
4098.360	320.9500	1.8777
4100.740	307.1488	1.9121
4103.120	308.6753	1.3757
4105.500	320.9157	1.1434
4107.880	333.4904	1.0069
4110.260	343.8980	1.0655
4112.640	351.6551	1.0113
4115.020	355.2686	1.0468
4117.400	358.9152	1.0387
4119.780	361.7797	1.1083
4122.160	362.5823	1.0302
4124.540	362.9199	1.2460
4126.920	363.4001	1.1876
4129.300	362.6008	1.0532
4131.680	363.5889	1.1990
4134.060	363.6822	1.2738
4136.440	361.9014	1.2796
4138.820	361.1783	1.2376
4141.200	360.3033	1.3934
4143.580	360.8328	1.3039
4145.960	358.8149	1.0473
4148.340	357.4919	1.1152
4150.720	357.3917	1.1758
4153.100	357.9490	1.1453
4155.480	357.4881	1.2235
4157.860	355.9484	1.1692
4160.240	354.9560	1.1802
4162.620	353.6119	1.2901
4165.000	352.9748	1.1486
4167.380	351.9353	1.1866
4169.760	352.1761	0.9041
4172.140	350.7856	1.0770
4174.520	350.2886	1.1874
4176.900	348.5491	0.9542
4179.280	346.7467	1.0010
4181.660	346.6366	0.8821
4184.040	345.8770	0.9128
4186.420	344.9200	1.0431
4188.800	344.5355	1.2235
4191.180	342.8003	1.4009
4193.560	342.4324	1.1633
4195.940	340.5332	1.2324
4198.320	339.9815	1.4157
4200.700	338.4838	1.2567
4203.080	337.0894	1.0125
4205.460	336.4945	1.0699
4207.840	336.5141	0.9225
4210.220	336.0512	1.0235
4212.600	336.0788	1.0536
4214.980	336.4873	1.0856
4217.360	334.9611	0.9167
4219.740	332.1947	0.9832
4222.120	332.5545	0.8216
4224.500	333.7505	1.4546
4226.880	332.4682	0.9142
4229.260	331.5222	0.9065
4231.640	329.3623	1.3724
4234.020	329.6517	1.0249
4236.400	329.9971	0.9020
4238.780	329.2824	0.8871
4241.160	328.3346	0.9564
4243.540	327.2113	0.9538
4245.920	326.8207	0.9132
4248.300	326.4619	1.0016
4250.680	325.7220	1.0227
4253.060	324.0474	0.9831
4255.440	322.9115	1.0128
4257.820	323.5192	0.9581
4260.200	322.6369	0.9368
4262.580	321.7441	0.9731
4264.960	320.2400	1.0697
4267.340	319.3824	1.0316
4269.720	319.3228	1.0513
4272.100	319.2204	1.2057
4274.480	317.1455	0.9386
4276.860	316.1254	0.9385
4279.240	315.5497	0.9611
4281.620	314.7816	0.9265
4284.000	313.9960	0.9915
4286.380	314.0304	1.0070
4288.760	313.0644	1.1282
4291.140	311.3067	0.9543
4293.520	310.4936	1.0549
4295.900	310.1640	1.1280
4298.280	309.8915	1.1228
4300.660	309.6854	1.0398
4303.040	309.3152	0.9982
4305.420	307.9763	0.8729
4307.800	308.1593	1.2407
4310.180	307.2378	1.4327
4312.560	304.2007	1.0580
4314.940	302.1309	1.2290
4317.320	298.5883	1.7377
4319.700	298.1812	1.3395
4322.080	297.7546	1.0710
4324.460	295.7419	1.3339
4326.840	290.7263	1.0197
4329.220	285.0259	1.0660
4331.600	278.3579	1.2561
4333.980	269.5536	1.1393
4336.360	257.2246	1.2489
4338.740	244.7146	1.7008
4341.120	239.2506	1.4413
4343.500	246.9351	0.8663
4345.880	261.3170	0.8276
4348.260	273.0582	0.7882
4350.640	280.4520	0.8114
4353.020	284.5714	0.7531
4355.400	287.2158	0.7024
4357.780	288.1259	0.7195
4360.160	288.8213	0.8266
4362.540	289.5932	0.8639
4364.920	290.2315	0.8366
4367.300	289.9695	0.9519
4369.680	290.1152	1.0316
4372.060	289.8834	0.9408
4374.440	289.7077	0.9244
4376.820	290.5239	1.0454
4379.200	290.9484	1.1021
4381.580	290.7096	1.0630
4383.960	290.1082	1.0929
4386.340	290.0311	1.2570
4388.720	288.3996	1.0341
4391.100	287.0702	0.7952
4393.480	286.0825	0.8777
4395.860	285.3313	0.8432
4398.240	284.8123	0.7700
4400.620	284.7959	0.7463
4403.000	284.4587	1.0088
4405.380	284.0637	0.7762
4407.760	283.7555	0.7705
4410.140	282.7966	0.8724
4412.520	282.4310	0.8546
4414.900	281.7934	0.7447
4417.280	280.4340	0.9043
4419.660	279.2983	0.8178
4422.040	278.5977	0.8739
4424.420	278.3432	0.8826
4426.800	277.9390	0.7991
4429.180	277.2133	0.7948
4431.560	277.3682	0.8736
4433.940	277.3515	0.8146
4436.320	276.4062	0.8541
4438.700	275.8304	0.7639
4441.080	273.9642	0.9119
4443.460	273.9992	0.7392
4445.840	273.1619	0.8041
4448.220	271.3784	0.8488
4450.600	271.5740	0.8310
4452.980	272.3145	0.8123
4455.360	272.5407	0.8060
4457.740	271.2388	0.8573
4460.120	270.1908	0.7376
4462.500	270.1123	0.7120
4464.880	270.4525	0.9346
4467.260	270.0516	1.3653
4469.640	269.0941	1.3406
4472.020	267.1449	0.9288
4474.400	266.2041	0.6485
4476.780	266.2935	0.7136
4479.160	265.9065	0.7045
4481.540	264.9829	0.6946
4483.920	264.5457	0.6987
4486.300	263.6218	0.6960
4488.680	262.6230	0.7141
4491.060	262.4902	0.7191
4493.440	262.2888	0.9162
4495.820	262.0490	0.8320
4498.200	262.0200	0.8483
4500.580	261.2945	0.8596
4502.960	260.7216	0.8561
4505.340	259.6529	0.9196
4507.720	258.6402	0.8642
4510.100	258.3091	0.7889
4512.480	257.3576	0.7569
4514.860	257.1788	0.7086
4517.240	256.8038	0.7875
4519.620	256.7579	0.7576
4522.000	255.6171	0.8558
4524.380	255.5418	0.7107
4526.760	255.0889	0.7698
4529.140	254.2101	0.8356
4531.520	253.1208	0.9678
4533.900	252.1794	0.9933
4536.280	251.4292	1.0532
4538.660	249.1763	1.1583
4541.040	247.5966	0.9236
4543.420	247.5711	0.8094
4545.800	247.9455	0.8255
4548.180	248.3866	0.7378
4550.560	248.7731	0.6937
4552.940	248.4877	0.6821
4555.320	248.7997	0.6277
4557.700	248.3474	0.6188
4560.080	248.2195	0.6650
4562.460	247.5973	0.6724
4564.840	246.9683	0.6250
4567.220	246.9346	0.6644
4569.600	246.2592	0.6488
4571.980	246.1709	0.7434
4574.360	246.0648	0.7355
4576.740	245.2829	0.7305
4579.120	244.5737	0.7792
4581.500	243.9961	0.7672
4583.880	243.5471	0.7292
4586.260	242.9992	0.7676
4588.640	242.2996	0.8504
4591.020	242.0740	0.7575
4593.400	241.3922	0.6475
4595.780	240.8633	0.7217
4598.160	240.7095	0.6382
4600.540	240.1459	0.6909
4602.920	239.0579	0.7430
4605.300	238.1663	0.8573
4607.680	237.2185	0.8264
4610.060	236.5329	0.7631
4612.440	236.5942	0.6920
4614.820	236.3342	0.6693
4617.200	236.5166	0.6797
4619.580	236.2772	0.6418
4621.960	235.1836	0.6734
4624.340	234.4179	0.6933
4626.720	234.4407	0.6993
4629.100	234.3548	0.7296
4631.480	233.6313	0.7586
4633.860	233.8569	0.6279
4636.240	233.5647	0.5910
4638.620	233.0099	0.7166
4641.000	232.2883	0.8258
4643.380	230.3642	0.6902
4645.760	229.9937	0.6289
4648.140	230.5831	0.6051
4650.520	229.4906	0.7856
4652.900	228.9518	0.7591
4655.280	229.3185	0.6831
4657.660	228.1852	0.7079
4660.040	227.6105	0.6686
4662.420	228.0961	0.6683
4664.800	227.8437	0.7549
4667.180	227.3429	0.7537
4669.560	226.7704	0.7444
4671.940	225.5084	0.6861
4674.320	224.5958	0.8100
4676.700	223.2610	0.8581
4679.080	220.6851	0.9233
4681.460	213.1552	1.1656
4683.840	200.9929	1.1374
4686.220	194.8908	1.1257
4688.600	203.4363	0.9651
4690.980	214.3334	0.5411
4693.360	218.8213	0.5376
4695.740	220.1268	0.5172
4698.120	220.7401	0.4946
4700.500	220.6069	0.5346
4702.880	220.2693	0.6780
4705.260	219.8351	0.7519
4707.640	219.3228	0.6065
4710.020	219.9966	0.7224
4712.400	219.2789	0.8108
4714.780	218.1887	0.6785
4717.160	217.5026	0.6117
4719.540	217.4339	0.6131
4721.920	216.6350	0.6595
4724.300	216.0219	0.6638
4726.680	215.7993	0.7040
4729.060	216.1241	0.7479
4731.440	215.4660	0.7923
4733.820	214.6400	0.6827
4736.200	214.0417	0.6853
4738.580	213.7842	0.5549
4740.960	213.5051	0.6432
4743.340	213.2082	0.6680
4745.720	212.9313	0.7433
4748.100	212.6689	0.6799
4750.480	212.1954	0.6882
4752.860	211.0866	0.6883
4755.240	210.4366	0.7380
4757.620	209.9725	0.6029
4760.000	209.1242	0.6494
4762.380	208.8998	0.7047
4764.760	208.9694	0.6663
4767.140	208.4514	0.6783
4769.520	207.1588	0.7732
4771.900	206.6231	0.6787
4774.280	206.9183	0.6148
4776.660	206.8271	0.5848
4779.040	206.0619	0.5836
4781.420	205.5026	0.5936
4783.800	205.2321	0.6057
4786.180	205.3122	0.5550
4788.560	204.8638	0.5681
4790.940	203.4486	0.5893
4793.320	203.1678	0.5567
4795.700	203.1093	0.6102
4798.080	202.3312	0.6177
4800.460	202.1055	0.5968
4802.840	202.1147	0.6382
4805.220	201.9070	0.6592
4807.600	201.3649	0.6671
4809.980	200.8573	0.6838
4812.360	200.6458	0.5680
4814.740	199.6164	0.5326
4817.120	198.7762	0.6034
4819.500	198.2891	0.6624
4821.880	198.7780	0.7041
4824.260	199.3291	0.6097
4826.640	199.3254	0.6240
4829.020	197.7249	0.7044
4831.400	196.3840	0.7187
4833.780	195.6681	0.6689
4836.160	194.7302	0.6796
4838.540	194.3323	0.6371
4840.920	193.4290	0.6277
4843.300	191.6112	0.7364
4845.680	189.2174	0.7974
4848.060	187.0067	0.7035
4850.440	184.2561	0.7070
4852.820	179.3196	0.7482
4855.200	171.6022	0.7786
4857.580	161.8060	0.9255
4859.960	153.6179	0.9336
4862.340	152.9611	0.8260
4864.720	159.9469	0.4149
4867.100	169.2877	0.3980
4869.480	176.6911	0.4089
4871.860	180.8449	0.4478
4874.240	183.4222	0.4757
4876.620	184.8509	0.5582
4879.000	186.6666	0.5733
4881.380	187.4054	0.5942
4883.760	186.9866	0.6604
4886.140	187.7502	0.5837
4888.520	188.5134	0.6591
4890.900	188.0776	0.5771
4893.280	187.4803	0.5856
4895.660	187.2299	0.6268
4898.040	187.1386	0.6760
4900.420	187.4415	0.5778
4902.800	187.7959	0.5924
4905.180	187.5956	0.6144
4907.560	187.1086	0.6081
4909.940	186.6502	0.5735
4912.320	186.0671	0.5700
4914.700	186.1726	0.5973
4917.080	186.0908	0.8044
4919.460	186.4958	0.9569
4921.840	186.3979	0.8349
4924.220	185.0399	0.5305
4926.600	184.3845	0.5516
4928.980	184.4008	0.5473
4931.360	184.6848	0.4754
4933.740	185.4237	0.5672
4936.120	185.3655	0.7109
4938.500	185.1826	0.6157
4940.880	183.1007	0.6316
4943.260	182.2205	0.5726
4945.640	182.3318	0.4830
4948.020	182.6686	0.5358
4950.400	181.9985	0.6410
4952.780	181.5352	0.5829
4955.160	181.9213	0.5941
4957.540	181.2036	0.5868
4959.920	180.5150	0.5283
4962.300	179.9734	0.5413
4964.680	179.6811	0.5522
4967.060	179.4467	0.5178
4969.440	179.3298	0.5384
4971.820	179.4606	0.5395
4974.200	178.9494	0.5744
4976.580	178.7055	0.5941
4978.960	178.2268	0.6658
4981.340	177.7794	0.6287
4983.720	177.1991	0.5920
4986.100	176.2761	0.5824
4988.480	176.2449	0.5857
4990.860	176.2501	0.5142
4993.240	176.0733	0.5331
4995.620	175.5587	0.5298
4998.000	175.1831	0.5557
5000.380	175.1958	0.5323
5002.760	175.2705	0.5810
5005.140	174.5750	0.6058
5007.520	173.6515	0.5846
5009.900	173.6439	0.6515
5012.280	173.1252	0.6176
5014.660	172.8598	0.5919
5017.040	172.2231	0.5090
5019.420	171.8306	0.5109
5021.800	171.4847	0.5541
5024.180	170.8242	0.5963
5026.560	170.4919	0.5438
5028.940	170.4701	0.5239
5031.320	170.1416	0.5794
5033.700	170.1056	0.6042
5036.080	169.5558	0.6332
5038.460	168.7705	0.6094
5040.840	168.3437	0.5990
5043.220	168.4396	0.5741
5045.600	168.2971	0.5953
5047.980	168.0990	0.5902
5050.360	167.7988	0.5028
5052.740	167.6995	0.5265
5055.120	167.3766	0.5468
5057.500	166.4351	0.5620
5059.880	166.3306	0.5625
5062.260	166.0848	0.5025
5064.640	166.0862	0.4914
5067.020	165.9244	0.5956
5069.400	165.6642	0.5557
5071.780	165.1042	0.5571
5074.160	164.9529	0.5816
5076.540	164.7211	0.5469
5078.920	164.7165	0.5508
5081.300	163.9279	0.5064
5083.680	163.7187	0.5137
5086.060	163.6547	0.5164
5088.440	163.2662	0.5530
5090.820	162.6070	0.5552
5093.200	162.2773	0.5449
5095.580	162.3017	0.5678
5097.960	161.9534	0.6145
5098.200	161.2875	0.4621
5100.340	161.7485	0.5879
5101.130	161.2359	0.5965
5102.720	161.4405	0.5589
5104.060	160.8497	0.5503
5105.100	161.2130	0.5095
5106.990	160.5370	0.4247
5107.480	160.8844	0.4573
5109.860	160.5686	0.4744
5109.920	160.3064	0.4595
5112.240	160.3502	0.4195
5112.850	160.1244	0.4473
5114.620	159.9340	0.5379
5115.780	159.6210	0.5315
5117.000	159.6103	0.5324
5118.710	158.9057	0.5497
5119.380	159.4665	0.5331
5121.640	158.7204	0.4947
5121.760	159.3995	0.5760
5124.140	159.0306	0.5093
5124.570	157.9076	0.6279
5126.520	158.6560	0.4912
5127.500	157.9741	0.3958
5128.900	158.7848	0.4233
5130.430	157.6220	0.4164
5131.280	158.4119	0.5490
5133.360	156.8746	0.4800
5133.660	158.1513	0.5349
5136.040	157.5190	0.5257
5136.290	156.1692	0.4919
5138.420	157.0592	0.5306
5139.220	155.5638	0.5134
5140.800	156.8883	0.5708
5142.150	155.7217	0.5109
5143.180	156.8890	0.5735
5145.080	155.6029	0.5146
5145.560	156.7661	0.5850
5147.940	156.1581	0.5940
5148.010	155.0214	0.5184
5150.320	155.9089	0.5000
5150.940	154.8996	0.3639
5153.870	154.7359	0.4772
5156.800	154.6463	0.4275
5159.730	154.0407	0.4707
5162.660	153.5370	0.5150
5165.590	151.6318	0.8773
5168.520	152.1256	0.6646
5171.450	152.7142	0.4577
5174.380	153.3008	0.5209
5177.310	153.2974	0.6298
5180.240	151.4958	0.5100
5183.170	151.0453	0.7031
5186.100	151.9133	0.5395
5189.030	151.4600	0.5235
5191.960	150.9143	0.4770
5194.890	150.6193	0.4432
5197.820	150.6431	0.4374
5200.750	149.9881	0.4792
5203.680	149.5371	0.4152
5206.610	149.4097	0.5063
5209.540	149.7558	0.4455
5212.470	149.3571	0.5523
5215.400	148.1109	0.4420
5218.330	147.9825	0.4110
5221.260	147.8673	0.4059
5224.190	146.9443	0.4127
5227.120	147.1677	0.4949
5230.050	147.2253	0.4240
5232.980	146.3498	0.4144
5235.910	146.1290	0.4555
5238.840	146.3938	0.5038
5241.770	145.6161	0.4552
5244.700	145.1179	0.3756
5247.630	144.9281	0.3808
5250.560	144.4286	0.4268
5253.490	144.2193	0.4167
5256.420	144.2895	0.3764
5259.350	143.9917	0.3543
5262.280	142.6519	0.4781
5265.210	142.7164	0.4369
5268.140	142.6021	0.3694
5271.070	142.7171	0.4559
5274.000	142.5913	0.4577
5276.930	142.1465	0.4272
5279.860	141.7487	0.3196
5282.790	141.3893	0.3375
5285.720	141.4943	0.3949
5288.650	141.3190	0.3691
5291.580	140.6076	0.3785
5294.510	140.0028	0.3815
5297.440	139.9606	0.3790
5300.370	139.6916	0.3762
5303.300	139.3628	0.4072
5306.230	139.3895	0.3560
5309.160	138.7395	0.3614
5312.090	138.1605	0.3297
5315.020	137.6307	0.3645
5317.950	137.6559	0.4152
5320.880	137.4255	0.4165
5323.810	137.0144	0.4399
5326.740	136.1766	0.4680
5329.670	136.5351	0.4378
5332.600	136.6065	0.4145
5335.530	136.3608	0.3596
5338.460	135.7455	0.4070
5341.390	135.1279	0.3908
5344.320	135.1960	0.3831
5347.250	135.1270	0.3682
5350.180	134.9297	0.3584
5353.110	134.2002	0.4286
5356.040	134.1283	0.3942
5358.970	133.9414	0.3406
5361.900	133.5495	0.4191
5364.830	133.5836	0.4027
5367.760	133.3839	0.3300
5370.690	132.3652	0.3655
5373.620	132.6702	0.4089
5376.550	132.7715	0.4367
5379.480	131.9286	0.3169
5382.410	131.3138	0.3653
5385.340	131.2312	0.3317
5388.270	130.8896	0.3215
5391.200	130.2800	0.3565
5394.130	129.7158	0.3371
5397.060	129.4099	0.3342
5399.990	128.6455	0.3501
5402.920	127.5442	0.3946
5405.850	126.0371	0.4058
5408.780	124.1681	0.3816
5411.710	123.3418	0.3706
5414.640	124.1362	0.3773
5417.570	125.8519	0.3168
5420.500	126.7232	0.3252
5423.430	127.1855	0.3033
5426.360	127.2386	0.3691
5429.290	126.9250	0.3106
5432.220	126.9043	0.3025
5435.150	126.8137	0.3402
5438.080	126.2733	0.3459
5441.010	126.1619	0.3514
5443.940	125.7705	0.3767
5446.870	125.6097	0.3033
5449.800	125.0320	0.3087
5452.730	124.5989	0.2635
5455.660	124.4638	0.2336
5458.590	124.1610	0.2535
5461.520	123.8380	0.2472
5464.450	123.5848	0.2419
5467.380	123.4957	0.2715
5470.310	123.3269	0.2925
5473.240	123.1542	0.3012
5476.170	122.9243	0.3152
5479.100	122.3132	0.3110
5482.030	121.9557	0.2898
5484.960	121.8493	0.2679
5487.890	121.7798	0.2397
5490.820	121.6519	0.2851
5493.750	121.4352	0.2883
5496.680	121.4875	0.2883
5499.610	121.2578	0.2585
5502.540	120.7530	0.2583
5505.470	120.4269	0.2803
5508.400	119.9810	0.3286
5511.330	119.5130	0.3498
5514.260	119.2651	0.3064
5517.190	119.2267	0.2894
5520.120	119.3042	0.2962
5523.050	119.3159	0.3041
5525.980	119.1073	0.2675
5528.910	118.7153	0.2953
5531.840	118.1660	0.3579
5534.770	117.8960	0.3525
5537.700	117.5643	0.3436
5540.630	117.4490	0.3035
5543.560	117.4106	0.2614
5546.490	117.1105	0.2807
5549.420	116.8508	0.2857
5552.350	116.6273	0.2851
5555.280	116.3558	0.3000
5558.210	116.1414	0.3098
5561.140	115.8362	0.3262
5564.070	115.5943	0.3225
5567.000	115.6167	0.2708
5569.930	115.3513	0.2671
5572.860	114.8757	0.3004
5575.790	114.2496	0.3682
5578.720	114.0561	0.3400
5581.650	114.1118	0.3128
5584.580	114.0862	0.3399
5587.510	113.7876	0.3451
5590.440	113.5909	0.3264
5593.370	113.1778	0.3064
5596.300	112.9261	0.3039
5599.230	112.8138	0.2868
5602.160	112.4935	0.2691
5605.090	112.1330	0.2994
5608.020	111.8761	0.3314
5610.950	111.6781	0.3068
5613.880	111.4816	0.2752
5616.810	111.5208	0.2998
5619.740	111.4596	0.2758
5622.670	111.3019	0.2670
5625.600	110.9607	0.2873
5628.530	110.3983	0.3301
5631.460	110.2355	0.3060
5634.390	110.2055	0.2994
5637.320	109.8063	0.3136
5640.250	109.2345	0.3654
5643.180	109.0413	0.2957
5646.110	109.0191	0.2897
5649.040	108.9651	0.3056
5651.970	108.8515	0.2704
5654.900	108.7781	0.2592
5657.830	108.4901	0.3040
5660.760	108.2947	0.2802
5663.690	108.2046	0.2643
5666.620	107.6972	0.2600
5669.550	107.3322	0.2722
5672.480	107.1088	0.2931
5675.410	107.0141	0.3309
5678.340	106.8026	0.3298
5681.270	106.5304	0.3432
5684.200	106.4334	0.2858
5687.130	106.5391	0.2911
5690.060	106.3865	0.2663
5692.990	105.9300	0.2826
5695.920	105.5681	0.2720
5698.850	105.3309	0.2741
5701.780	105.2809	0.2587
5704.710	105.0926	0.2838
5707.640	104.9190	0.3524
5710.570	104.7908	0.3264
5713.500	104.1264	0.3162
5716.430	103.9447	0.3050
5719.360	103.9083	0.2968
5722.290	103.7493	0.2670
5725.220	103.7741	0.2598
5728.150	103.6128	0.2426
5731.080	103.4175	0.2519
5734.010	103.3179	0.2205
5736.940	103.1993	0.2357
5739.870	102.9077	0.2207
5742.800	102.5337	0.2620
5745.730	102.3494	0.2488
5748.660	102.1659	0.2739
5751.590	102.1586	0.2614
5754.520	101.8394	0.2942
5757.450	101.5004	0.2965
5760.380	101.4178	0.2886
5763.310	101.2090	0.2577
5766.240	100.9030	0.2744
5769.170	100.6593	0.2608
5772.100	100.6099	0.2351
5775.030	100.5190	0.2308
5777.960	100.5517	0.2221
5780.890	100.4787	0.2414
5783.820	100.1410	0.2678
5786.750	99.7495	0.2654
5789.680	99.5480	0.2763
5792.610	99.2684	0.2527
5795.540	99.1139	0.2603
5798.470	98.9882	0.2591
5801.400	98.7434	0.2862
5804.330	98.3991	0.2926
5807.260	98.3087	0.3060
5810.190	98.1247	0.2834
5813.120	98.0142	0.2559
5816.050	97.8685	0.2565
5818.980	97.7625	0.2342
5821.910	97.4994	0.2371
5824.840	97.3309	0.2413
5827.770	97.0476	0.2647
5830.700	96.7020	0.2655
5833.630	96.7288	0.2352
5836.560	96.5208	0.2378
5839.490	96.0434	0.2649
5842.420	95.9280	0.2346
5845.350	95.7650	0.2408
5848.280	95.6201	0.2458
5851.210	95.3981	0.2734
5854.140	95.2775	0.3034
5857.070	95.0823	0.3067
5860.000	94.7502	0.2896
5862.930	94.4601	0.2778
5865.860	94.3757	0.2810
5868.790	94.4350	0.3165
5871.720	94.7156	0.5924
5874.650	95.0253	0.6627
5877.580	94.3608	0.4292
5880.510	93.5873	0.2165
5883.440	92.9890	0.2071
5886.370	92.5302	0.3186
5889.300	92.1874	0.4476
5892.230	92.1470	0.4035
5895.160	92.0239	0.3266
5898.090	92.0405	0.2525
5901.020	91.7176	0.2709
5903.950	91.7856	0.2732
5906.880	91.6139	0.2674
5909.810	91.5908	0.2536
5912.740	91.4200	0.2375
5915.670	91.3599	0.2263
5918.600	91.1889	0.2417
5921.530	90.8342	0.2824
5924.460	90.9142	0.2843
5927.390	90.9119	0.2884
5930.320	90.8264	0.2689
5933.250	90.6398	0.2425
5936.180	90.3836	0.2213
5939.110	90.1943	0.2090
5942.040	89.8257	0.2739
5944.970	89.6309	0.2815
5947.900	89.6579	0.2618
5950.830	89.5885	0.2514
5953.760	89.4800	0.2448
5956.690	89.0486	0.2537
5959.620	88.8930	0.2152
5962.550	88.9032	0.2130
5965.480	88.6993	0.2226
5968.410	88.5306	0.2504
5971.340	88.1962	0.2777
5974.270	88.1912	0.2772
5977.200	88.0661	0.2790
5980.130	87.8910	0.2596
5983.060	87.6089	0.2599
5985.990	87.5184	0.2654
5988.920	87.3504	0.2412
5991.850	87.1538	0.2556
5994.780	87.0215	0.2522
5997.710	86.9165	0.2681
6000.640	86.5355	0.3009
6003.570	86.3981	0.2969
6006.500	86.3848	0.2889
6009.430	86.2251	0.2834
6012.360	86.1581	0.2410
6015.290	85.9280	0.2296
6018.220	85.7244	0.2373
6021.150	85.6901	0.2247
6024.080	85.6361	0.2467
6027.010	85.4340	0.2145
6029.940	85.1796	0.2329
6032.870	85.0212	0.2330
6035.800	84.8931	0.2457
6038.730	84.9335	0.1962
6041.660	84.7242	0.2109
6044.590	84.4950	0.2356
6047.520	84.2460	0.2419
6050.450	84.3045	0.2514
6053.380	83.9903	0.2703
6056.310	83.6815	0.2640
6059.240	83.4474	0.2584
6062.170	83.4736	0.2510
6065.100	83.5164	0.2284
6068.030	83.3779	0.2157
6070.960	83.1147	0.2183
6073.890	83.0193	0.2042
6076.820	82.8565	0.2244
6079.750	82.6757	0.2187
6082.680	82.4842	0.2203
6085.610	82.2045	0.2529
6088.540	82.1711	0.2112
6091.470	82.0348	0.2345
6094.400	81.6264	0.2321
6097.330	81.5541	0.2161
6100.260	81.6145	0.2300
6103.190	81.5384	0.2182
6106.120	81.2762	0.2007
6109.050	80.9697	0.2196
6111.980	80.7407	0.2280
6114.910	80.7389	0.2254
6117.840	80.6584	0.2288
6120.770	80.4263	0.2179
6123.700	80.3091	0.2153
6126.630	80.1664	0.2254
6129.560	80.1551	0.2244
6132.490	80.2011	0.2076
6135.420	80.2043	0.2149
6138.350	79.9384	0.2363
6141.280	79.6660	0.2151
6144.210	79.5621	0.2041
6147.140	79.3288	0.2159
6150.070	79.1140	0.1998
6153.000	78.9608	0.1896
6155.930	78.7006	0.1959
6158.860	78.4493	0.2492
6161.790	78.3111	0.2864
6164.720	78.1046	0.2734
6167.650	78.0020	0.2519
6170.580	78.0197	0.2044
6173.510	77.7749	0.2055
6176.440	77.5667	0.1961
6179.370	77.3464	0.1944
6182.300	77.2040	0.1895
6185.230	77.0683	0.1854
6188.160	77.0598	0.2043
6191.090	76.8688	0.2346
6194.020	76.7400	0.2183
6196.950	76.5431	0.2208
6199.880	76.5995	0.2028
6202.810	76.4842	0.1887
6205.740	76.2681	0.1865
6208.670	76.0327	0.1941
6211.600	75.8783	0.2012
6214.530	75.6682	0.2080
6217.460	75.4662	0.2213
6220.390	75.2112	0.1976
6223.320	75.0404	0.1968
6226.250	74.9684	0.2102
6229.180	74.9216	0.2241
6232.110	74.8506	0.2037
6235.040	74.6797	0.1931
6237.970	74.4894	0.2292
6240.900	74.3610	0.2216
6243.830	74.4049	0.2133
6246.760	74.2263	0.2051
6249.690	74.0204	0.2057
6252.620	74.0543	0.1959
6255.550	73.9548	0.1963
6258.480	73.8243	0.1803
6261.410	73.5719	0.1956
6264.340	73.3706	0.2228
6267.270	73.2704	0.2043
6270.200	73.1598	0.2222
6273.130	73.0094	0.2019
6276.060	73.0418	0.1922
6278.990	73.1776	0.1991
6281.920	73.1736	0.2156
6284.850	73.0530	0.2470
6287.780	72.9282	0.2122
6290.710	72.7949	0.1819
6293.640	72.6293	0.1812
6296.570	72.6001	0.1896
6299.500	72.4510	0.1912
6302.430	72.2602	0.1915
6305.360	72.0834	0.2106
6308.290	71.9835	0.2351
6311.220	71.8473	0.2216
6314.150	71.7668	0.2564
6317.080	71.4682	0.2248
6320.010	71.1228	0.1981
6322.940	70.7307	0.2145
6325.870	70.3932	0.2228
6328.800	70.2052	0.2154
6331.730	70.1189	0.1647
6334.660	70.0668	0.1719
6337.590	70.1137	0.1694
6340.520	70.2456	0.1651
6343.450	70.2187	0.1619
6346.380	70.1746	0.1370
6349.310	70.1245	0.1566
6352.240	69.9961	0.1597
6355.170	69.9419	0.1739
6358.100	69.9891	0.1716
6361.030	69.8051	0.1607
6363.960	69.4751	0.1760
6366.890	69.2409	0.1818
6369.820	69.0506	0.2040
6372.750	68.9039	0.2004
6375.680	68.7854	0.1968
6378.610	68.7045	0.1931
6381.540	68.5545	0.1800
6384.470	68.5377	0.1724
6387.400	68.4930	0.2077
6390.330	68.3642	0.1751
6393.260	68.3531	0.1716
6396.190	68.2219	0.1865
6399.120	68.1632	0.1696
6402.050	67.9932	0.1759
6404.980	67.7841	0.1829
6407.910	67.6080	0.2093
6410.840	67.4512	0.2012
6413.770	67.3953	0.1871
6416.700	67.3814	0.1798
6419.630	67.3591	0.1698
6422.560	67.3782	0.1473
6425.490	67.1950	0.1783
6428.420	67.0177	0.1825
6431.350	66.8164	0.1702
6434.280	66.6173	0.1798
6437.210	66.4522	0.2090
6440.140	66.3659	0.2285
6443.070	66.2097	0.2001
6446.000	66.2092	0.1939
6448.930	66.1655	0.1966
6451.860	66.0468	0.2002
6454.790	65.9773	0.1846
6457.720	65.7949	0.2064
6460.650	65.6466	0.1969
6463.580	65.6823	0.1722
6466.510	65.6222	0.1693
6469.440	65.4340	0.1732
6472.370	65.2152	0.1765
6475.300	65.0820	0.1736
6478.230	64.9481	0.1709
6481.160	64.9124	0.1784
6484.090	64.8521	0.1771
6487.020	64.7798	0.1809
6489.950	64.7272	0.1752
6492.880	64.6983	0.2056
6495.810	64.6612	0.2262
6498.740	64.4429	0.1947
6501.670	64.1174	0.1911
6504.600	64.0384	0.2100
6507.530	64.0078	0.1990
6510.460	63.8769	0.1988
6513.390	63.7208	0.1906
6516.320	63.5446	0.2043
6519.250	63.1810	0.2055
6522.180	63.0353	0.2084
6525.110	63.0954	0.1908
6528.040	63.0313	0.1877
6530.970	62.8285	0.1819
6533.900	62.5726	0.1685
6536.830	62.3655	0.1752
6539.760	62.0093	0.1795
6542.690	61.4464	0.2178
6545.620	60.6390	0.2199
6548.550	59.5172	0.2339
6551.480	58.0605	0.2813
6554.410	56.4688	0.2963
6557.340	54.7191	0.2826
6560.270	53.4832	0.3476
6563.200	52.8235	0.3760
6566.130	53.3685	0.2498
6569.060	54.8554	0.2580
6571.990	56.4759	0.1442
6574.920	57.8120	0.1352
6577.850	58.7679	0.1385
6580.780	59.5076	0.1423
6583.710	60.0253	0.1332
6586.640	60.3774	0.1522
6589.570	60.4905	0.1939
6592.500	60.5727	0.2121
6595.430	60.6377	0.1688
6598.360	60.6968	0.1616
6601.290	60.6692	0.1664
6604.220	60.6647	0.1557
6607.150	60.5874	0.1617
6610.080	60.3936	0.1680
6613.010	60.2743	0.1673
6615.940	60.1973	0.1728
6618.870	60.1355	0.1560
6621.800	60.0318	0.1515
6624.730	59.9074	0.1677
6627.660	59.8160	0.1599
6630.590	59.7302	0.1756
6633.520	59.5781	0.1836
6636.450	59.4554	0.1762
6639.380	59.3146	0.1771
6642.310	59.2419	0.1820
6645.240	59.0321	0.1912
6648.170	58.8815	0.1634
6651.100	58.7659	0.1565
6654.030	58.6869	0.1689
6656.960	58.6532	0.1502
6659.890	58.5292	0.1661
6662.820	58.3811	0.1770
6665.750	58.2254	0.2009
6668.680	58.2467	0.1578
6671.610	58.3692	0.1705
6674.540	58.5293	0.2958
6677.470	58.5322	0.3454
6680.400	58.0971	0.2430
6683.330	57.6711	0.1743
6686.260	57.5077	0.1642
6689.190	57.4703	0.1388
6692.120	57.4209	0.1381
6695.050	57.3418	0.1650
6697.980	57.2082	0.1822
6700.910	57.1443	0.1693
6703.840	57.0347	0.1659
6706.770	56.9016	0.1569
6709.700	56.7409	0.1743
6712.630	56.6868	0.1582
6715.560	56.5610	0.1564
6718.490	56.3529	0.1661
6721.420	56.1859	0.1913
6724.350	56.0852	0.1818
6727.280	55.9903	0.1736
6730.210	55.8891	0.1810
6733.140	55.8479	0.1699
6736.070	55.8004	0.1635
6739.000	55.7894	0.1461
6741.930	55.7709	0.1438
6744.860	55.7039	0.1621
6747.790	55.6119	0.1688
6750.720	55.5540	0.1645
6753.650	55.4024	0.1741
6756.580	55.2476	0.1459
6759.510	55.1861	0.1344
6762.440	55.0887	0.1372
6765.370	54.9553	0.1553
6768.300	54.8976	0.1480
6771.230	54.8080	0.1476
6774.160	54.6827	0.1657
6777.090	54.5992	0.1544
6780.020	54.5922	0.1485
6782.950	54.5194	0.1348
6785.880	54.3628	0.1284
6788.810	54.1743	0.1423
6791.740	54.0659	0.1489
6794.670	54.0233	0.1394
6797.600	53.9722	0.1378
6800.530	53.8822	0.1419
6803.460	53.7907	0.1268
6806.390	53.7411	0.1444
6809.320	53.6867	0.1397
6812.250	53.6814	0.1168
6815.180	53.5602	0.1237
6818.110	53.4324	0.1294
6821.040	53.2658	0.1338
6823.970	53.1467	0.1522
6826.900	53.1285	0.1609
6829.830	53.0259	0.1580
6832.760	52.9762	0.1529
6835.690	52.9325	0.1520
6838.620	52.8676	0.1518
6841.550	52.7400	0.1302
6844.480	52.5395	0.1368
6847.410	52.3986	0.1437
6850.340	52.3098	0.1512
6853.270	52.1680	0.1591
6856.200	52.0340	0.1602
6859.130	51.9796	0.1686
6862.060	51.8793	0.1530
6864.990	51.7615	0.1486
6867.920	51.6008	0.1584
6870.850	51.5716	0.1409
6873.780	51.6478	0.1283
6876.710	51.6830	0.1201
6879.640	51.5821	0.1373
6882.570	51.4141	0.1607
6885.500	51.2925	0.1875
6888.430	51.2479	0.1691
6891.360	51.1784	0.1482
6894.290	51.1021	0.1363
6897.220	51.0959	0.1279
6900.150	51.0644	0.1173
6903.080	50.9889	0.1262
6906.010	50.9508	0.1267
6908.940	50.8601	0.1375
6911.870	50.7950	0.1442
6914.800	50.7089	0.1329
6917.730	50.5086	0.1299
6920.660	50.4417	0.1311
6923.590	50.4915	0.1266
6926.520	50.4993	0.1197
6929.450	50.4133	0.1209
6932.380	50.3232	0.1219
6935.310	50.2905	0.1125
6938.240	50.2132	0.1237
6941.170	50.2049	0.1193
6944.100	50.1751	0.1198
6947.030	50.0685	0.1340
6949.960	49.8736	0.1381
6952.890	49.7480	0.1309
6955.820	49.6680	0.1245
6958.750	49.6232	0.1209
6961.680	49.6340	0.1249
6964.610	49.5533	0.1369
6967.540	49.4402	0.1341
6970.470	49.3637	0.1359
6973.400	49.3770	0.1304
6976.330	49.3820	0.1298
6979.260	49.3143	0.1379
6982.190	49.1925	0.1242
6985.120	49.0510	0.1263
6988.050	48.9344	0.1312
6990.980	48.8186	0.1454
6993.910	48.7466	0.1438
6996.840	48.6982	0.1361
6999.770	48.6376	0.1407
7002.700	48.5682	0.1430
7005.630	48.4654	0.1401
7008.560	48.3426	0.1366
7011.490	48.3112	0.1312
7014.420	48.3401	0.1153
7017.350	48.2022	0.1183
7020.280	48.1302	0.1229
7023.210	48.1316	0.1319
7026.140	48.1129	0.1293
7029.070	48.0485	0.1236
7032.000	48.0806	0.1062
7034.930	48.0636	0.1039
7037.860	47.9924	0.1011
7040.790	47.9336	0.1058
7043.720	47.8165	0.1235
7046.650	47.7285	0.1205
7049.580	47.6531	0.1110
7052.510	47.5017	0.1112
7055.440	47.2898	0.1205
7058.370	47.2224	0.1465
7061.300	47.2263	0.1777
7064.230	47.2383	0.2326
7067.160	47.0636	0.1817
7070.090	46.8543	0.1148
7073.020	46.7452	0.1175
7075.950	46.7361	0.1225
7078.880	46.6889	0.1131
7081.810	46.5260	0.1070
7084.740	46.3210	0.1147
7087.670	46.2312	0.1084
7090.600	46.1144	0.1043
7093.530	46.0080	0.1091
7096.460	45.8970	0.1040
7099.390	45.8551	0.1060
7102.320	45.8836	0.1196
7105.250	45.9037	0.1336
7108.180	45.8151	0.1310
7111.110	45.7354	0.1270
7114.040	45.6735	0.1136
7116.970	45.5881	0.1207
7119.900	45.5764	0.1298
7122.830	45.5130	0.1316
7125.760	45.3479	0.1215
7128.690	45.2063	0.1090
7131.620	45.1067	0.1081
7134.550	44.9972	0.1140
7137.480	44.9738	0.1054
7140.410	44.9421	0.1069
7143.340	44.9686	0.1314
7146.270	44.9292	0.1206
7149.200	44.7649	0.1259
7152.130	44.6435	0.1267
7155.060	44.5454	0.1208
7157.990	44.5388	0.1203
7160.920	44.5085	0.1182
7163.850	44.3726	0.1346
7166.780	44.2360	0.1341
7169.710	44.2326	0.1545
7172.640	44.1771	0.1565
7175.570	44.0875	0.1467
7178.500	43.9919	0.1376
7181.430	43.9618	0.1238
7184.360	43.9377	0.1198
7187.290	43.9104	0.1083
7190.220	43.8296	0.1092
7193.150	43.7804	0.1035
7196.080	43.7421	0.1047
7199.010	43.6541	0.1233
7201.940	43.5411	0.1210
7204.870	43.4879	0.1128
7207.800	43.4589	0.1080
7210.730	43.4603	0.1028
7213.660	43.4545	0.1049
7216.590	43.4334	0.1084
7219.520	43.5183	0.1218
7222.450	43.4405	0.1693
7225.380	43.3220	0.1583
7228.310	43.1979	0.1258
7231.240	43.0745	0.1157
7234.170	43.0886	0.1119
7237.100	43.0848	0.1089
7240.030	43.0282	0.1127
7242.960	42.9410	0.1214
7245.890	42.8613	0.1344
7248.820	42.8333	0.1253
7251.750	42.7359	0.1241
7254.680	42.6044	0.1158
7257.610	42.5859	0.1057
7260.540	42.5484	0.0953
7263.470	42.4836	0.1082
7266.400	42.4483	0.1067
7269.330	42.3239	0.1255
7272.260	42.2645	0.1245
7275.190	42.2317	0.1223
7278.120	42.3080	0.1371
7281.050	42.3338	0.1470
7283.980	42.2338	0.1222
7286.910	42.0893	0.1274
7289.840	41.9699	0.1342
7292.770	41.8815	0.1235
7295.700	41.8400	0.1213
7298.630	41.8198	0.1223
7301.560	41.7556	0.1184
7304.490	41.7700	0.1173
7307.420	41.7060	0.1143
7310.350	41.6535	0.1093
7313.280	41.6146	0.1123
7316.210	41.5417	0.1133
7319.140	41.5316	0.1019
7322.070	41.4978	0.1031
7325.000	41.3724	0.1109
7327.930	41.2950	0.1135
7330.860	41.2688	0.1120
7333.790	41.1696	0.1283
7336.720	41.0350	0.1404
7339.650	41.0656	0.1219
7342.580	41.1067	0.1092
7345.510	41.0572	0.0997
7348.440	40.9955	0.0997
7351.370	40.8760	0.1252
7354.300	40.7570	0.1311
7357.230	40.7287	0.1125
7360.160	40.6694	0.1099
7363.090	40.5516	0.1131
7366.020	40.5098	0.1106
7368.950	40.5898	0.1032
7371.880	40.6011	0.1040
7374.810	40.5530	0.0990
7377.740	40.4662	0.1085
7380.670	40.3614	0.1046
7383.600	40.3034	0.1158
7386.530	40.2826	0.1136
7389.460	40.2503	0.1070
7392.390	40.1695	0.1016
7395.320	40.0652	0.0996
7398.250	39.9273	0.0972
7401.180	39.8214	0.0970
7404.110	39.7515	0.0995
7407.040	39.7445	0.1049
7409.970	39.7177	0.1172
7412.900	39.6302	0.1271
7415.830	39.5972	0.1170
7418.760	39.6294	0.1020
7421.690	39.6441	0.1099
7424.620	39.5573	0.1106
7427.550	39.5153	0.1002
7430.480	39.5017	0.1031
7433.410	39.4013	0.1014
7436.340	39.2947	0.0996
7439.270	39.2219	0.1093
7442.200	39.1832	0.0963
7445.130	39.1665	0.1051
7448.060	39.1031	0.1081
7450.990	38.9846	0.1153
7453.920	38.8435	0.1232
7456.850	38.7830	0.1121
7459.780	38.7166	0.1159
7462.710	38.6767	0.1161
7465.640	38.6576	0.1235
7468.570	38.6670	0.1161
7471.500	38.6154	0.1180
7474.430	38.5271	0.1296
7477.360	38.4311	0.1236
7480.290	38.3980	0.1222
7483.220	38.4192	0.1106
7486.150	38.3326	0.1081
7489.080	38.2263	0.1066
7492.010	38.1089	0.1165
7494.940	38.0163	0.1180
7497.870	37.9264	0.1223
7500.800	37.9672	0.1172
7503.730	38.0131	0.1115
7506.660	37.9940	0.1075
7509.590	37.9809	0.1073
7512.520	37.9347	0.1101
7515.450	37.8950	0.0930
7518.380	37.8564	0.1044
7521.310	37.8030	0.1120
7524.240	37.7385	0.1180
7527.170	37.6699	0.1107
7530.100	37.6061	0.1107
7533.030	37.5931	0.1115
7535.960	37.5478	0.0954
7538.890	37.4614	0.1045
7541.820	37.3671	0.1130
7544.750	37.3228	0.1081
7547.680	37.2877	0.0891
7550.610	37.2488	0.0955
7553.540	37.2308	0.0902
7556.470	37.2030	0.0922
7559.400	37.1044	0.1030
7562.330	36.9866	0.1116
7565.260	36.8920	0.1284
7568.190	36.8386	0.1340
7571.120	36.8206	0.1112
7574.050	36.7932	0.0960
7576.980	36.7031	0.0931
7579.910	36.5875	0.1042
7582.840	36.5169	0.1147
7585.770	36.4261	0.1364
7588.700	36.2847	0.1420
7591.630	36.1253	0.1551
7594.560	36.0204	0.1636
7597.490	35.9906	0.1642
7600.420	35.9964	0.1479
7603.350	36.1528	0.1308
7606.280	36.3664	0.1062
7609.210	36.4736	0.1060
7612.140	36.5782	0.0915
7615.070	36.5562	0.1006
7618.000	36.2931	0.0953
7620.930	35.9615	0.1072
7623.860	35.7638	0.1377
7626.790	35.6355	0.1225
7629.720	35.5202	0.1172
7632.650	35.4939	0.1006
7635.580	35.5037	0.0823
7638.510	35.4873	0.0926
7641.440	35.4439	0.1174
7644.370	35.3920	0.1016
7647.300	35.3914	0.0944
7650.230	35.3079	0.1057
7653.160	35.2959	0.0993
7656.090	35.2747	0.1135
7659.020	35.1588	0.1251
7661.950	35.0607	0.1209
7664.880	34.9401	0.1073
7667.810	34.9028	0.0837
7670.740	34.8771	0.0863
7673.670	34.8520	0.0966
7676.600	34.8154	0.1019
7679.530	34.7535	0.1082
7682.460	34.6990	0.1000
7685.390	34.6110	0.1145
7688.320	34.5435	0.1122
7691.250	34.4986	0.1093
7694.180	34.4128	0.0972
7697.110	34.3184	0.0928
7700.040	34.2983	0.0944
7702.970	34.3190	0.0929
7705.900	34.2942	0.0919
7708.830	34.2829	0.0936
7711.760	34.2898	0.0997
7714.690	34.2832	0.1004
7717.620	34.2383	0.0872
7720.550	34.1693	0.1052
7723.480	34.1285	0.1130
7726.410	34.1282	0.1020
7729.340	34.0519	0.1081
7732.270	33.9750	0.1100
7735.200	33.8755	0.0928
7738.130	33.8711	0.0964
7741.060	33.8456	0.0857
7743.990	33.7162	0.0974
7746.920	33.6467	0.0886
7749.850	33.6462	0.0818
7752.780	33.5504	0.0860
7755.710	33.5088	0.0938
7758.640	33.4868	0.0829
7761.570	33.4220	0.0940
7764.500	33.3443	0.0899
7767.430	33.3237	0.0809
7770.360	33.3355	0.0996
7773.290	33.3149	0.1084
7776.220	33.2747	0.0975
7779.150	33.1394	0.1006
7782.080	33.0591	0.0857
7785.010	33.0055	0.0929
7787.940	32.9437	0.0892
7790.870	32.9171	0.0820
7793.800	32.8695	0.0817
7796.730	32.8901	0.0842
7799.660	32.9042	0.0857
7802.590	32.8446	0.0988
7805.520	32.7824	0.1127
7808.450	32.7213	0.1029
7811.380	32.7222	0.0933
7814.310	32.7280	0.0864
7817.240	32.6143	0.0914
7820.170	32.5647	0.0894
7823.100	32.5461	0.0875
7826.030	32.4997	0.0906
7828.960	32.4266	0.0982
7831.890	32.3377	0.1080
7834.820	32.2891	0.0972
7837.750	32.2442	0.0924
7840.680	32.2172	0.0876
7843.610	32.1426	0.0854
7846.540	32.0331	0.0983
7849.470	32.0143	0.1058
7852.400	32.0361	0.1013
7855.330	32.0427	0.1087
7858.260	32.0310	0.0938
7861.190	32.0038	0.0896
7864.120	31.9831	0.0927
7867.050	31.9035	0.0987
7869.980	31.7894	0.1064
7872.910	31.7098	0.0983
7875.840	31.6603	0.0972
7878.770	31.6431	0.0907
7881.700	31.6112	0.0907
7884.630	31.5194	0.0992
7887.560	31.5238	0.0959
7890.490	31.5672	0.0820
7893.420	31.6737	0.0823
7896.350	31.7393	0.0883
7899.280	31.6959	0.1056
7902.210	31.5951	0.1029
7905.140	31.4590	0.1040
7908.070	31.3466	0.1051
7911.000	31.2365	0.1115
7913.930	31.1251	0.1073
7916.860	31.0896	0.1016
7919.790	31.0820	0.0911
7922.720	31.0034	0.1084
7925.650	30.9823	0.0944
7928.580	31.0026	0.0875
7931.510	30.9797	0.0928
7934.440	30.8925	0.0925
7937.370	30.8799	0.0874
7940.300	30.8710	0.0799
7943.230	30.8846	0.0770
7946.160	30.8443	0.0793
7949.090	30.7853	0.0810
7952.020	30.7330	0.0827
7954.950	30.6851	0.0842
7957.880	30.5893	0.0941
7960.810	30.5293	0.1019
7963.740	30.4837	0.1051
7966.670	30.4831	0.0975
7969.600	30.4372	0.0925
7972.530	30.4714	0.1005
7975.460	30.4413	0.0927
7978.390	30.4655	0.0966
7981.320	30.4155	0.0897
7984.250	30.4024	0.0890
7987.180	30.3198	0.0999
7990.110	30.2410	0.1023
7993.040	30.2087	0.0919
7995.970	30.1409	0.0895
7998.900	30.0743	0.0849
8001.830	30.0341	0.0812
8004.760	30.0598	0.0697
8007.690	30.0636	0.0635
8010.620	30.0784	0.0621
8013.550	30.0919	0.0705
8016.480	30.1112	0.0867
8019.410	30.1396	0.0935
8022.340	30.0170	0.0913
8025.270	29.9911	0.0853
8028.200	29.9450	0.0995
8031.130	29.8575	0.0895
8034.060	29.7275	0.0806
8036.990	29.5941	0.0829
8039.920	29.5364	0.0842
8042.850	29.4591	0.0814
8045.780	29.4539	0.0825
8048.710	29.4222	0.0874
8051.640	29.3515	0.0908
8054.570	29.3213	0.1067
8057.500	29.2953	0.0917
8060.430	29.2642	0.0806
8063.360	29.3287	0.0827
8066.290	29.3772	0.0722
8069.220	29.3646	0.0898
8072.150	29.3412	0.0860
8075.080	29.2886	0.0873
8078.010	29.2267	0.0970
8080.940	29.0999	0.1018
8083.870	29.0545	0.0912
8086.800	28.9981	0.0816
8089.730	28.9380	0.0820
8092.660	28.9128	0.0814
8095.590	28.8616	0.0827
8098.520	28.7913	0.0821
8101.450	28.7087	0.0889
8104.380	28.7420	0.0878
8107.310	28.7014	0.0937
8110.240	28.6815	0.0846
8113.170	28.6602	0.0917
8116.100	28.6260	0.1008
8119.030	28.6188	0.0942
8121.960	28.6660	0.0905
8124.890	28.7135	0.0795
8127.820	28.7324	0.0712
8130.750	28.6693	0.0778
8133.680	28.5276	0.0724
8136.610	28.4010	0.0798
8139.540	28.2904	0.0820
8142.470	28.2508	0.0867
8145.400	28.2335	0.0707
8148.330	28.2315	0.0699
8151.260	28.2214	0.0725
8154.190	28.2197	0.0779
8157.120	28.1886	0.0877
8160.050	28.1013	0.0870
8162.980	28.0695	0.0930
8165.910	28.0613	0.0993
8168.840	27.9527	0.1156
8171.770	27.8922	0.1095
8174.700	27.8617	0.0991
8177.630	27.7678	0.0960
8180.560	27.5535	0.1046
8183.490	27.3973	0.1105
8186.420	27.4285	0.0952
8189.350	27.4502	0.0911
8192.280	27.3888	0.0864
8195.210	27.2805	0.0915
8198.140	27.3128	0.0731
8201.070	27.4264	0.0712
8204.000	27.4116	0.0764
8206.930	27.3809	0.0826
8209.860	27.4376	0.0737
8212.790	27.4544	0.0712
8215.720	27.4301	0.0629
8218.650	27.3551	0.0745
8221.580	27.2447	0.0887
8224.510	27.1443	0.0997
8227.440	27.0557	0.1196
8230.370	27.0101	0.1429
8233.300	27.0152	0.1232
8236.230	26.9906	0.1018
8239.160	26.9571	0.0866
8242.090	26.9205	0.0614
8245.020	26.9733	0.0616
8247.950	26.9823	0.0704
8250.880	26.9095	0.0682
8253.810	26.8363	0.0742
8256.740	26.7792	0.0900
8259.670	26.8167	0.0793
8262.600	26.7724	0.0751
8265.530	26.7004	0.0753
8268.460	26.6553	0.0757
8271.390	26.6833	0.0681
8274.320	26.7364	0.0623
8277.250	26.7295	0.0590
8280.180	26.6351	0.0721
8283.110	26.5864	0.0669
8286.040	26.5217	0.0691
8288.970	26.4471	0.0758
8291.900	26.4301	0.0814
8294.830	26.3243	0.0807
8297.760	26.2148	0.0834
8300.690	26.2018	0.0705
8303.620	26.2691	0.0587
8306.550	26.2498	0.0699
8309.480	26.2614	0.0822
8312.410	26.2382	0.0806
8315.340	26.2501	0.0901
8318.270	26.1733	0.0871
8321.200	26.1828	0.0829
8324.130	26.1474	0.0784
8327.060	26.0406	0.0942
8329.990	25.9410	0.0958
8332.920	25.9522	0.0939
8335.850	25.8813	0.0911
8338.780	25.8609	0.0883
8341.710	25.8011	0.0911
8344.640	25.7350	0.0864
8347.570	25.7570	0.0707
8350.500	25.6578	0.0812
8353.430	25.5537	0.0853
8356.360	25.5886	0.0723
8359.290	25.6225	0.0744
8362.220	25.5371	0.0902
8365.150	25.5270	0.0904
8368.080	25.5195	0.0731
8371.010	25.6140	0.0653
8373.940	25.6012	0.0618
8376.870	25.4821	0.0816
8379.800	25.3709	0.0942
8382.730	25.3677	0.0986
8385.660	25.4458	0.0798
8388.590	25.3717	0.0698
8391.520	25.3697	0.0677
8394.450	25.2867	0.0811
8397.380	25.2038	0.0848
8400.310	25.2112	0.0733
8403.240	25.2677	0.0572
8406.170	25.2575	0.0543
8409.100	25.1956	0.0652
8412.030	25.0553	0.0823
8414.960	24.9470	0.0948
8417.890	25.0391	0.0681
8420.820	25.1608	0.0579
8423.750	25.0915	0.0603
8426.680	24.9062	0.0797
8429.610	24.7699	0.1023
8432.540	24.7394	0.0818
8435.470	24.7302	0.0826
8438.400	24.6862	0.0802
8441.330	24.7723	0.0719
8444.260	24.7648	0.0652
8447.190	24.6740	0.0692
8450.120	24.5677	0.1052
8453.050	24.5240	0.0775
8455.980	24.5369	0.0687
8458.910	24.5316	0.0896
8461.840	24.5364	0.0910
8464.770	24.5358	0.0921
8467.700	24.5410	0.0862
8470.630	24.5392	0.0734
8473.560	24.4967	0.0735
8476.490	24.4650	0.0799
8479.420	24.4594	0.0795
8482.350	24.4466	0.0774
8485.280	24.3817	0.0975
8488.210	24.3397	0.0939
8491.140	24.3204	0.0901
8494.070	24.4297	0.1179
8497.000	24.4492	0.1645
8499.930	24.2302	0.1203
8502.860	23.9775	0.0916
8505.790	23.9355	0.0940
8508.720	23.9243	0.0870
8511.650	23.8866	0.0767
8514.580	23.8052	0.0895
8517.510	23.7150	0.0820
8520.440	23.6947	0.0773
8523.370	23.7365	0.0772
8526.300	23.7573	0.0870
8529.230	23.6803	0.1054
8532.160	23.6954	0.0925
8535.090	23.7517	0.0879
8538.020	23.9707	0.1882
8540.950	24.0365	0.2384
8543.880	23.8475	0.1713
8546.810	23.5960	0.0949
8549.740	23.6137	0.1097
8552.670	23.5881	0.0940
8555.600	23.5666	0.0726
8558.530	23.5246	0.0681
8561.460	23.5767	0.0710
8564.390	23.6446	0.0739
8567.320	23.6774	0.0716
8570.250	23.5838	0.0729
8573.180	23.5378	0.0790
8576.110	23.4758	0.0824
8579.040	23.4235	0.0882
8581.970	23.3299	0.0973
8584.900	23.2184	0.0925
8587.830	23.1993	0.0874
8590.760	23.2406	0.0666
8593.690	23.2352	0.0632
8596.620	23.1729	0.0643
8599.550	23.0704	0.0814
8602.480	23.0839	0.0753
8605.410	23.1449	0.0591
8608.340	23.1687	0.0501
8611.270	23.1642	0.0515
8614.200	23.1749	0.0638
8617.130	23.1733	0.0566
8620.060	23.0489	0.0774
8622.990	22.9224	0.1085
8625.920	22.8696	0.0919
8628.850	22.9254	0.0800
8631.780	22.9125	0.0715
8634.710	22.7957	0.0898
8637.640	22.7221	0.0933
8640.570	22.6981	0.0907
8643.500	22.7025	0.0804
8646.430	22.6589	0.0779
8649.360	22.5254	0.0824
8652.290	22.4533	0.0843
8655.220	22.6086	0.0555
8658.150	22.7355	0.1641
8661.080	22.7947	0.2016
8664.010	22.6294	0.1517
8666.940	22.4213	0.0944
8669.870	22.4055	0.0871
8672.800	22.3534	0.0798
8675.730	22.3165	0.0782
8678.660	22.3238	0.0774
8681.590	22.3467	0.0726
8684.520	22.3200	0.0689
8687.450	22.2520	0.0703
8690.380	22.1987	0.0700
8693.310	22.2438	0.0669
8696.240	22.3113	0.0641
8699.170	22.3207	0.0669
8702.100	22.3252	0.0699
8705.030	22.2580	0.0727
8707.960	22.2278	0.0705
8710.890	22.1992	0.0679
8713.820	22.1926	0.0669
8716.750	22.1109	0.0584
8719.680	22.0185	0.0624
8722.610	21.9655	0.0698
8725.540	21.9912	0.0575
8728.470	22.0046	0.0490
8731.400	22.0211	0.0502
8734.330	21.9813	0.0559
8737.260	21.9199	0.0630
8740.190	21.8934	0.0594
8743.120	21.9020	0.0597
8746.050	21.8762	0.0601
8748.980	21.8682	0.0581
8751.910	21.8703	0.0673
8754.840	21.8320	0.0604
8757.770	21.8394	0.0603
8760.700	21.8341	0.0660
8763.630	21.8277	0.0689
8766.560	21.7686	0.0757
8769.490	21.7485	0.0791
8772.420	21.6970	0.0789
8775.350	21.5720	0.0778
8778.280	21.5287	0.0705
8781.210	21.4726	0.0799
8784.140	21.4077	0.0810
8787.070	21.4281	0.0812
8790.000	21.4798	0.0670
8792.930	21.4791	0.0576
8795.860	21.4137	0.0532
8798.790	21.3412	0.0570
8801.720	21.3466	0.0692
8804.650	21.4031	0.0887
8807.580	21.3887	0.0800
8810.510	21.3627	0.0821
8813.440	21.3727	0.0862
8816.370	21.2600	0.0818
8819.300	21.1550	0.0769
8822.230	21.0561	0.0753
8825.160	20.9918	0.0798
8828.090	21.0372	0.0664
8831.020	21.1260	0.0667
8833.950	21.1163	0.0671
8836.880	21.2016	0.0629
8839.810	21.2206	0.0515
8842.740	21.1409	0.0545
8845.670	21.0099	0.0671
8848.600	20.8851	0.0872
8851.530	20.9061	0.0841
8854.460	20.8990	0.0770
8857.390	20.8613	0.0688
8860.320	20.8694	0.0546
8863.250	20.7884	0.0657
8866.180	20.7373	0.0730
8869.110	20.6933	0.0687
8872.040	20.6804	0.0579
8874.970	20.6934	0.0574
8877.900	20.7572	0.0398
8880.830	20.7630	0.0531
8883.760	20.6943	0.0671
8886.690	20.6907	0.0580
8889.620	20.6980	0.0416
8892.550	20.6272	0.0553
8895.480	20.5704	0.0741
8898.410	20.4995	0.0787
8901.340	20.4541	0.0762
8904.270	20.4119	0.0693
8907.200	20.4086	0.0683
8910.130	20.5066	0.0569
8913.060	20.5656	0.0677
8915.990	20.4998	0.0626
8918.920	20.5271	0.0574
8921.850	20.5609	0.0705
8924.780	20.5111	0.0784
8927.710	20.3862	0.0756
8930.640	20.2762	0.0617
8933.570	20.2307	0.0582
8936.500	20.2017	0.0614
8939.430	20.1452	0.0737
8942.360	20.1197	0.0716
8945.290	20.1430	0.0643
8948.220	20.1482	0.0620
8951.150	20.2326	0.0569
8954.080	20.2800	0.0666
8957.010	20.2409	0.0663
8959.940	20.2261	0.0465
8962.870	20.1530	0.0489
8965.800	20.1059	0.0611
8968.730	20.0387	0.0676
8971.660	19.8819	0.0796
8974.590	19.8062	0.0746
8977.520	19.7600	0.0721
8980.450	19.8175	0.0603
8983.380	19.8454	0.0549
8986.310	19.7747	0.0619
8989.240	19.7733	0.0692
8992.170	19.8059	0.0656
8995.100	19.7431	0.0754
8998.030	19.5986	0.0798
9000.960	19.5596	0.0694
9003.890	19.6040	0.0580
9006.820	19.5692	0.0615
9009.750	19.5760	0.0666
9012.680	19.6083	0.0869
9015.610	19.5980	0.0882
9018.540	19.5974	0.0669
9021.470	19.5127	0.0667
9024.400	19.4155	0.0741
9027.330	19.4188	0.0755
9030.260	19.5178	0.0587
9033.190	19.5831	0.0371
9036.120	19.5691	0.0418
9039.050	19.4762	0.0429
9041.980	19.3651	0.0628
9044.910	19.2956	0.0663
9047.840	19.2366	0.0780
9050.770	19.1793	0.0765
9053.700	19.2628	0.0638
9056.630	19.3726	0.0451
9059.560	19.4146	0.0554
9062.490	19.4035	0.0624
9065.420	19.3097	0.0727
9068.350	19.2372	0.0800
9071.280	19.3341	0.0734
9074.210	19.4205	0.0642
9077.140	19.4095	0.0619
9080.070	19.3042	0.0748
9083.000	19.2208	0.0625
9085.930	19.1731	0.0603
9088.860	19.1124	0.0651
9091.790	19.0489	0.0706
9094.720	19.0512	0.0578
9097.650	19.0678	0.0577
9100.580	19.0702	0.0675
9103.510	19.0518	0.0671
9106.440	19.0414	0.0653
9109.370	19.0466	0.0711
9112.300	19.0222	0.0737
9115.230	18.9213	0.0823
9118.160	18.8564	0.0815
9121.090	18.8369	0.0656
9124.020	18.8565	0.0560
9126.950	18.8568	0.0537
9129.880	18.8260	0.0676
9132.810	18.7363	0.0768
9135.740	18.7090	0.0661
9138.670	18.7153	0.0691
9141.600	18.7661	0.0657
9144.530	18.8127	0.0649
9147.460	18.8237	0.0551
9150.390	18.8576	0.0554
9153.320	18.7890	0.0662
9156.250	18.7395	0.0656
9159.180	18.6991	0.0686
9162.110	18.6869	0.0666
9165.040	18.6260	0.0701
9167.970	18.5448	0.0665
9170.900	18.4492	0.0605
9173.830	18.4207	0.0693
9176.760	18.4203	0.0679
9179.690	18.3753	0.0687
9182.620	18.3715	0.0714
9185.550	18.4588	0.0575
9188.480	18.4988	0.0603
9191.410	18.5208	0.0595
9194.340	18.5083	0.0588
9197.270	18.4105	0.0678
9200.200	18.2928	0.0625
9203.130	18.1578	0.0728
9206.060	18.0612	0.0678
9208.990	18.0907	0.0656
9211.920	18.0583	0.0642
9214.850	17.9893	0.0640
9217.780	17.9377	0.0685
9220.710	17.9278	0.0631
9223.640	17.9430	0.0543
9226.570	17.9996	0.0626
9229.500	18.0479	0.0644
9232.430	18.0502	0.0695
9235.360	17.9869	0.0585
9238.290	17.9271	0.0514
9241.220	17.8570	0.0558
9244.150	17.7949	0.0655
9247.080	17.7497	0.0771
9250.010	17.7660	0.0782
9252.940	17.8395	0.0667
9255.870	17.9029	0.0590
9258.800	17.8779	0.0619
9261.730	17.8320	0.0664
9264.660	17.7696	0.0685
9267.590	17.7667	0.0670
9270.520	17.7527	0.0735
9273.450	17.6980	0.0744
9276.380	17.6366	0.0799
9279.310	17.6642	0.0852
9282.240	17.6890	0.0687
9285.170	17.7409	0.0607
9288.100	17.7273	0.0597
9291.030	17.7412	0.0477
9293.960	17.8044	0.0445
9296.890	17.8395	0.0553
9299.820	17.8651	0.0639
9302.750	17.8155	0.0762
9305.680	17.7447	0.0632
9308.610	17.6419	0.0622
9311.540	17.5526	0.0606
9314.470	17.4584	0.0790
9317.400	17.4224	0.0675
9320.330	17.4197	0.0782
9323.260	17.4052	0.0906
9326.190	17.4355	0.0796
9329.120	17.4199	0.0690
9332.050	17.3037	0.0781
9334.980	17.1961	0.0915
9337.910	17.1353	0.1050
9340.840	17.1440	0.0986
9343.770	17.1963	0.0928
9346.700	17.2401	0.0830
9349.630	17.1326	0.0765
9352.560	17.0097	0.0870
9355.490	17.0042	0.0858
9358.420	17.0880	0.0678
9361.350	17.0618	0.0715
9364.280	17.0234	0.0735
9367.210	17.0592	0.0781
9370.140	17.0956	0.0731
9373.070	17.1239	0.0690
9376.000	17.1418	0.0689
9378.930	17.1465	0.0790
9381.860	17.1588	0.0769
9384.790	17.2124	0.0513
9387.720	17.1914	0.0534
9390.650	17.1129	0.0627
9393.580	17.0436	0.0792
9396.510	17.0196	0.0723
9399.440	16.9963	0.0703
9402.370	17.0162	0.0711
9405.300	17.0711	0.0823
9408.230	17.0403	0.0818
9411.160	16.9703	0.1039
9414.090	16.9067	0.0981
9417.020	16.8240	0.0741
9419.950	16.8057	0.0784
9422.880	16.8094	0.0774
9425.810	16.7806	0.0744
9428.740	16.9166	0.0678
9431.670	16.9333	0.0607
9434.600	16.8733	0.0581
9437.530	16.7952	0.0790
9440.460	16.7670	0.0927
9443.390	16.7677	0.0780
9446.320	16.7651	0.0663
9449.250	16.7130	0.0643
9452.180	16.6360	0.0702
9455.110	16.5236	0.0709
9458.040	16.5263	0.0603
9460.970	16.6151	0.0541
9463.900	16.6626	0.0508
9466.830	16.6604	0.0492
9469.760	16.6049	0.0578
9472.690	16.5770	0.0667
9475.620	16.5652	0.0718
9478.550	16.5202	0.0746
9481.480	16.4774	0.0668
9484.410	16.5164	0.0587
9487.340	16.4995	0.0718
9490.270	16.4163	0.0694
9493.200	16.4167	0.0645
9496.130	16.3735	0.0707
9499.060	16.2946	0.0788
9501.990	16.3162	0.0707
9504.920	16.3782	0.0612
9507.850	16.4107	0.0620
9510.780	16.4494	0.0741
9513.710	16.3518	0.0862
9516.640	16.2415	0.0928
9519.570	16.1675	0.0799
9522.500	16.1185	0.0552
9525.430	16.0769	0.0503
9528.360	16.0289	0.0535
9531.290	15.9435	0.0571
9534.220	15.8477	0.0647
9537.150	15.8068	0.0716
9540.080	15.7968	0.0758
9543.010	15.8337	0.0837
9545.940	15.8569	0.0828
9548.870	15.8701	0.0829
9551.800	15.8281	0.0817
9554.730	15.9014	0.0730
9557.660	15.9693	0.0771
9560.590	15.9767	0.0770
9563.520	15.9167	0.0842
9566.450	15.8706	0.0966
9569.380	15.8995	0.0870
9572.310	15.9483	0.0754
9575.240	15.9621	0.0675
9578.170	15.9814	0.0737
9581.100	15.9638	0.0718
9584.030	16.0123	0.0806
9586.960	16.0316	0.0978
9589.890	16.0156	0.1001
9592.820	16.0692	0.0954
9595.750	16.0675	0.0972
9598.680	16.0589	0.0880
9601.610	16.0553	0.0952
9604.540	15.9593	0.1057
9607.470	15.9666	0.1179
9610.400	15.9751	0.1282
9613.330	15.9430	0.1254
9616.260	15.9332	0.1103
9619.190	16.0404	0.1380
9622.120	16.1592	0.1457
9625.050	16.1153	0.1458
9627.980	16.0748	0.1327
9630.910	15.9534	0.1235
9633.840	15.9196	0.1291
9636.770	15.8859	0.1366
9639.700	15.8661	0.1290
9642.630	15.8640	0.1374
9645.560	15.8376	0.1462
9648.490	15.7899	0.1399
9651.420	15.7909	0.1463
9654.350	15.7852	0.1412
9657.280	15.9601	0.1424
9660.210	16.0712	0.1626
9663.140	16.0999	0.1627
9666.070	16.0288	0.1595
9669.000	15.9643	0.1536
9671.930	15.8754	0.1653
9674.860	15.7595	0.1640
9677.790	15.7287	0.1702
9680.720	15.7226	0.1659
9683.650	15.8734	0.1801
9686.580	15.8644	0.1778
9689.510	15.8321	0.1778
9692.440	15.8776	0.1800
9695.370	15.9999	0.1826
9698.300	16.0807	0.1811
9701.230	16.0367	0.1889
