3298.680	1251.6042	9.4475
3301.060	1235.9749	10.5402
3303.440	1233.9371	9.9113
3305.820	1243.5432	8.7036
3308.200	1239.4299	8.5520
3310.580	1222.7189	9.1049
3312.960	1221.3349	8.8051
3315.340	1223.2140	8.8799
3317.720	1222.1484	9.1972
3320.100	1215.3639	10.3745
3322.480	1211.2284	8.9500
3324.860	1207.8940	8.3393
3327.240	1208.9323	8.3768
3329.620	1207.5905	8.0575
3332.000	1201.1104	8.6579
3334.380	1197.2691	8.4164
3336.760	1194.5192	8.1522
3339.140	1193.6084	8.0601
3341.520	1189.0368	7.6238
3343.900	1181.7385	7.7722
3346.280	1184.0201	7.2182
3348.660	1197.0445	8.0284
3351.040	1188.8229	7.4926
3353.420	1174.9198	8.0909
3355.800	1161.7265	9.2347
3358.180	1158.1244	8.3642
3360.560	1178.8256	8.9138
3362.940	1174.1994	7.7476
3365.320	1157.3169	8.0082
3367.700	1146.0013	7.5439
3370.080	1142.8660	7.7334
3372.460	1149.6288	7.6476
3374.840	1156.7399	7.6698
3377.220	1147.2805	8.8640
3379.600	1151.4394	6.7171
3381.980	1153.5832	6.6424
3384.360	1146.1357	6.7756
3386.740	1135.8976	7.8757
3389.120	1133.7426	7.2007
3391.500	1136.4621	6.8775
3393.880	1140.2851	7.7994
3396.260	1134.0484	6.8017
3398.640	1124.0233	7.9386
3401.020	1119.9750	8.1422
3403.400	1118.3046	6.8330
3405.780	1117.5140	6.4921
3408.160	1119.1539	6.2122
3410.540	1121.3102	6.4486
3412.920	1114.3899	6.9779
3415.300	1113.7861	6.6171
3417.680	1105.3358	7.0952
3420.060	1101.9409	7.6338
3422.440	1101.3535	6.8992
3424.820	1104.9397	5.9908
3427.200	1102.7865	5.9768
3429.580	1094.7947	7.0105
3431.960	1086.9629	7.4953
3434.340	1081.7990	7.2760
3436.720	1077.6735	7.3419
3439.100	1080.6121	6.8267
3441.480	1088.2907	7.2312
3443.860	1080.5771	6.8600
3446.240	1073.8086	6.0401
3448.620	1064.0983	7.3142
3451.000	1064.6973	6.9920
3453.380	1061.7756	6.7506
3455.760	1064.9753	6.3993
3458.140	1068.9552	5.7638
3460.520	1065.7909	5.9851
3462.900	1061.8100	5.8818
3465.280	1053.5112	7.3915
3467.660	1050.5098	6.8357
3470.040	1044.0400	7.1103
3472.420	1047.5741	6.2496
3474.800	1049.6558	6.0013
3477.180	1040.3130	6.7178
3479.560	1029.2083	7.5405
3481.940	1026.1533	6.7887
3484.320	1027.2331	6.3064
3486.700	1021.8212	6.3711
3489.080	1026.8543	5.8999
3491.460	1024.8326	6.1206
3493.840	1016.9129	5.5164
3496.220	1010.1838	5.7522
3498.600	1003.8262	5.4794
3500.980	996.5613	6.4044
3503.360	994.6822	6.7048
3505.740	997.3758	6.3508
3508.120	993.0376	5.7382
3510.500	989.7644	5.5199
3512.880	988.4945	5.6118
3515.260	988.3405	5.6147
3517.640	995.3690	5.0775
3520.020	993.2114	5.3156
3522.400	994.1417	5.6458
3524.780	995.7587	7.0601
3527.160	990.6359	5.3466
3529.540	985.9237	5.1625
3531.920	982.6040	5.4036
3534.300	979.5578	5.1300
3536.680	974.4737	5.1092
3539.060	970.7709	5.0663
3541.440	969.9518	5.4037
3543.820	969.0788	5.6092
3546.200	963.7759	6.1103
3548.580	964.2884	5.5484
3550.960	964.1732	5.7591
3553.340	962.6602	5.8289
3555.720	952.8240	5.8807
3558.100	948.1003	6.0115
3560.480	949.8278	5.7298
3562.860	954.0424	5.2185
3565.240	952.2546	5.1325
3567.620	951.1238	4.8335
3570.000	945.2633	5.9643
3572.380	943.5073	5.1520
3574.760	940.4453	5.1616
3577.140	936.8848	5.3484
3579.520	939.7925	5.5436
3581.900	937.7863	5.4651
3584.280	935.3048	5.5185
3586.660	930.3538	5.3933
3589.040	930.0168	5.0455
3591.420	926.6220	5.3479
3593.800	921.7135	6.3365
3596.180	917.4794	6.5725
3598.560	918.1510	6.0624
3600.940	919.6708	5.0898
3603.320	916.9696	4.9686
3605.700	919.4124	5.0443
3608.080	913.7431	4.6524
3610.460	907.1061	5.4092
3612.840	897.3829	6.3562
3615.220	897.2402	5.7837
3617.600	906.1696	4.6491
3619.980	902.6246	5.4066
3622.360	896.6682	5.0780
3624.740	888.9825	6.3644
3627.120	887.5245	6.1568
3629.500	885.8165	5.2753
3631.880	885.5708	5.6628
3634.260	880.5007	5.4059
3636.640	874.5264	5.2043
3639.020	875.0730	4.8598
3641.400	885.4570	4.7901
3643.780	885.5396	4.8549
3646.160	881.9128	4.6839
3648.540	879.0941	4.8985
3650.920	876.1644	4.2947
3653.300	874.3421	5.0105
3655.680	871.6863	5.0225
3658.060	867.3614	4.7304
3660.440	865.5120	4.3538
3662.820	864.1024	4.2451
3665.200	864.1180	4.3929
3667.580	862.4301	4.3198
3669.960	858.3449	4.7793
3672.340	854.2653	5.4051
3674.720	854.2108	4.9067
3677.100	853.4876	4.6175
3679.480	853.9595	4.4675
3681.860	852.9119	4.4529
3684.240	852.0390	4.6448
3686.620	850.8529	4.7704
3689.000	847.5303	4.7296
3691.380	846.1238	4.7345
3693.760	839.7580	4.8499
3696.140	837.1859	4.6808
3698.520	831.5970	4.6935
3700.900	824.7220	5.8374
3703.280	822.8947	4.9741
3705.660	821.1232	4.6668
3708.040	820.1641	4.1539
3710.420	817.1424	4.4511
3712.800	814.1039	4.8898
3715.180	814.2607	5.2970
3717.560	816.2936	4.5825
3719.940	822.7868	5.1815
3722.320	819.9494	4.2661
3724.700	814.4715	4.6022
3727.080	814.2733	5.1680
3729.460	817.8960	5.0130
3731.840	815.8702	5.2828
3734.220	813.2557	5.1481
3736.600	811.0200	4.3196
3738.980	803.4745	5.6433
3741.360	803.3889	5.4419
3743.740	805.6052	4.1693
3746.120	799.7436	4.4878
3748.500	790.3146	4.6805
3750.880	789.6906	4.7861
3753.260	791.3520	6.7416
3755.640	793.1424	5.1265
3758.020	799.3766	3.9220
3760.400	797.9320	3.9944
3762.780	790.3547	4.3346
3765.160	782.7355	4.2619
3767.540	776.9517	4.1436
3769.920	771.8714	4.2706
3772.300	773.1876	4.1959
3774.680	781.3964	3.9380
3777.060	787.2927	3.8685
3779.440	792.6160	3.7926
3781.820	794.4121	3.9570
3784.200	792.6965	3.8993
3786.580	786.1536	4.4181
3788.960	780.0662	3.9436
3791.340	762.6473	4.0753
3793.720	742.5555	4.0707
3796.100	729.5649	4.3037
3798.480	727.0064	4.0652
3800.860	738.9187	3.8521
3803.240	752.7360	3.9642
3805.620	767.4595	4.2889
3808.000	778.7882	3.8423
3810.380	785.0858	4.2313
3812.760	789.3174	4.3098
3815.140	787.0702	5.1279
3817.520	777.6942	5.0446
3819.900	764.8001	4.9981
3822.280	760.6896	4.2001
3824.660	753.6919	3.7433
3827.040	740.2533	3.6849
3829.420	718.1072	3.6127
3831.800	691.6451	3.5607
3834.180	671.5881	3.7751
3836.560	671.1064	3.5438
3838.940	687.4739	3.8681
3841.320	711.2485	3.7027
3843.700	730.6169	4.8696
3846.080	747.9978	4.8354
3848.460	765.6021	4.2719
3850.840	778.4727	4.1630
3853.220	788.0946	3.8720
3855.600	793.5858	3.7972
3857.980	797.6514	4.1326
3860.360	797.1243	3.9827
3862.740	785.4329	5.4262
3865.120	780.4199	5.5657
3867.500	781.3608	4.2095
3869.880	776.3098	4.3176
3872.260	766.1648	3.7197
3874.640	754.8361	3.8704
3877.020	737.2286	3.6942
3879.400	714.4685	3.8387
3881.780	686.8664	3.9068
3884.160	654.2728	3.7351
3886.540	623.0709	3.8053
3888.920	605.3570	3.7105
3891.300	617.3255	3.0257
3893.680	644.7673	3.3200
3896.060	675.7702	3.7543
3898.440	702.5648	3.4483
3900.820	723.9895	3.3931
3903.200	740.1189	3.4749
3905.580	749.8068	3.5599
3907.960	761.8537	3.6911
3910.340	765.2929	4.4506
3912.720	766.6009	4.6010
3915.100	767.3972	4.4216
3917.480	770.9470	4.2551
3919.860	770.7667	4.3031
3922.240	768.7531	4.3559
3924.620	769.5980	4.6049
3927.000	770.9263	5.3908
3929.380	768.2646	5.0098
3931.760	767.5778	7.7552
3934.140	773.0628	7.8165
3936.520	765.8829	5.6162
3938.900	759.6589	4.8540
3941.280	754.6338	4.4148
3943.660	749.1430	4.8246
3946.040	744.7362	3.9192
3948.420	736.0715	4.2468
3950.800	726.6484	4.3848
3953.180	717.1839	4.5009
3955.560	699.9396	4.1397
3957.940	679.8098	4.3379
3960.320	656.5308	4.4343
3962.700	630.0300	4.2052
3965.080	596.4526	4.7083
3967.460	566.3415	5.6872
3969.840	551.0028	5.6774
3972.220	557.8516	3.5635
3974.600	586.4310	3.7874
3976.980	616.5850	4.0285
3979.360	639.8447	4.6463
3981.740	660.7313	4.7773
3984.120	679.6043	3.9026
3986.500	693.0808	3.8663
3988.880	703.2940	4.1177
3991.260	711.0161	4.0819
3993.640	714.8515	3.9005
3996.020	718.4821	3.9140
3998.400	722.6525	3.8713
4000.780	724.2582	3.9685
4003.160	723.5702	4.2208
4005.540	722.6474	3.9364
4007.920	722.8712	3.7903
4010.300	723.7732	3.9179
4012.680	722.7473	3.8806
4015.060	719.4344	3.7167
4017.440	717.3396	3.5753
4019.820	713.0322	3.8030
4022.200	693.4016	4.1499
4024.580	665.0474	4.2459
4026.960	656.7301	3.5735
4029.340	678.8243	3.3727
4031.720	699.9700	3.2640
4034.100	708.4042	3.3860
4036.480	708.5219	3.5329
4038.860	705.4241	3.6178
4041.240	705.5492	3.4934
4043.620	706.8748	3.7974
4046.000	705.0874	3.4010
4048.380	704.3951	3.4840
4050.760	702.7272	3.6527
4053.140	701.6797	3.5345
4055.520	699.9448	3.3935
4057.900	695.5623	3.4171
4060.280	691.6043	3.4111
4062.660	689.3723	3.1870
4065.040	684.6863	3.3284
4067.420	682.1270	3.3301
4069.800	679.5245	3.4675
4072.180	677.2733	3.4256
4074.560	673.6078	3.3785
4076.940	669.0779	3.4043
4079.320	661.1084	3.2938
4081.700	653.6054	3.2417
4084.080	644.5753	3.2300
4086.460	632.2701	3.2849
4088.840	615.7648	3.3634
4091.220	593.6204	3.2686
4093.600	569.2003	3.2568
4095.980	538.3819	3.4540
4098.360	503.0020	3.7472
4100.740	474.7142	3.6075
4103.120	477.8286	2.8993
4105.500	504.7066	2.7254
4107.880	535.5725	2.7211
4110.260	564.1953	2.8249
4112.640	587.0515	2.8604
4115.020	603.7867	2.9578
4117.400	616.5754	3.0249
4119.780	623.7969	3.0646
4122.160	628.9470	3.0952
4124.540	635.6804	3.3180
4126.920	640.4378	3.2630
4129.300	642.5144	3.1256
4131.680	645.1279	3.2542
4134.060	646.5554	3.3520
4136.440	643.7730	3.3952
4138.820	643.6558	3.2661
4141.200	641.8098	3.4791
4143.580	640.4936	3.3997
4145.960	636.5673	3.0577
4148.340	638.3052	3.1807
4150.720	642.3059	3.2747
4153.100	644.6719	3.1751
4155.480	644.5841	3.2944
4157.860	641.0151	3.1788
4160.240	637.9516	3.1984
4162.620	634.1515	3.2992
4165.000	631.1778	3.0614
4167.380	632.0345	3.2029
4169.760	633.5907	2.8577
4172.140	628.9743	3.0607
4174.520	625.5487	3.1607
4176.900	623.4727	2.8891
4179.280	623.5713	2.9676
4181.660	623.0248	2.8439
4184.040	622.9109	2.8672
4186.420	623.3803	2.9300
4188.800	622.6969	3.1979
4191.180	621.7768	3.4775
4193.560	622.0977	3.1311
4195.940	620.2661	3.2273
4198.320	620.5001	3.4298
4200.700	617.7262	3.1877
4203.080	613.9343	2.9425
4205.460	610.9796	2.9744
4207.840	610.5788	2.8127
4210.220	609.9273	2.9418
4212.600	609.1977	2.9936
4214.980	608.7905	3.0418
4217.360	606.7191	2.7855
4219.740	603.2089	2.9027
4222.120	603.8254	2.7624
4224.500	605.3716	3.4774
4226.880	598.4300	2.7158
4229.260	595.1288	2.7357
4231.640	593.0369	3.3192
4234.020	595.0573	2.8550
4236.400	595.8570	2.7104
4238.780	593.0274	2.6840
4241.160	591.2365	2.8284
4243.540	590.8417	2.7869
4245.920	592.1285	2.7366
4248.300	591.0691	2.7869
4250.680	587.2797	2.8233
4253.060	580.1064	2.7386
4255.440	577.7024	2.8130
4257.820	581.4632	2.7678
4260.200	581.4964	2.7299
4262.580	582.1267	2.7861
4264.960	579.4259	2.9438
4267.340	576.4535	2.8529
4269.720	576.2170	2.8247
4272.100	577.3123	2.9897
4274.480	574.7911	2.6869
4276.860	571.7044	2.6980
4279.240	568.5126	2.7120
4281.620	563.9210	2.6596
4284.000	557.8452	2.7170
4286.380	558.7622	2.7300
4288.760	561.7460	2.8826
4291.140	562.1056	2.7118
4293.520	560.2310	2.8485
4295.900	559.3521	2.9175
4298.280	558.3703	2.8593
4300.660	556.7685	2.7750
4303.040	554.6536	2.6946
4305.420	552.8727	2.5460
4307.800	554.1067	2.9843
4310.180	551.3691	3.2660
4312.560	543.7920	2.7622
4314.940	538.2526	2.9525
4317.320	529.4369	3.6625
4319.700	526.6436	3.0742
4322.080	523.0922	2.6916
4324.460	514.9189	3.0394
4326.840	500.4010	2.5786
4329.220	483.8151	2.5708
4331.600	465.1685	2.8133
4333.980	443.5228	2.6566
4336.360	419.7113	2.7101
4338.740	397.6892	3.2551
4341.120	388.1570	2.7748
4343.500	401.9488	2.1385
4345.880	428.4578	2.1477
4348.260	452.5749	2.1218
4350.640	472.2874	2.1901
4353.020	484.8427	2.1881
4355.400	494.5483	2.1240
4357.780	501.4814	2.1703
4360.160	505.0834	2.2887
4362.540	507.9640	2.3575
4364.920	512.4892	2.3309
4367.300	515.8025	2.4936
4369.680	518.2399	2.6203
4372.060	519.2496	2.5098
4374.440	520.5078	2.5037
4376.820	523.0357	2.6664
4379.200	522.8522	2.7765
4381.580	520.6132	2.6770
4383.960	518.2022	2.7133
4386.340	514.6361	2.8945
4388.720	510.1194	2.6234
4391.100	512.5917	2.3773
4393.480	517.0496	2.4737
4395.860	518.4757	2.4512
4398.240	518.1656	2.3193
4400.620	517.9023	2.2898
4403.000	516.8648	2.6114
4405.380	515.9610	2.3465
4407.760	516.2481	2.3349
4410.140	515.4940	2.4165
4412.520	515.1104	2.4180
4414.900	514.2047	2.3146
4417.280	511.8730	2.4788
4419.660	509.9463	2.3497
4422.040	507.5823	2.4621
4424.420	506.7861	2.4196
4426.800	505.4256	2.3749
4429.180	503.2602	2.3385
4431.560	503.4354	2.3701
4433.940	504.0765	2.3269
4436.320	503.0708	2.3630
4438.700	501.8511	2.2547
4441.080	498.8119	2.4277
4443.460	499.5829	2.2318
4445.840	497.8310	2.3237
4448.220	494.8884	2.3835
4450.600	496.6808	2.3732
4452.980	499.2730	2.3488
4455.360	500.0373	2.3002
4457.740	497.5227	2.3772
4460.120	494.5598	2.2413
4462.500	491.6666	2.2464
4464.880	484.5092	2.4590
4467.260	467.4154	2.8995
4469.640	443.5558	2.7226
4472.020	434.1532	2.1989
4474.400	450.7823	2.0385
4476.780	471.8373	2.1391
4479.160	480.7100	2.1564
4481.540	483.1316	2.1545
4483.920	483.3901	2.1707
4486.300	481.7642	2.1699
4488.680	480.6076	2.1839
4491.060	481.4247	2.1642
4493.440	482.1328	2.3928
4495.820	481.5202	2.2937
4498.200	480.7699	2.3079
4500.580	478.4100	2.3620
4502.960	476.8203	2.3414
4505.340	475.1438	2.4078
4507.720	474.0456	2.3296
4510.100	474.0167	2.2345
4512.480	473.1532	2.2110
4514.860	472.8798	2.1482
4517.240	471.9487	2.2109
4519.620	471.4130	2.2135
4522.000	469.7320	2.3447
4524.380	469.6923	2.1730
4526.760	468.6600	2.1961
4529.140	466.7377	2.2989
4531.520	464.7268	2.4565
4533.900	464.1170	2.4779
4536.280	464.1272	2.5618
4538.660	463.1888	2.7127
4541.040	462.3592	2.4044
4543.420	461.1929	2.2450
4545.800	460.3643	2.2450
4548.180	459.3450	2.1442
4550.560	458.2151	2.1748
4552.940	457.0050	2.0648
4555.320	457.4903	1.9862
4557.700	457.7831	1.9891
4560.080	456.5975	2.0486
4562.460	455.8644	2.0624
4564.840	454.6903	2.0170
4567.220	454.8866	2.0647
4569.600	453.5673	2.0266
4571.980	452.1887	2.1387
4574.360	452.5053	2.1288
4576.740	451.6274	2.1489
4579.120	449.6406	2.1700
4581.500	448.0967	2.1706
4583.880	448.4590	2.0771
4586.260	446.7543	2.1372
4588.640	445.6762	2.2636
4591.020	445.1218	2.0995
4593.400	443.4653	2.0476
4595.780	442.5035	2.0982
4598.160	442.0820	1.9897
4600.540	442.2067	2.0299
4602.920	440.6150	2.0962
4605.300	438.7948	2.2643
4607.680	436.4027	2.1591
4610.060	435.4917	2.1203
4612.440	435.4367	2.0823
4614.820	434.9472	1.9535
4617.200	434.0786	2.0295
4619.580	433.8180	1.9821
4621.960	433.1083	1.9873
4624.340	432.0491	2.0201
4626.720	430.9000	2.0244
4629.100	429.8599	2.0945
4631.480	427.6637	2.1204
4633.860	427.4951	1.9383
4636.240	427.3678	1.8670
4638.620	425.5844	2.0069
4641.000	423.8443	2.1822
4643.380	421.2049	2.0255
4645.760	421.8669	1.9524
4648.140	422.6578	1.9156
4650.520	420.5167	2.0596
4652.900	421.0637	2.1092
4655.280	422.0492	1.9899
4657.660	419.5669	2.0063
4660.040	418.9350	1.9913
4662.420	420.5573	1.9796
4664.800	419.6449	2.0899
4667.180	419.0163	2.0559
4669.560	418.4960	2.0857
4671.940	416.5889	1.9657
4674.320	414.6454	2.1452
4676.700	414.1703	2.2259
4679.080	413.6457	2.3036
4681.460	412.5377	2.7212
4683.840	408.2918	2.7652
4686.220	403.2826	2.7605
4688.600	404.1802	2.4544
4690.980	406.7859	1.8080
4693.360	407.0108	1.7664
4695.740	407.5927	1.7944
4698.120	408.2555	1.7408
4700.500	407.8114	1.7821
4702.880	407.4424	1.9279
4705.260	406.9112	2.0294
4707.640	404.6559	1.8256
4710.020	402.6035	1.9499
4712.400	397.9447	2.0476
4714.780	396.3475	1.9363
4717.160	398.7423	1.8565
4719.540	401.4126	1.8637
4721.920	400.4115	1.8666
4724.300	399.1019	1.8545
4726.680	398.5291	1.9357
4729.060	398.9902	2.0170
4731.440	397.9752	2.0710
4733.820	396.6580	1.9300
4736.200	395.2096	1.9562
4738.580	394.7030	1.7733
4740.960	394.7297	1.8207
4743.340	394.2903	1.9103
4745.720	393.6511	2.0072
4748.100	393.2173	1.9028
4750.480	392.6383	1.9060
4752.860	390.4916	1.9162
4755.240	388.6605	1.9757
4757.620	388.3696	1.8084
4760.000	386.9770	1.8488
4762.380	386.5437	1.9312
4764.760	386.6677	1.8572
4767.140	385.7754	1.8952
4769.520	384.2630	1.9932
4771.900	383.4003	1.8864
4774.280	382.9495	1.7800
4776.660	382.0916	1.7549
4779.040	380.9996	1.7372
4781.420	380.2804	1.7801
4783.800	379.7868	1.7946
4786.180	380.1318	1.7114
4788.560	378.9600	1.7158
4790.940	376.4819	1.7470
4793.320	376.0259	1.7173
4795.700	375.8072	1.7957
4798.080	373.9199	1.7716
4800.460	371.8539	1.7123
4802.840	370.7368	1.7781
4805.220	370.8132	1.8145
4807.600	370.8025	1.8140
4809.980	370.5051	1.8609
4812.360	370.2749	1.7005
4814.740	368.0204	1.6653
4817.120	366.0901	1.7329
4819.500	364.1567	1.7880
4821.880	364.4912	1.8477
4824.260	364.9810	1.7324
4826.640	364.7446	1.7561
4829.020	361.9834	1.7950
4831.400	359.4253	1.8411
4833.780	356.5185	1.7795
4836.160	352.8691	1.7702
4838.540	350.8661	1.7213
4840.920	347.5418	1.6698
4843.300	341.8949	1.8065
4845.680	334.6636	1.8710
4848.060	327.8621	1.7373
4850.440	320.5166	1.7259
4852.820	309.3035	1.7886
4855.200	293.5548	1.8236
4857.580	275.5530	1.9529
4859.960	261.2623	1.9374
4862.340	259.7598	1.7613
4864.720	271.9939	1.3082
4867.100	288.7773	1.3705
4869.480	303.1819	1.3874
4871.860	313.1838	1.4082
4874.240	320.6689	1.4621
4876.620	326.0881	1.5243
4879.000	331.4901	1.6124
4881.380	334.8298	1.6093
4883.760	336.0879	1.7022
4886.140	339.4465	1.6463
4888.520	342.2399	1.7268
4890.900	342.1394	1.6802
4893.280	341.8420	1.6710
4895.660	341.9149	1.7070
4898.040	342.3381	1.7768
4900.420	343.0048	1.6496
4902.800	343.9337	1.6990
4905.180	343.9085	1.7292
4907.560	343.5142	1.6960
4909.940	342.8812	1.6590
4912.320	342.0846	1.6707
4914.700	340.7043	1.6904
4917.080	336.6426	1.9376
4919.460	329.1956	2.1191
4921.840	323.2030	1.8955
4924.220	324.8965	1.5984
4926.600	332.1821	1.5954
4928.980	335.5811	1.6357
4931.360	336.8715	1.5785
4933.740	338.7531	1.6360
4936.120	339.1382	1.8303
4938.500	339.7326	1.7299
4940.880	336.3865	1.7613
4943.260	335.2729	1.6944
4945.640	336.4465	1.5746
4948.020	336.4954	1.6136
4950.400	335.5075	1.7719
4952.780	334.9687	1.7045
4955.160	335.0159	1.6982
4957.540	333.7292	1.6986
4959.920	332.7050	1.6579
4962.300	330.6642	1.6571
4964.680	330.4377	1.6635
4967.060	329.7655	1.6374
4969.440	328.9981	1.6458
4971.820	329.6373	1.6472
4974.200	329.7276	1.6992
4976.580	329.3789	1.7265
4978.960	328.7639	1.8370
4981.340	328.5151	1.7993
4983.720	326.3313	1.7228
4986.100	324.6307	1.7327
4988.480	323.8281	1.7304
4990.860	323.8463	1.6384
4993.240	322.9237	1.6729
4995.620	322.2060	1.6840
4998.000	322.1783	1.6951
5000.380	320.3077	1.6887
5002.760	319.7307	1.7481
5005.140	318.3642	1.7363
5007.520	317.4084	1.6875
5009.900	317.8697	1.7785
5012.280	314.8384	1.7611
5014.660	311.8886	1.6793
5017.040	311.4187	1.6383
5019.420	313.6706	1.6538
5021.800	316.4563	1.7105
5024.180	315.7660	1.6976
5026.560	314.9647	1.6615
5028.940	315.4881	1.6680
5031.320	314.7828	1.7226
5033.700	315.0344	1.7306
5036.080	314.0069	1.7418
5038.460	312.8001	1.7203
5040.840	312.3616	1.7206
5043.220	312.1512	1.6770
5045.600	310.7199	1.6659
5047.980	309.9009	1.6672
5050.360	309.1471	1.5929
5052.740	309.9428	1.5746
5055.120	310.0018	1.6300
5057.500	308.6369	1.6551
5059.880	308.5604	1.6539
5062.260	308.1052	1.5530
5064.640	308.5997	1.5280
5067.020	308.7043	1.6912
5069.400	307.7182	1.6283
5071.780	306.6324	1.6030
5074.160	305.8699	1.6349
5076.540	305.4210	1.6002
5078.920	305.8004	1.5974
5081.300	304.2829	1.5667
5083.680	303.9783	1.5538
5086.060	303.9697	1.5955
5088.440	303.4322	1.5852
5090.820	302.1516	1.5939
5093.200	301.3955	1.5898
5095.580	301.3180	1.6344
5097.960	300.6851	1.6864
5098.200	301.6283	1.5405
5100.340	300.3339	1.6488
5101.130	301.4929	1.6596
5102.720	299.5873	1.6439
5104.060	300.8852	1.6149
5105.100	299.2320	1.5746
5106.990	301.3927	1.4515
5107.480	298.7582	1.5044
5109.860	298.0864	1.5413
5109.920	300.0876	1.4765
5112.240	297.6213	1.4759
5112.850	299.9699	1.4897
5114.620	296.8182	1.6036
5115.780	298.5109	1.6014
5117.000	296.5451	1.6173
5118.710	297.9734	1.5867
5119.380	295.9263	1.6219
5121.640	297.3657	1.5327
5121.760	295.3203	1.7049
5124.140	294.2361	1.5933
5124.570	295.2383	1.6919
5126.520	293.3267	1.5811
5127.500	295.4987	1.4085
5128.900	293.5838	1.5072
5130.430	294.6707	1.4208
5131.280	292.6962	1.6494
5133.360	294.6153	1.5361
5133.660	291.9171	1.6536
5136.040	291.2504	1.6874
5136.290	291.9106	1.5603
5138.420	289.8479	1.6824
5139.220	291.5543	1.5506
5140.800	289.1840	1.7691
5142.150	292.5052	1.5612
5143.180	288.8615	1.7456
5145.080	291.5560	1.6022
5145.560	288.7433	1.8221
5147.940	288.2265	1.8427
5148.010	291.0249	1.6157
5150.320	287.5027	1.8168
5150.940	290.5440	1.3786
5153.870	289.3416	1.4926
5156.800	289.1182	1.4907
5159.730	288.2936	1.4905
5162.660	286.7477	1.5252
5165.590	284.4078	2.0282
5168.520	286.5309	1.7436
5171.450	288.4897	1.4771
5174.380	288.7201	1.5720
5177.310	287.9427	1.6929
5180.240	284.9666	1.5022
5183.170	283.7082	1.7646
5186.100	285.5618	1.5564
5189.030	283.8853	1.4851
5191.960	282.7940	1.4467
5194.890	282.6940	1.3771
5197.820	282.6788	1.3756
5200.750	280.6559	1.4062
5203.680	279.3313	1.3175
5206.610	280.0196	1.4272
5209.540	280.3279	1.3232
5212.470	279.0305	1.4818
5215.400	275.9421	1.2953
5218.330	274.3937	1.2608
5221.260	273.7403	1.2939
5224.190	273.1526	1.2513
5227.120	274.1892	1.3509
5230.050	275.0754	1.2569
5232.980	273.6967	1.2551
5235.910	272.1876	1.2994
5238.840	273.0318	1.3588
5241.770	271.8256	1.2859
5244.700	270.6669	1.2204
5247.630	270.6187	1.2157
5250.560	269.7068	1.2594
5253.490	269.6884	1.2645
5256.420	269.7399	1.1791
5259.350	269.6892	1.1730
5262.280	267.4506	1.3159
5265.210	267.5655	1.2475
5268.140	267.1049	1.1427
5271.070	267.0494	1.2595
5274.000	266.5330	1.2690
5276.930	265.8031	1.2205
5279.860	264.0001	1.0941
5282.790	263.8308	1.1340
5285.720	264.4032	1.2180
5288.650	264.0006	1.1602
5291.580	263.5201	1.1541
5294.510	262.2461	1.1735
5297.440	261.4329	1.1618
5300.370	261.5810	1.1522
5303.300	261.2054	1.1708
5306.230	260.8000	1.1612
5309.160	259.7739	1.1400
5312.090	258.4881	1.0784
5315.020	257.8726	1.1404
5317.950	257.9227	1.1766
5320.880	256.9847	1.1735
5323.810	256.6760	1.2162
5326.740	254.8278	1.2378
5329.670	255.9722	1.1991
5332.600	255.5266	1.1746
5335.530	254.5173	1.1083
5338.460	253.5017	1.1700
5341.390	252.8000	1.1291
5344.320	253.1090	1.1203
5347.250	252.7678	1.1242
5350.180	252.5109	1.0931
5353.110	250.5583	1.1698
5356.040	251.1236	1.1340
5358.970	250.5354	1.0782
5361.900	249.6155	1.1690
5364.830	249.5212	1.1429
5367.760	248.9295	1.0415
5370.690	247.6210	1.0773
5373.620	248.0881	1.1234
5376.550	247.7442	1.1586
5379.480	246.4992	1.0404
5382.410	245.7553	1.0866
5385.340	245.4227	1.0364
5388.270	245.1447	1.0239
5391.200	243.8911	1.0826
5394.130	242.6338	1.0425
5397.060	242.4468	1.0460
5399.990	241.9712	1.0502
5402.920	241.0172	1.1056
5405.850	241.4410	1.1322
5408.780	240.9565	1.1182
5411.710	240.8748	1.0985
5414.640	240.8123	1.0896
5417.570	241.4016	1.0276
5420.500	240.1938	1.0249
5423.430	238.8190	1.0026
5426.360	238.2034	1.0647
5429.290	237.8704	0.9754
5432.220	237.7365	0.9968
5435.150	237.5402	1.0349
5438.080	236.4343	1.0242
5441.010	236.0697	1.0295
5443.940	234.9874	1.0538
5446.870	234.6916	0.9546
5449.800	233.7193	0.9804
5452.730	233.0481	0.9086
5455.660	232.7128	0.9086
5458.590	232.1572	0.9150
5461.520	231.4194	0.8942
5464.450	230.8418	0.8967
5467.380	230.5567	0.9350
5470.310	231.1092	0.9518
5473.240	230.2356	0.9592
5476.170	229.7959	0.9700
5479.100	229.0305	0.9723
5482.030	228.6970	0.9590
5484.960	227.5903	0.9255
5487.890	227.7900	0.8824
5490.820	227.1632	0.9290
5493.750	226.5659	0.9406
5496.680	226.8485	0.9375
5499.610	226.3278	0.8956
5502.540	225.2052	0.8966
5505.470	225.0230	0.8996
5508.400	224.5059	0.9494
5511.330	223.9604	0.9885
5514.260	223.4880	0.9439
5517.190	223.3488	0.9227
5520.120	223.4242	0.9341
5523.050	223.0975	0.9231
5525.980	222.5830	0.8821
5528.910	221.7508	0.9278
5531.840	220.6173	0.9929
5534.770	219.9765	1.0032
5537.700	219.5634	0.9751
5540.630	219.5556	0.9416
5543.560	219.5352	0.8770
5546.490	219.3778	0.9047
5549.420	218.7233	0.8982
5552.350	218.2840	0.9024
5555.280	217.7668	0.9051
5558.210	217.3666	0.9302
5561.140	216.4301	0.9528
5564.070	215.9657	0.9519
5567.000	216.2301	0.8806
5569.930	215.9001	0.8937
5572.860	215.2786	0.9193
5575.790	214.3907	0.9954
5578.720	213.0357	0.9588
5581.650	213.6209	0.9226
5584.580	214.0525	0.9633
5587.510	213.5046	0.9623
5590.440	213.0019	0.9385
5593.370	212.5970	0.9040
5596.300	211.6455	0.9041
5599.230	211.0572	0.8839
5602.160	210.8518	0.8422
5605.090	210.4264	0.9137
5608.020	209.5371	0.9410
5610.950	209.3577	0.9070
5613.880	209.3320	0.8546
5616.810	209.3911	0.8764
5619.740	208.9932	0.8708
5622.670	208.5051	0.8497
5625.600	207.8781	0.8792
5628.530	207.3781	0.9116
5631.460	206.9529	0.8876
5634.390	206.6298	0.8951
5637.320	206.0259	0.9125
5640.250	204.2556	0.9730
5643.180	203.7233	0.8688
5646.110	204.0509	0.8611
5649.040	203.7073	0.8814
5651.970	203.5541	0.8409
5654.900	203.7180	0.8431
5657.830	203.1559	0.8790
5660.760	202.1971	0.8454
5663.690	202.5539	0.8285
5666.620	201.5333	0.8388
5669.550	201.4271	0.8552
5672.480	200.2110	0.8728
5675.410	199.8597	0.9038
5678.340	199.1518	0.9037
5681.270	199.0603	0.9209
5684.200	198.8124	0.8462
5687.130	199.1823	0.8342
5690.060	199.0155	0.7987
5692.990	198.3662	0.8427
5695.920	197.6565	0.8382
5698.850	197.6580	0.8190
5701.780	197.6316	0.8084
5704.710	197.3206	0.8421
5707.640	196.9218	0.9352
5710.570	196.2004	0.8832
5713.500	195.6502	0.8704
5716.430	195.1985	0.8773
5719.360	195.0593	0.8544
5722.290	194.6357	0.7927
5725.220	194.5957	0.8003
5728.150	194.5268	0.7888
5731.080	193.8554	0.7953
5734.010	193.4831	0.7562
5736.940	193.3807	0.7681
5739.870	192.5965	0.7682
5742.800	192.1723	0.7817
5745.730	191.8460	0.7755
5748.660	191.8003	0.8084
5751.590	191.7119	0.7838
5754.520	190.4148	0.8324
5757.450	189.8977	0.8381
5760.380	189.8004	0.8409
5763.310	189.4239	0.7867
5766.240	189.1305	0.7956
5769.170	188.3995	0.7919
5772.100	188.4881	0.7569
5775.030	188.3534	0.7701
5777.960	188.3779	0.7532
5780.890	187.9525	0.7710
5783.820	187.1865	0.7856
5786.750	186.5431	0.7913
5789.680	186.3516	0.8033
5792.610	185.9193	0.7768
5795.540	185.4384	0.7706
5798.470	184.9774	0.7760
5801.400	184.5416	0.8125
5804.330	184.1268	0.8149
5807.260	184.0304	0.8200
5810.190	183.5497	0.7967
5813.120	182.9431	0.7605
5816.050	182.7681	0.7685
5818.980	182.9960	0.7491
5821.910	182.3695	0.7385
5824.840	181.9160	0.7289
5827.770	181.7049	0.7603
5830.700	181.0468	0.7787
5833.630	181.0123	0.7359
5836.560	180.8120	0.7308
5839.490	179.9281	0.7596
5842.420	179.4654	0.7325
5845.350	178.9733	0.7385
5848.280	178.5952	0.7265
5851.210	178.4770	0.7690
5854.140	178.6268	0.8079
5857.070	178.4681	0.8143
5860.000	177.2811	0.8024
5862.930	176.7302	0.7743
5865.860	175.8258	0.7877
5868.790	174.0453	0.8231
5871.720	170.9609	1.2210
5874.650	167.9244	1.3007
5877.580	167.7687	0.9449
5880.510	171.0186	0.6978
5883.440	173.7100	0.7050
5886.370	174.3747	0.8228
5889.300	174.7420	1.0228
5892.230	174.4886	0.9525
5895.160	174.4075	0.8429
5898.090	174.0386	0.7515
5901.020	172.9276	0.7444
5903.950	172.7857	0.7601
5906.880	172.5234	0.7509
5909.810	172.0372	0.7386
5912.740	171.8713	0.7193
5915.670	171.4957	0.6912
5918.600	171.0410	0.7110
5921.530	170.4644	0.7664
5924.460	170.4284	0.7752
5927.390	169.9791	0.7612
5930.320	169.7277	0.7404
5933.250	169.5392	0.6995
5936.180	169.5530	0.7010
5939.110	168.7666	0.6603
5942.040	168.1730	0.7468
5944.970	168.1331	0.7652
5947.900	168.0367	0.7441
5950.830	168.4119	0.7087
5953.760	167.7157	0.7074
5956.690	167.4639	0.7120
5959.620	167.1542	0.6610
5962.550	166.6232	0.6664
5965.480	166.6125	0.6708
5968.410	166.5676	0.7036
5971.340	165.2628	0.7439
5974.270	165.4055	0.7441
5977.200	165.3763	0.7540
5980.130	164.6334	0.7203
5983.060	164.1497	0.7129
5985.990	164.1487	0.7341
5988.920	163.8705	0.6994
5991.850	163.5868	0.7169
5994.780	163.5352	0.6939
5997.710	163.0446	0.7313
6000.640	162.1867	0.7685
6003.570	162.1383	0.7698
6006.500	162.0095	0.7555
6009.430	161.6249	0.7456
6012.360	161.6071	0.6836
6015.290	161.5464	0.6658
6018.220	160.8124	0.6924
6021.150	160.8888	0.6664
6024.080	160.3124	0.6907
6027.010	160.3885	0.6491
6029.940	159.5850	0.6887
6032.870	159.1136	0.6674
6035.800	158.9369	0.6964
6038.730	158.9922	0.6301
6041.660	158.6593	0.6518
6044.590	158.3588	0.6801
6047.520	157.7303	0.6717
6050.450	157.8558	0.6848
6053.380	157.3705	0.7145
6056.310	157.2118	0.7111
6059.240	156.6223	0.7057
6062.170	156.6219	0.6943
6065.100	156.4400	0.6594
6068.030	155.9893	0.6483
6070.960	155.4560	0.6607
6073.890	155.1022	0.6249
6076.820	155.3721	0.6530
6079.750	155.1380	0.6497
6082.680	154.3198	0.6450
6085.610	154.0670	0.6901
6088.540	153.8035	0.6413
6091.470	153.5896	0.6811
6094.400	152.7888	0.6469
6097.330	152.9599	0.6286
6100.260	153.2641	0.6647
6103.190	153.1323	0.6402
6106.120	152.5215	0.6224
6109.050	151.6659	0.6286
6111.980	151.2647	0.6581
6114.910	151.0069	0.6415
6117.840	151.1585	0.6511
6120.770	150.7581	0.6271
6123.700	150.3191	0.6289
6126.630	150.1565	0.6441
6129.560	150.3319	0.6425
6132.490	150.1169	0.6184
6135.420	150.3025	0.6291
6138.350	149.7518	0.6572
6141.280	149.3115	0.6162
6144.210	148.8816	0.6145
6147.140	148.3888	0.6183
6150.070	148.4431	0.6039
6153.000	148.0680	0.5879
6155.930	147.9077	0.5964
6158.860	147.7646	0.6597
6161.790	147.5734	0.7141
6164.720	147.0341	0.6902
6167.650	146.8104	0.6621
6170.580	146.6026	0.6061
6173.510	146.2113	0.6063
6176.440	145.7718	0.5849
6179.370	145.3314	0.5842
6182.300	145.2882	0.5895
6185.230	145.0374	0.5726
6188.160	144.8770	0.5988
6191.090	144.7735	0.6359
6194.020	144.4122	0.6089
6196.950	144.3740	0.6262
6199.880	144.3664	0.6046
6202.810	143.8080	0.5867
6205.740	143.4332	0.5679
6208.670	143.4620	0.5805
6211.600	143.0348	0.5945
6214.530	142.6616	0.6016
6217.460	142.2291	0.6017
6220.390	141.7307	0.5875
6223.320	141.5942	0.5772
6226.250	141.2366	0.6034
6229.180	141.4586	0.6046
6232.110	141.1882	0.5911
6235.040	140.7913	0.5784
6237.970	140.3887	0.6258
6240.900	140.2475	0.6056
6243.830	140.0412	0.6060
6246.760	139.8392	0.5902
6249.690	139.5825	0.5954
6252.620	139.4767	0.5880
6255.550	139.2513	0.5745
6258.480	138.9912	0.5676
6261.410	138.5143	0.5698
6264.340	138.2187	0.6120
6267.270	138.0300	0.5864
6270.200	137.7702	0.5995
6273.130	137.4041	0.5853
6276.060	137.1926	0.5633
6278.990	137.3471	0.5812
6281.920	137.5239	0.5968
6284.850	137.3963	0.6502
6287.780	136.9205	0.5851
6290.710	136.7369	0.5453
6293.640	136.6384	0.5532
6296.570	136.3938	0.5773
6299.500	136.1053	0.5652
6302.430	135.6065	0.5651
6305.360	135.3251	0.5760
6308.290	134.9251	0.6090
6311.220	134.7337	0.6126
6314.150	134.3443	0.6496
6317.080	133.9815	0.5986
6320.010	133.4017	0.5764
6322.940	132.7633	0.5834
6325.870	131.9470	0.5922
6328.800	131.6432	0.5851
6331.730	131.4100	0.5068
6334.660	131.1202	0.5285
6337.590	131.3204	0.5246
6340.520	131.4366	0.5121
6343.450	131.2892	0.5142
6346.380	131.3990	0.4881
6349.310	131.2587	0.5107
6352.240	131.0707	0.5214
6355.170	130.8941	0.5170
6358.100	131.3914	0.5327
6361.030	130.7936	0.5100
6363.960	130.1524	0.5138
6366.890	129.7792	0.5367
6369.820	129.4928	0.5541
6372.750	129.2812	0.5631
6375.680	129.0309	0.5520
6378.610	129.0708	0.5474
6381.540	128.8853	0.5252
6384.470	128.9722	0.5138
6387.400	128.5508	0.5580
6390.330	128.3293	0.5221
6393.260	128.1498	0.5048
6396.190	127.8671	0.5265
6399.120	127.6051	0.5083
6402.050	127.2087	0.5243
6404.980	126.8947	0.5236
6407.910	126.5359	0.5682
6410.840	126.2587	0.5559
6413.770	125.9727	0.5232
6416.700	125.9301	0.5257
6419.630	125.5929	0.4990
6422.560	125.7805	0.4828
6425.490	125.5712	0.5163
6428.420	125.4461	0.5150
6431.350	124.8150	0.5024
6434.280	124.7464	0.5136
6437.210	124.6010	0.5503
6440.140	124.2906	0.5691
6443.070	124.0303	0.5366
6446.000	123.9071	0.5275
6448.930	123.5182	0.5332
6451.860	123.4878	0.5393
6454.790	123.2210	0.5263
6457.720	122.8694	0.5381
6460.650	122.9416	0.5290
6463.580	122.5856	0.4999
6466.510	122.4460	0.4932
6469.440	122.1819	0.5101
6472.370	121.8543	0.5169
6475.300	121.5301	0.5008
6478.230	121.2282	0.4908
6481.160	121.0103	0.4999
6484.090	121.0407	0.5077
6487.020	121.0933	0.5102
6489.950	120.8364	0.5096
6492.880	121.1226	0.5389
6495.810	120.9882	0.5567
6498.740	120.1325	0.5171
6501.670	119.5166	0.5214
6504.600	119.0544	0.5398
6507.530	118.9986	0.5305
6510.460	118.5733	0.5311
6513.390	118.3127	0.5041
6516.320	118.0047	0.5223
6519.250	117.3235	0.5342
6522.180	116.9910	0.5295
6525.110	117.1281	0.5085
6528.040	116.7834	0.5035
6530.970	116.1379	0.4915
6533.900	115.4215	0.4754
6536.830	114.8966	0.4849
6539.760	113.9922	0.4944
6542.690	112.6998	0.5359
6545.620	111.0600	0.5365
6548.550	108.8307	0.5599
6551.480	106.0942	0.6355
6554.410	102.9075	0.6541
6557.340	98.7717	0.6323
6560.270	94.2788	0.7114
6563.200	92.4654	0.7359
6566.130	95.2200	0.5510
6569.060	99.3627	0.5754
6571.990	102.6094	0.4226
6574.920	105.0937	0.4148
6577.850	107.0647	0.4289
6580.780	108.6900	0.4336
6583.710	109.9247	0.4179
6586.640	110.9465	0.4465
6589.570	111.5734	0.5059
6592.500	111.9089	0.5217
6595.430	112.0430	0.4721
6598.360	112.2354	0.4685
6601.290	112.5396	0.4571
6604.220	112.5287	0.4551
6607.150	112.2931	0.4614
6610.080	112.2018	0.4723
6613.010	112.1056	0.4602
6615.940	111.9863	0.4740
6618.870	111.8925	0.4419
6621.800	111.8343	0.4471
6624.730	111.6426	0.4646
6627.660	111.3551	0.4555
6630.590	111.3138	0.4758
6633.520	111.0766	0.4855
6636.450	110.7956	0.4795
6639.380	110.5861	0.4789
6642.310	110.5828	0.4861
6645.240	110.2795	0.4966
6648.170	110.0493	0.4601
6651.100	110.0168	0.4495
6654.030	109.9471	0.4618
6656.960	109.7255	0.4379
6659.890	109.4297	0.4636
6662.820	109.2688	0.4796
6665.750	109.0389	0.5060
6668.680	108.6714	0.4523
6671.610	108.1533	0.4652
6674.540	106.5655	0.6360
6677.470	104.9007	0.7019
6680.400	104.9278	0.5547
6683.330	106.2177	0.4638
6686.260	107.2407	0.4513
6689.190	107.5980	0.4198
6692.120	107.6639	0.4253
6695.050	107.5651	0.4549
6697.980	107.2617	0.4760
6700.910	107.1884	0.4481
6703.840	107.0696	0.4555
6706.770	106.7813	0.4410
6709.700	106.3583	0.4683
6712.630	106.3202	0.4377
6715.560	106.2137	0.4443
6718.490	105.9168	0.4518
6721.420	105.6264	0.4861
6724.350	105.3919	0.4703
6727.280	105.2455	0.4635
6730.210	105.0742	0.4684
6733.140	104.8721	0.4457
6736.070	104.8107	0.4465
6739.000	104.9927	0.4270
6741.930	104.9361	0.4239
6744.860	104.8124	0.4469
6747.790	104.6897	0.4489
6750.720	104.4952	0.4451
6753.650	104.1680	0.4624
6756.580	103.8731	0.4243
6759.510	103.5467	0.4076
6762.440	103.4642	0.4108
6765.370	103.1906	0.4306
6768.300	102.9596	0.4261
6771.230	102.8589	0.4235
6774.160	102.7600	0.4476
6777.090	102.6597	0.4281
6780.020	102.5597	0.4179
6782.950	102.4272	0.4027
6785.880	102.2366	0.3960
6788.810	101.9880	0.4252
6791.740	101.7932	0.4317
6794.670	101.8826	0.4159
6797.600	101.6604	0.4093
6800.530	101.4014	0.4113
6803.460	101.1789	0.3926
6806.390	101.0460	0.4111
6809.320	100.9141	0.4070
6812.250	100.9588	0.3830
6815.180	100.7329	0.3925
6818.110	100.4107	0.3969
6821.040	100.2407	0.3972
6823.970	99.9260	0.4203
6826.900	99.7980	0.4294
6829.830	99.6383	0.4370
6832.760	99.5307	0.4171
6835.690	99.5025	0.4244
6838.620	99.5629	0.4243
6841.550	99.2212	0.3995
6844.480	98.9446	0.4031
6847.410	98.7799	0.4128
6850.340	98.6681	0.4147
6853.270	98.4880	0.4332
6856.200	98.1773	0.4302
6859.130	97.8989	0.4376
6862.060	97.6389	0.4177
6864.990	97.4338	0.4209
6867.920	97.4002	0.4430
6870.850	97.2916	0.4041
6873.780	97.3433	0.3962
6876.710	97.2986	0.3930
6879.640	97.0406	0.3964
6882.570	96.7018	0.4256
6885.500	96.5959	0.4597
6888.430	96.4958	0.4330
6891.360	96.3716	0.4140
6894.290	96.3301	0.3955
6897.220	96.2746	0.3871
6900.150	96.2175	0.3743
6903.080	95.9701	0.3812
6906.010	95.8141	0.3818
6908.940	95.6515	0.3991
6911.870	95.4156	0.4143
6914.800	95.3524	0.3921
6917.730	95.0792	0.3830
6920.660	94.8465	0.3898
6923.590	94.8136	0.3797
6926.520	94.7402	0.3773
6929.450	94.4948	0.3739
6932.380	94.2528	0.3743
6935.310	94.1093	0.3636
6938.240	94.0065	0.3762
6941.170	93.8089	0.3659
6944.100	93.7498	0.3692
6947.030	93.6114	0.3809
6949.960	93.3394	0.3925
6952.890	93.1695	0.3800
6955.820	92.8600	0.3808
6958.750	92.7985	0.3699
6961.680	92.6958	0.3700
6964.610	92.4146	0.3888
6967.540	92.2001	0.3842
6970.470	92.1833	0.3856
6973.400	92.2436	0.3732
6976.330	92.1719	0.3766
6979.260	92.0612	0.3825
6982.190	91.7547	0.3673
6985.120	91.6210	0.3702
6988.050	91.5467	0.3759
6990.980	91.2875	0.3970
6993.910	91.1149	0.3914
6996.840	90.9699	0.3839
6999.770	90.9097	0.3895
7002.700	90.8221	0.3890
7005.630	90.4957	0.3908
7008.560	90.1082	0.3782
7011.490	90.0953	0.3724
7014.420	90.2419	0.3534
7017.350	90.0397	0.3540
7020.280	89.8943	0.3658
7023.210	89.7780	0.3649
7026.140	89.6078	0.3699
7029.070	89.4299	0.3654
7032.000	89.4837	0.3414
7034.930	89.3647	0.3343
7037.860	89.0804	0.3370
7040.790	88.9631	0.3340
7043.720	88.8144	0.3566
7046.650	88.6759	0.3540
7049.580	88.5244	0.3463
7052.510	88.4577	0.3419
7055.440	88.1456	0.3553
7058.370	87.7615	0.3895
7061.300	86.9742	0.4229
7064.230	86.0859	0.5035
7067.160	85.7604	0.4291
7070.090	86.2735	0.3402
7073.020	86.6989	0.3483
7075.950	86.8744	0.3545
7078.880	86.9197	0.3362
7081.810	86.7615	0.3399
7084.740	86.5201	0.3425
7087.670	86.4754	0.3360
7090.600	86.3995	0.3248
7093.530	86.2048	0.3313
7096.460	85.8999	0.3240
7099.390	85.8790	0.3291
7102.320	85.9378	0.3493
7105.250	85.9120	0.3683
7108.180	85.6435	0.3620
7111.110	85.4421	0.3532
7114.040	85.2849	0.3427
7116.970	85.1913	0.3449
7119.900	85.2506	0.3632
7122.830	85.1165	0.3618
7125.760	85.0533	0.3515
7128.690	84.9088	0.3322
7131.620	84.7381	0.3326
7134.550	84.6669	0.3372
7137.480	84.5372	0.3346
7140.410	84.4322	0.3329
7143.340	84.4037	0.3617
7146.270	84.3529	0.3503
7149.200	84.0219	0.3589
7152.130	83.7363	0.3554
7155.060	83.6180	0.3440
7157.990	83.5514	0.3418
7160.920	83.4820	0.3434
7163.850	83.1833	0.3635
7166.780	82.9167	0.3633
7169.710	82.7210	0.3879
7172.640	82.6718	0.3977
7175.570	82.6258	0.3877
7178.500	82.5009	0.3692
7181.430	82.3230	0.3546
7184.360	82.2353	0.3518
7187.290	82.2260	0.3472
7190.220	82.0849	0.3426
7193.150	81.8619	0.3400
7196.080	81.7782	0.3411
7199.010	81.6396	0.3604
7201.940	81.4260	0.3541
7204.870	81.2404	0.3425
7207.800	81.2879	0.3352
7210.730	81.3058	0.3276
7213.660	81.1598	0.3184
7216.590	80.9530	0.3232
7219.520	81.1278	0.3451
7222.450	81.0053	0.4059
7225.380	80.7293	0.3919
7228.310	80.4816	0.3462
7231.240	80.3123	0.3448
7234.170	80.2957	0.3508
7237.100	80.0995	0.3447
7240.030	79.9991	0.3384
7242.960	79.9626	0.3514
7245.890	79.7262	0.3698
7248.820	79.6678	0.3504
7251.750	79.5504	0.3592
7254.680	79.2700	0.3447
7257.610	79.3124	0.3273
7260.540	79.2004	0.3192
7263.470	78.9100	0.3335
7266.400	78.6790	0.3276
7269.330	78.4183	0.3459
7272.260	78.3409	0.3529
7275.190	78.1335	0.3537
7278.120	77.9662	0.3704
7281.050	77.6325	0.3757
7283.980	77.5863	0.3421
7286.910	77.7242	0.3492
7289.840	77.6726	0.3626
7292.770	77.5373	0.3453
7295.700	77.4821	0.3274
7298.630	77.4703	0.3350
7301.560	77.2503	0.3378
7304.490	77.2135	0.3337
7307.420	77.1895	0.3308
7310.350	77.0296	0.3273
7313.280	76.8396	0.3269
7316.210	76.6260	0.3267
7319.140	76.4805	0.3135
7322.070	76.5462	0.3092
7325.000	76.5464	0.3198
7327.930	76.4028	0.3262
7330.860	76.2290	0.3248
7333.790	76.0659	0.3444
7336.720	75.7696	0.3567
7339.650	75.7196	0.3343
7342.580	75.8691	0.3196
7345.510	75.8932	0.3083
7348.440	75.7016	0.2998
7351.370	75.4848	0.3315
7354.300	75.3365	0.3421
7357.230	75.1556	0.3190
7360.160	74.9670	0.3159
7363.090	74.7982	0.3182
7366.020	74.7981	0.3146
7368.950	74.8565	0.3011
7371.880	74.8262	0.3045
7374.810	74.7123	0.2986
7377.740	74.4653	0.3124
7380.670	74.3233	0.3063
7383.600	74.1646	0.3246
7386.530	74.1591	0.3167
7389.460	74.1825	0.3144
7392.390	74.0251	0.3036
7395.320	73.7799	0.2991
7398.250	73.5079	0.3019
7401.180	73.3840	0.2975
7404.110	73.2789	0.2963
7407.040	73.2192	0.3050
7409.970	73.0839	0.3229
7412.900	72.9991	0.3293
7415.830	72.9821	0.3137
7418.760	73.0222	0.2932
7421.690	72.9308	0.3150
7424.620	72.7158	0.3045
7427.550	72.6141	0.2982
7430.480	72.5109	0.2931
7433.410	72.3999	0.2940
7436.340	72.1905	0.2910
7439.270	72.0795	0.2992
7442.200	72.1402	0.2918
7445.130	72.1581	0.3054
7448.060	71.9300	0.3001
7450.990	71.6228	0.3135
7453.920	71.3406	0.3233
7456.850	71.2934	0.3045
7459.780	71.1999	0.3159
7462.710	71.2467	0.3081
7465.640	71.0331	0.3185
7468.570	70.8987	0.3056
7471.500	70.7716	0.3127
7474.430	70.7474	0.3248
7477.360	70.5707	0.3184
7480.290	70.4086	0.3182
7483.220	70.4226	0.3052
7486.150	70.2543	0.3023
7489.080	70.2698	0.2945
7492.010	70.0913	0.3022
7494.940	69.7599	0.3061
7497.870	69.4851	0.3135
7500.800	69.5006	0.3069
7503.730	69.6017	0.3001
7506.660	69.5388	0.2944
7509.590	69.5053	0.3026
7512.520	69.4640	0.3035
7515.450	69.3083	0.2798
7518.380	69.2243	0.2904
7521.310	69.2269	0.2942
7524.240	69.2343	0.3086
7527.170	68.9460	0.2984
7530.100	68.7918	0.3010
7533.030	68.6525	0.3047
7535.960	68.5112	0.2826
7538.890	68.3389	0.2881
7541.820	68.2577	0.2993
7544.750	68.1499	0.3002
7547.680	68.0262	0.2703
7550.610	68.0066	0.2761
7553.540	68.0008	0.2739
7556.470	67.9619	0.2754
7559.400	67.9426	0.2867
7562.330	67.7543	0.2975
7565.260	67.4992	0.3187
7568.190	67.3276	0.3210
7571.120	67.3032	0.2949
7574.050	67.2284	0.2814
7576.980	67.0942	0.2737
7579.910	66.9733	0.2914
7582.840	66.9934	0.3049
7585.770	66.8695	0.3280
7588.700	66.6847	0.3401
7591.630	66.4683	0.3771
7594.560	66.2407	0.4257
7597.490	66.2378	0.4358
7600.420	66.0204	0.3953
7603.350	66.0746	0.3639
7606.280	66.2506	0.3255
7609.210	66.3179	0.3398
7612.140	66.3655	0.3431
7615.070	66.4569	0.3497
7618.000	66.0630	0.3030
7620.930	65.7168	0.3057
7623.860	65.6553	0.3568
7626.790	65.3610	0.3186
7629.720	65.3207	0.3102
7632.650	65.4198	0.2895
7635.580	65.1383	0.2736
7638.510	64.9917	0.2820
7641.440	64.9537	0.3083
7644.370	64.9902	0.2932
7647.300	64.9777	0.2800
7650.230	64.7301	0.2955
7653.160	64.7009	0.2805
7656.090	64.6653	0.3009
7659.020	64.6521	0.3078
7661.950	64.6838	0.3148
7664.880	64.6761	0.2941
7667.810	64.4810	0.2606
7670.740	64.3018	0.2693
7673.670	64.1991	0.2866
7676.600	64.0649	0.2834
7679.530	63.8624	0.2818
7682.460	63.6852	0.2789
7685.390	63.4151	0.2911
7688.320	63.2965	0.2895
7691.250	63.4130	0.2884
7694.180	63.4156	0.2750
7697.110	63.2894	0.2721
7700.040	63.2837	0.2723
7702.970	63.0884	0.2662
7705.900	63.0173	0.2618
7708.830	62.9319	0.2715
7711.760	62.8516	0.2800
7714.690	62.8232	0.2750
7717.620	62.7935	0.2603
7720.550	62.6986	0.2841
7723.480	62.5372	0.2931
7726.410	62.4896	0.2787
7729.340	62.3550	0.2824
7732.270	62.2293	0.2836
7735.200	61.9113	0.2635
7738.130	62.0023	0.2690
7741.060	62.0076	0.2553
7743.990	61.8756	0.2739
7746.920	61.7847	0.2614
7749.850	61.7242	0.2514
7752.780	61.6694	0.2527
7755.710	61.5951	0.2648
7758.640	61.5236	0.2544
7761.570	61.1662	0.2626
7764.500	61.1004	0.2603
7767.430	61.1573	0.2495
7770.360	61.1063	0.2777
7773.290	61.0222	0.2848
7776.220	60.8724	0.2705
7779.150	60.7330	0.2707
7782.080	60.6998	0.2553
7785.010	60.5458	0.2554
7787.940	60.4183	0.2607
7790.870	60.2122	0.2496
7793.800	60.0249	0.2547
7796.730	60.1436	0.2484
7799.660	60.2482	0.2543
7802.590	60.0632	0.2670
7805.520	59.8611	0.2850
7808.450	59.8403	0.2751
7811.380	59.9016	0.2592
7814.310	59.9111	0.2512
7817.240	59.5866	0.2587
7820.170	59.5872	0.2610
7823.100	59.6334	0.2539
7826.030	59.4299	0.2565
7828.960	59.2751	0.2617
7831.890	59.3029	0.2826
7834.820	59.2472	0.2576
7837.750	58.9808	0.2562
7840.680	58.9038	0.2523
7843.610	58.7078	0.2503
7846.540	58.6472	0.2667
7849.470	58.5913	0.2762
7852.400	58.6457	0.2679
7855.330	58.6949	0.2790
7858.260	58.5301	0.2559
7861.190	58.3753	0.2538
7864.120	58.4861	0.2631
7867.050	58.3035	0.2637
7869.980	58.1015	0.2720
7872.910	57.9205	0.2630
7875.840	57.8118	0.2647
7878.770	57.7969	0.2617
7881.700	57.6808	0.2572
7884.630	57.5066	0.2630
7887.560	57.3553	0.2565
7890.490	57.6082	0.2463
7893.420	57.7220	0.2444
7896.350	57.8265	0.2571
7899.280	57.7803	0.2700
7902.210	57.5212	0.2703
7905.140	57.4211	0.2722
7908.070	57.1680	0.2668
7911.000	56.9650	0.2797
7913.930	56.8506	0.2715
7916.860	56.7003	0.2628
7919.790	56.5632	0.2487
7922.720	56.4062	0.2747
7925.650	56.4032	0.2616
7928.580	56.4735	0.2542
7931.510	56.3327	0.2517
7934.440	56.3147	0.2564
7937.370	56.2756	0.2479
7940.300	56.2216	0.2386
7943.230	56.3450	0.2419
7946.160	56.3802	0.2450
7949.090	56.2241	0.2406
7952.020	56.0170	0.2418
7954.950	55.8798	0.2447
7957.880	55.7115	0.2573
7960.810	55.6676	0.2673
7963.740	55.5660	0.2699
7966.670	55.4536	0.2624
7969.600	55.3657	0.2505
7972.530	55.3044	0.2668
7975.460	55.2829	0.2491
7978.390	55.3146	0.2509
7981.320	55.1870	0.2490
7984.250	55.1329	0.2448
7987.180	55.0239	0.2631
7990.110	54.9255	0.2664
7993.040	54.8069	0.2468
7995.970	54.6774	0.2432
7998.900	54.6930	0.2412
8001.830	54.4838	0.2364
8004.760	54.4042	0.2264
8007.690	54.4121	0.2234
8010.620	54.4067	0.2231
8013.550	54.3546	0.2213
8016.480	54.5947	0.2422
8019.410	54.6050	0.2522
8022.340	54.3762	0.2521
8025.270	54.3678	0.2449
8028.200	54.2633	0.2611
8031.130	53.9191	0.2452
8034.060	53.7560	0.2366
8036.990	53.4676	0.2369
8039.920	53.4074	0.2360
8042.850	53.3856	0.2381
8045.780	53.4154	0.2359
8048.710	53.1854	0.2399
8051.640	53.0986	0.2445
8054.570	52.8239	0.2701
8057.500	52.8887	0.2459
8060.430	52.9380	0.2372
8063.360	53.0241	0.2335
8066.290	53.1811	0.2275
8069.220	53.0273	0.2415
8072.150	52.9349	0.2374
8075.080	52.8121	0.2353
8078.010	52.7675	0.2505
8080.940	52.5721	0.2533
8083.870	52.4362	0.2441
8086.800	52.2468	0.2262
8089.730	52.1833	0.2285
8092.660	52.1289	0.2290
8095.590	52.0182	0.2316
8098.520	51.9207	0.2298
8101.450	51.9049	0.2395
8104.380	51.9304	0.2382
8107.310	51.7851	0.2446
8110.240	51.5998	0.2314
8113.170	51.4984	0.2415
8116.100	51.7192	0.2538
8119.030	51.7052	0.2471
8121.960	51.6350	0.2368
8124.890	51.6484	0.2308
8127.820	51.6408	0.2218
8130.750	51.5642	0.2248
8133.680	51.4169	0.2192
8136.610	51.1311	0.2329
8139.540	51.0601	0.2364
8142.470	51.1512	0.2394
8145.400	50.9267	0.2215
8148.330	51.0668	0.2186
8151.260	50.9546	0.2291
8154.190	50.7053	0.2339
8157.120	50.7237	0.2414
8160.050	50.5423	0.2451
8162.980	50.5144	0.2504
8165.910	50.3715	0.2574
8168.840	50.3039	0.2794
8171.770	50.1976	0.2690
8174.700	50.2450	0.2564
8177.630	50.0481	0.2570
8180.560	49.9653	0.2713
8183.490	49.8433	0.2686
8186.420	49.7496	0.2516
8189.350	49.8722	0.2451
8192.280	49.7127	0.2347
8195.210	49.4768	0.2383
8198.140	49.4666	0.2266
8201.070	49.4894	0.2217
8204.000	49.4672	0.2245
8206.930	49.3954	0.2217
8209.860	49.3005	0.2193
8212.790	49.4146	0.2142
8215.720	49.3840	0.2056
8218.650	49.3538	0.2191
8221.580	49.1890	0.2360
8224.510	48.8910	0.2592
8227.440	48.7044	0.2969
8230.370	48.6654	0.3229
8233.300	48.8784	0.2923
8236.230	48.8814	0.2517
8239.160	48.7928	0.2338
8242.090	48.6563	0.2079
8245.020	48.5258	0.2060
8247.950	48.5316	0.2159
8250.880	48.4547	0.2089
8253.810	48.4289	0.2123
8256.740	48.0974	0.2355
8259.670	48.0101	0.2185
8262.600	47.9900	0.2151
8265.530	47.9468	0.2175
8268.460	47.8050	0.2152
8271.390	47.8945	0.2097
8274.320	48.0776	0.2096
8277.250	47.9450	0.2099
8280.180	47.7550	0.2174
8283.110	47.7816	0.2159
8286.040	47.6946	0.2131
8288.970	47.5497	0.2212
8291.900	47.4571	0.2306
8294.830	47.2704	0.2220
8297.760	47.0161	0.2278
8300.690	47.0059	0.2134
8303.620	47.1366	0.2069
8306.550	47.2016	0.2178
8309.480	47.2070	0.2301
8312.410	46.9703	0.2160
8315.340	47.0492	0.2317
8318.270	46.9802	0.2319
8321.200	47.0457	0.2263
8324.130	47.1903	0.2190
8327.060	47.0414	0.2397
8329.990	46.8928	0.2391
8332.920	46.7379	0.2381
8335.850	46.6563	0.2327
8338.780	46.5124	0.2324
8341.710	46.2223	0.2348
8344.640	46.0576	0.2315
8347.570	46.1112	0.2102
8350.500	46.0088	0.2214
8353.430	45.8920	0.2260
8356.360	45.9297	0.2167
8359.290	45.9633	0.2101
8362.220	45.8973	0.2304
8365.150	45.8502	0.2293
8368.080	45.6008	0.2075
8371.010	45.7944	0.2012
8373.940	45.9521	0.1957
8376.870	45.9238	0.2172
8379.800	45.7381	0.2325
8382.730	45.8032	0.2448
8385.660	45.9268	0.2231
8388.590	45.8021	0.2121
8391.520	45.5843	0.2097
8394.450	45.4382	0.2205
8397.380	45.3084	0.2268
8400.310	45.0900	0.2100
8403.240	45.1858	0.1927
8406.170	45.1983	0.1908
8409.100	45.1544	0.1987
8412.030	45.0576	0.2190
8414.960	44.8386	0.2339
8417.890	44.9417	0.2031
8420.820	45.0307	0.1938
8423.750	45.0605	0.1956
8426.680	44.6402	0.2187
8429.610	44.6036	0.2457
8432.540	44.6121	0.2220
8435.470	44.7093	0.2219
8438.400	44.5031	0.2179
8441.330	44.2936	0.2039
8444.260	44.3343	0.1964
8447.190	44.3699	0.1995
8450.120	44.1940	0.2459
8453.050	44.0647	0.2145
8455.980	44.1195	0.2028
8458.910	44.0255	0.2291
8461.840	43.9020	0.2316
8464.770	44.0929	0.2311
8467.700	44.1631	0.2182
8470.630	44.0444	0.2085
8473.560	43.9101	0.2036
8476.490	43.8326	0.2165
8479.420	43.7681	0.2179
8482.350	43.7519	0.2102
8485.280	43.7701	0.2303
8488.210	43.6849	0.2316
8491.140	43.4871	0.2242
8494.070	43.8058	0.2689
8497.000	43.9505	0.3367
8499.930	43.4947	0.2735
8502.860	42.9067	0.2270
8505.790	42.8897	0.2267
8508.720	42.9081	0.2158
8511.650	42.9166	0.2042
8514.580	42.8304	0.2236
8517.510	42.7218	0.2142
8520.440	42.5273	0.2055
8523.370	42.5285	0.2042
8526.300	42.5584	0.2197
8529.230	42.4514	0.2432
8532.160	42.5008	0.2312
8535.090	42.6149	0.2298
8538.020	43.1373	0.3844
8540.950	43.5187	0.4669
8543.880	43.1967	0.3516
8546.810	42.4577	0.2306
8549.740	42.2676	0.2530
8552.670	42.1499	0.2249
8555.600	42.1008	0.1966
8558.530	42.0608	0.1936
8561.460	42.2146	0.1997
8564.390	42.3577	0.2008
8567.320	42.3059	0.1967
8570.250	42.1569	0.1985
8573.180	42.0094	0.2097
8576.110	41.9537	0.2106
8579.040	41.8867	0.2139
8581.970	41.7022	0.2310
8584.900	41.6155	0.2238
8587.830	41.4364	0.2147
8590.760	41.3243	0.1916
8593.690	41.3478	0.1838
8596.620	41.3300	0.1873
8599.550	41.2044	0.2086
8602.480	41.1721	0.2034
8605.410	41.2997	0.1833
8608.340	41.4173	0.1778
8611.270	41.2740	0.1810
8614.200	41.3037	0.1915
8617.130	41.1836	0.1833
8620.060	41.1006	0.2056
8622.990	40.9684	0.2473
8625.920	40.9535	0.2180
8628.850	40.9010	0.2070
8631.780	40.8434	0.1972
8634.710	40.5977	0.2195
8637.640	40.4053	0.2276
8640.570	40.4502	0.2203
8643.500	40.4925	0.2075
8646.430	40.4383	0.2029
8649.360	40.2614	0.2159
8652.290	40.1595	0.2147
8655.220	40.3545	0.1850
8658.150	40.6723	0.3371
8661.080	40.9033	0.3948
8664.010	40.6408	0.3129
8666.940	40.0569	0.2267
8669.870	39.8890	0.2184
8672.800	39.9391	0.2081
8675.730	39.8600	0.2049
8678.660	39.8612	0.1997
8681.590	40.0152	0.1923
8684.520	39.9359	0.1905
8687.450	39.9024	0.1901
8690.380	39.8056	0.1932
8693.310	39.8360	0.1838
8696.240	39.8053	0.1829
8699.170	39.8072	0.1857
8702.100	39.6727	0.1922
8705.030	39.6258	0.1950
8707.960	39.7015	0.1927
8710.890	39.7921	0.1857
8713.820	39.5723	0.1895
8716.750	39.3644	0.1791
8719.680	39.1482	0.1796
8722.610	39.0751	0.1885
8725.540	39.1195	0.1780
8728.470	39.1879	0.1631
8731.400	39.1868	0.1649
8734.330	39.1289	0.1745
8737.260	38.9663	0.1834
8740.190	38.8134	0.1719
8743.120	38.7295	0.1817
8746.050	38.5897	0.1810
8748.980	38.6414	0.1787
8751.910	38.6381	0.1917
8754.840	38.6664	0.1818
8757.770	38.7272	0.1882
8760.700	38.7987	0.1893
8763.630	38.8381	0.1927
8766.560	38.7460	0.1973
8769.490	38.6518	0.2053
8772.420	38.5859	0.2039
8775.350	38.2797	0.2026
8778.280	38.2208	0.1916
8781.210	38.1262	0.2012
8784.140	38.1284	0.2079
8787.070	38.1107	0.2068
8790.000	38.1016	0.1841
8792.930	38.0686	0.1730
8795.860	38.0271	0.1659
8798.790	37.9399	0.1727
8801.720	38.0637	0.1965
8804.650	38.3580	0.2165
8807.580	38.3221	0.2057
8810.510	38.1175	0.2031
8813.440	37.9550	0.2097
8816.370	37.6715	0.2068
8819.300	37.5494	0.1988
8822.230	37.5598	0.1956
8825.160	37.3612	0.2017
8828.090	37.3428	0.1881
8831.020	37.4601	0.1902
8833.950	37.1979	0.1877
8836.880	37.2484	0.1806
8839.810	37.3205	0.1665
8842.740	37.2119	0.1692
8845.670	36.9570	0.1758
8848.600	36.7440	0.2069
8851.530	36.7903	0.2065
8854.460	36.7714	0.1994
8857.390	36.6975	0.1877
8860.320	36.6853	0.1713
8863.250	36.5130	0.1832
8866.180	36.4718	0.1908
8869.110	36.4798	0.1871
8872.040	36.5740	0.1754
8874.970	36.6395	0.1704
8877.900	36.7388	0.1605
8880.830	36.6683	0.1665
8883.760	36.4787	0.1831
8886.690	36.4864	0.1726
8889.620	36.4646	0.1620
8892.550	36.5066	0.1708
8895.480	36.5231	0.1945
8898.410	36.4561	0.1977
8901.340	36.3025	0.1948
8904.270	36.2645	0.1873
8907.200	36.2696	0.1874
8910.130	36.3798	0.1756
8913.060	36.4841	0.1918
8915.990	36.4787	0.1794
8918.920	36.4876	0.1765
8921.850	36.5665	0.1907
8924.780	36.4838	0.2006
8927.710	36.2186	0.1937
8930.640	36.0984	0.1764
8933.570	35.9199	0.1766
8936.500	35.7718	0.1794
8939.430	35.7508	0.1903
8942.360	35.8260	0.1905
8945.290	35.9951	0.1819
8948.220	35.9440	0.1807
8951.150	35.9247	0.1744
8954.080	35.8519	0.1860
8957.010	35.7550	0.1892
8959.940	35.7160	0.1734
8962.870	35.6615	0.1804
8965.800	35.6125	0.1805
8968.730	35.4485	0.1886
8971.660	35.1605	0.2019
8974.590	35.0575	0.1971
8977.520	34.8893	0.1923
8980.450	34.8884	0.1795
8983.380	34.6974	0.1795
8986.310	34.5659	0.1932
8989.240	34.6653	0.2064
8992.170	34.7934	0.1969
8995.100	34.7419	0.2016
8998.030	34.2921	0.1987
9000.960	34.1075	0.1905
9003.890	34.0551	0.1848
9006.820	33.8215	0.1864
9009.750	33.8698	0.1891
9012.680	33.9837	0.2098
9015.610	34.2308	0.2130
9018.540	34.2899	0.1906
9021.470	34.1329	0.1802
9024.400	34.0160	0.1940
9027.330	33.9718	0.1923
9030.260	33.8800	0.1768
9033.190	33.9348	0.1561
9036.120	34.0919	0.1564
9039.050	33.9625	0.1597
9041.980	33.9458	0.1729
9044.910	33.9640	0.1706
9047.840	33.9427	0.1883
9050.770	33.8787	0.1921
9053.700	33.8609	0.1762
9056.630	33.9133	0.1572
9059.560	34.0306	0.1712
9062.490	34.1359	0.1813
9065.420	34.0889	0.1957
9068.350	34.1050	0.1998
9071.280	34.2865	0.1934
9074.210	34.3334	0.1843
9077.140	34.3062	0.1832
9080.070	34.2297	0.1963
9083.000	34.1316	0.1819
9085.930	34.0850	0.1800
9088.860	34.0500	0.1853
9091.790	33.8951	0.1916
9094.720	33.8221	0.1777
9097.650	33.8198	0.1761
9100.580	33.7815	0.1855
9103.510	33.6945	0.1869
9106.440	33.7344	0.1858
9109.370	33.9537	0.1934
9112.300	33.9401	0.1939
9115.230	33.7625	0.2032
9118.160	33.5011	0.2061
9121.090	33.2983	0.1822
9124.020	33.2319	0.1695
9126.950	33.3901	0.1749
9129.880	33.4080	0.1946
9132.810	33.3250	0.2036
9135.740	33.3163	0.1964
9138.670	33.3477	0.1939
9141.600	33.3913	0.1844
9144.530	33.3583	0.1810
9147.460	33.3354	0.1722
9150.390	33.3556	0.1810
9153.320	33.3127	0.1943
9156.250	33.2892	0.1894
9159.180	33.2466	0.1919
9162.110	33.2176	0.1912
9165.040	32.9819	0.1936
9167.970	32.6421	0.1845
9170.900	32.3752	0.1782
9173.830	32.2460	0.1868
9176.760	32.2903	0.1868
9179.690	32.2363	0.1847
9182.620	32.2210	0.1849
9185.550	32.3953	0.1720
9188.480	32.3383	0.1700
9191.410	32.3844	0.1763
9194.340	32.2232	0.1767
9197.270	31.9404	0.1824
9200.200	31.7005	0.1649
9203.130	31.5265	0.1815
9206.060	31.2365	0.1797
9208.990	31.1713	0.1751
9211.920	31.0241	0.1726
9214.850	30.8033	0.1743
9217.780	30.5746	0.1793
9220.710	30.3311	0.1728
9223.640	30.3775	0.1663
9226.570	30.4838	0.1713
9229.500	30.6032	0.1699
9232.430	30.7013	0.1735
9235.360	30.6008	0.1665
9238.290	30.5558	0.1588
9241.220	30.5352	0.1598
9244.150	30.5509	0.1745
9247.080	30.5994	0.1870
9250.010	30.7944	0.1914
9252.940	30.9998	0.1740
9255.870	31.0700	0.1645
9258.800	30.9758	0.1694
9261.730	30.8263	0.1750
9264.660	30.8699	0.1786
9267.590	30.9465	0.1778
9270.520	30.9600	0.1834
9273.450	30.9297	0.1891
9276.380	30.9566	0.1994
9279.310	31.0360	0.2053
9282.240	31.0427	0.1861
9285.170	31.0922	0.1783
9288.100	31.1536	0.1798
9291.030	31.3315	0.1695
9293.960	31.4582	0.1773
9296.890	31.5823	0.1898
9299.820	31.6524	0.1972
9302.750	31.6008	0.2085
9305.680	31.3515	0.1929
9308.610	31.0488	0.1976
9311.540	30.7391	0.1991
9314.470	30.6831	0.2258
9317.400	30.9334	0.2204
9320.330	30.8148	0.2301
9323.260	30.8885	0.2508
9326.190	30.9849	0.2370
9329.120	30.9059	0.2268
9332.050	30.8313	0.2378
9334.980	30.6314	0.2582
9337.910	30.5820	0.2765
9340.840	30.6442	0.2805
9343.770	30.9099	0.2742
9346.700	30.7710	0.2507
9349.630	30.5388	0.2286
9352.560	30.3150	0.2480
9355.490	30.1429	0.2514
9358.420	30.3368	0.2313
9361.350	30.4413	0.2226
9364.280	30.5308	0.2269
9367.210	30.5422	0.2510
9370.140	30.4069	0.2458
9373.070	30.3231	0.2358
9376.000	30.2312	0.2344
9378.930	30.3315	0.2525
9381.860	30.2808	0.2343
9384.790	30.3929	0.1970
9387.720	30.3918	0.1858
9390.650	30.2134	0.1926
9393.580	30.1028	0.2057
9396.510	30.1555	0.1990
9399.440	30.1115	0.2022
9402.370	30.1529	0.2044
9405.300	30.3107	0.2150
9408.230	30.1347	0.2151
9411.160	29.8107	0.2445
9414.090	29.6689	0.2327
9417.020	29.6511	0.2021
9419.950	29.6592	0.2121
9422.880	29.6828	0.2165
9425.810	29.7950	0.2238
9428.740	30.0065	0.2240
9431.670	30.0715	0.2103
9434.600	29.8163	0.1918
9437.530	29.5278	0.2263
9440.460	29.4406	0.2532
9443.390	29.5553	0.2346
9446.320	29.4295	0.2066
9449.250	29.3727	0.1985
9452.180	29.3908	0.2055
9455.110	29.3282	0.2164
9458.040	29.2188	0.2128
9460.970	29.0581	0.2055
9463.900	29.0919	0.1917
9466.830	29.1267	0.1843
9469.760	29.1737	0.1926
9472.690	29.0071	0.2066
9475.620	28.8164	0.2119
9478.550	28.7271	0.2180
9481.480	28.6922	0.2135
9484.410	28.6959	0.2025
9487.340	28.6411	0.1969
9490.270	28.5140	0.1931
9493.200	28.5665	0.2006
9496.130	28.5916	0.2229
9499.060	28.4205	0.2399
9501.990	28.4059	0.2168
9504.920	28.4143	0.1869
9507.850	28.2311	0.1849
9510.780	28.1653	0.2010
9513.710	27.9808	0.2240
9516.640	27.6990	0.2322
9519.570	27.3745	0.2162
9522.500	27.1256	0.1918
9525.430	27.1018	0.1907
9528.360	27.1639	0.1894
9531.290	27.0378	0.1814
9534.220	26.6907	0.1860
9537.150	26.3690	0.1945
9540.080	26.2542	0.2005
9543.010	26.3523	0.2092
9545.940	26.3639	0.2080
9548.870	26.2463	0.2046
9551.800	26.2456	0.2090
9554.730	26.6595	0.2067
9557.660	26.9194	0.2092
9560.590	26.8802	0.2086
9563.520	26.8721	0.2157
9566.450	26.9017	0.2338
9569.380	27.0634	0.2219
9572.310	27.2938	0.2007
9575.240	27.2799	0.1865
9578.170	27.2046	0.1981
9581.100	27.2201	0.2008
9584.030	27.3378	0.2099
9586.960	27.3162	0.2370
9589.890	27.4974	0.2539
9592.820	27.5802	0.2451
9595.750	27.5201	0.2401
9598.680	27.6409	0.2275
9601.610	27.7760	0.2309
9604.540	27.7353	0.2489
9607.470	27.7470	0.2648
9610.400	27.9372	0.2785
9613.330	27.7804	0.2756
9616.260	27.5466	0.2577
9619.190	27.6324	0.2998
9622.120	27.7569	0.3140
9625.050	27.6237	0.3162
9627.980	27.6953	0.2889
9630.910	27.7607	0.2756
9633.840	27.8880	0.2897
9636.770	27.9515	0.3062
9639.700	27.9984	0.2996
9642.630	27.8659	0.3097
9645.560	27.6791	0.3248
9648.490	27.6420	0.3092
9651.420	27.7025	0.3148
9654.350	27.5995	0.3040
9657.280	27.6762	0.3148
9660.210	27.6054	0.3432
9663.140	27.6779	0.3524
9666.070	27.6509	0.3481
9669.000	27.7905	0.3458
9671.930	27.7503	0.3579
9674.860	27.5638	0.3545
9677.790	27.6026	0.3680
9680.720	27.4961	0.3599
9683.650	27.7105	0.3786
9686.580	27.7893	0.3797
9689.510	27.3943	0.3766
9692.440	27.2570	0.3736
9695.370	27.3236	0.3840
9698.300	27.6316	0.3875
9701.230	27.8294	0.4122
