3298.680	411.6789	2.1363
3301.060	408.5626	2.6826
3303.440	407.8417	2.3816
3305.820	409.6413	1.9447
3308.200	407.7994	1.8910
3310.580	404.7998	2.1785
3312.960	404.1609	2.0333
3315.340	402.8547	2.0417
3317.720	401.5614	2.1926
3320.100	400.0725	2.6342
3322.480	401.7789	2.0926
3324.860	400.8231	1.8218
3327.240	398.5935	1.8472
3329.620	396.8404	1.7906
3332.000	395.3110	2.0617
3334.380	393.6033	1.9206
3336.760	392.3037	1.7588
3339.140	390.7657	1.7420
3341.520	389.4890	1.6980
3343.900	389.0041	1.7647
3346.280	389.7315	1.4893
3348.660	391.1464	1.8558
3351.040	389.5174	1.6784
3353.420	386.2679	1.9439
3355.800	382.3260	2.4174
3358.180	382.1777	2.0869
3360.560	387.9094	2.3262
3362.940	384.6655	1.8120
3365.320	380.1420	1.9311
3367.700	379.8852	1.7556
3370.080	379.9507	1.8517
3372.460	379.7549	1.8727
3374.840	378.5466	1.8835
3377.220	373.6149	2.3139
3379.600	375.0194	1.3327
3381.980	375.2296	1.3873
3384.360	373.6730	1.4858
3386.740	372.5050	1.9788
3389.120	372.6349	1.6750
3391.500	371.7722	1.4902
3393.880	372.5127	1.9069
3396.260	369.8416	1.4895
3398.640	366.8862	2.0059
3401.020	365.8760	2.1347
3403.400	365.5900	1.5786
3405.780	364.9584	1.4016
3408.160	365.1440	1.2409
3410.540	364.7913	1.3755
3412.920	362.5637	1.6345
3415.300	362.0838	1.4709
3417.680	359.0534	1.7250
3420.060	357.3935	1.9222
3422.440	357.5704	1.6102
3424.820	358.5735	1.2127
3427.200	357.6261	1.2172
3429.580	355.9787	1.6966
3431.960	353.7624	1.9016
3434.340	352.9755	1.8645
3436.720	351.9356	1.9356
3439.100	352.4123	1.6734
3441.480	354.0198	1.8282
3443.860	351.7179	1.6864
3446.240	350.5209	1.3320
3448.620	347.7574	1.8856
3451.000	347.1282	1.7926
3453.380	346.2903	1.6865
3455.760	346.2014	1.4919
3458.140	346.7534	1.2336
3460.520	345.9870	1.3588
3462.900	344.8515	1.3296
3465.280	341.8639	1.9396
3467.660	340.6186	1.7380
3470.040	339.5835	1.8797
3472.420	340.4479	1.4880
3474.800	340.9674	1.3921
3477.180	338.7019	1.7000
3479.560	335.9143	2.0638
3481.940	334.9070	1.7659
3484.320	334.3773	1.4524
3486.700	333.2539	1.5858
3489.080	334.9030	1.3834
3491.460	334.6317	1.4905
3493.840	332.7097	1.2208
3496.220	332.6504	1.3238
3498.600	331.4481	1.2003
3500.980	328.6402	1.6557
3503.360	326.6156	1.7496
3505.740	326.7346	1.5471
3508.120	326.2975	1.2947
3510.500	326.4152	1.2208
3512.880	325.3723	1.2460
3515.260	323.1989	1.2500
3517.640	322.8208	0.9737
3520.020	321.8668	1.0834
3522.400	322.8082	1.2766
3524.780	323.0411	1.9023
3527.160	320.5296	1.1657
3529.540	319.5167	1.0913
3531.920	319.3339	1.2070
3534.300	317.9061	1.0611
3536.680	316.8740	1.0671
3539.060	315.7073	1.1077
3541.440	315.5087	1.2480
3543.820	314.6230	1.3245
3546.200	313.2492	1.5151
3548.580	313.2815	1.2961
3550.960	313.2673	1.4011
3553.340	312.3552	1.4240
3555.720	309.4094	1.4978
3558.100	308.1841	1.5300
3560.480	308.5417	1.3623
3562.860	309.1601	1.1156
3565.240	308.2177	1.1564
3567.620	307.6279	0.9878
3570.000	305.4376	1.4905
3572.380	304.8651	1.1666
3574.760	304.4889	1.1688
3577.140	303.4433	1.2637
3579.520	304.7947	1.3610
3581.900	303.9883	1.3033
3584.280	302.9523	1.3450
3586.660	301.9245	1.2667
3589.040	301.9444	1.1542
3591.420	301.0653	1.2923
3593.800	298.4929	1.6622
3596.180	296.8491	1.7744
3598.560	297.1435	1.5766
3600.940	297.7047	1.1487
3603.320	296.2849	1.0739
3605.700	296.4869	1.1624
3608.080	294.9227	0.9924
3610.460	293.8174	1.3177
3612.840	291.3681	1.7049
3615.220	291.3408	1.4922
3617.600	293.3858	0.9651
3619.980	292.3802	1.3516
3622.360	291.1068	1.2123
3624.740	288.7885	1.7452
3627.120	288.5129	1.6597
3629.500	289.0951	1.3428
3631.880	290.1604	1.4716
3634.260	288.7396	1.3718
3636.640	286.2313	1.3172
3639.020	286.0621	1.1673
3641.400	287.3958	1.1175
3643.780	286.2702	1.1508
3646.160	285.2394	1.0649
3648.540	284.5800	1.1296
3650.920	283.3218	0.8850
3653.300	282.4207	1.2152
3655.680	281.5971	1.2066
3658.060	280.4044	1.1314
3660.440	280.3612	0.9122
3662.820	279.8547	0.8765
3665.200	279.0933	0.9227
3667.580	278.2709	0.9203
3669.960	276.8452	1.1205
3672.340	275.5883	1.3777
3674.720	275.4672	1.2012
3677.100	274.8931	1.0613
3679.480	275.1163	0.9576
3681.860	274.4177	0.9991
3684.240	273.6770	1.0529
3686.620	273.4649	1.1259
3689.000	272.3988	1.1393
3691.380	272.1946	1.1150
3693.760	270.6256	1.1600
3696.140	270.5989	1.1074
3698.520	269.5205	1.0874
3700.900	268.4704	1.5853
3703.280	268.8997	1.2565
3705.660	268.9367	1.1205
3708.040	267.8113	0.9103
3710.420	265.4465	1.0214
3712.800	264.3019	1.2187
3715.180	264.4674	1.3899
3717.560	264.8645	1.0000
3719.940	266.0685	1.3224
3722.320	265.3479	0.9574
3724.700	263.5608	1.0996
3727.080	262.4926	1.3167
3729.460	263.0398	1.1979
3731.840	262.5095	1.3191
3734.220	262.8912	1.2689
3736.600	262.8103	0.9666
3738.980	259.6216	1.5138
3741.360	258.6353	1.4167
3743.740	258.7406	0.8264
3746.120	257.4828	1.0015
3748.500	255.2951	1.0852
3750.880	256.4378	1.1938
3753.260	255.9346	1.9289
3755.640	255.1143	1.3384
3758.020	256.4420	0.8324
3760.400	255.9533	0.8529
3762.780	253.6567	0.9810
3765.160	252.0838	0.9565
3767.540	251.4819	0.8881
3769.920	250.5512	0.9899
3772.300	251.0926	0.9433
3774.680	253.0015	0.8678
3777.060	253.0613	0.8079
3779.440	252.8283	0.7452
3781.820	252.1916	0.8452
3784.200	251.1102	0.8249
3786.580	249.5483	1.0514
3788.960	248.5807	0.8119
3791.340	245.4194	0.8728
3793.720	242.3077	0.8954
3796.100	240.8100	1.0174
3798.480	240.8181	0.9619
3800.860	242.2219	0.8429
3803.240	243.4853	0.8521
3805.620	245.3282	1.0375
3808.000	246.7283	0.8218
3810.380	247.0929	0.9836
3812.760	247.6219	1.0031
3815.140	247.9060	1.3462
3817.520	247.0577	1.3160
3819.900	244.5174	1.3242
3822.280	242.6455	1.0106
3824.660	239.7025	0.7647
3827.040	236.9680	0.7299
3829.420	233.0719	0.6991
3831.800	228.7873	0.7307
3834.180	225.3530	0.8963
3836.560	226.3251	0.8132
3838.940	228.5276	0.9204
3841.320	231.7938	0.7728
3843.700	234.0553	1.2488
3846.080	236.6642	1.2498
3848.460	239.8400	0.9771
3850.840	241.3830	0.9106
3853.220	243.0815	0.7771
3855.600	244.3817	0.7244
3857.980	245.3221	0.8819
3860.360	244.7597	0.8152
3862.740	241.3432	1.4164
3865.120	240.1282	1.4507
3867.500	240.4120	0.9094
3869.880	239.5106	0.9815
3872.260	237.3633	0.6947
3874.640	235.2077	0.7843
3877.020	230.9326	0.7295
3879.400	225.9178	0.7839
3881.780	220.2619	0.7964
3884.160	213.6166	0.8245
3886.540	207.3858	0.8865
3888.920	203.4945	0.9112
3891.300	205.7225	0.6073
3893.680	211.1386	0.7020
3896.060	217.1180	0.8680
3898.440	222.3874	0.6990
3900.820	226.3625	0.6192
3903.200	229.0661	0.6134
3905.580	230.5304	0.6588
3907.960	232.7744	0.7297
3910.340	233.1530	1.0099
3912.720	233.2275	1.1164
3915.100	233.0793	1.0276
3917.480	234.0551	0.9404
3919.860	233.9280	0.9476
3922.240	232.5396	0.9419
3924.620	232.7650	0.9042
3927.000	233.1826	1.0902
3929.380	234.3967	1.0800
3931.760	235.5341	1.9926
3934.140	236.6191	2.1210
3936.520	233.1282	1.4245
3938.900	230.1318	1.1364
3941.280	228.6623	0.9761
3943.660	227.4010	1.1831
3946.040	226.4297	0.7843
3948.420	223.8656	0.9604
3950.800	221.6696	0.9920
3953.180	220.1602	1.0960
3955.560	216.5196	0.9774
3957.940	211.9624	1.0140
3960.320	206.9770	1.0307
3962.700	200.7853	0.8515
3965.080	193.8326	1.1917
3967.460	186.0385	1.5729
3969.840	181.8235	1.6387
3972.220	182.7159	0.8362
3974.600	189.3067	0.9200
3976.980	196.7380	0.9983
3979.360	201.8634	1.2051
3981.740	206.8430	1.2484
3984.120	211.3769	0.8518
3986.500	213.6898	0.7817
3988.880	214.8440	0.8523
3991.260	216.3074	0.8381
3993.640	217.7737	0.7674
3996.020	218.4056	0.7719
3998.400	218.4325	0.7668
4000.780	217.9201	0.8330
4003.160	217.3176	0.8754
4005.540	217.0930	0.7638
4007.920	217.8407	0.6285
4010.300	218.1424	0.7113
4012.680	217.5413	0.6871
4015.060	216.5370	0.6479
4017.440	215.6712	0.5855
4019.820	215.4102	0.6980
4022.200	214.2324	0.9109
4024.580	212.0229	1.0457
4026.960	210.2061	0.7434
4029.340	210.7650	0.6171
4031.720	211.8387	0.4949
4034.100	212.5660	0.4962
4036.480	212.2009	0.5740
4038.860	211.6634	0.6558
4041.240	211.8497	0.6180
4043.620	212.1696	0.7389
4046.000	210.9473	0.5870
4048.380	210.5563	0.6116
4050.760	210.1260	0.6930
4053.140	209.7334	0.6568
4055.520	209.1806	0.5906
4057.900	207.8985	0.6194
4060.280	206.9334	0.6142
4062.660	206.7306	0.5795
4065.040	205.7204	0.6095
4067.420	205.1668	0.6446
4069.800	204.8158	0.6742
4072.180	204.1493	0.6731
4074.560	203.4073	0.7015
4076.940	202.2895	0.7194
4079.320	200.3055	0.6743
4081.700	198.8900	0.6299
4084.080	197.0965	0.6090
4086.460	194.3797	0.6896
4088.840	190.1949	0.7407
4091.220	184.9897	0.6883
4093.600	178.6601	0.6984
4095.980	170.6661	0.7973
4098.360	161.3038	0.9431
4100.740	153.0987	0.9619
4103.120	153.5623	0.6939
4105.500	160.8079	0.5877
4107.880	169.3288	0.5207
4110.260	177.0086	0.5592
4112.640	182.7302	0.5353
4115.020	186.0314	0.5605
4117.400	188.8760	0.5652
4119.780	190.8896	0.5885
4122.160	192.0892	0.5566
4124.540	193.1666	0.6653
4126.920	193.6908	0.6464
4129.300	193.7808	0.5660
4131.680	194.6041	0.6555
4134.060	194.8489	0.6944
4136.440	194.1498	0.6959
4138.820	194.0546	0.6722
4141.200	193.7578	0.7489
4143.580	194.2695	0.7118
4145.960	193.0469	0.5685
4148.340	192.5511	0.6168
4150.720	192.6910	0.6455
4153.100	193.0763	0.6354
4155.480	192.7731	0.6689
4157.860	191.9355	0.6384
4160.240	191.2922	0.6449
4162.620	190.6917	0.6986
4165.000	190.2630	0.6265
4167.380	189.7598	0.6377
4169.760	189.8698	0.4968
4172.140	189.4129	0.5914
4174.520	188.9964	0.6581
4176.900	187.9101	0.5245
4179.280	187.0494	0.5494
4181.660	186.9554	0.4882
4184.040	186.6497	0.5053
4186.420	186.2322	0.5688
4188.800	185.5786	0.6704
4191.180	184.6373	0.7623
4193.560	184.1402	0.6365
4195.940	183.0549	0.6690
4198.320	182.6409	0.7589
4200.700	181.5642	0.6755
4203.080	180.8856	0.5543
4205.460	180.8277	0.5846
4207.840	181.0844	0.5112
4210.220	181.2338	0.5670
4212.600	181.4006	0.5823
4214.980	181.5464	0.5929
4217.360	180.7330	0.5044
4219.740	179.1512	0.5401
4222.120	179.4185	0.4538
4224.500	180.3276	0.7857
4226.880	179.7353	0.5124
4229.260	179.1492	0.5009
4231.640	178.1224	0.7531
4234.020	178.2351	0.5631
4236.400	178.6386	0.4972
4238.780	178.2362	0.4896
4241.160	177.7193	0.5224
4243.540	177.0141	0.5275
4245.920	176.5983	0.4989
4248.300	176.1968	0.5458
4250.680	175.9855	0.5605
4253.060	175.1812	0.5397
4255.440	174.4782	0.5491
4257.820	174.7342	0.5274
4260.200	174.4195	0.5147
4262.580	173.9637	0.5316
4264.960	172.8721	0.5866
4267.340	172.6114	0.5651
4269.720	172.5037	0.5774
4272.100	172.7563	0.6573
4274.480	171.5734	0.5143
4276.860	170.8882	0.5228
4279.240	170.5622	0.5236
4281.620	170.1437	0.5133
4284.000	169.6552	0.5500
4286.380	169.4734	0.5503
4288.760	168.9235	0.6126
4291.140	167.9715	0.5293
4293.520	167.5058	0.5797
4295.900	167.3964	0.6093
4298.280	167.1233	0.6061
4300.660	167.0978	0.5659
4303.040	166.8928	0.5456
4305.420	166.1075	0.4830
4307.800	166.2322	0.6706
4310.180	165.7617	0.7792
4312.560	163.7948	0.5763
4314.940	162.5206	0.6701
4317.320	160.4134	0.9309
4319.700	159.4761	0.7179
4322.080	158.5755	0.5693
4324.460	157.0750	0.7096
4326.840	153.7182	0.5487
4329.220	149.8978	0.5598
4331.600	145.2246	0.6602
4333.980	139.1858	0.5972
4336.360	131.9939	0.6517
4338.740	125.0767	0.8722
4341.120	121.8013	0.7304
4343.500	125.6731	0.4461
4345.880	133.8601	0.4323
4348.260	141.2736	0.4127
4350.640	146.5345	0.4312
4353.020	149.7504	0.4053
4355.400	152.0819	0.3789
4357.780	153.2480	0.3798
4360.160	154.1869	0.4459
4362.540	155.0245	0.4696
4364.920	155.7169	0.4566
4367.300	155.8017	0.5145
4369.680	155.9318	0.5570
4372.060	155.9725	0.5063
4374.440	156.0476	0.5105
4376.820	156.4874	0.5681
4379.200	156.5874	0.5960
4381.580	156.5870	0.5751
4383.960	156.5560	0.6003
4386.340	156.7001	0.6860
4388.720	155.8233	0.5710
4391.100	155.2684	0.4333
4393.480	154.9743	0.4760
4395.860	154.5092	0.4650
4398.240	154.2861	0.4199
4400.620	154.4218	0.4153
4403.000	154.3632	0.5507
4405.380	153.9688	0.4362
4407.760	153.7080	0.4252
4410.140	153.1315	0.4811
4412.520	152.9497	0.4680
4414.900	152.5628	0.4140
4417.280	151.8895	0.4907
4419.660	151.2926	0.4542
4422.040	150.8297	0.4746
4424.420	150.5467	0.4797
4426.800	150.3669	0.4402
4429.180	150.0252	0.4366
4431.560	150.1165	0.4749
4433.940	150.1444	0.4463
4436.320	149.6106	0.4690
4438.700	149.3582	0.4171
4441.080	148.6428	0.5020
4443.460	148.8255	0.4134
4445.840	148.5360	0.4466
4448.220	147.5563	0.4699
4450.600	147.6200	0.4598
4452.980	148.1645	0.4479
4455.360	148.5353	0.4427
4457.740	147.8050	0.4712
4460.120	146.9431	0.4065
4462.500	146.6375	0.3976
4464.880	146.4215	0.5156
4467.260	144.9817	0.7345
4469.640	141.9812	0.7110
4472.020	139.7161	0.4977
4474.400	141.0213	0.3472
4476.780	143.3961	0.3939
4479.160	144.1634	0.3845
4481.540	144.0731	0.3836
4483.920	143.7101	0.3800
4486.300	143.2137	0.3878
4488.680	142.8315	0.3870
4491.060	142.8424	0.3965
4493.440	142.7972	0.4968
4495.820	142.6193	0.4587
4498.200	142.6108	0.4647
4500.580	142.0829	0.4778
4502.960	141.4245	0.4695
4505.340	140.8361	0.5057
4507.720	140.5875	0.4777
4510.100	140.6754	0.4369
4512.480	140.3160	0.4185
4514.860	140.1945	0.3917
4517.240	140.0456	0.4358
4519.620	139.9638	0.4133
4522.000	139.3275	0.4742
4524.380	139.1252	0.3934
4526.760	138.7552	0.4251
4529.140	138.2064	0.4627
4531.520	137.4954	0.5358
4533.900	136.6778	0.5348
4536.280	135.7301	0.5756
4538.660	134.1892	0.6282
4541.040	132.9780	0.4986
4543.420	132.8368	0.4343
4545.800	133.4469	0.4489
4548.180	134.1036	0.4014
4550.560	134.7974	0.3811
4552.940	135.0773	0.3731
4555.320	135.3622	0.3482
4557.700	135.1834	0.3447
4560.080	135.2566	0.3666
4562.460	135.0442	0.3786
4564.840	134.6345	0.3492
4567.220	134.5834	0.3712
4569.600	134.1046	0.3600
4571.980	133.8985	0.4150
4574.360	133.9207	0.4041
4576.740	133.5731	0.4036
4579.120	133.2530	0.4338
4581.500	132.8968	0.4242
4583.880	132.7395	0.4006
4586.260	132.3813	0.4203
4588.640	131.9288	0.4656
4591.020	131.7072	0.4156
4593.400	131.4575	0.3566
4595.780	131.1305	0.3998
4598.160	130.8993	0.3543
4600.540	130.8385	0.3830
4602.920	130.5008	0.4149
4605.300	129.9761	0.4752
4607.680	129.2382	0.4515
4610.060	128.5019	0.4222
4612.440	128.2645	0.3855
4614.820	127.8589	0.3655
4617.200	127.6503	0.3747
4619.580	127.4802	0.3575
4621.960	126.8903	0.3706
4624.340	126.4032	0.3880
4626.720	126.1138	0.3804
4629.100	125.8817	0.3989
4631.480	125.4411	0.4164
4633.860	125.7066	0.3461
4636.240	125.7855	0.3223
4638.620	125.6023	0.3881
4641.000	125.2680	0.4516
4643.380	124.7710	0.3757
4645.760	124.9738	0.3457
4648.140	125.5578	0.3327
4650.520	125.1125	0.4265
4652.900	124.8091	0.4182
4655.280	125.0442	0.3805
4657.660	124.2453	0.3934
4660.040	123.8149	0.3705
4662.420	123.9491	0.3652
4664.800	124.0636	0.4154
4667.180	123.8595	0.4189
4669.560	123.6405	0.4074
4671.940	122.7582	0.3758
4674.320	122.0006	0.4431
4676.700	121.1279	0.4711
4679.080	119.6323	0.5037
4681.460	115.7178	0.6398
4683.840	109.0631	0.6212
4686.220	104.8865	0.6097
4688.600	108.8788	0.5191
4690.980	115.3617	0.2989
4693.360	118.7359	0.2972
4695.740	119.7478	0.2808
4698.120	120.3351	0.2696
4700.500	120.5453	0.2931
4702.880	120.5555	0.3755
4705.260	120.3515	0.4200
4707.640	120.0884	0.3396
4710.020	120.2305	0.4023
4712.400	119.6631	0.4502
4714.780	119.0958	0.3662
4717.160	118.8745	0.3376
4719.540	118.9872	0.3397
4721.920	118.5244	0.3684
4724.300	118.2079	0.3684
4726.680	118.1336	0.3925
4729.060	118.3459	0.4149
4731.440	118.0474	0.4330
4733.820	117.6848	0.3806
4736.200	117.3853	0.3802
4738.580	117.1469	0.3086
4740.960	117.0572	0.3618
4743.340	116.9315	0.3726
4745.720	116.7349	0.4168
4748.100	116.5493	0.3791
4750.480	116.2717	0.3837
4752.860	115.8497	0.3853
4755.240	115.4787	0.4089
4757.620	115.1613	0.3318
4760.000	114.6461	0.3587
4762.380	114.4483	0.3918
4764.760	114.5822	0.3681
4767.140	114.4331	0.3709
4769.520	113.9946	0.4293
4771.900	113.7027	0.3764
4774.280	113.6571	0.3437
4776.660	113.3672	0.3310
4779.040	112.9819	0.3208
4781.420	112.7220	0.3278
4783.800	112.6860	0.3326
4786.180	112.8456	0.3087
4788.560	112.5948	0.3143
4790.940	111.8461	0.3243
4793.320	111.6358	0.3057
4795.700	111.5059	0.3394
4798.080	110.9853	0.3424
4800.460	110.8592	0.3338
4802.840	110.8798	0.3524
4805.220	110.7133	0.3647
4807.600	110.3581	0.3702
4809.980	110.0970	0.3776
4812.360	110.0546	0.3102
4814.740	109.4936	0.2965
4817.120	109.0737	0.3324
4819.500	108.7166	0.3640
4821.880	108.6859	0.3868
4824.260	108.7601	0.3390
4826.640	108.8456	0.3445
4829.020	108.1516	0.3903
4831.400	107.5311	0.3909
4833.780	106.9299	0.3638
4836.160	105.9643	0.3770
4838.540	105.4497	0.3497
4840.920	104.7596	0.3472
4843.300	103.4766	0.3991
4845.680	101.7255	0.4337
4848.060	100.0303	0.3850
4850.440	98.0126	0.3794
4852.820	94.7905	0.3975
4855.200	90.4276	0.4148
4857.580	85.3428	0.4930
4859.960	81.0857	0.4996
4862.340	80.2971	0.4410
4864.720	83.4782	0.2238
4867.100	88.3973	0.2092
4869.480	92.7947	0.2171
4871.860	95.6753	0.2408
4874.240	97.7434	0.2618
4876.620	99.0279	0.3018
4879.000	100.3166	0.3112
4881.380	101.0575	0.3244
4883.760	101.1336	0.3625
4886.140	101.7633	0.3166
4888.520	102.3429	0.3555
4890.900	102.3018	0.3190
4893.280	102.1076	0.3168
4895.660	102.0391	0.3418
4898.040	101.9881	0.3714
4900.420	102.1933	0.3176
4902.800	102.3768	0.3234
4905.180	102.3301	0.3402
4907.560	102.2458	0.3360
4909.940	102.0226	0.3231
4912.320	101.8261	0.3165
4914.700	101.7431	0.3285
4917.080	101.6303	0.4436
4919.460	101.5839	0.5304
4921.840	101.4355	0.4583
4924.220	100.6859	0.2964
4926.600	100.3907	0.3017
4928.980	100.4229	0.3009
4931.360	100.6022	0.2661
4933.740	100.8216	0.3076
4936.120	100.8460	0.3928
4938.500	100.7717	0.3397
4940.880	99.9622	0.3514
4943.260	99.6616	0.3150
4945.640	99.8751	0.2705
4948.020	99.8644	0.2932
4950.400	99.5160	0.3510
4952.780	99.3790	0.3256
4955.160	99.7488	0.3283
4957.540	99.3396	0.3227
4959.920	98.8341	0.2960
4962.300	98.4730	0.3008
4964.680	98.2294	0.3007
4967.060	98.1596	0.2905
4969.440	98.2120	0.3031
4971.820	98.2322	0.3009
4974.200	97.8232	0.3120
4976.580	97.7495	0.3312
4978.960	97.5796	0.3682
4981.340	97.4822	0.3499
4983.720	97.0648	0.3215
4986.100	96.4609	0.3207
4988.480	96.5326	0.3233
4990.860	96.5568	0.2869
4993.240	96.3478	0.3009
4995.620	96.2282	0.2933
4998.000	95.9891	0.3056
5000.380	96.0326	0.2979
5002.760	96.0304	0.3216
5005.140	95.7075	0.3378
5007.520	95.2182	0.3222
5009.900	95.0659	0.3558
5012.280	94.8473	0.3439
5014.660	94.5897	0.3270
5017.040	94.2494	0.2834
5019.420	94.2390	0.2916
5021.800	94.1954	0.3104
5024.180	93.9073	0.3355
5026.560	93.6830	0.3048
5028.940	93.6383	0.2913
5031.320	93.5029	0.3227
5033.700	93.5235	0.3327
5036.080	93.1992	0.3495
5038.460	92.8736	0.3406
5040.840	92.6745	0.3320
5043.220	92.7324	0.3155
5045.600	92.6828	0.3353
5047.980	92.5442	0.3270
5050.360	92.3474	0.2858
5052.740	92.3556	0.2945
5055.120	92.2326	0.3095
5057.500	91.8912	0.3160
5059.880	91.7027	0.3121
5062.260	91.4404	0.2773
5064.640	91.5363	0.2720
5067.020	91.5520	0.3296
5069.400	91.3601	0.3112
5071.780	91.0725	0.3084
5074.160	90.8762	0.3206
5076.540	90.8360	0.3041
5078.920	90.9158	0.3067
5081.300	90.4359	0.2847
5083.680	90.2658	0.2868
5086.060	90.2682	0.2912
5088.440	90.0127	0.3044
5090.820	89.5774	0.3065
5093.200	89.3205	0.3022
5095.580	89.3187	0.3144
5097.960	89.2560	0.3410
5098.200	88.5653	0.2551
5100.340	89.2087	0.3302
5101.130	88.6745	0.3349
5102.720	88.9474	0.3065
5104.060	88.4758	0.3044
5105.100	88.7392	0.2869
5106.990	88.3389	0.2355
5107.480	88.5647	0.2587
5109.860	88.4480	0.2655
5109.920	88.0721	0.2519
5112.240	88.2929	0.2379
5112.850	88.0999	0.2438
5114.620	88.0830	0.2955
5115.780	87.9683	0.2969
5117.000	87.8444	0.2969
5118.710	87.4514	0.3014
5119.380	87.7482	0.2981
5121.640	87.2698	0.2748
5121.760	87.7595	0.3214
5124.140	87.5790	0.2855
5124.570	86.7853	0.3509
5126.520	87.4088	0.2808
5127.500	86.8963	0.2220
5128.900	87.3643	0.2395
5130.430	87.0922	0.2368
5131.280	87.1323	0.3108
5133.360	86.8695	0.2712
5133.660	86.8333	0.3018
5136.040	86.5134	0.2929
5136.290	86.1519	0.2668
5138.420	86.2314	0.2968
5139.220	85.7409	0.2827
5140.800	86.1407	0.3194
5142.150	85.8991	0.2781
5143.180	86.0790	0.3189
5145.080	85.9380	0.2816
5145.560	85.9865	0.3243
5147.940	85.7664	0.3323
5148.010	85.6566	0.2917
5150.320	85.6286	0.2812
5150.940	85.4815	0.2004
5153.870	85.2324	0.2588
5156.800	85.1984	0.2361
5159.730	84.8494	0.2593
5162.660	84.6431	0.2827
5165.590	83.7356	0.4901
5168.520	83.9752	0.3702
5171.450	84.1802	0.2447
5174.380	84.8017	0.2989
5177.310	84.6520	0.3551
5180.240	83.6527	0.2842
5183.170	83.4395	0.3942
5186.100	83.8081	0.3097
5189.030	83.4475	0.2947
5191.960	83.0019	0.2720
5194.890	83.0564	0.2509
5197.820	83.1076	0.2460
5200.750	82.7145	0.2728
5203.680	82.4004	0.2335
5206.610	82.3860	0.2843
5209.540	82.4760	0.2508
5212.470	82.1850	0.3096
5215.400	81.4489	0.2493
5218.330	81.3043	0.2320
5221.260	81.2768	0.2268
5224.190	80.7796	0.2292
5227.120	80.9529	0.2767
5230.050	80.9869	0.2372
5232.980	80.4345	0.2318
5235.910	80.2445	0.2505
5238.840	80.4647	0.2821
5241.770	80.0921	0.2533
5244.700	79.7311	0.2099
5247.630	79.7850	0.2147
5250.560	79.5009	0.2407
5253.490	79.2474	0.2325
5256.420	79.3203	0.2108
5259.350	79.2041	0.1967
5262.280	78.4924	0.2658
5265.210	78.5571	0.2467
5268.140	78.5632	0.2073
5271.070	78.6625	0.2536
5274.000	78.5892	0.2571
5276.930	78.2011	0.2398
5279.860	77.7633	0.1786
5282.790	77.4785	0.1954
5285.720	77.5828	0.2238
5288.650	77.5657	0.2038
5291.580	77.2147	0.2084
5294.510	76.9353	0.2142
5297.440	77.0155	0.2174
5300.370	76.9231	0.2076
5303.300	76.7672	0.2268
5306.230	76.7057	0.1966
5309.160	76.3554	0.2000
5312.090	75.9304	0.1855
5315.020	75.7409	0.2092
5317.950	75.6813	0.2355
5320.880	75.6331	0.2292
5323.810	75.4834	0.2451
5326.740	74.9878	0.2582
5329.670	75.2687	0.2436
5332.600	75.2477	0.2336
5335.530	75.0011	0.2032
5338.460	74.7097	0.2269
5341.390	74.3984	0.2195
5344.320	74.5049	0.2184
5347.250	74.2961	0.2055
5350.180	74.2457	0.2006
5353.110	73.6665	0.2378
5356.040	73.6911	0.2203
5358.970	73.5595	0.1887
5361.900	73.5077	0.2330
5364.830	73.3636	0.2246
5367.760	73.2762	0.1849
5370.690	72.8629	0.2020
5373.620	72.9734	0.2249
5376.550	73.0440	0.2425
5379.480	72.4562	0.1799
5382.410	72.1524	0.2040
5385.340	72.1543	0.1839
5388.270	71.9548	0.1780
5391.200	71.5548	0.1982
5394.130	71.2761	0.1897
5397.060	71.0619	0.1845
5399.990	70.4879	0.1938
5402.920	69.8086	0.2175
5405.850	68.7474	0.2243
5408.780	67.2669	0.2108
5411.710	66.3915	0.2038
5414.640	66.7743	0.2053
5417.570	68.0520	0.1749
5420.500	69.0005	0.1799
5423.430	69.5710	0.1700
5426.360	69.7913	0.2019
5429.290	69.7946	0.1746
5432.220	69.8090	0.1679
5435.150	69.7713	0.1894
5438.080	69.3953	0.1943
5441.010	69.3256	0.1957
5443.940	69.1705	0.2101
5446.870	69.0940	0.1688
5449.800	68.8451	0.1746
5452.730	68.5393	0.1507
5455.660	68.3703	0.1325
5458.590	68.2994	0.1397
5461.520	68.1514	0.1395
5464.450	67.9158	0.1355
5467.380	67.8978	0.1502
5470.310	67.8359	0.1646
5473.240	67.7591	0.1691
5476.170	67.6489	0.1793
5479.100	67.4427	0.1741
5482.030	67.2524	0.1615
5484.960	66.9950	0.1489
5487.890	66.9448	0.1329
5490.820	66.8418	0.1600
5493.750	66.8778	0.1633
5496.680	66.8880	0.1655
5499.610	66.7526	0.1462
5502.540	66.5755	0.1474
5505.470	66.2820	0.1558
5508.400	66.1371	0.1827
5511.330	65.9521	0.1954
5514.260	65.9196	0.1727
5517.190	65.8169	0.1609
5520.120	65.7886	0.1629
5523.050	65.6604	0.1683
5525.980	65.5938	0.1509
5528.910	65.3726	0.1649
5531.840	65.0418	0.1962
5534.770	64.9032	0.1933
5537.700	64.7837	0.1906
5540.630	64.6464	0.1693
5543.560	64.5435	0.1465
5546.490	64.5192	0.1567
5549.420	64.4090	0.1615
5552.350	64.2813	0.1602
5555.280	64.1024	0.1686
5558.210	63.9749	0.1752
5561.140	63.8187	0.1855
5564.070	63.7458	0.1794
5567.000	63.6751	0.1538
5569.930	63.6269	0.1498
5572.860	63.4496	0.1669
5575.790	63.1229	0.2055
5578.720	62.9398	0.1905
5581.650	62.9901	0.1767
5584.580	62.9490	0.1890
5587.510	62.8255	0.1901
5590.440	62.6614	0.1828
5593.370	62.4602	0.1704
5596.300	62.3476	0.1677
5599.230	62.2247	0.1620
5602.160	62.1309	0.1521
5605.090	61.9202	0.1681
5608.020	61.7875	0.1862
5610.950	61.6333	0.1708
5613.880	61.5909	0.1560
5616.810	61.5193	0.1681
5619.740	61.4867	0.1549
5622.670	61.3937	0.1481
5625.600	61.2277	0.1624
5628.530	60.9478	0.1836
5631.460	60.8476	0.1700
5634.390	60.8135	0.1672
5637.320	60.6898	0.1765
5640.250	60.3370	0.2047
5643.180	60.1569	0.1649
5646.110	60.0592	0.1619
5649.040	59.9980	0.1697
5651.970	60.0568	0.1480
5654.900	59.9708	0.1456
5657.830	59.8917	0.1687
5660.760	59.8048	0.1572
5663.690	59.7323	0.1479
5666.620	59.5466	0.1456
5669.550	59.3627	0.1533
5672.480	59.1350	0.1636
5675.410	59.0269	0.1808
5678.340	58.8455	0.1834
5681.270	58.7872	0.1893
5684.200	58.7249	0.1587
5687.130	58.7781	0.1617
5690.060	58.7039	0.1476
5692.990	58.4997	0.1591
5695.920	58.2954	0.1543
5698.850	58.2234	0.1534
5701.780	58.1122	0.1471
5704.710	58.0036	0.1580
5707.640	58.0153	0.1956
5710.570	57.8856	0.1798
5713.500	57.5767	0.1739
5716.430	57.4661	0.1716
5719.360	57.3165	0.1658
5722.290	57.1559	0.1480
5725.220	57.1966	0.1459
5728.150	57.1611	0.1370
5731.080	57.0326	0.1401
5734.010	56.8797	0.1251
5736.940	56.8306	0.1330
5739.870	56.6038	0.1239
5742.800	56.5144	0.1454
5745.730	56.4452	0.1389
5748.660	56.3625	0.1547
5751.590	56.2696	0.1462
5754.520	56.0750	0.1612
5757.450	55.9029	0.1663
5760.380	55.8921	0.1599
5763.310	55.8307	0.1460
5766.240	55.6843	0.1544
5769.170	55.5256	0.1471
5772.100	55.4218	0.1311
5775.030	55.2640	0.1301
5777.960	55.2272	0.1230
5780.890	55.1627	0.1354
5783.820	55.0026	0.1478
5786.750	54.8625	0.1466
5789.680	54.7825	0.1529
5792.610	54.6219	0.1420
5795.540	54.4711	0.1464
5798.470	54.3917	0.1446
5801.400	54.3428	0.1577
5804.330	54.1356	0.1624
5807.260	54.1430	0.1723
5810.190	53.9335	0.1579
5813.120	53.8747	0.1460
5816.050	53.8480	0.1415
5818.980	53.8247	0.1320
5821.910	53.7279	0.1335
5824.840	53.6180	0.1341
5827.770	53.4889	0.1439
5830.700	53.3422	0.1467
5833.630	53.2645	0.1300
5836.560	53.1259	0.1312
5839.490	52.9265	0.1474
5842.420	52.8624	0.1322
5845.350	52.7922	0.1355
5848.280	52.6580	0.1351
5851.210	52.5007	0.1515
5854.140	52.4910	0.1678
5857.070	52.4104	0.1699
5860.000	52.2527	0.1610
5862.930	52.0991	0.1546
5865.860	51.9604	0.1568
5868.790	51.7537	0.1765
5871.720	51.2524	0.3216
5874.650	50.6374	0.3544
5877.580	50.3173	0.2308
5880.510	50.8554	0.1199
5883.440	51.1615	0.1139
5886.370	51.1006	0.1759
5889.300	51.0079	0.2472
5892.230	50.9891	0.2225
5895.160	50.9800	0.1810
5898.090	50.9169	0.1408
5901.020	50.8484	0.1517
5903.950	50.8837	0.1519
5906.880	50.7302	0.1503
5909.810	50.6632	0.1440
5912.740	50.6298	0.1360
5915.670	50.5386	0.1275
5918.600	50.4302	0.1356
5921.530	50.2459	0.1579
5924.460	50.2702	0.1602
5927.390	50.1932	0.1576
5930.320	50.1243	0.1489
5933.250	50.0878	0.1373
5936.180	49.9110	0.1239
5939.110	49.7919	0.1165
5942.040	49.5924	0.1520
5944.970	49.4920	0.1589
5947.900	49.5021	0.1473
5950.830	49.4817	0.1398
5953.760	49.3936	0.1377
5956.690	49.2514	0.1421
5959.620	49.1083	0.1204
5962.550	49.0548	0.1199
5965.480	48.9223	0.1246
5968.410	48.8451	0.1391
5971.340	48.6884	0.1536
5974.270	48.6738	0.1532
5977.200	48.6471	0.1551
5980.130	48.5280	0.1443
5983.060	48.4054	0.1444
5985.990	48.2877	0.1477
5988.920	48.2209	0.1354
5991.850	48.0948	0.1424
5994.780	48.0121	0.1419
5997.710	47.9377	0.1494
6000.640	47.7801	0.1668
6003.570	47.6709	0.1640
6006.500	47.6273	0.1631
6009.430	47.5044	0.1582
6012.360	47.4770	0.1347
6015.290	47.3973	0.1279
6018.220	47.3209	0.1304
6021.150	47.3228	0.1258
6024.080	47.2221	0.1386
6027.010	47.0900	0.1204
6029.940	46.9233	0.1304
6032.870	46.7852	0.1283
6035.800	46.7073	0.1376
6038.730	46.7232	0.1101
6041.660	46.7227	0.1174
6044.590	46.5292	0.1310
6047.520	46.3914	0.1348
6050.450	46.3596	0.1394
6053.380	46.2409	0.1497
6056.310	46.1046	0.1467
6059.240	45.9924	0.1432
6062.170	45.9665	0.1391
6065.100	45.9470	0.1279
6068.030	45.9046	0.1210
6070.960	45.7883	0.1194
6073.890	45.7066	0.1131
6076.820	45.6402	0.1244
6079.750	45.5119	0.1206
6082.680	45.3959	0.1220
6085.610	45.2288	0.1403
6088.540	45.1527	0.1197
6091.470	45.0788	0.1322
6094.400	44.9261	0.1299
6097.330	44.8962	0.1216
6100.260	44.9614	0.1275
6103.190	44.9494	0.1205
6106.120	44.7811	0.1120
6109.050	44.5871	0.1208
6111.980	44.4495	0.1269
6114.910	44.4093	0.1255
6117.840	44.3601	0.1274
6120.770	44.3123	0.1216
6123.700	44.2163	0.1215
6126.630	44.1193	0.1266
6129.560	44.1913	0.1263
6132.490	44.2172	0.1151
6135.420	44.1852	0.1210
6138.350	43.9876	0.1329
6141.280	43.8638	0.1203
6144.210	43.7504	0.1144
6147.140	43.6323	0.1222
6150.070	43.5384	0.1115
6153.000	43.5068	0.1055
6155.930	43.4212	0.1107
6158.860	43.3162	0.1377
6161.790	43.3630	0.1590
6164.720	43.2603	0.1521
6167.650	43.1592	0.1405
6170.580	43.0263	0.1141
6173.510	42.9443	0.1152
6176.440	42.8080	0.1083
6179.370	42.6148	0.1096
6182.300	42.5711	0.1071
6185.230	42.5243	0.1046
6188.160	42.5483	0.1157
6191.090	42.4958	0.1308
6194.020	42.4359	0.1226
6196.950	42.3280	0.1238
6199.880	42.2588	0.1135
6202.810	42.1899	0.1056
6205.740	42.1164	0.1045
6208.670	42.0005	0.1095
6211.600	41.9663	0.1131
6214.530	41.8387	0.1180
6217.460	41.7386	0.1253
6220.390	41.6074	0.1108
6223.320	41.5833	0.1095
6226.250	41.5371	0.1155
6229.180	41.5108	0.1244
6232.110	41.4359	0.1148
6235.040	41.2964	0.1090
6237.970	41.1786	0.1287
6240.900	41.1425	0.1234
6243.830	41.1516	0.1186
6246.760	41.0615	0.1155
6249.690	40.9625	0.1161
6252.620	40.9248	0.1104
6255.550	40.9327	0.1097
6258.480	40.8266	0.1016
6261.410	40.6591	0.1091
6264.340	40.5169	0.1246
6267.270	40.4614	0.1139
6270.200	40.4062	0.1241
6273.130	40.3244	0.1135
6276.060	40.2620	0.1058
6278.990	40.2229	0.1119
6281.920	40.2221	0.1201
6284.850	40.1370	0.1353
6287.780	40.1022	0.1165
6290.710	40.1245	0.1038
6293.640	40.1108	0.1020
6296.570	40.0555	0.1056
6299.500	39.9848	0.1062
6302.430	39.8355	0.1056
6305.360	39.7504	0.1162
6308.290	39.6361	0.1303
6311.220	39.5689	0.1245
6314.150	39.4796	0.1426
6317.080	39.3142	0.1264
6320.010	39.1612	0.1129
6322.940	38.9650	0.1186
6325.870	38.7505	0.1247
6328.800	38.6851	0.1198
6331.730	38.6070	0.0936
6334.660	38.5276	0.0975
6337.590	38.5576	0.0943
6340.520	38.6266	0.0918
6343.450	38.6313	0.0911
6346.380	38.6090	0.0763
6349.310	38.5534	0.0879
6352.240	38.4941	0.0891
6355.170	38.4802	0.0967
6358.100	38.5330	0.0971
6361.030	38.3745	0.0908
6363.960	38.2122	0.0971
6366.890	38.0983	0.1026
6369.820	38.0053	0.1128
6372.750	37.9509	0.1133
6375.680	37.9275	0.1099
6378.610	37.9003	0.1083
6381.540	37.8540	0.0997
6384.470	37.8164	0.0956
6387.400	37.8108	0.1176
6390.330	37.6966	0.0981
6393.260	37.6397	0.0949
6396.190	37.5662	0.1050
6399.120	37.5051	0.0943
6402.050	37.3610	0.0986
6404.980	37.2592	0.1028
6407.910	37.1603	0.1158
6410.840	37.0809	0.1133
6413.770	37.0038	0.1032
6416.700	37.0125	0.0998
6419.630	36.9828	0.0949
6422.560	36.9511	0.0829
6425.490	36.8987	0.0991
6428.420	36.8180	0.1018
6431.350	36.6926	0.0943
6434.280	36.6371	0.1006
6437.210	36.5454	0.1162
6440.140	36.4749	0.1268
6443.070	36.3262	0.1106
6446.000	36.3220	0.1082
6448.930	36.3073	0.1093
6451.860	36.2929	0.1109
6454.790	36.2144	0.1022
6457.720	36.0939	0.1140
6460.650	36.0639	0.1090
6463.580	36.0388	0.0960
6466.510	36.0239	0.0936
6469.440	35.8891	0.0964
6472.370	35.7607	0.0978
6475.300	35.6574	0.0945
6478.230	35.6246	0.0929
6481.160	35.6230	0.0971
6484.090	35.6121	0.0986
6487.020	35.5598	0.0997
6489.950	35.4849	0.0984
6492.880	35.4979	0.1145
6495.810	35.4823	0.1247
6498.740	35.3732	0.1080
6501.670	35.1834	0.1065
6504.600	35.0577	0.1150
6507.530	34.9797	0.1110
6510.460	34.9226	0.1112
6513.390	34.8867	0.1045
6516.320	34.7777	0.1124
6519.250	34.5698	0.1136
6522.180	34.4438	0.1157
6525.110	34.4277	0.1052
6528.040	34.3670	0.1035
6530.970	34.2080	0.0998
6533.900	34.0491	0.0916
6536.830	33.8917	0.0954
6539.760	33.6562	0.0998
6542.690	33.3431	0.1194
6545.620	32.8948	0.1211
6548.550	32.2475	0.1285
6551.480	31.4697	0.1529
6554.410	30.6109	0.1625
6557.340	29.6518	0.1542
6560.270	28.8324	0.1883
6563.200	28.3469	0.2038
6566.130	28.5825	0.1363
6569.060	29.3952	0.1395
6571.990	30.3497	0.0795
6574.920	31.1571	0.0747
6577.850	31.7626	0.0763
6580.780	32.2126	0.0786
6583.710	32.5351	0.0749
6586.640	32.7848	0.0846
6589.570	32.9256	0.1069
6592.500	33.0181	0.1165
6595.430	33.0748	0.0933
6598.360	33.1159	0.0913
6601.290	33.1130	0.0928
6604.220	33.1339	0.0867
6607.150	33.1365	0.0896
6610.080	33.0490	0.0921
6613.010	32.9583	0.0925
6615.940	32.9416	0.0955
6618.870	32.9220	0.0867
6621.800	32.8950	0.0842
6624.730	32.8642	0.0919
6627.660	32.7990	0.0891
6630.590	32.7342	0.0973
6633.520	32.6664	0.1009
6636.450	32.5986	0.0970
6639.380	32.5298	0.0975
6642.310	32.4857	0.1014
6645.240	32.3729	0.1058
6648.170	32.3172	0.0914
6651.100	32.2944	0.0870
6654.030	32.2687	0.0944
6656.960	32.2072	0.0837
6659.890	32.1462	0.0921
6662.820	32.1111	0.0989
6665.750	32.0089	0.1125
6668.680	31.9694	0.0872
6671.610	32.0596	0.0956
6674.540	32.1953	0.1641
6677.470	32.2193	0.1905
6680.400	31.9932	0.1343
6683.330	31.7465	0.0984
6686.260	31.6513	0.0909
6689.190	31.6174	0.0789
6692.120	31.5824	0.0766
6695.050	31.5315	0.0923
6697.980	31.4724	0.1005
6700.910	31.4313	0.0928
6703.840	31.3743	0.0917
6706.770	31.3219	0.0883
6709.700	31.2559	0.0977
6712.630	31.2495	0.0871
6715.560	31.2169	0.0873
6718.490	31.1469	0.0938
6721.420	31.0620	0.1075
6724.350	31.0034	0.1014
6727.280	30.9019	0.0978
6730.210	30.8518	0.1017
6733.140	30.8165	0.0945
6736.070	30.8002	0.0917
6739.000	30.7912	0.0811
6741.930	30.7833	0.0819
6744.860	30.7531	0.0903
6747.790	30.7120	0.0954
6750.720	30.6537	0.0921
6753.650	30.5478	0.0963
6756.580	30.5025	0.0819
6759.510	30.4491	0.0757
6762.440	30.3663	0.0783
6765.370	30.3419	0.0858
6768.300	30.2932	0.0824
6771.230	30.2261	0.0831
6774.160	30.1654	0.0919
6777.090	30.1169	0.0863
6780.020	30.0931	0.0837
6782.950	30.0576	0.0761
6785.880	30.0246	0.0717
6788.810	29.9693	0.0812
6791.740	29.8704	0.0837
6794.670	29.8267	0.0785
6797.600	29.8006	0.0768
6800.530	29.7589	0.0796
6803.460	29.7206	0.0711
6806.390	29.6431	0.0801
6809.320	29.6328	0.0782
6812.250	29.6443	0.0673
6815.180	29.5658	0.0703
6818.110	29.4680	0.0708
6821.040	29.4094	0.0735
6823.970	29.3365	0.0849
6826.900	29.2936	0.0891
6829.830	29.2414	0.0888
6832.760	29.2243	0.0857
6835.690	29.2093	0.0844
6838.620	29.1542	0.0850
6841.550	29.0920	0.0732
6844.480	29.0170	0.0771
6847.410	28.9422	0.0811
6850.340	28.8804	0.0835
6853.270	28.8461	0.0885
6856.200	28.7712	0.0885
6859.130	28.6796	0.0932
6862.060	28.6707	0.0846
6864.990	28.6505	0.0836
6867.920	28.5789	0.0878
6870.850	28.5112	0.0798
6873.780	28.4618	0.0716
6876.710	28.4510	0.0692
6879.640	28.3896	0.0776
6882.570	28.3227	0.0893
6885.500	28.2688	0.1044
6888.430	28.2698	0.0929
6891.360	28.2238	0.0839
6894.290	28.1595	0.0756
6897.220	28.1599	0.0716
6900.150	28.1611	0.0665
6903.080	28.1085	0.0709
6906.010	28.0650	0.0706
6908.940	28.0142	0.0763
6911.870	27.9655	0.0804
6914.800	27.9264	0.0752
6917.730	27.8355	0.0730
6920.660	27.7916	0.0743
6923.590	27.7533	0.0710
6926.520	27.7326	0.0679
6929.450	27.6544	0.0683
6932.380	27.6162	0.0681
6935.310	27.5919	0.0620
6938.240	27.5379	0.0683
6941.170	27.5075	0.0670
6944.100	27.5067	0.0677
6947.030	27.4490	0.0740
6949.960	27.3637	0.0777
6952.890	27.2974	0.0729
6955.820	27.2350	0.0691
6958.750	27.2068	0.0675
6961.680	27.1955	0.0693
6964.610	27.1328	0.0772
6967.540	27.0894	0.0751
6970.470	27.0669	0.0756
6973.400	27.0679	0.0727
6976.330	27.0767	0.0726
6979.260	27.0134	0.0767
6982.190	26.9277	0.0693
6985.120	26.8703	0.0712
6988.050	26.8029	0.0733
6990.980	26.7439	0.0811
6993.910	26.6836	0.0806
6996.840	26.6541	0.0756
6999.770	26.6206	0.0787
7002.700	26.5949	0.0802
7005.630	26.5336	0.0771
7008.560	26.4439	0.0760
7011.490	26.3939	0.0721
7014.420	26.3979	0.0640
7017.350	26.3455	0.0667
7020.280	26.3063	0.0688
7023.210	26.2910	0.0727
7026.140	26.2499	0.0724
7029.070	26.1999	0.0683
7032.000	26.1847	0.0598
7034.930	26.1426	0.0576
7037.860	26.1010	0.0559
7040.790	26.0273	0.0588
7043.720	25.9646	0.0677
7046.650	25.9315	0.0655
7049.580	25.8908	0.0602
7052.510	25.8436	0.0623
7055.440	25.7765	0.0679
7058.370	25.7424	0.0809
7061.300	25.6626	0.0981
7064.230	25.5227	0.1259
7067.160	25.4128	0.0996
7070.090	25.4260	0.0638
7073.020	25.4798	0.0653
7075.950	25.5195	0.0679
7078.880	25.5053	0.0633
7081.810	25.4631	0.0601
7084.740	25.3834	0.0641
7087.670	25.3718	0.0610
7090.600	25.3225	0.0580
7093.530	25.2626	0.0610
7096.460	25.2007	0.0592
7099.390	25.2062	0.0605
7102.320	25.2160	0.0673
7105.250	25.1815	0.0746
7108.180	25.1167	0.0727
7111.110	25.0506	0.0707
7114.040	24.9989	0.0638
7116.970	24.9762	0.0676
7119.900	24.9762	0.0724
7122.830	24.9583	0.0739
7125.760	24.9222	0.0677
7128.690	24.8762	0.0620
7131.620	24.8185	0.0609
7134.550	24.7636	0.0624
7137.480	24.7379	0.0588
7140.410	24.7317	0.0605
7143.340	24.7386	0.0731
7146.270	24.6985	0.0682
7149.200	24.5998	0.0700
7152.130	24.4941	0.0713
7155.060	24.4357	0.0665
7157.990	24.4166	0.0673
7160.920	24.4045	0.0666
7163.850	24.3558	0.0761
7166.780	24.2830	0.0749
7169.710	24.2218	0.0860
7172.640	24.1720	0.0867
7175.570	24.1205	0.0814
7178.500	24.0590	0.0772
7181.430	24.0360	0.0691
7184.360	24.0329	0.0667
7187.290	24.0267	0.0616
7190.220	23.9816	0.0601
7193.150	23.9307	0.0585
7196.080	23.9224	0.0579
7199.010	23.9026	0.0694
7201.940	23.8572	0.0663
7204.870	23.8442	0.0625
7207.800	23.8224	0.0596
7210.730	23.7814	0.0583
7213.660	23.7370	0.0591
7216.590	23.7271	0.0595
7219.520	23.7485	0.0675
7222.450	23.7053	0.0931
7225.380	23.6478	0.0874
7228.310	23.5717	0.0697
7231.240	23.4980	0.0640
7234.170	23.5020	0.0625
7237.100	23.5032	0.0610
7240.030	23.4632	0.0625
7242.960	23.4543	0.0677
7245.890	23.4053	0.0741
7248.820	23.3690	0.0697
7251.750	23.3282	0.0699
7254.680	23.2840	0.0648
7257.610	23.2222	0.0590
7260.540	23.1652	0.0545
7263.470	23.1021	0.0614
7266.400	23.0288	0.0605
7269.330	22.9854	0.0694
7272.260	22.9905	0.0702
7275.190	22.9864	0.0681
7278.120	23.0023	0.0762
7281.050	22.9892	0.0810
7283.980	22.9344	0.0678
7286.910	22.8582	0.0702
7289.840	22.7982	0.0745
7292.770	22.7284	0.0681
7295.700	22.6888	0.0664
7298.630	22.6601	0.0669
7301.560	22.6461	0.0648
7304.490	22.6307	0.0637
7307.420	22.5839	0.0629
7310.350	22.5522	0.0601
7313.280	22.5351	0.0625
7316.210	22.4944	0.0623
7319.140	22.4671	0.0570
7322.070	22.4569	0.0575
7325.000	22.4280	0.0614
7327.930	22.3929	0.0621
7330.860	22.3609	0.0611
7333.790	22.2809	0.0705
7336.720	22.2023	0.0768
7339.650	22.1910	0.0680
7342.580	22.1872	0.0604
7345.510	22.1775	0.0559
7348.440	22.1470	0.0552
7351.370	22.1074	0.0683
7354.300	22.0362	0.0716
7357.230	22.0157	0.0612
7360.160	21.9923	0.0605
7363.090	21.9244	0.0616
7366.020	21.8801	0.0611
7368.950	21.9142	0.0563
7371.880	21.9034	0.0571
7374.810	21.8503	0.0539
7377.740	21.8154	0.0586
7380.670	21.7729	0.0574
7383.600	21.7353	0.0632
7386.530	21.7165	0.0620
7389.460	21.7251	0.0589
7392.390	21.6735	0.0564
7395.320	21.5996	0.0550
7398.250	21.5228	0.0543
7401.180	21.4789	0.0538
7404.110	21.4541	0.0546
7407.040	21.4235	0.0584
7409.970	21.4112	0.0649
7412.900	21.3840	0.0692
7415.830	21.3472	0.0638
7418.760	21.3320	0.0554
7421.690	21.3453	0.0613
7424.620	21.3137	0.0613
7427.550	21.2554	0.0542
7430.480	21.2258	0.0559
7433.410	21.1754	0.0555
7436.340	21.1053	0.0542
7439.270	21.0568	0.0597
7442.200	21.0604	0.0531
7445.130	21.0871	0.0581
7448.060	21.0462	0.0600
7450.990	20.9730	0.0634
7453.920	20.9000	0.0680
7456.850	20.8691	0.0617
7459.780	20.8452	0.0636
7462.710	20.8057	0.0640
7465.640	20.7858	0.0660
7468.570	20.7695	0.0634
7471.500	20.7291	0.0645
7474.430	20.7046	0.0712
7477.360	20.6640	0.0670
7480.290	20.6124	0.0661
7483.220	20.6106	0.0609
7486.150	20.5862	0.0598
7489.080	20.5499	0.0589
7492.010	20.5170	0.0633
7494.940	20.4728	0.0647
7497.870	20.3871	0.0669
7500.800	20.3833	0.0635
7503.730	20.3865	0.0604
7506.660	20.3606	0.0582
7509.590	20.3762	0.0585
7512.520	20.3534	0.0595
7515.450	20.3122	0.0512
7518.380	20.2969	0.0570
7521.310	20.2735	0.0614
7524.240	20.2400	0.0637
7527.170	20.1732	0.0603
7530.100	20.1511	0.0605
7533.030	20.1001	0.0614
7535.960	20.0497	0.0531
7538.890	20.0229	0.0566
7541.820	19.9792	0.0607
7544.750	19.9616	0.0583
7547.680	19.9037	0.0487
7550.610	19.8828	0.0516
7553.540	19.9096	0.0495
7556.470	19.8938	0.0507
7559.400	19.8269	0.0565
7562.330	19.7611	0.0609
7565.260	19.7272	0.0700
7568.190	19.6948	0.0725
7571.120	19.6788	0.0595
7574.050	19.6384	0.0526
7576.980	19.5860	0.0503
7579.910	19.5328	0.0564
7582.840	19.5076	0.0622
7585.770	19.4604	0.0727
7588.700	19.4017	0.0768
7591.630	19.3097	0.0841
7594.560	19.2501	0.0881
7597.490	19.2530	0.0887
7600.420	19.2052	0.0790
7603.350	19.2139	0.0722
7606.280	19.2166	0.0579
7609.210	19.1996	0.0588
7612.140	19.2053	0.0508
7615.070	19.2587	0.0548
7618.000	19.2218	0.0522
7620.930	19.1673	0.0585
7623.860	19.1464	0.0745
7626.790	19.1146	0.0674
7629.720	19.0345	0.0644
7632.650	18.9995	0.0549
7635.580	18.9703	0.0460
7638.510	18.9561	0.0515
7641.440	18.9224	0.0644
7644.370	18.9351	0.0554
7647.300	18.9545	0.0512
7650.230	18.9318	0.0588
7653.160	18.8931	0.0554
7656.090	18.8874	0.0630
7659.020	18.8483	0.0674
7661.950	18.8486	0.0666
7664.880	18.8403	0.0602
7667.810	18.7969	0.0463
7670.740	18.7499	0.0480
7673.670	18.7225	0.0530
7676.600	18.6835	0.0554
7679.530	18.6376	0.0592
7682.460	18.5824	0.0554
7685.390	18.5374	0.0630
7688.320	18.4848	0.0609
7691.250	18.4804	0.0593
7694.180	18.4535	0.0531
7697.110	18.4531	0.0514
7700.040	18.4700	0.0520
7702.970	18.4241	0.0503
7705.900	18.3685	0.0507
7708.830	18.3458	0.0515
7711.760	18.3385	0.0555
7714.690	18.3215	0.0543
7717.620	18.3210	0.0484
7720.550	18.2950	0.0574
7723.480	18.2782	0.0618
7726.410	18.2735	0.0560
7729.340	18.2252	0.0590
7732.270	18.1617	0.0602
7735.200	18.1050	0.0511
7738.130	18.1171	0.0530
7741.060	18.0992	0.0463
7743.990	18.0543	0.0527
7746.920	18.0456	0.0490
7749.850	18.0538	0.0457
7752.780	18.0007	0.0470
7755.710	17.9754	0.0517
7758.640	17.9206	0.0460
7761.570	17.8725	0.0512
7764.500	17.8545	0.0496
7767.430	17.8728	0.0453
7770.360	17.8396	0.0556
7773.290	17.8220	0.0588
7776.220	17.8135	0.0533
7779.150	17.7499	0.0553
7782.080	17.7131	0.0477
7785.010	17.6900	0.0508
7787.940	17.6636	0.0492
7790.870	17.6597	0.0454
7793.800	17.6006	0.0449
7796.730	17.6159	0.0457
7799.660	17.6518	0.0472
7802.590	17.5966	0.0545
7805.520	17.5149	0.0620
7808.450	17.4988	0.0554
7811.380	17.4853	0.0518
7814.310	17.4728	0.0473
7817.240	17.4600	0.0493
7820.170	17.4491	0.0495
7823.100	17.4429	0.0478
7826.030	17.4012	0.0497
7828.960	17.3771	0.0542
7831.890	17.3393	0.0592
7834.820	17.3069	0.0538
7837.750	17.2749	0.0505
7840.680	17.2310	0.0485
7843.610	17.1753	0.0460
7846.540	17.1423	0.0529
7849.470	17.1673	0.0581
7852.400	17.1673	0.0547
7855.330	17.1385	0.0589
7858.260	17.1007	0.0509
7861.190	17.0660	0.0487
7864.120	17.0797	0.0514
7867.050	17.0540	0.0537
7869.980	16.9831	0.0585
7872.910	16.9556	0.0540
7875.840	16.9313	0.0529
7878.770	16.9318	0.0498
7881.700	16.8597	0.0488
7884.630	16.8185	0.0533
7887.560	16.8088	0.0517
7890.490	16.8546	0.0460
7893.420	16.8975	0.0457
7896.350	16.9197	0.0487
7899.280	16.9014	0.0572
7902.210	16.8540	0.0554
7905.140	16.7848	0.0562
7908.070	16.7350	0.0566
7911.000	16.6785	0.0607
7913.930	16.6283	0.0573
7916.860	16.5815	0.0545
7919.790	16.5471	0.0489
7922.720	16.5154	0.0582
7925.650	16.5107	0.0511
7928.580	16.5314	0.0479
7931.510	16.5004	0.0509
7934.440	16.4629	0.0498
7937.370	16.4602	0.0482
7940.300	16.4572	0.0438
7943.230	16.4536	0.0424
7946.160	16.4588	0.0437
7949.090	16.4189	0.0439
7952.020	16.3550	0.0450
7954.950	16.3143	0.0460
7957.880	16.2789	0.0513
7960.810	16.2492	0.0554
7963.740	16.2175	0.0567
7966.670	16.2115	0.0530
7969.600	16.1787	0.0502
7972.530	16.1822	0.0547
7975.460	16.1857	0.0509
7978.390	16.1901	0.0524
7981.320	16.1669	0.0489
7984.250	16.1297	0.0488
7987.180	16.0978	0.0541
7990.110	16.0701	0.0558
7993.040	16.0287	0.0489
7995.970	16.0214	0.0488
7998.900	15.9663	0.0457
8001.830	15.9506	0.0442
8004.760	15.9413	0.0379
8007.690	15.9458	0.0344
8010.620	15.9609	0.0348
8013.550	15.9600	0.0382
8016.480	15.9685	0.0472
8019.410	15.9625	0.0504
8022.340	15.9356	0.0503
8025.270	15.9268	0.0468
8028.200	15.8781	0.0534
8031.130	15.7851	0.0476
8034.060	15.7107	0.0442
8036.990	15.6576	0.0444
8039.920	15.6345	0.0451
8042.850	15.6251	0.0442
8045.780	15.6256	0.0451
8048.710	15.5796	0.0476
8051.640	15.5285	0.0488
8054.570	15.4772	0.0575
8057.500	15.4725	0.0494
8060.430	15.4891	0.0435
8063.360	15.5132	0.0445
8066.290	15.5412	0.0395
8069.220	15.5145	0.0485
8072.150	15.5018	0.0466
8075.080	15.4898	0.0467
8078.010	15.4491	0.0521
8080.940	15.3816	0.0548
8083.870	15.3487	0.0492
8086.800	15.2930	0.0434
8089.730	15.2662	0.0443
8092.660	15.2868	0.0448
8095.590	15.2587	0.0444
8098.520	15.2337	0.0445
8101.450	15.1896	0.0475
8104.380	15.1604	0.0475
8107.310	15.1346	0.0503
8110.240	15.1275	0.0457
8113.170	15.1511	0.0493
8116.100	15.1537	0.0539
8119.030	15.1364	0.0502
8121.960	15.1265	0.0479
8124.890	15.1335	0.0434
8127.820	15.1493	0.0389
8130.750	15.1194	0.0428
8133.680	15.0532	0.0384
8136.610	14.9639	0.0435
8139.540	14.9327	0.0438
8142.470	14.9148	0.0464
8145.400	14.8804	0.0386
8148.330	14.8805	0.0379
8151.260	14.8875	0.0404
8154.190	14.8757	0.0419
8157.120	14.9012	0.0477
8160.050	14.8666	0.0474
8162.980	14.8241	0.0500
8165.910	14.7900	0.0534
8168.840	14.7162	0.0618
8171.770	14.6951	0.0592
8174.700	14.6987	0.0537
8177.630	14.6883	0.0521
8180.560	14.6261	0.0571
8183.490	14.5999	0.0594
8186.420	14.5938	0.0518
8189.350	14.6010	0.0500
8192.280	14.5884	0.0473
8195.210	14.5679	0.0495
8198.140	14.5197	0.0401
8201.070	14.5029	0.0388
8204.000	14.4706	0.0419
8206.930	14.4479	0.0448
8209.860	14.4550	0.0396
8212.790	14.4729	0.0381
8215.720	14.4385	0.0342
8218.650	14.4186	0.0410
8221.580	14.3584	0.0472
8224.510	14.3115	0.0538
8227.440	14.2466	0.0630
8230.370	14.2011	0.0766
8233.300	14.1733	0.0656
8236.230	14.1314	0.0537
8239.160	14.1058	0.0463
8242.090	14.0782	0.0334
8245.020	14.1163	0.0330
8247.950	14.1547	0.0384
8250.880	14.1344	0.0372
8253.810	14.1201	0.0403
8256.740	14.0927	0.0484
8259.670	14.0497	0.0428
8262.600	14.0309	0.0415
8265.530	14.0156	0.0401
8268.460	13.9891	0.0413
8271.390	14.0279	0.0370
8274.320	14.0688	0.0340
8277.250	14.0237	0.0320
8280.180	13.9665	0.0392
8283.110	13.9481	0.0361
8286.040	13.9518	0.0375
8288.970	13.9598	0.0414
8291.900	13.9082	0.0432
8294.830	13.8389	0.0425
8297.760	13.7925	0.0449
8300.690	13.7539	0.0377
8303.620	13.7695	0.0324
8306.550	13.7697	0.0381
8309.480	13.7980	0.0443
8312.410	13.7839	0.0434
8315.340	13.7621	0.0482
8318.270	13.7512	0.0467
8321.200	13.7403	0.0446
8324.130	13.7267	0.0420
8327.060	13.7260	0.0511
8329.990	13.6645	0.0514
8332.920	13.6591	0.0501
8335.850	13.6356	0.0488
8338.780	13.5859	0.0475
8341.710	13.5323	0.0494
8344.640	13.5060	0.0466
8347.570	13.5110	0.0383
8350.500	13.4999	0.0432
8353.430	13.4422	0.0461
8356.360	13.4469	0.0397
8359.290	13.4406	0.0401
8362.220	13.4160	0.0482
8365.150	13.3818	0.0489
8368.080	13.3631	0.0395
8371.010	13.4384	0.0351
8373.940	13.4537	0.0336
8376.870	13.4324	0.0435
8379.800	13.3933	0.0500
8382.730	13.3638	0.0525
8385.660	13.3949	0.0427
8388.590	13.3769	0.0379
8391.520	13.3260	0.0370
8394.450	13.3037	0.0433
8397.380	13.2767	0.0462
8400.310	13.2169	0.0401
8403.240	13.1992	0.0315
8406.170	13.1835	0.0299
8409.100	13.1971	0.0351
8412.030	13.1733	0.0436
8414.960	13.1439	0.0509
8417.890	13.1710	0.0367
8420.820	13.1700	0.0318
8423.750	13.1370	0.0330
8426.680	13.0594	0.0425
8429.610	13.0384	0.0549
8432.540	13.0728	0.0444
8435.470	13.0743	0.0451
8438.400	13.0140	0.0429
8441.330	12.9969	0.0391
8444.260	12.9589	0.0359
8447.190	12.9165	0.0369
8450.120	12.8835	0.0556
8453.050	12.8709	0.0412
8455.980	12.8653	0.0371
8458.910	12.8562	0.0480
8461.840	12.8537	0.0490
8464.770	12.8833	0.0492
8467.700	12.8950	0.0460
8470.630	12.8788	0.0394
8473.560	12.8551	0.0393
8476.490	12.8476	0.0431
8479.420	12.8138	0.0430
8482.350	12.7964	0.0412
8485.280	12.7447	0.0514
8488.210	12.7208	0.0499
8491.140	12.7278	0.0478
8494.070	12.8043	0.0625
8497.000	12.8582	0.0870
8499.930	12.7282	0.0643
8502.860	12.5777	0.0483
8505.790	12.5420	0.0503
8508.720	12.5163	0.0460
8511.650	12.5029	0.0417
8514.580	12.4903	0.0478
8517.510	12.4861	0.0439
8520.440	12.4377	0.0407
8523.370	12.4299	0.0411
8526.300	12.4226	0.0466
8529.230	12.3908	0.0558
8532.160	12.4062	0.0494
8535.090	12.4724	0.0474
8538.020	12.6509	0.0995
8540.950	12.7427	0.1264
8543.880	12.6483	0.0907
8546.810	12.4451	0.0512
8549.740	12.3934	0.0588
8552.670	12.3193	0.0496
8555.600	12.2943	0.0386
8558.530	12.3007	0.0369
8561.460	12.3397	0.0377
8564.390	12.3579	0.0393
8567.320	12.3364	0.0384
8570.250	12.2948	0.0390
8573.180	12.2736	0.0415
8576.110	12.2410	0.0440
8579.040	12.2335	0.0470
8581.970	12.1921	0.0514
8584.900	12.1178	0.0486
8587.830	12.0889	0.0462
8590.760	12.0753	0.0352
8593.690	12.0643	0.0345
8596.620	12.0694	0.0348
8599.550	12.0394	0.0431
8602.480	12.0631	0.0401
8605.410	12.0777	0.0324
8608.340	12.0610	0.0277
8611.270	12.0448	0.0277
8614.200	12.0685	0.0345
8617.130	12.0676	0.0306
8620.060	12.0129	0.0410
8622.990	11.9634	0.0567
8625.920	11.9392	0.0490
8628.850	11.9309	0.0425
8631.780	11.8993	0.0382
8634.710	11.8468	0.0472
8637.640	11.8110	0.0495
8640.570	11.8116	0.0479
8643.500	11.8118	0.0430
8646.430	11.8090	0.0409
8649.360	11.7273	0.0441
8652.290	11.6608	0.0443
8655.220	11.7318	0.0293
8658.150	11.8672	0.0859
8661.080	11.9764	0.1064
8664.010	11.9040	0.0802
8666.940	11.7453	0.0501
8669.870	11.6951	0.0462
8672.800	11.6932	0.0424
8675.730	11.6372	0.0415
8678.660	11.6217	0.0411
8681.590	11.6493	0.0384
8684.520	11.6615	0.0369
8687.450	11.6616	0.0381
8690.380	11.6408	0.0376
8693.310	11.6182	0.0361
8696.240	11.6331	0.0345
8699.170	11.6500	0.0363
8702.100	11.6300	0.0372
8705.030	11.5863	0.0388
8707.960	11.5673	0.0377
8710.890	11.5752	0.0366
8713.820	11.5499	0.0365
8716.750	11.5084	0.0320
8719.680	11.4554	0.0331
8722.610	11.4245	0.0371
8725.540	11.4303	0.0312
8728.470	11.4430	0.0266
8731.400	11.4481	0.0269
8734.330	11.4061	0.0303
8737.260	11.3597	0.0341
8740.190	11.3184	0.0322
8743.120	11.2988	0.0328
8746.050	11.2962	0.0314
8748.980	11.3122	0.0315
8751.910	11.3260	0.0364
8754.840	11.3390	0.0329
8757.770	11.3330	0.0328
8760.700	11.3217	0.0353
8763.630	11.3278	0.0366
8766.560	11.3260	0.0402
8769.490	11.2974	0.0419
8772.420	11.2778	0.0412
8775.350	11.2464	0.0419
8778.280	11.1964	0.0382
8781.210	11.1212	0.0421
8784.140	11.0800	0.0428
8787.070	11.0874	0.0434
8790.000	11.1226	0.0354
8792.930	11.1300	0.0312
8795.860	11.1222	0.0289
8798.790	11.0985	0.0308
8801.720	11.1182	0.0367
8804.650	11.1722	0.0481
8807.580	11.1552	0.0426
8810.510	11.0762	0.0435
8813.440	11.0391	0.0454
8816.370	10.9891	0.0434
8819.300	10.9459	0.0407
8822.230	10.9636	0.0403
8825.160	10.9552	0.0427
8828.090	10.9333	0.0355
8831.020	10.9049	0.0351
8833.950	10.8731	0.0356
8836.880	10.8792	0.0329
8839.810	10.9057	0.0279
8842.740	10.8983	0.0296
8845.670	10.8489	0.0353
8848.600	10.8054	0.0459
8851.530	10.7944	0.0445
8854.460	10.7598	0.0407
8857.390	10.7036	0.0363
8860.320	10.6823	0.0292
8863.250	10.6696	0.0348
8866.180	10.6801	0.0391
8869.110	10.7003	0.0372
8872.040	10.7393	0.0320
8874.970	10.7631	0.0311
8877.900	10.7771	0.0217
8880.830	10.7588	0.0283
8883.760	10.6903	0.0356
8886.690	10.6424	0.0307
8889.620	10.6104	0.0222
8892.550	10.6122	0.0297
8895.480	10.6313	0.0396
8898.410	10.6606	0.0414
8901.340	10.6351	0.0403
8904.270	10.6085	0.0373
8907.200	10.5557	0.0364
8910.130	10.5542	0.0297
8913.060	10.6067	0.0361
8915.990	10.6490	0.0337
8918.920	10.6821	0.0307
8921.850	10.6758	0.0374
8924.780	10.6563	0.0419
8927.710	10.6184	0.0406
8930.640	10.5318	0.0334
8933.570	10.4299	0.0310
8936.500	10.3818	0.0326
8939.430	10.3853	0.0385
8942.360	10.4291	0.0380
8945.290	10.4766	0.0348
8948.220	10.4765	0.0342
8951.150	10.5222	0.0306
8954.080	10.5396	0.0356
8957.010	10.4729	0.0352
8959.940	10.3973	0.0255
8962.870	10.3370	0.0264
8965.800	10.3478	0.0327
8968.730	10.3509	0.0364
8971.660	10.3051	0.0422
8974.590	10.2869	0.0399
8977.520	10.2536	0.0380
8980.450	10.2325	0.0329
8983.380	10.1855	0.0297
8986.310	10.1371	0.0330
8989.240	10.1461	0.0370
8992.170	10.1626	0.0352
8995.100	10.1599	0.0403
8998.030	10.1709	0.0428
9000.960	10.1239	0.0368
9003.890	10.0508	0.0313
9006.820	9.9753	0.0330
9009.750	9.9270	0.0350
9012.680	9.9418	0.0451
9015.610	10.0243	0.0459
9018.540	10.1065	0.0359
9021.470	10.1252	0.0358
9024.400	10.0957	0.0400
9027.330	10.0504	0.0399
9030.260	9.9885	0.0317
9033.190	9.9357	0.0208
9036.120	9.9369	0.0226
9039.050	9.9160	0.0228
9041.980	9.9228	0.0333
9044.910	9.9449	0.0347
9047.840	9.9512	0.0413
9050.770	9.9194	0.0409
9053.700	9.8910	0.0340
9056.630	9.8973	0.0245
9059.560	9.9119	0.0291
9062.490	9.9225	0.0330
9065.420	9.9170	0.0381
9068.350	9.9449	0.0418
9071.280	10.0238	0.0386
9074.210	10.0656	0.0346
9077.140	10.0455	0.0334
9080.070	9.9851	0.0397
9083.000	9.9202	0.0334
9085.930	9.9055	0.0322
9088.860	9.9215	0.0348
9091.790	9.9033	0.0378
9094.720	9.8563	0.0307
9097.650	9.8374	0.0312
9100.580	9.8051	0.0355
9103.510	9.7953	0.0350
9106.440	9.8271	0.0342
9109.370	9.8419	0.0375
9112.300	9.8280	0.0389
9115.230	9.8182	0.0433
9118.160	9.7714	0.0435
9121.090	9.6821	0.0348
9124.020	9.6526	0.0300
9126.950	9.6898	0.0289
9129.880	9.7005	0.0359
9132.810	9.6838	0.0403
9135.740	9.6790	0.0358
9138.670	9.6592	0.0368
9141.600	9.6737	0.0348
9144.530	9.6628	0.0347
9147.460	9.6581	0.0302
9150.390	9.6962	0.0296
9153.320	9.7030	0.0356
9156.250	9.6961	0.0354
9159.180	9.6670	0.0362
9162.110	9.6262	0.0357
9165.040	9.5400	0.0373
9167.970	9.4733	0.0353
9170.900	9.4363	0.0321
9173.830	9.4372	0.0366
9176.760	9.4357	0.0364
9179.690	9.4185	0.0361
9182.620	9.4362	0.0377
9185.550	9.4740	0.0309
9188.480	9.4641	0.0319
9191.410	9.4621	0.0312
9194.340	9.4040	0.0310
9197.270	9.3198	0.0355
9200.200	9.2685	0.0335
9203.130	9.2343	0.0383
9206.060	9.1925	0.0354
9208.990	9.1828	0.0347
9211.920	9.1293	0.0338
9214.850	9.0683	0.0338
9217.780	9.0091	0.0351
9220.710	8.9868	0.0328
9223.640	8.9767	0.0287
9226.570	8.9901	0.0321
9229.500	9.0600	0.0330
9232.430	9.0802	0.0350
9235.360	9.0259	0.0309
9238.290	8.9881	0.0274
9241.220	8.9880	0.0296
9244.150	9.0158	0.0340
9247.080	9.0264	0.0403
9250.010	9.0476	0.0411
9252.940	9.0905	0.0347
9255.870	9.1289	0.0311
9258.800	9.1068	0.0330
9261.730	9.0438	0.0346
9264.660	8.9878	0.0357
9267.590	8.9786	0.0350
9270.520	8.9984	0.0382
9273.450	9.0216	0.0388
9276.380	9.0521	0.0419
9279.310	9.0809	0.0448
9282.240	9.0663	0.0356
9285.170	9.0477	0.0315
9288.100	9.0550	0.0316
9291.030	9.0898	0.0269
9293.960	9.1302	0.0233
9296.890	9.1585	0.0283
9299.820	9.2029	0.0340
9302.750	9.1888	0.0399
9305.680	9.1572	0.0340
9308.610	9.0958	0.0334
9311.540	9.0082	0.0330
9314.470	8.9386	0.0415
9317.400	8.9133	0.0362
9320.330	8.9123	0.0420
9323.260	8.9354	0.0477
9326.190	8.9401	0.0427
9329.120	8.9493	0.0370
9332.050	8.9441	0.0425
9334.980	8.8650	0.0492
9337.910	8.7681	0.0546
9340.840	8.7407	0.0516
9343.770	8.7279	0.0486
9346.700	8.6883	0.0442
9349.630	8.6633	0.0410
9352.560	8.7112	0.0458
9355.490	8.7684	0.0449
9358.420	8.7989	0.0363
9361.350	8.7799	0.0382
9364.280	8.7691	0.0391
9367.210	8.8028	0.0426
9370.140	8.8227	0.0386
9373.070	8.8087	0.0373
9376.000	8.7949	0.0395
9378.930	8.8196	0.0437
9381.860	8.8035	0.0421
9384.790	8.8114	0.0296
9387.720	8.8081	0.0285
9390.650	8.7436	0.0333
9393.580	8.7047	0.0414
9396.510	8.6986	0.0376
9399.440	8.6921	0.0365
9402.370	8.7257	0.0376
9405.300	8.7712	0.0428
9408.230	8.7686	0.0433
9411.160	8.7256	0.0548
9414.090	8.6882	0.0515
9417.020	8.6500	0.0396
9419.950	8.6291	0.0419
9422.880	8.6191	0.0409
9425.810	8.6197	0.0392
9428.740	8.6299	0.0368
9431.670	8.6125	0.0318
9434.600	8.6391	0.0319
9437.530	8.6858	0.0428
9440.460	8.6790	0.0495
9443.390	8.6187	0.0413
9446.320	8.5927	0.0356
9449.250	8.5758	0.0345
9452.180	8.5847	0.0381
9455.110	8.5467	0.0386
9458.040	8.4914	0.0328
9460.970	8.4672	0.0310
9463.900	8.4647	0.0275
9466.830	8.4698	0.0262
9469.760	8.4710	0.0315
9472.690	8.4629	0.0356
9475.620	8.4697	0.0381
9478.550	8.4675	0.0397
9481.480	8.4136	0.0363
9484.410	8.3763	0.0315
9487.340	8.3495	0.0380
9490.270	8.3277	0.0367
9493.200	8.3532	0.0347
9496.130	8.3306	0.0384
9499.060	8.2892	0.0423
9501.990	8.2581	0.0386
9504.920	8.2683	0.0331
9507.850	8.2885	0.0329
9510.780	8.2921	0.0387
9513.710	8.2814	0.0457
9516.640	8.2349	0.0484
9519.570	8.1376	0.0423
9522.500	8.0618	0.0298
9525.430	8.0144	0.0268
9528.360	7.9706	0.0277
9531.290	7.9124	0.0295
9534.220	7.8829	0.0338
9537.150	7.8463	0.0375
9540.080	7.8080	0.0395
9543.010	7.8170	0.0431
9545.940	7.8093	0.0423
9548.870	7.8076	0.0420
9551.800	7.8102	0.0425
9554.730	7.8427	0.0378
9557.660	7.8702	0.0397
9560.590	7.9298	0.0397
9563.520	8.0292	0.0438
9566.450	8.0587	0.0505
9569.380	8.0368	0.0456
9572.310	8.0165	0.0394
9575.240	7.9725	0.0353
9578.170	7.9596	0.0373
9581.100	7.9562	0.0370
9584.030	7.9885	0.0418
9586.960	8.0916	0.0508
9589.890	8.1553	0.0530
9592.820	8.1740	0.0504
9595.750	8.1332	0.0495
9598.680	8.0771	0.0453
9601.610	8.0549	0.0491
9604.540	8.0550	0.0545
9607.470	8.1150	0.0615
9610.400	8.1724	0.0658
9613.330	8.1911	0.0657
9616.260	8.1470	0.0575
9619.190	8.1718	0.0713
9622.120	8.1937	0.0750
9625.050	8.1207	0.0747
9627.980	8.0850	0.0680
9630.910	8.0684	0.0639
9633.840	8.1187	0.0672
9636.770	8.1785	0.0717
9639.700	8.1661	0.0674
9642.630	8.1493	0.0719
9645.560	8.1443	0.0761
9648.490	8.1053	0.0729
9651.420	8.0980	0.0757
9654.350	8.0795	0.0730
9657.280	8.1263	0.0736
9660.210	8.1478	0.0830
9663.140	8.1342	0.0828
9666.070	8.0968	0.0825
9669.000	8.1076	0.0797
9671.930	8.0951	0.0854
9674.860	8.1013	0.0853
9677.790	8.1191	0.0889
9680.720	8.0705	0.0857
9683.650	8.0824	0.0920
9686.580	8.0739	0.0911
9689.510	8.0734	0.0915
9692.440	8.0925	0.0922
9695.370	8.1494	0.0938
9698.300	8.1947	0.0918
9701.230	8.1807	0.0977
