3298.680	458.1843	2.3808
3301.060	456.1516	2.9847
3303.440	454.7294	2.6429
3305.820	455.9768	2.1342
3308.200	455.0518	2.0736
3310.580	449.5132	2.3844
3312.960	447.6616	2.2361
3315.340	446.0771	2.2421
3317.720	445.1743	2.3607
3320.100	443.2643	2.9137
3322.480	445.1623	2.2671
3324.860	444.9702	1.9565
3327.240	442.6316	2.0560
3329.620	441.7005	1.9776
3332.000	439.4844	2.2689
3334.380	439.3404	2.0784
3336.760	439.0240	1.9599
3339.140	438.2187	1.9093
3341.520	437.6543	1.8707
3343.900	434.9710	1.9314
3346.280	435.1144	1.6057
3348.660	437.3921	2.0557
3351.040	434.7516	1.8309
3353.420	430.4033	2.1404
3355.800	426.2561	2.6919
3358.180	425.2231	2.3331
3360.560	431.6132	2.5524
3362.940	427.9555	1.9745
3365.320	423.1668	2.1096
3367.700	422.8799	1.9397
3370.080	422.8652	2.0407
3372.460	423.3175	2.0408
3374.840	422.4342	2.0703
3377.220	415.8379	2.5649
3379.600	417.5499	1.4731
3381.980	417.9032	1.4771
3384.360	415.8378	1.6431
3386.740	413.5516	2.1690
3389.120	413.8306	1.8144
3391.500	413.9325	1.6357
3393.880	414.7456	2.1023
3396.260	412.0548	1.6165
3398.640	407.8276	2.2279
3401.020	406.0619	2.3441
3403.400	406.7076	1.7259
3405.780	405.6227	1.5064
3408.160	405.3688	1.3472
3410.540	405.5091	1.4876
3412.920	403.4647	1.7864
3415.300	402.8107	1.6167
3417.680	398.9621	1.8967
3420.060	397.5267	2.1247
3422.440	398.1075	1.7860
3424.820	399.7530	1.3128
3427.200	398.4615	1.3144
3429.580	395.8323	1.8697
3431.960	393.4252	2.0961
3434.340	392.2721	2.0444
3436.720	391.1328	2.1317
3439.100	391.7084	1.8436
3441.480	393.6628	1.9943
3443.860	391.1593	1.8232
3446.240	389.6976	1.4532
3448.620	385.9032	2.0552
3451.000	384.9745	1.9682
3453.380	384.0365	1.8575
3455.760	384.5951	1.6456
3458.140	385.5989	1.3492
3460.520	384.8272	1.4769
3462.900	383.5896	1.4553
3465.280	380.3510	2.1364
3467.660	378.4204	1.9164
3470.040	377.0606	2.0703
3472.420	378.4865	1.6436
3474.800	379.5666	1.5303
3477.180	376.7471	1.8478
3479.560	373.5195	2.2678
3481.940	371.7333	1.9218
3484.320	370.8061	1.5829
3486.700	370.0684	1.7257
3489.080	372.2122	1.5242
3491.460	371.5919	1.6163
3493.840	369.2947	1.3170
3496.220	369.2495	1.4341
3498.600	367.6465	1.2965
3500.980	364.0543	1.7994
3503.360	361.9840	1.9191
3505.740	361.9737	1.7188
3508.120	361.8486	1.4234
3510.500	362.8259	1.3113
3512.880	362.3002	1.3999
3515.260	359.9712	1.3670
3517.640	359.8452	1.0730
3520.020	358.1789	1.1816
3522.400	358.8591	1.3810
3524.780	359.8551	2.1059
3527.160	357.3044	1.2512
3529.540	355.3507	1.1968
3531.920	354.8623	1.3122
3534.300	353.8374	1.1598
3536.680	352.7450	1.1545
3539.060	351.1928	1.2155
3541.440	350.9491	1.3633
3543.820	349.5131	1.4428
3546.200	347.9794	1.6612
3548.580	347.9424	1.4284
3550.960	347.6357	1.5252
3553.340	346.5966	1.5596
3555.720	343.2715	1.6401
3558.100	341.1298	1.6901
3560.480	341.6155	1.4962
3562.860	342.8606	1.2189
3565.240	342.5742	1.2564
3567.620	341.9842	1.0747
3570.000	339.1091	1.6336
3572.380	338.6418	1.2565
3574.760	338.6298	1.2868
3577.140	337.8660	1.3870
3579.520	339.2367	1.5017
3581.900	338.5638	1.4335
3584.280	338.0564	1.4864
3586.660	336.9314	1.3649
3589.040	336.1068	1.2616
3591.420	334.3355	1.4052
3593.800	331.3591	1.8328
3596.180	329.3015	1.9494
3598.560	329.6230	1.7377
3600.940	330.3183	1.2709
3603.320	329.0921	1.1740
3605.700	329.5105	1.2674
3608.080	327.9239	1.0932
3610.460	325.8993	1.4539
3612.840	323.0851	1.8919
3615.220	322.7197	1.6460
3617.600	325.1346	1.0407
3619.980	324.2211	1.4827
3622.360	322.7099	1.3208
3624.740	319.9488	1.9196
3627.120	319.3715	1.8109
3629.500	320.0197	1.4614
3631.880	321.3237	1.6118
3634.260	319.4958	1.4943
3636.640	316.5353	1.4212
3639.020	316.1886	1.2670
3641.400	317.4724	1.2155
3643.780	316.3051	1.2579
3646.160	315.4936	1.1463
3648.540	314.8015	1.2243
3650.920	313.6198	0.9554
3653.300	312.9590	1.3287
3655.680	312.1949	1.3147
3658.060	310.8929	1.2238
3660.440	311.1251	0.9980
3662.820	310.3455	0.9667
3665.200	309.4376	0.9851
3667.580	308.7352	0.9983
3669.960	307.1027	1.2302
3672.340	305.6386	1.5309
3674.720	305.5926	1.3274
3677.100	304.9728	1.1645
3679.480	305.1384	1.0368
3681.860	304.6710	1.0861
3684.240	303.6150	1.1604
3686.620	303.0279	1.2231
3689.000	301.7361	1.2457
3691.380	301.3105	1.2247
3693.760	299.5768	1.2702
3696.140	299.3877	1.2038
3698.520	298.2464	1.1873
3700.900	297.4886	1.7375
3703.280	298.3986	1.3900
3705.660	297.6197	1.2133
3708.040	296.6641	0.9948
3710.420	294.8163	1.1243
3712.800	292.3716	1.3374
3715.180	291.4552	1.5087
3717.560	292.6695	1.1026
3719.940	295.3809	1.4492
3722.320	293.5623	1.0498
3724.700	290.3975	1.1926
3727.080	289.1601	1.4519
3729.460	290.5404	1.3001
3731.840	291.6946	1.4272
3734.220	291.5532	1.3864
3736.600	289.9707	1.0304
3738.980	285.4097	1.6497
3741.360	284.5882	1.5422
3743.740	285.8980	0.8775
3746.120	285.9426	1.1006
3748.500	285.0777	1.1834
3750.880	284.6247	1.3101
3753.260	282.1170	2.1069
3755.640	280.6195	1.4783
3758.020	282.1785	0.8929
3760.400	281.9857	0.9263
3762.780	279.9369	1.0646
3765.160	279.0379	1.0198
3767.540	280.1935	0.9708
3769.920	279.8783	1.0875
3772.300	279.0021	1.0430
3774.680	278.8433	0.9326
3777.060	277.5783	0.8638
3779.440	276.4860	0.8064
3781.820	275.1435	0.9100
3784.200	274.1930	0.8966
3786.580	273.5931	1.1380
3788.960	274.0087	0.8735
3791.340	272.5933	0.9458
3793.720	272.4816	0.9782
3796.100	273.4559	1.1343
3798.480	272.5808	1.0679
3800.860	270.9573	0.9181
3803.240	269.1056	0.9329
3805.620	268.3112	1.1168
3808.000	267.7328	0.8855
3810.380	266.5707	1.0495
3812.760	266.6391	1.0639
3815.140	267.0034	1.4415
3817.520	267.2409	1.4145
3819.900	265.2000	1.4305
3822.280	263.8927	1.0994
3824.660	262.8698	0.8272
3827.040	262.8257	0.7849
3829.420	262.8667	0.7560
3831.800	263.4788	0.8060
3834.180	263.7874	1.0300
3836.560	263.6041	0.9284
3838.940	261.6111	1.0434
3841.320	259.8539	0.8313
3843.700	257.9141	1.3662
3846.080	257.4664	1.3410
3848.460	258.1854	1.0651
3850.840	257.6306	0.9486
3853.220	257.7459	0.8084
3855.600	258.0735	0.7426
3857.980	258.5108	0.9181
3860.360	257.8412	0.8425
3862.740	254.2250	1.4852
3865.120	252.9026	1.5255
3867.500	253.7937	0.9511
3869.880	253.5285	1.0191
3872.260	252.4524	0.7212
3874.640	251.8723	0.8314
3877.020	250.1531	0.7763
3879.400	248.7206	0.8501
3881.780	247.9685	0.8762
3884.160	248.1286	0.9286
3886.540	249.4021	1.0374
3888.920	248.7821	1.1022
3891.300	246.9747	0.7036
3893.680	245.3141	0.7946
3896.060	245.0757	0.9592
3898.440	245.4954	0.7642
3900.820	246.0919	0.6628
3903.200	246.2372	0.6308
3905.580	245.9584	0.6838
3907.960	246.8357	0.7517
3910.340	245.7983	1.0514
3912.720	245.1587	1.1520
3915.100	244.6593	1.0680
3917.480	245.3974	0.9711
3919.860	244.9473	0.9687
3922.240	243.2455	0.9738
3924.620	243.2943	0.9325
3927.000	243.1329	1.1340
3929.380	244.7765	1.1076
3931.760	247.1708	2.0790
3934.140	248.8246	2.2166
3936.520	243.6629	1.4640
3938.900	239.7767	1.1566
3941.280	238.2060	1.0025
3943.660	236.5387	1.2129
3946.040	235.7877	0.8036
3948.420	233.7305	1.0029
3950.800	232.5760	1.0439
3953.180	232.1406	1.1387
3955.560	230.0821	1.0052
3957.940	227.7718	1.0731
3960.320	226.0715	1.1100
3962.700	225.0584	0.9259
3965.080	225.9655	1.3805
3967.460	228.1098	1.9139
3969.840	228.1362	2.0609
3972.220	223.7882	1.0215
3974.600	221.3750	1.0611
3976.980	221.1795	1.1078
3979.360	221.1311	1.3180
3981.740	222.6316	1.3447
3984.120	224.6025	0.8891
3986.500	225.4418	0.8053
3988.880	225.7060	0.8816
3991.260	226.5715	0.8604
3993.640	227.7123	0.7787
3996.020	228.0693	0.8051
3998.400	228.7280	0.7826
4000.780	228.5641	0.8544
4003.160	228.0995	0.8920
4005.540	228.0022	0.7908
4007.920	228.7202	0.6486
4010.300	229.2088	0.7258
4012.680	228.9119	0.7075
4015.060	228.2313	0.6695
4017.440	228.0086	0.5983
4019.820	228.5185	0.7132
4022.200	228.7261	0.9512
4024.580	228.3081	1.1128
4026.960	226.3040	0.7839
4029.340	225.1798	0.6396
4031.720	225.0010	0.5230
4034.100	224.8576	0.5071
4036.480	223.8079	0.5908
4038.860	223.0416	0.6765
4041.240	223.0905	0.6375
4043.620	223.4106	0.7724
4046.000	222.1537	0.6032
4048.380	221.3469	0.6260
4050.760	220.4457	0.7185
4053.140	220.1332	0.6747
4055.520	219.3118	0.6032
4057.900	218.0900	0.6301
4060.280	217.0174	0.6341
4062.660	216.7430	0.5848
4065.040	215.1549	0.6193
4067.420	213.7493	0.6600
4069.800	212.7474	0.6914
4072.180	211.9690	0.6887
4074.560	211.0447	0.7044
4076.940	209.5614	0.7354
4079.320	207.4955	0.6844
4081.700	205.9092	0.6442
4084.080	204.2123	0.6150
4086.460	202.1876	0.7056
4088.840	199.3995	0.7730
4091.220	196.4856	0.7273
4093.600	193.7881	0.7428
4095.980	191.8770	0.8865
4098.360	191.0673	1.1113
4100.740	190.2639	1.1850
4103.120	189.2988	0.8471
4105.500	188.3210	0.6742
4107.880	188.6970	0.5709
4110.260	190.8226	0.5804
4112.640	193.0190	0.5485
4115.020	194.2295	0.5702
4117.400	196.3624	0.5792
4119.780	198.0510	0.6086
4122.160	198.7821	0.5601
4124.540	199.8177	0.6922
4126.920	200.7386	0.6577
4129.300	201.2509	0.5737
4131.680	202.4389	0.6637
4134.060	202.9535	0.7017
4136.440	202.4191	0.7154
4138.820	202.5703	0.6887
4141.200	202.5437	0.7733
4143.580	203.5414	0.7290
4145.960	202.3107	0.5780
4148.340	201.8573	0.6362
4150.720	202.1013	0.6662
4153.100	202.8684	0.6517
4155.480	202.7301	0.6955
4157.860	201.9609	0.6603
4160.240	201.4567	0.6681
4162.620	201.0851	0.7297
4165.000	200.9908	0.6505
4167.380	200.4623	0.6593
4169.760	200.6134	0.4994
4172.140	200.2352	0.6156
4174.520	200.0973	0.6734
4176.900	198.9762	0.5341
4179.280	198.1941	0.5790
4181.660	198.0022	0.5037
4184.040	197.7759	0.5227
4186.420	197.5631	0.5932
4188.800	197.2599	0.6943
4191.180	196.6283	0.8026
4193.560	196.6770	0.6664
4195.940	196.1771	0.7041
4198.320	196.1942	0.8094
4200.700	195.3133	0.7108
4203.080	194.0615	0.5794
4205.460	193.2409	0.6151
4207.840	193.0661	0.5229
4210.220	192.7619	0.5832
4212.600	192.5094	0.6047
4214.980	192.7882	0.6178
4217.360	192.0104	0.5221
4219.740	190.4788	0.5623
4222.120	190.6124	0.4693
4224.500	191.5031	0.8280
4226.880	190.5802	0.5250
4229.260	189.8372	0.5155
4231.640	188.7719	0.7765
4234.020	188.9858	0.5821
4236.400	189.2658	0.5085
4238.780	188.6006	0.4999
4241.160	188.2035	0.5425
4243.540	187.4653	0.5429
4245.920	187.0711	0.5162
4248.300	186.7829	0.5657
4250.680	186.2926	0.5822
4253.060	185.4411	0.5549
4255.440	184.6348	0.5682
4257.820	184.7835	0.5427
4260.200	184.5055	0.5315
4262.580	183.9257	0.5545
4264.960	182.7569	0.6070
4267.340	182.4110	0.5905
4269.720	182.3386	0.5979
4272.100	182.4484	0.6770
4274.480	181.2759	0.5320
4276.860	180.2174	0.5309
4279.240	179.6776	0.5432
4281.620	179.1519	0.5222
4284.000	178.5172	0.5593
4286.380	178.3385	0.5652
4288.760	177.6883	0.6418
4291.140	176.5624	0.5458
4293.520	175.7443	0.6014
4295.900	175.1814	0.6293
4298.280	174.7855	0.6169
4300.660	174.3847	0.5797
4303.040	173.7277	0.5640
4305.420	172.6358	0.4935
4307.800	172.4496	0.6865
4310.180	171.3645	0.7924
4312.560	168.9815	0.5890
4314.940	167.2404	0.6748
4317.320	164.6288	0.9474
4319.700	163.5693	0.7285
4322.080	162.6543	0.5767
4324.460	161.2123	0.7225
4326.840	158.3410	0.5594
4329.220	155.5759	0.5777
4331.600	153.0308	0.6860
4333.980	150.9980	0.6326
4336.360	149.8908	0.7213
4338.740	150.0139	1.0374
4341.120	148.4466	0.8934
4343.500	146.6818	0.5170
4345.880	147.6791	0.4636
4348.260	150.0084	0.4253
4350.640	152.4302	0.4366
4353.020	153.9926	0.4051
4355.400	155.4437	0.3760
4357.780	156.5486	0.3835
4360.160	157.6268	0.4428
4362.540	158.8028	0.4705
4364.920	159.8145	0.4560
4367.300	160.3667	0.5275
4369.680	160.9649	0.5627
4372.060	161.4887	0.5126
4374.440	162.0475	0.5180
4376.820	162.9959	0.5759
4379.200	163.6295	0.6134
4381.580	163.7927	0.5950
4383.960	163.8296	0.6158
4386.340	164.1817	0.7070
4388.720	163.4312	0.5846
4391.100	162.9210	0.4474
4393.480	162.8228	0.4981
4395.860	162.5998	0.4743
4398.240	162.5199	0.4347
4400.620	162.5168	0.4288
4403.000	162.4431	0.5706
4405.380	162.2622	0.4468
4407.760	162.2059	0.4373
4410.140	161.6277	0.4942
4412.520	161.3923	0.4821
4414.900	161.1697	0.4277
4417.280	160.6560	0.5090
4419.660	160.0915	0.4706
4422.040	159.6858	0.4967
4424.420	159.6141	0.4943
4426.800	159.4157	0.4530
4429.180	159.0846	0.4503
4431.560	159.1561	0.4881
4433.940	159.1328	0.4618
4436.320	158.5433	0.4838
4438.700	158.2608	0.4273
4441.080	157.3678	0.5157
4443.460	157.4645	0.4215
4445.840	157.0616	0.4595
4448.220	156.0238	0.4878
4450.600	156.1635	0.4757
4452.980	156.7268	0.4583
4455.360	157.0358	0.4542
4457.740	156.3570	0.4900
4460.120	155.5749	0.4189
4462.500	155.4065	0.4057
4464.880	155.6401	0.5386
4467.260	155.5930	0.7784
4469.640	155.0066	0.7684
4472.020	153.7004	0.5312
4474.400	153.0529	0.3641
4476.780	153.0282	0.4026
4479.160	152.8933	0.3940
4481.540	152.6150	0.3919
4483.920	152.2693	0.3950
4486.300	151.9038	0.3970
4488.680	151.3600	0.4025
4491.060	151.3149	0.4155
4493.440	151.2583	0.5228
4495.820	150.9816	0.4721
4498.200	150.8995	0.4848
4500.580	150.4581	0.4949
4502.960	150.0766	0.4866
4505.340	149.4578	0.5195
4507.720	148.9840	0.4936
4510.100	148.9793	0.4534
4512.480	148.5794	0.4355
4514.860	148.4660	0.4079
4517.240	148.1975	0.4503
4519.620	148.0697	0.4285
4522.000	147.3328	0.4862
4524.380	147.1029	0.4070
4526.760	147.1445	0.4394
4529.140	146.8984	0.4790
4531.520	146.5692	0.5602
4533.900	146.3175	0.5652
4536.280	146.2530	0.6111
4538.660	145.6930	0.6680
4541.040	145.0144	0.5386
4543.420	144.5805	0.4724
4545.800	144.3786	0.4718
4548.180	143.9447	0.4201
4550.560	143.6738	0.3955
4552.940	143.2602	0.3837
4555.320	143.2847	0.3597
4557.700	142.9393	0.3558
4560.080	142.7870	0.3802
4562.460	142.5478	0.3876
4564.840	142.1930	0.3570
4567.220	142.2408	0.3808
4569.600	141.7174	0.3661
4571.980	141.6777	0.4253
4574.360	141.5084	0.4191
4576.740	141.1270	0.4153
4579.120	140.5660	0.4419
4581.500	140.1689	0.4342
4583.880	140.0962	0.4130
4586.260	139.7382	0.4329
4588.640	139.3263	0.4806
4591.020	139.1991	0.4274
4593.400	138.9161	0.3629
4595.780	138.6407	0.4100
4598.160	138.4558	0.3581
4600.540	138.3624	0.3982
4602.920	138.0398	0.4291
4605.300	137.6087	0.4963
4607.680	137.0984	0.4705
4610.060	136.7215	0.4333
4612.440	136.7903	0.3957
4614.820	136.4675	0.3808
4617.200	136.2091	0.3910
4619.580	136.1507	0.3683
4621.960	135.6817	0.3877
4624.340	135.2548	0.4032
4626.720	135.3842	0.3964
4629.100	135.3011	0.4172
4631.480	134.6999	0.4347
4633.860	134.8314	0.3625
4636.240	134.4847	0.3321
4638.620	134.0486	0.4071
4641.000	133.6638	0.4737
4643.380	132.6158	0.3958
4645.760	132.4753	0.3594
4648.140	132.8623	0.3414
4650.520	132.2408	0.4456
4652.900	131.9781	0.4370
4655.280	132.0517	0.3954
4657.660	131.4085	0.4064
4660.040	131.0024	0.3811
4662.420	131.2576	0.3840
4664.800	131.2527	0.4327
4667.180	131.0266	0.4269
4669.560	130.7693	0.4280
4671.940	129.9184	0.3912
4674.320	129.6884	0.4688
4676.700	129.7792	0.4958
4679.080	129.8652	0.5384
4681.460	129.9582	0.7076
4683.840	129.9890	0.7302
4686.220	128.9863	0.7377
4688.600	127.7967	0.5995
4690.980	127.3256	0.3173
4693.360	127.2972	0.3097
4695.740	127.1813	0.3012
4698.120	127.2768	0.2780
4700.500	127.1587	0.3078
4702.880	126.9149	0.3869
4705.260	126.6482	0.4284
4707.640	126.2639	0.3486
4710.020	126.5712	0.4177
4712.400	126.3409	0.4605
4714.780	125.7208	0.3824
4717.160	125.1490	0.3478
4719.540	125.0496	0.3462
4721.920	124.5130	0.3761
4724.300	124.1632	0.3777
4726.680	124.0648	0.3970
4729.060	124.2033	0.4219
4731.440	123.9071	0.4501
4733.820	123.5763	0.3829
4736.200	123.2581	0.3891
4738.580	122.8975	0.3143
4740.960	122.7922	0.3642
4743.340	122.6672	0.3817
4745.720	122.5019	0.4295
4748.100	122.3147	0.3865
4750.480	122.0663	0.3925
4752.860	121.4021	0.3870
4755.240	120.9933	0.4197
4757.620	120.8139	0.3431
4760.000	120.2954	0.3704
4762.380	120.1562	0.4036
4764.760	120.1929	0.3795
4767.140	119.9252	0.3773
4769.520	119.4032	0.4440
4771.900	119.1289	0.3878
4774.280	119.0390	0.3509
4776.660	118.7239	0.3363
4779.040	118.2615	0.3246
4781.420	118.0057	0.3311
4783.800	117.9561	0.3438
4786.180	117.9239	0.3141
4788.560	117.5051	0.3222
4790.940	116.6992	0.3323
4793.320	116.4405	0.3149
4795.700	116.3240	0.3496
4798.080	115.8608	0.3485
4800.460	115.6878	0.3374
4802.840	115.4250	0.3574
4805.220	115.0572	0.3726
4807.600	114.7468	0.3811
4809.980	114.4265	0.3884
4812.360	114.1564	0.3160
4814.740	113.4741	0.3033
4817.120	112.8433	0.3358
4819.500	112.2843	0.3671
4821.880	112.1643	0.3885
4824.260	112.0547	0.3352
4826.640	111.8922	0.3414
4829.020	110.9748	0.3950
4831.400	110.0495	0.3958
4833.780	109.2198	0.3661
4836.160	108.1419	0.3758
4838.540	107.4626	0.3531
4840.920	106.5904	0.3439
4843.300	105.2910	0.4024
4845.680	103.7364	0.4382
4848.060	102.5170	0.3900
4850.440	101.4317	0.3874
4852.820	99.7178	0.4099
4855.200	97.9088	0.4426
4857.580	96.5631	0.5490
4859.960	95.7060	0.5801
4862.340	94.8496	0.5120
4864.720	94.6553	0.2480
4867.100	95.8074	0.2156
4869.480	97.4961	0.2208
4871.860	98.6334	0.2404
4874.240	99.7521	0.2563
4876.620	100.6500	0.2986
4879.000	101.7708	0.3086
4881.380	102.6263	0.3201
4883.760	102.8514	0.3580
4886.140	103.7283	0.3131
4888.520	104.4943	0.3535
4890.900	104.6392	0.3193
4893.280	104.6586	0.3242
4895.660	104.7519	0.3449
4898.040	104.8250	0.3749
4900.420	105.2315	0.3207
4902.800	105.6648	0.3311
4905.180	105.8543	0.3481
4907.560	105.7711	0.3402
4909.940	105.5702	0.3267
4912.320	105.5278	0.3233
4914.700	105.6505	0.3326
4917.080	105.7546	0.4570
4919.460	106.0360	0.5463
4921.840	106.0016	0.4715
4924.220	105.2018	0.2991
4926.600	104.8521	0.3061
4928.980	104.6980	0.3100
4931.360	104.7864	0.2678
4933.740	105.0431	0.3172
4936.120	105.2240	0.4048
4938.500	105.2943	0.3464
4940.880	104.4573	0.3543
4943.260	104.0080	0.3259
4945.640	104.0976	0.2717
4948.020	104.3517	0.3002
4950.400	104.0124	0.3588
4952.780	103.8395	0.3307
4955.160	103.9572	0.3318
4957.540	103.6395	0.3345
4959.920	103.1687	0.2961
4962.300	102.7618	0.3080
4964.680	102.6216	0.3077
4967.060	102.5633	0.2916
4969.440	102.4851	0.3031
4971.820	102.6237	0.3062
4974.200	102.3710	0.3205
4976.580	102.3151	0.3408
4978.960	102.0465	0.3792
4981.340	101.9206	0.3530
4983.720	101.4507	0.3297
4986.100	100.8659	0.3295
4988.480	100.8849	0.3352
4990.860	100.9623	0.2884
4993.240	100.8076	0.3069
4995.620	100.6116	0.3004
4998.000	100.3049	0.3113
5000.380	100.2547	0.3009
5002.760	100.2625	0.3274
5005.140	99.9425	0.3465
5007.520	99.4427	0.3307
5009.900	99.4100	0.3645
5012.280	99.3012	0.3523
5014.660	99.0544	0.3343
5017.040	98.6696	0.2880
5019.420	98.4158	0.3003
5021.800	98.3347	0.3157
5024.180	97.9832	0.3390
5026.560	97.7228	0.3089
5028.940	97.7898	0.2968
5031.320	97.5140	0.3291
5033.700	97.4712	0.3463
5036.080	97.2384	0.3589
5038.460	96.9599	0.3503
5040.840	96.7038	0.3417
5043.220	96.7536	0.3250
5045.600	96.5792	0.3420
5047.980	96.4655	0.3342
5050.360	96.3333	0.2854
5052.740	96.2280	0.2968
5055.120	96.0396	0.3130
5057.500	95.7559	0.3213
5059.880	95.6158	0.3165
5062.260	95.4464	0.2841
5064.640	95.5927	0.2741
5067.020	95.5409	0.3381
5069.400	95.3329	0.3172
5071.780	95.0113	0.3103
5074.160	94.8154	0.3272
5076.540	94.7342	0.3117
5078.920	94.6740	0.3141
5081.300	94.2773	0.2871
5083.680	94.1775	0.2900
5086.060	94.1468	0.2974
5088.440	93.9805	0.3152
5090.820	93.6378	0.3150
5093.200	93.4620	0.3086
5095.580	93.4637	0.3256
5097.960	93.2902	0.3502
5098.200	92.4888	0.2677
5100.340	93.2217	0.3366
5101.130	92.5262	0.3410
5102.720	92.9786	0.3187
5104.060	92.3987	0.3134
5105.100	92.7995	0.2934
5106.990	91.9633	0.2431
5107.480	92.5776	0.2642
5109.860	92.4285	0.2704
5109.920	91.7538	0.2638
5112.240	92.2958	0.2445
5112.850	91.8110	0.2519
5114.620	92.0564	0.3072
5115.780	91.5206	0.2993
5117.000	91.8046	0.3037
5118.710	91.1832	0.3094
5119.380	91.6686	0.3030
5121.640	91.2329	0.2849
5121.760	91.6913	0.3296
5124.140	91.4734	0.2917
5124.570	90.7305	0.3585
5126.520	91.2970	0.2833
5127.500	90.7438	0.2320
5128.900	91.3186	0.2466
5130.430	90.5249	0.2327
5131.280	90.9763	0.3159
5133.360	90.2188	0.2761
5133.660	90.7899	0.3064
5136.040	90.3886	0.3022
5136.290	89.8228	0.2826
5138.420	89.9990	0.3066
5139.220	89.6651	0.2933
5140.800	89.8227	0.3267
5142.150	89.7298	0.2883
5143.180	89.6203	0.3231
5145.080	89.5395	0.2906
5145.560	89.4738	0.3313
5147.940	89.3495	0.3369
5148.010	89.2439	0.2986
5150.320	89.2448	0.2803
5150.940	89.1964	0.2056
5153.870	89.0197	0.2621
5156.800	88.8765	0.2457
5159.730	88.6283	0.2668
5162.660	88.4890	0.2912
5165.590	87.5661	0.5072
5168.520	87.8243	0.3856
5171.450	88.0484	0.2537
5174.380	88.4989	0.3056
5177.310	88.2810	0.3621
5180.240	87.3094	0.2936
5183.170	87.1688	0.4048
5186.100	87.5396	0.3148
5189.030	87.0815	0.2999
5191.960	86.8051	0.2736
5194.890	86.6075	0.2525
5197.820	86.6844	0.2529
5200.750	86.3055	0.2788
5203.680	86.0696	0.2396
5206.610	86.0007	0.2889
5209.540	86.0405	0.2554
5212.470	85.6697	0.3157
5215.400	84.8999	0.2514
5218.330	84.6909	0.2335
5221.260	84.6799	0.2307
5224.190	84.2653	0.2369
5227.120	84.3968	0.2824
5230.050	84.3992	0.2430
5232.980	83.9473	0.2377
5235.910	83.6690	0.2562
5238.840	83.9066	0.2887
5241.770	83.5693	0.2591
5244.700	83.1967	0.2129
5247.630	83.2091	0.2205
5250.560	82.8391	0.2442
5253.490	82.6939	0.2374
5256.420	82.6582	0.2126
5259.350	82.6408	0.1985
5262.280	81.9445	0.2721
5265.210	81.9138	0.2489
5268.140	81.9274	0.2121
5271.070	81.9898	0.2567
5274.000	81.8603	0.2631
5276.930	81.5106	0.2444
5279.860	81.1165	0.1814
5282.790	80.8820	0.1927
5285.720	80.9322	0.2275
5288.650	80.8819	0.2078
5291.580	80.5510	0.2111
5294.510	80.2886	0.2177
5297.440	80.2384	0.2164
5300.370	80.1035	0.2145
5303.300	80.0418	0.2306
5306.230	80.0319	0.1997
5309.160	79.5753	0.2023
5312.090	79.2555	0.1854
5315.020	78.9497	0.2098
5317.950	78.9495	0.2365
5320.880	78.8245	0.2328
5323.810	78.7417	0.2480
5326.740	78.1855	0.2652
5329.670	78.2971	0.2485
5332.600	78.4351	0.2374
5335.530	78.1421	0.2078
5338.460	77.8018	0.2304
5341.390	77.5094	0.2219
5344.320	77.6168	0.2206
5347.250	77.5196	0.2098
5350.180	77.3283	0.2016
5353.110	76.7896	0.2430
5356.040	76.7594	0.2234
5358.970	76.7201	0.1936
5361.900	76.5322	0.2367
5364.830	76.5365	0.2290
5367.760	76.3720	0.1880
5370.690	75.8458	0.2048
5373.620	75.9083	0.2328
5376.550	76.0492	0.2466
5379.480	75.5496	0.1811
5382.410	75.2261	0.2074
5385.340	75.0783	0.1884
5388.270	74.9429	0.1801
5391.200	74.7106	0.2065
5394.130	74.4621	0.1927
5397.060	74.3269	0.1887
5399.990	74.0955	0.1998
5402.920	73.8783	0.2278
5405.850	73.9572	0.2389
5408.780	73.7684	0.2262
5411.710	73.7582	0.2191
5414.640	73.7235	0.2231
5417.570	73.6566	0.1821
5420.500	73.4350	0.1870
5423.430	73.1946	0.1730
5426.360	73.0115	0.2066
5429.290	72.7937	0.1770
5432.220	72.7734	0.1728
5435.150	72.6760	0.1936
5438.080	72.2419	0.1954
5441.010	72.2153	0.1985
5443.940	71.9816	0.2138
5446.870	71.9553	0.1709
5449.800	71.6904	0.1749
5452.730	71.3762	0.1531
5455.660	71.2884	0.1318
5458.590	71.1204	0.1455
5461.520	70.9350	0.1464
5464.450	70.7957	0.1419
5467.380	70.6816	0.1522
5470.310	70.6554	0.1681
5473.240	70.6237	0.1701
5476.170	70.4601	0.1813
5479.100	70.1785	0.1758
5482.030	69.8768	0.1651
5484.960	69.8310	0.1531
5487.890	69.7097	0.1346
5490.820	69.5801	0.1644
5493.750	69.4725	0.1664
5496.680	69.5107	0.1663
5499.610	69.4192	0.1492
5502.540	69.2060	0.1468
5505.470	68.9200	0.1590
5508.400	68.6423	0.1852
5511.330	68.5306	0.1983
5514.260	68.3857	0.1737
5517.190	68.3541	0.1642
5520.120	68.2787	0.1670
5523.050	68.2077	0.1714
5525.980	68.1343	0.1528
5528.910	67.8712	0.1669
5531.840	67.5456	0.2000
5534.770	67.3740	0.1981
5537.700	67.2728	0.1942
5540.630	67.2123	0.1705
5543.560	67.1382	0.1485
5546.490	66.9263	0.1610
5549.420	66.8213	0.1623
5552.350	66.6302	0.1621
5555.280	66.4943	0.1699
5558.210	66.4028	0.1766
5561.140	66.2614	0.1847
5564.070	66.1491	0.1831
5567.000	66.1802	0.1511
5569.930	66.0936	0.1497
5572.860	65.8137	0.1685
5575.790	65.3914	0.2112
5578.720	65.2400	0.1932
5581.650	65.2478	0.1794
5584.580	65.2202	0.1912
5587.510	65.1182	0.1929
5590.440	64.9964	0.1826
5593.370	64.8136	0.1710
5596.300	64.7298	0.1713
5599.230	64.5816	0.1654
5602.160	64.4330	0.1552
5605.090	64.2013	0.1684
5608.020	64.0253	0.1894
5610.950	63.8949	0.1750
5613.880	63.7833	0.1600
5616.810	63.7412	0.1714
5619.740	63.7406	0.1558
5622.670	63.6239	0.1498
5625.600	63.4369	0.1610
5628.530	63.1059	0.1861
5631.460	63.0012	0.1731
5634.390	63.0398	0.1705
5637.320	62.7931	0.1800
5640.250	62.5122	0.2072
5643.180	62.4079	0.1687
5646.110	62.2954	0.1652
5649.040	62.2228	0.1708
5651.970	62.2569	0.1510
5654.900	62.1703	0.1480
5657.830	62.0326	0.1730
5660.760	61.9715	0.1594
5663.690	61.9607	0.1504
5666.620	61.6996	0.1479
5669.550	61.4674	0.1555
5672.480	61.3084	0.1662
5675.410	61.1648	0.1875
5678.340	61.0020	0.1849
5681.270	60.9044	0.1918
5684.200	60.8527	0.1625
5687.130	60.9515	0.1636
5690.060	60.8521	0.1515
5692.990	60.6202	0.1627
5695.920	60.4386	0.1569
5698.850	60.2678	0.1558
5701.780	60.2193	0.1481
5704.710	60.0806	0.1619
5707.640	60.0505	0.2010
5710.570	59.9024	0.1840
5713.500	59.6805	0.1787
5716.430	59.5441	0.1728
5719.360	59.3861	0.1693
5722.290	59.3152	0.1508
5725.220	59.3006	0.1491
5728.150	59.1447	0.1374
5731.080	59.0345	0.1427
5734.010	58.8931	0.1251
5736.940	58.8240	0.1324
5739.870	58.6800	0.1258
5742.800	58.4763	0.1482
5745.730	58.4306	0.1397
5748.660	58.3791	0.1541
5751.590	58.2664	0.1490
5754.520	58.0361	0.1634
5757.450	57.8292	0.1674
5760.380	57.8161	0.1628
5763.310	57.7885	0.1468
5766.240	57.5433	0.1571
5769.170	57.4244	0.1499
5772.100	57.4372	0.1320
5775.030	57.3300	0.1309
5777.960	57.3556	0.1258
5780.890	57.2392	0.1377
5783.820	57.0540	0.1483
5786.750	56.8620	0.1491
5789.680	56.7106	0.1561
5792.610	56.5908	0.1426
5795.540	56.4984	0.1458
5798.470	56.3709	0.1456
5801.400	56.2589	0.1612
5804.330	56.0724	0.1646
5807.260	56.0253	0.1745
5810.190	55.9195	0.1608
5813.120	55.8565	0.1458
5816.050	55.7044	0.1419
5818.980	55.7178	0.1330
5821.910	55.6045	0.1343
5824.840	55.5017	0.1359
5827.770	55.2837	0.1476
5830.700	55.1106	0.1501
5833.630	55.1010	0.1329
5836.560	54.9827	0.1325
5839.490	54.7461	0.1482
5842.420	54.6974	0.1325
5845.350	54.5702	0.1368
5848.280	54.5142	0.1369
5851.210	54.3541	0.1549
5854.140	54.3531	0.1710
5857.070	54.2133	0.1730
5860.000	54.0338	0.1637
5862.930	53.9008	0.1569
5865.860	53.9150	0.1595
5868.790	53.9942	0.1809
5871.720	54.1897	0.3381
5874.650	54.3387	0.3768
5877.580	53.9086	0.2435
5880.510	53.5126	0.1242
5883.440	53.3088	0.1184
5886.370	53.2121	0.1822
5889.300	53.2275	0.2561
5892.230	53.1986	0.2294
5895.160	53.0564	0.1858
5898.090	52.8516	0.1430
5901.020	52.5592	0.1554
5903.950	52.5276	0.1555
5906.880	52.4167	0.1517
5909.810	52.3457	0.1454
5912.740	52.2687	0.1356
5915.670	52.2135	0.1283
5918.600	52.0411	0.1367
5921.530	51.8988	0.1591
5924.460	51.8793	0.1611
5927.390	51.8704	0.1613
5930.320	51.8045	0.1494
5933.250	51.7087	0.1380
5936.180	51.5862	0.1259
5939.110	51.4860	0.1173
5942.040	51.2631	0.1539
5944.970	51.1100	0.1613
5947.900	51.0928	0.1472
5950.830	51.0838	0.1419
5953.760	51.0055	0.1401
5956.690	50.8220	0.1437
5959.620	50.6989	0.1232
5962.550	50.6895	0.1212
5965.480	50.5314	0.1247
5968.410	50.4073	0.1413
5971.340	50.2896	0.1583
5974.270	50.3211	0.1556
5977.200	50.1886	0.1575
5980.130	50.1006	0.1440
5983.060	49.9811	0.1466
5985.990	49.8875	0.1494
5988.920	49.7779	0.1364
5991.850	49.6646	0.1449
5994.780	49.6062	0.1429
5997.710	49.4722	0.1510
6000.640	49.3097	0.1704
6003.570	49.2304	0.1693
6006.500	49.2206	0.1643
6009.430	49.1498	0.1615
6012.360	49.0789	0.1363
6015.290	48.9932	0.1287
6018.220	48.8707	0.1335
6021.150	48.8745	0.1286
6024.080	48.7749	0.1396
6027.010	48.6426	0.1207
6029.940	48.5342	0.1304
6032.870	48.3495	0.1298
6035.800	48.2324	0.1387
6038.730	48.3036	0.1110
6041.660	48.2315	0.1195
6044.590	48.0509	0.1329
6047.520	47.9271	0.1354
6050.450	47.8475	0.1405
6053.380	47.7544	0.1520
6056.310	47.6310	0.1485
6059.240	47.4975	0.1453
6062.170	47.4461	0.1403
6065.100	47.4587	0.1285
6068.030	47.3368	0.1222
6070.960	47.1731	0.1215
6073.890	47.0986	0.1144
6076.820	47.0461	0.1266
6079.750	46.9708	0.1220
6082.680	46.8512	0.1238
6085.610	46.6831	0.1421
6088.540	46.6235	0.1198
6091.470	46.5389	0.1329
6094.400	46.3845	0.1307
6097.330	46.3957	0.1252
6100.260	46.3709	0.1295
6103.190	46.3734	0.1235
6106.120	46.2374	0.1143
6109.050	46.0181	0.1224
6111.980	45.8544	0.1274
6114.910	45.8415	0.1272
6117.840	45.8152	0.1308
6120.770	45.7499	0.1227
6123.700	45.6699	0.1205
6126.630	45.4860	0.1276
6129.560	45.4936	0.1271
6132.490	45.5174	0.1164
6135.420	45.5638	0.1227
6138.350	45.3990	0.1335
6141.280	45.2512	0.1208
6144.210	45.0980	0.1147
6147.140	44.9955	0.1211
6150.070	44.8926	0.1128
6153.000	44.8523	0.1059
6155.930	44.7975	0.1110
6158.860	44.7260	0.1407
6161.790	44.7145	0.1613
6164.720	44.5865	0.1530
6167.650	44.5168	0.1422
6170.580	44.4865	0.1143
6173.510	44.2999	0.1163
6176.440	44.2114	0.1111
6179.370	44.0460	0.1117
6182.300	43.9770	0.1078
6185.230	43.8981	0.1060
6188.160	43.9046	0.1174
6191.090	43.8567	0.1336
6194.020	43.7230	0.1237
6196.950	43.6157	0.1261
6199.880	43.6123	0.1143
6202.810	43.5503	0.1070
6205.740	43.4345	0.1063
6208.670	43.2877	0.1098
6211.600	43.2146	0.1122
6214.530	43.1566	0.1165
6217.460	43.0539	0.1268
6220.390	42.9004	0.1127
6223.320	42.8060	0.1102
6226.250	42.8530	0.1178
6229.180	42.7565	0.1266
6232.110	42.6582	0.1154
6235.040	42.5454	0.1087
6237.970	42.4363	0.1298
6240.900	42.4180	0.1240
6243.830	42.3899	0.1199
6246.760	42.3200	0.1161
6249.690	42.2020	0.1165
6252.620	42.1616	0.1113
6255.550	42.1554	0.1106
6258.480	42.1345	0.1020
6261.410	41.9187	0.1106
6264.340	41.7521	0.1259
6267.270	41.6993	0.1151
6270.200	41.6608	0.1249
6273.130	41.5749	0.1139
6276.060	41.5429	0.1068
6278.990	41.5872	0.1127
6281.920	41.6238	0.1212
6284.850	41.5159	0.1373
6287.780	41.4440	0.1181
6290.710	41.3589	0.1034
6293.640	41.3039	0.1011
6296.570	41.2520	0.1068
6299.500	41.1910	0.1072
6302.430	41.0659	0.1061
6305.360	40.9560	0.1183
6308.290	40.8416	0.1321
6311.220	40.7869	0.1260
6314.150	40.6787	0.1436
6317.080	40.4701	0.1261
6320.010	40.3364	0.1124
6322.940	40.0840	0.1195
6325.870	39.8713	0.1259
6328.800	39.7879	0.1207
6331.730	39.7348	0.0922
6334.660	39.6602	0.0973
6337.590	39.7004	0.0951
6340.520	39.7437	0.0923
6343.450	39.7380	0.0908
6346.380	39.7322	0.0779
6349.310	39.6883	0.0877
6352.240	39.6637	0.0903
6355.170	39.6348	0.0972
6358.100	39.6286	0.0979
6361.030	39.5096	0.0901
6363.960	39.3196	0.0991
6366.890	39.1933	0.1024
6369.820	39.1031	0.1141
6372.750	39.0718	0.1130
6375.680	39.0133	0.1106
6378.610	39.0035	0.1077
6381.540	38.9152	0.1007
6384.470	38.8746	0.0968
6387.400	38.8623	0.1179
6390.330	38.7572	0.0978
6393.260	38.7041	0.0968
6396.190	38.5981	0.1052
6399.120	38.5405	0.0951
6402.050	38.3977	0.0974
6404.980	38.2954	0.1032
6407.910	38.2044	0.1170
6410.840	38.1289	0.1133
6413.770	38.0887	0.1045
6416.700	38.0358	0.0998
6419.630	38.0026	0.0961
6422.560	37.9629	0.0827
6425.490	37.8869	0.1003
6428.420	37.8182	0.1022
6431.350	37.7235	0.0947
6434.280	37.6405	0.0997
6437.210	37.5823	0.1174
6440.140	37.4614	0.1272
6443.070	37.3289	0.1106
6446.000	37.3110	0.1074
6448.930	37.3233	0.1090
6451.860	37.2576	0.1119
6454.790	37.1589	0.1026
6457.720	37.0641	0.1142
6460.650	37.0466	0.1095
6463.580	37.0017	0.0960
6466.510	36.9634	0.0948
6469.440	36.8245	0.0978
6472.370	36.6667	0.0988
6475.300	36.5463	0.0963
6478.230	36.4855	0.0944
6481.160	36.4687	0.0979
6484.090	36.4092	0.0984
6487.020	36.3838	0.1009
6489.950	36.3516	0.0967
6492.880	36.3842	0.1143
6495.810	36.3519	0.1253
6498.740	36.1492	0.1087
6501.670	35.9543	0.1067
6504.600	35.8082	0.1151
6507.530	35.7227	0.1097
6510.460	35.6437	0.1108
6513.390	35.5605	0.1051
6516.320	35.4101	0.1120
6519.250	35.2043	0.1135
6522.180	35.0556	0.1167
6525.110	34.9748	0.1042
6528.040	34.8629	0.1028
6530.970	34.6751	0.0997
6533.900	34.4603	0.0916
6536.830	34.2609	0.0955
6539.760	34.0485	0.0978
6542.690	33.7093	0.1183
6545.620	33.3131	0.1198
6548.550	32.8412	0.1276
6551.480	32.3395	0.1560
6554.410	32.0659	0.1683
6557.340	31.9870	0.1644
6560.270	32.0116	0.2073
6563.200	31.8136	0.2261
6566.130	31.5188	0.1480
6569.060	31.4053	0.1464
6571.990	31.6066	0.0800
6574.920	31.9020	0.0758
6577.850	32.2256	0.0766
6580.780	32.5246	0.0772
6583.710	32.8191	0.0740
6586.640	33.0512	0.0826
6589.570	33.2109	0.1062
6592.500	33.3590	0.1159
6595.430	33.4541	0.0911
6598.360	33.5259	0.0898
6601.290	33.5907	0.0912
6604.220	33.6383	0.0844
6607.150	33.6413	0.0889
6610.080	33.6122	0.0911
6613.010	33.5661	0.0922
6615.940	33.5695	0.0940
6618.870	33.5664	0.0850
6621.800	33.5681	0.0841
6624.730	33.4888	0.0924
6627.660	33.4669	0.0886
6630.590	33.4333	0.0975
6633.520	33.3697	0.1021
6636.450	33.2889	0.0972
6639.380	33.2442	0.0975
6642.310	33.2015	0.1019
6645.240	33.0684	0.1072
6648.170	33.0218	0.0908
6651.100	32.9839	0.0863
6654.030	32.9692	0.0939
6656.960	32.9857	0.0839
6659.890	32.9520	0.0926
6662.820	32.8881	0.0980
6665.750	32.7928	0.1124
6668.680	32.7626	0.0866
6671.610	32.8495	0.0954
6674.540	32.9529	0.1662
6677.470	32.9590	0.1930
6680.400	32.7393	0.1354
6683.330	32.5377	0.0987
6686.260	32.4546	0.0908
6689.190	32.4104	0.0776
6692.120	32.3333	0.0772
6695.050	32.3027	0.0923
6697.980	32.2476	0.1011
6700.910	32.2087	0.0942
6703.840	32.1478	0.0922
6706.770	32.0741	0.0881
6709.700	32.0056	0.0985
6712.630	32.0027	0.0885
6715.560	31.9609	0.0868
6718.490	31.8800	0.0931
6721.420	31.7923	0.1084
6724.350	31.7214	0.1018
6727.280	31.6314	0.0980
6730.210	31.5846	0.1017
6733.140	31.5251	0.0945
6736.070	31.5141	0.0916
6739.000	31.5480	0.0813
6741.930	31.5384	0.0809
6744.860	31.5044	0.0908
6747.790	31.4336	0.0944
6750.720	31.3686	0.0931
6753.650	31.2875	0.0981
6756.580	31.2238	0.0822
6759.510	31.1682	0.0762
6762.440	31.1216	0.0770
6765.370	31.0533	0.0862
6768.300	31.0066	0.0827
6771.230	30.9546	0.0828
6774.160	30.8709	0.0924
6777.090	30.8207	0.0865
6780.020	30.8192	0.0836
6782.950	30.7899	0.0746
6785.880	30.7203	0.0712
6788.810	30.6550	0.0814
6791.740	30.5675	0.0835
6794.670	30.5622	0.0776
6797.600	30.4903	0.0768
6800.530	30.4469	0.0796
6803.460	30.4027	0.0711
6806.390	30.3410	0.0811
6809.320	30.3198	0.0780
6812.250	30.3097	0.0659
6815.180	30.2448	0.0689
6818.110	30.1610	0.0708
6821.040	30.0904	0.0739
6823.970	29.9899	0.0853
6826.900	29.9767	0.0890
6829.830	29.9543	0.0891
6832.760	29.9295	0.0849
6835.690	29.8916	0.0852
6838.620	29.8385	0.0844
6841.550	29.7953	0.0732
6844.480	29.6825	0.0774
6847.410	29.5885	0.0800
6850.340	29.5356	0.0841
6853.270	29.5035	0.0882
6856.200	29.4377	0.0886
6859.130	29.3603	0.0945
6862.060	29.3389	0.0837
6864.990	29.2965	0.0843
6867.920	29.2069	0.0879
6870.850	29.1339	0.0796
6873.780	29.1620	0.0721
6876.710	29.1849	0.0692
6879.640	29.1371	0.0770
6882.570	29.0630	0.0906
6885.500	28.9951	0.1051
6888.430	28.9734	0.0943
6891.360	28.9439	0.0838
6894.290	28.8859	0.0757
6897.220	28.8594	0.0719
6900.150	28.8455	0.0665
6903.080	28.8027	0.0705
6906.010	28.7527	0.0704
6908.940	28.6771	0.0768
6911.870	28.6082	0.0803
6914.800	28.5911	0.0742
6917.730	28.4865	0.0725
6920.660	28.4268	0.0735
6923.590	28.4277	0.0710
6926.520	28.4003	0.0679
6929.450	28.3264	0.0673
6932.380	28.2839	0.0677
6935.310	28.2520	0.0619
6938.240	28.1697	0.0683
6941.170	28.1443	0.0664
6944.100	28.1084	0.0670
6947.030	28.0310	0.0736
6949.960	27.9709	0.0768
6952.890	27.9313	0.0723
6955.820	27.8723	0.0702
6958.750	27.8081	0.0663
6961.680	27.7729	0.0696
6964.610	27.7396	0.0761
6967.540	27.7011	0.0749
6970.470	27.6796	0.0755
6973.400	27.6916	0.0725
6976.330	27.6944	0.0719
6979.260	27.6283	0.0763
6982.190	27.5479	0.0685
6985.120	27.4602	0.0705
6988.050	27.4156	0.0743
6990.980	27.3673	0.0820
6993.910	27.3033	0.0804
6996.840	27.2686	0.0757
6999.770	27.2169	0.0774
7002.700	27.1737	0.0792
7005.630	27.1146	0.0771
7008.560	27.0280	0.0755
7011.490	26.9869	0.0717
7014.420	26.9980	0.0634
7017.350	26.9499	0.0666
7020.280	26.9253	0.0681
7023.210	26.8930	0.0726
7026.140	26.8384	0.0717
7029.070	26.8306	0.0678
7032.000	26.8296	0.0595
7034.930	26.7688	0.0571
7037.860	26.7218	0.0553
7040.790	26.6593	0.0591
7043.720	26.5641	0.0677
7046.650	26.5200	0.0660
7049.580	26.4997	0.0607
7052.510	26.4664	0.0622
7055.440	26.4581	0.0671
7058.370	26.4520	0.0806
7061.300	26.4308	0.0986
7064.230	26.4498	0.1290
7067.160	26.3230	0.1010
7070.090	26.1762	0.0628
7073.020	26.0870	0.0646
7075.950	26.0645	0.0682
7078.880	26.0579	0.0627
7081.810	26.0021	0.0592
7084.740	25.9125	0.0630
7087.670	25.9015	0.0611
7090.600	25.8697	0.0585
7093.530	25.8188	0.0611
7096.460	25.7623	0.0589
7099.390	25.7208	0.0591
7102.320	25.7074	0.0671
7105.250	25.7107	0.0751
7108.180	25.6535	0.0728
7111.110	25.5774	0.0691
7114.040	25.5302	0.0629
7116.970	25.5019	0.0666
7119.900	25.4883	0.0722
7122.830	25.4551	0.0740
7125.760	25.4289	0.0674
7128.690	25.4044	0.0605
7131.620	25.3657	0.0607
7134.550	25.3000	0.0633
7137.480	25.2872	0.0591
7140.410	25.2726	0.0600
7143.340	25.2625	0.0729
7146.270	25.2186	0.0665
7149.200	25.1150	0.0700
7152.130	25.0360	0.0707
7155.060	24.9789	0.0668
7157.990	24.9669	0.0669
7160.920	24.9674	0.0658
7163.850	24.9157	0.0751
7166.780	24.8479	0.0748
7169.710	24.8088	0.0863
7172.640	24.7818	0.0873
7175.570	24.7535	0.0817
7178.500	24.6721	0.0764
7181.430	24.6400	0.0693
7184.360	24.6288	0.0664
7187.290	24.6099	0.0616
7190.220	24.5370	0.0606
7193.150	24.4928	0.0580
7196.080	24.4841	0.0587
7199.010	24.4424	0.0689
7201.940	24.3673	0.0668
7204.870	24.3609	0.0636
7207.800	24.3525	0.0598
7210.730	24.3186	0.0575
7213.660	24.2550	0.0592
7216.590	24.2125	0.0591
7219.520	24.2363	0.0662
7222.450	24.2278	0.0939
7225.380	24.1676	0.0880
7228.310	24.0763	0.0691
7231.240	24.0001	0.0638
7234.170	23.9788	0.0615
7237.100	23.9707	0.0601
7240.030	23.9494	0.0629
7242.960	23.9310	0.0669
7245.890	23.8654	0.0740
7248.820	23.8059	0.0688
7251.750	23.7703	0.0680
7254.680	23.7285	0.0636
7257.610	23.6853	0.0583
7260.540	23.6468	0.0529
7263.470	23.6055	0.0601
7266.400	23.5521	0.0594
7269.330	23.4955	0.0694
7272.260	23.5025	0.0689
7275.190	23.4607	0.0677
7278.120	23.4563	0.0755
7281.050	23.4594	0.0810
7283.980	23.4104	0.0667
7286.910	23.3143	0.0695
7289.840	23.2392	0.0742
7292.770	23.2026	0.0677
7295.700	23.1591	0.0665
7298.630	23.1293	0.0669
7301.560	23.1143	0.0643
7304.490	23.1061	0.0637
7307.420	23.0454	0.0621
7310.350	23.0235	0.0604
7313.280	23.0258	0.0616
7316.210	22.9821	0.0617
7319.140	22.9607	0.0550
7322.070	22.9449	0.0564
7325.000	22.8831	0.0612
7327.930	22.8440	0.0624
7330.860	22.8156	0.0615
7333.790	22.7384	0.0703
7336.720	22.6388	0.0769
7339.650	22.6404	0.0676
7342.580	22.6525	0.0594
7345.510	22.6480	0.0542
7348.440	22.6128	0.0552
7351.370	22.5261	0.0675
7354.300	22.4799	0.0717
7357.230	22.4648	0.0613
7360.160	22.4233	0.0602
7363.090	22.3667	0.0612
7366.020	22.3328	0.0607
7368.950	22.3456	0.0558
7371.880	22.3447	0.0562
7374.810	22.3043	0.0535
7377.740	22.2549	0.0589
7380.670	22.2163	0.0569
7383.600	22.1706	0.0634
7386.530	22.1308	0.0626
7389.460	22.1463	0.0585
7392.390	22.1257	0.0557
7395.320	22.0560	0.0551
7398.250	21.9693	0.0537
7401.180	21.9072	0.0536
7404.110	21.8842	0.0545
7407.040	21.8638	0.0584
7409.970	21.8440	0.0642
7412.900	21.7901	0.0694
7415.830	21.7790	0.0643
7418.760	21.7840	0.0553
7421.690	21.7824	0.0608
7424.620	21.7390	0.0609
7427.550	21.7054	0.0546
7430.480	21.6687	0.0562
7433.410	21.6263	0.0555
7436.340	21.5632	0.0541
7439.270	21.5182	0.0590
7442.200	21.5020	0.0522
7445.130	21.5120	0.0577
7448.060	21.4747	0.0591
7450.990	21.4020	0.0635
7453.920	21.3227	0.0677
7456.850	21.2876	0.0616
7459.780	21.2757	0.0639
7462.710	21.2416	0.0639
7465.640	21.2066	0.0664
7468.570	21.1796	0.0635
7471.500	21.1320	0.0645
7474.430	21.1058	0.0713
7477.360	21.0623	0.0674
7480.290	21.0156	0.0666
7483.220	21.0057	0.0607
7486.150	20.9728	0.0595
7489.080	20.9507	0.0591
7492.010	20.9126	0.0636
7494.940	20.8780	0.0643
7497.870	20.7884	0.0674
7500.800	20.7583	0.0646
7503.730	20.7624	0.0603
7506.660	20.7797	0.0583
7509.590	20.7907	0.0581
7512.520	20.7616	0.0598
7515.450	20.7379	0.0516
7518.380	20.7088	0.0565
7521.310	20.6651	0.0601
7524.240	20.6126	0.0642
7527.170	20.5730	0.0608
7530.100	20.5346	0.0602
7533.030	20.4937	0.0601
7535.960	20.4471	0.0516
7538.890	20.3875	0.0563
7541.820	20.3477	0.0607
7544.750	20.3437	0.0585
7547.680	20.3140	0.0481
7550.610	20.2654	0.0522
7553.540	20.2778	0.0485
7556.470	20.2843	0.0502
7559.400	20.2207	0.0553
7562.330	20.1756	0.0608
7565.260	20.1203	0.0702
7568.190	20.1109	0.0725
7571.120	20.0964	0.0602
7574.050	20.0848	0.0524
7576.980	20.0542	0.0503
7579.910	20.0249	0.0563
7582.840	19.9932	0.0619
7585.770	19.9254	0.0735
7588.700	19.8918	0.0776
7591.630	19.8288	0.0844
7594.560	19.7700	0.0889
7597.490	19.7326	0.0884
7600.420	19.6230	0.0802
7603.350	19.6199	0.0713
7606.280	19.6370	0.0587
7609.210	19.6313	0.0582
7612.140	19.6530	0.0509
7615.070	19.6838	0.0535
7618.000	19.6373	0.0518
7620.930	19.5515	0.0583
7623.860	19.4719	0.0742
7626.790	19.4496	0.0661
7629.720	19.4148	0.0640
7632.650	19.3805	0.0543
7635.580	19.3794	0.0449
7638.510	19.3488	0.0509
7641.440	19.3097	0.0644
7644.370	19.3119	0.0553
7647.300	19.3019	0.0513
7650.230	19.2713	0.0571
7653.160	19.2759	0.0551
7656.090	19.2678	0.0617
7659.020	19.2585	0.0680
7661.950	19.2712	0.0666
7664.880	19.2491	0.0593
7667.810	19.1803	0.0452
7670.740	19.1388	0.0473
7673.670	19.1356	0.0528
7676.600	19.0950	0.0553
7679.530	19.0225	0.0589
7682.460	19.0001	0.0547
7685.390	18.9223	0.0627
7688.320	18.8711	0.0608
7691.250	18.8659	0.0595
7694.180	18.8701	0.0528
7697.110	18.8665	0.0507
7700.040	18.8493	0.0520
7702.970	18.8051	0.0501
7705.900	18.7465	0.0502
7708.830	18.7403	0.0509
7711.760	18.7419	0.0555
7714.690	18.7364	0.0542
7717.620	18.7041	0.0478
7720.550	18.6574	0.0570
7723.480	18.6323	0.0615
7726.410	18.6225	0.0556
7729.340	18.5996	0.0586
7732.270	18.5488	0.0597
7735.200	18.4955	0.0508
7738.130	18.4687	0.0518
7741.060	18.4578	0.0463
7743.990	18.4325	0.0530
7746.920	18.4287	0.0485
7749.850	18.3973	0.0440
7752.780	18.3409	0.0468
7755.710	18.3199	0.0513
7758.640	18.2975	0.0452
7761.570	18.2257	0.0509
7764.500	18.1927	0.0491
7767.430	18.2035	0.0442
7770.360	18.1933	0.0545
7773.290	18.1612	0.0588
7776.220	18.1425	0.0536
7779.150	18.0761	0.0544
7782.080	18.0626	0.0468
7785.010	18.0165	0.0501
7787.940	17.9747	0.0487
7790.870	17.9749	0.0446
7793.800	17.9411	0.0442
7796.730	17.9351	0.0452
7799.660	17.9463	0.0465
7802.590	17.9113	0.0539
7805.520	17.8406	0.0616
7808.450	17.7863	0.0552
7811.380	17.7901	0.0507
7814.310	17.7796	0.0474
7817.240	17.7525	0.0493
7820.170	17.7370	0.0492
7823.100	17.7147	0.0473
7826.030	17.6861	0.0489
7828.960	17.6676	0.0534
7831.890	17.6263	0.0586
7834.820	17.6028	0.0524
7837.750	17.5541	0.0500
7840.680	17.5222	0.0480
7843.610	17.4832	0.0458
7846.540	17.4238	0.0531
7849.470	17.4356	0.0575
7852.400	17.4309	0.0550
7855.330	17.4018	0.0583
7858.260	17.3794	0.0503
7861.190	17.3716	0.0484
7864.120	17.3835	0.0501
7867.050	17.3328	0.0531
7869.980	17.2398	0.0571
7872.910	17.2170	0.0536
7875.840	17.1871	0.0525
7878.770	17.1999	0.0493
7881.700	17.1496	0.0498
7884.630	17.0886	0.0532
7887.560	17.1048	0.0518
7890.490	17.1553	0.0445
7893.420	17.1793	0.0446
7896.350	17.1723	0.0484
7899.280	17.1533	0.0566
7902.210	17.1073	0.0549
7905.140	17.0418	0.0559
7908.070	16.9958	0.0570
7911.000	16.9452	0.0605
7913.930	16.8892	0.0570
7916.860	16.8487	0.0547
7919.790	16.8479	0.0484
7922.720	16.7857	0.0583
7925.650	16.7698	0.0513
7928.580	16.7909	0.0477
7931.510	16.7827	0.0497
7934.440	16.7525	0.0501
7937.370	16.7331	0.0475
7940.300	16.7336	0.0432
7943.230	16.7383	0.0412
7946.160	16.7468	0.0425
7949.090	16.7028	0.0446
7952.020	16.6276	0.0445
7954.950	16.5710	0.0461
7957.880	16.5102	0.0505
7960.810	16.5029	0.0549
7963.740	16.4864	0.0563
7966.670	16.4482	0.0526
7969.600	16.4170	0.0498
7972.530	16.4249	0.0546
7975.460	16.4297	0.0497
7978.390	16.4317	0.0514
7981.320	16.4188	0.0478
7984.250	16.3786	0.0486
7987.180	16.3226	0.0536
7990.110	16.2874	0.0555
7993.040	16.2621	0.0490
7995.970	16.2681	0.0484
7998.900	16.2124	0.0452
8001.830	16.1873	0.0439
8004.760	16.1816	0.0380
8007.690	16.1758	0.0341
8010.620	16.1765	0.0340
8013.550	16.1705	0.0379
8016.480	16.1952	0.0464
8019.410	16.1924	0.0499
8022.340	16.1470	0.0497
8025.270	16.1481	0.0457
8028.200	16.1061	0.0533
8031.130	16.0231	0.0473
8034.060	15.9685	0.0432
8036.990	15.9126	0.0437
8039.920	15.8703	0.0451
8042.850	15.8647	0.0444
8045.780	15.8522	0.0439
8048.710	15.8030	0.0468
8051.640	15.7590	0.0481
8054.570	15.7107	0.0569
8057.500	15.7292	0.0491
8060.430	15.7105	0.0432
8063.360	15.7432	0.0443
8066.290	15.7729	0.0394
8069.220	15.7425	0.0479
8072.150	15.7526	0.0455
8075.080	15.7174	0.0467
8078.010	15.6757	0.0518
8080.940	15.5986	0.0542
8083.870	15.5901	0.0486
8086.800	15.5512	0.0431
8089.730	15.5118	0.0441
8092.660	15.5061	0.0441
8095.590	15.4831	0.0439
8098.520	15.4293	0.0443
8101.450	15.3791	0.0476
8104.380	15.3833	0.0471
8107.310	15.3744	0.0505
8110.240	15.3689	0.0451
8113.170	15.3391	0.0490
8116.100	15.3335	0.0537
8119.030	15.3276	0.0502
8121.960	15.3204	0.0482
8124.890	15.3394	0.0422
8127.820	15.3754	0.0384
8130.750	15.3274	0.0413
8133.680	15.2603	0.0380
8136.610	15.1854	0.0431
8139.540	15.1278	0.0437
8142.470	15.1138	0.0456
8145.400	15.1248	0.0380
8148.330	15.1176	0.0379
8151.260	15.1047	0.0394
8154.190	15.0717	0.0419
8157.120	15.0616	0.0469
8160.050	15.0428	0.0465
8162.980	15.0539	0.0494
8165.910	14.9978	0.0523
8168.840	14.9302	0.0611
8171.770	14.8965	0.0582
8174.700	14.9114	0.0524
8177.630	14.9152	0.0512
8180.560	14.8374	0.0561
8183.490	14.7628	0.0592
8186.420	14.7594	0.0511
8189.350	14.7858	0.0492
8192.280	14.7903	0.0467
8195.210	14.7583	0.0492
8198.140	14.7237	0.0404
8201.070	14.7109	0.0384
8204.000	14.6701	0.0416
8206.930	14.6469	0.0444
8209.860	14.6635	0.0391
8212.790	14.6970	0.0378
8215.720	14.6908	0.0329
8218.650	14.6536	0.0403
8221.580	14.6016	0.0469
8224.510	14.5483	0.0529
8227.440	14.5194	0.0631
8230.370	14.5041	0.0764
8233.300	14.5553	0.0658
8236.230	14.5205	0.0545
8239.160	14.4865	0.0462
8242.090	14.4396	0.0336
8245.020	14.4397	0.0329
8247.950	14.4264	0.0376
8250.880	14.3770	0.0360
8253.810	14.3489	0.0400
8256.740	14.3061	0.0480
8259.670	14.2961	0.0421
8262.600	14.2670	0.0403
8265.530	14.2351	0.0405
8268.460	14.2037	0.0401
8271.390	14.2176	0.0365
8274.320	14.2573	0.0333
8277.250	14.2494	0.0323
8280.180	14.1784	0.0391
8283.110	14.1561	0.0360
8286.040	14.1395	0.0369
8288.970	14.0923	0.0403
8291.900	14.0725	0.0426
8294.830	14.0314	0.0425
8297.760	13.9689	0.0437
8300.690	13.9619	0.0374
8303.620	14.0019	0.0317
8306.550	13.9932	0.0376
8309.480	14.0104	0.0443
8312.410	14.0011	0.0431
8315.340	13.9629	0.0478
8318.270	13.9520	0.0461
8321.200	13.9598	0.0443
8324.130	13.9448	0.0422
8327.060	13.9171	0.0505
8329.990	13.8636	0.0511
8332.920	13.8406	0.0497
8335.850	13.8040	0.0487
8338.780	13.7413	0.0474
8341.710	13.7272	0.0489
8344.640	13.7192	0.0450
8347.570	13.7054	0.0378
8350.500	13.6480	0.0428
8353.430	13.6018	0.0453
8356.360	13.6016	0.0388
8359.290	13.6074	0.0389
8362.220	13.6016	0.0473
8365.150	13.6153	0.0481
8368.080	13.5958	0.0392
8371.010	13.6216	0.0353
8373.940	13.6073	0.0329
8376.870	13.5595	0.0437
8379.800	13.5530	0.0500
8382.730	13.5646	0.0519
8385.660	13.6171	0.0424
8388.590	13.5679	0.0373
8391.520	13.4944	0.0371
8394.450	13.4579	0.0431
8397.380	13.4166	0.0453
8400.310	13.4108	0.0398
8403.240	13.4112	0.0308
8406.170	13.4017	0.0292
8409.100	13.3851	0.0341
8412.030	13.3299	0.0435
8414.960	13.2858	0.0504
8417.890	13.2955	0.0364
8420.820	13.3355	0.0308
8423.750	13.3230	0.0324
8426.680	13.2551	0.0420
8429.610	13.2011	0.0544
8432.540	13.2093	0.0436
8435.470	13.2080	0.0442
8438.400	13.1746	0.0420
8441.330	13.1609	0.0379
8444.260	13.1298	0.0347
8447.190	13.1053	0.0364
8450.120	13.0738	0.0560
8453.050	13.0153	0.0409
8455.980	13.0100	0.0367
8458.910	13.0253	0.0479
8461.840	13.0400	0.0483
8464.770	13.0746	0.0489
8467.700	13.0545	0.0452
8470.630	13.0341	0.0387
8473.560	12.9884	0.0387
8476.490	12.9503	0.0423
8479.420	12.9665	0.0423
8482.350	12.9664	0.0415
8485.280	12.9060	0.0514
8488.210	12.8817	0.0493
8491.140	12.8941	0.0477
8494.070	12.9819	0.0629
8497.000	13.0201	0.0874
8499.930	12.8841	0.0638
8502.860	12.7271	0.0488
8505.790	12.6923	0.0497
8508.720	12.6765	0.0462
8511.650	12.6689	0.0407
8514.580	12.6407	0.0480
8517.510	12.6057	0.0435
8520.440	12.5878	0.0409
8523.370	12.5977	0.0409
8526.300	12.6022	0.0466
8529.230	12.5560	0.0558
8532.160	12.5453	0.0490
8535.090	12.6447	0.0466
8538.020	12.8290	0.1009
8540.950	12.8970	0.1274
8543.880	12.7942	0.0908
8546.810	12.6129	0.0502
8549.740	12.5410	0.0585
8552.670	12.4830	0.0493
8555.600	12.4524	0.0386
8558.530	12.4490	0.0360
8561.460	12.4789	0.0380
8564.390	12.4910	0.0389
8567.320	12.4906	0.0377
8570.250	12.4732	0.0385
8573.180	12.4412	0.0413
8576.110	12.4088	0.0435
8579.040	12.3867	0.0461
8581.970	12.3302	0.0511
8584.900	12.2892	0.0488
8587.830	12.2638	0.0459
8590.760	12.2700	0.0354
8593.690	12.2612	0.0337
8596.620	12.2176	0.0346
8599.550	12.1637	0.0428
8602.480	12.1651	0.0393
8605.410	12.2069	0.0314
8608.340	12.2257	0.0267
8611.270	12.2135	0.0278
8614.200	12.2198	0.0334
8617.130	12.2191	0.0297
8620.060	12.1308	0.0407
8622.990	12.0619	0.0566
8625.920	12.0302	0.0483
8628.850	12.0678	0.0420
8631.780	12.0820	0.0379
8634.710	12.0176	0.0474
8637.640	11.9576	0.0491
8640.570	11.9349	0.0476
8643.500	11.9372	0.0422
8646.430	11.9164	0.0404
8649.360	11.8627	0.0434
8652.290	11.8542	0.0441
8655.220	11.9873	0.0291
8658.150	12.0691	0.0864
8661.080	12.1325	0.1074
8664.010	12.0265	0.0805
8666.940	11.8514	0.0496
8669.870	11.8016	0.0461
8672.800	11.8012	0.0410
8675.730	11.7702	0.0411
8678.660	11.7497	0.0408
8681.590	11.7530	0.0380
8684.520	11.7703	0.0357
8687.450	11.7843	0.0374
8690.380	11.7685	0.0364
8693.310	11.7586	0.0350
8696.240	11.7591	0.0335
8699.170	11.7490	0.0355
8702.100	11.7418	0.0366
8705.030	11.7100	0.0380
8707.960	11.6925	0.0368
8710.890	11.7008	0.0359
8713.820	11.6638	0.0354
8716.750	11.6208	0.0312
8719.680	11.5666	0.0330
8722.610	11.5339	0.0364
8725.540	11.5455	0.0302
8728.470	11.5734	0.0268
8731.400	11.5834	0.0261
8734.330	11.5557	0.0294
8737.260	11.5231	0.0328
8740.190	11.4972	0.0315
8743.120	11.4786	0.0315
8746.050	11.4635	0.0312
8748.980	11.4649	0.0304
8751.910	11.4620	0.0353
8754.840	11.4678	0.0316
8757.770	11.4727	0.0315
8760.700	11.4668	0.0344
8763.630	11.4539	0.0367
8766.560	11.4257	0.0394
8769.490	11.3907	0.0416
8772.420	11.3613	0.0411
8775.350	11.3188	0.0403
8778.280	11.2832	0.0372
8781.210	11.2306	0.0411
8784.140	11.1793	0.0421
8787.070	11.1822	0.0423
8790.000	11.2318	0.0345
8792.930	11.2140	0.0306
8795.860	11.1771	0.0281
8798.790	11.1572	0.0299
8801.720	11.2011	0.0361
8804.650	11.2664	0.0467
8807.580	11.2658	0.0423
8810.510	11.1914	0.0425
8813.440	11.1484	0.0451
8816.370	11.0918	0.0428
8819.300	11.0419	0.0405
8822.230	11.0213	0.0393
8825.160	11.0236	0.0419
8828.090	11.0133	0.0347
8831.020	11.0218	0.0342
8833.950	11.0333	0.0350
8836.880	11.0659	0.0328
8839.810	11.0643	0.0271
8842.740	11.0391	0.0284
8845.670	10.9816	0.0347
8848.600	10.9064	0.0456
8851.530	10.9170	0.0439
8854.460	10.9254	0.0398
8857.390	10.9348	0.0362
8860.320	10.9542	0.0289
8863.250	10.9082	0.0341
8866.180	10.8816	0.0382
8869.110	10.8413	0.0352
8872.040	10.8324	0.0307
8874.970	10.8317	0.0300
8877.900	10.8609	0.0222
8880.830	10.8510	0.0272
8883.760	10.8314	0.0353
8886.690	10.8117	0.0301
8889.620	10.7922	0.0224
8892.550	10.7536	0.0283
8895.480	10.7233	0.0391
8898.410	10.6834	0.0404
8901.340	10.6631	0.0395
8904.270	10.6570	0.0363
8907.200	10.6426	0.0350
8910.130	10.6754	0.0291
8913.060	10.6904	0.0350
8915.990	10.6898	0.0326
8918.920	10.6950	0.0299
8921.850	10.6818	0.0358
8924.780	10.6631	0.0407
8927.710	10.6099	0.0392
8930.640	10.5649	0.0322
8933.570	10.5360	0.0305
8936.500	10.5212	0.0319
8939.430	10.4965	0.0381
8942.360	10.4846	0.0376
8945.290	10.4815	0.0336
8948.220	10.4627	0.0324
8951.150	10.5021	0.0297
8954.080	10.5475	0.0345
8957.010	10.5621	0.0342
8959.940	10.5311	0.0239
8962.870	10.4852	0.0258
8965.800	10.4359	0.0315
8968.730	10.4000	0.0350
8971.660	10.3326	0.0407
8974.590	10.3047	0.0383
8977.520	10.2956	0.0375
8980.450	10.3458	0.0318
8983.380	10.3576	0.0289
8986.310	10.3365	0.0320
8989.240	10.3240	0.0353
8992.170	10.3050	0.0342
8995.100	10.2770	0.0393
8998.030	10.2585	0.0417
9000.960	10.2496	0.0361
9003.890	10.2387	0.0301
9006.820	10.2305	0.0318
9009.750	10.2516	0.0342
9012.680	10.2794	0.0453
9015.610	10.2828	0.0461
9018.540	10.2614	0.0350
9021.470	10.2079	0.0348
9024.400	10.1727	0.0389
9027.330	10.1634	0.0393
9030.260	10.1874	0.0303
9033.190	10.1812	0.0190
9036.120	10.1678	0.0219
9039.050	10.1128	0.0231
9041.980	10.0249	0.0326
9044.910	9.9511	0.0341
9047.840	9.9333	0.0399
9050.770	9.9279	0.0396
9053.700	9.9737	0.0330
9056.630	10.0282	0.0236
9059.560	10.0594	0.0284
9062.490	10.0369	0.0321
9065.420	9.9845	0.0370
9068.350	9.9498	0.0409
9071.280	9.9755	0.0372
9074.210	10.0110	0.0328
9077.140	10.0187	0.0317
9080.070	9.9672	0.0383
9083.000	9.9183	0.0320
9085.930	9.9058	0.0313
9088.860	9.8733	0.0339
9091.790	9.8519	0.0369
9094.720	9.8471	0.0302
9097.650	9.8724	0.0296
9100.580	9.8385	0.0345
9103.510	9.8115	0.0343
9106.440	9.8138	0.0332
9109.370	9.8064	0.0369
9112.300	9.7714	0.0373
9115.230	9.7254	0.0421
9118.160	9.7133	0.0420
9121.090	9.7078	0.0337
9124.020	9.7184	0.0289
9126.950	9.7303	0.0279
9129.880	9.7015	0.0350
9132.810	9.6581	0.0398
9135.740	9.6461	0.0341
9138.670	9.6436	0.0355
9141.600	9.6576	0.0340
9144.530	9.6820	0.0335
9147.460	9.7060	0.0289
9150.390	9.7134	0.0282
9153.320	9.6718	0.0342
9156.250	9.6243	0.0337
9159.180	9.5703	0.0351
9162.110	9.5623	0.0339
9165.040	9.5609	0.0363
9167.970	9.5519	0.0342
9170.900	9.5228	0.0310
9173.830	9.5068	0.0355
9176.760	9.4798	0.0350
9179.690	9.4454	0.0357
9182.620	9.4250	0.0369
9185.550	9.4554	0.0298
9188.480	9.4576	0.0311
9191.410	9.5106	0.0302
9194.340	9.5449	0.0298
9197.270	9.5095	0.0346
9200.200	9.4462	0.0318
9203.130	9.3739	0.0371
9206.060	9.3263	0.0354
9208.990	9.3469	0.0339
9211.920	9.3377	0.0328
9214.850	9.3284	0.0334
9217.780	9.3065	0.0353
9220.710	9.3152	0.0324
9223.640	9.3344	0.0284
9226.570	9.3425	0.0322
9229.500	9.3648	0.0328
9232.430	9.3626	0.0353
9235.360	9.3320	0.0306
9238.290	9.2847	0.0270
9241.220	9.2538	0.0293
9244.150	9.2212	0.0339
9247.080	9.1857	0.0394
9250.010	9.1661	0.0403
9252.940	9.2046	0.0340
9255.870	9.2201	0.0307
9258.800	9.2036	0.0320
9261.730	9.1741	0.0344
9264.660	9.1444	0.0354
9267.590	9.1197	0.0340
9270.520	9.1055	0.0372
9273.450	9.0841	0.0379
9276.380	9.0589	0.0406
9279.310	9.0552	0.0437
9282.240	9.0722	0.0351
9285.170	9.1018	0.0305
9288.100	9.1226	0.0309
9291.030	9.1229	0.0248
9293.960	9.1285	0.0217
9296.890	9.1454	0.0266
9299.820	9.1328	0.0325
9302.750	9.1211	0.0383
9305.680	9.1285	0.0326
9308.610	9.0879	0.0320
9311.540	9.0420	0.0314
9314.470	9.0028	0.0400
9317.400	8.9575	0.0353
9320.330	8.9449	0.0396
9323.260	8.9230	0.0459
9326.190	8.9058	0.0407
9329.120	8.9168	0.0358
9332.050	8.9011	0.0397
9334.980	8.8993	0.0474
9337.910	8.8746	0.0535
9340.840	8.8855	0.0509
9343.770	8.9112	0.0475
9346.700	8.8913	0.0425
9349.630	8.8588	0.0396
9352.560	8.8151	0.0449
9355.490	8.7702	0.0435
9358.420	8.7923	0.0348
9361.350	8.7672	0.0365
9364.280	8.7607	0.0366
9367.210	8.7487	0.0398
9370.140	8.7424	0.0374
9373.070	8.7826	0.0343
9376.000	8.8079	0.0350
9378.930	8.7993	0.0396
9381.860	8.7947	0.0382
9384.790	8.8103	0.0260
9387.720	8.8050	0.0265
9390.650	8.7516	0.0318
9393.580	8.6784	0.0399
9396.510	8.6888	0.0365
9399.440	8.6734	0.0353
9402.370	8.6643	0.0359
9405.300	8.6791	0.0414
9408.230	8.6694	0.0413
9411.160	8.6550	0.0528
9414.090	8.6371	0.0496
9417.020	8.6109	0.0377
9419.950	8.5817	0.0401
9422.880	8.5500	0.0398
9425.810	8.5370	0.0373
9428.740	8.5847	0.0343
9431.670	8.6009	0.0299
9434.600	8.5759	0.0295
9437.530	8.5523	0.0403
9440.460	8.5206	0.0461
9443.390	8.5116	0.0395
9446.320	8.5454	0.0333
9449.250	8.5442	0.0326
9452.180	8.4853	0.0358
9455.110	8.4459	0.0368
9458.040	8.4323	0.0309
9460.970	8.4598	0.0269
9463.900	8.4678	0.0247
9466.830	8.4632	0.0245
9469.760	8.4494	0.0298
9472.690	8.4320	0.0339
9475.620	8.4321	0.0366
9478.550	8.4018	0.0372
9481.480	8.3609	0.0334
9484.410	8.3766	0.0294
9487.340	8.3555	0.0358
9490.270	8.3073	0.0346
9493.200	8.3004	0.0324
9496.130	8.2865	0.0362
9499.060	8.2772	0.0401
9501.990	8.2912	0.0362
9504.920	8.2942	0.0312
9507.850	8.3159	0.0309
9510.780	8.3269	0.0371
9513.710	8.3190	0.0436
9516.640	8.3299	0.0472
9519.570	8.3182	0.0413
9522.500	8.2668	0.0282
9525.430	8.2265	0.0255
9528.360	8.2100	0.0269
9531.290	8.1652	0.0284
9534.220	8.1124	0.0326
9537.150	8.1159	0.0364
9540.080	8.1429	0.0388
9543.010	8.2078	0.0431
9545.940	8.2760	0.0434
9548.870	8.2969	0.0433
9551.800	8.2536	0.0428
9554.730	8.2234	0.0379
9557.660	8.1831	0.0393
9560.590	8.1466	0.0390
9563.520	8.1040	0.0423
9566.450	8.0930	0.0489
9569.380	8.1169	0.0442
9572.310	8.1576	0.0385
9575.240	8.1581	0.0349
9578.170	8.1592	0.0372
9581.100	8.1585	0.0366
9584.030	8.1639	0.0408
9586.960	8.1409	0.0488
9589.890	8.1007	0.0506
9592.820	8.1038	0.0480
9595.750	8.1215	0.0481
9598.680	8.1633	0.0447
9601.610	8.1907	0.0487
9604.540	8.1500	0.0539
9607.470	8.1146	0.0602
9610.400	8.1039	0.0648
9613.330	8.0720	0.0635
9616.260	8.0570	0.0552
9619.190	8.1353	0.0697
9622.120	8.2046	0.0737
9625.050	8.1401	0.0733
9627.980	8.1123	0.0665
9630.910	8.0679	0.0626
9633.840	8.1128	0.0655
9636.770	8.1235	0.0699
9639.700	8.1186	0.0660
9642.630	8.0737	0.0696
9645.560	8.0580	0.0739
9648.490	8.0321	0.0705
9651.420	8.0280	0.0740
9654.350	8.0073	0.0711
9657.280	8.0908	0.0721
9660.210	8.1562	0.0822
9663.140	8.1655	0.0824
9666.070	8.1451	0.0808
9669.000	8.1113	0.0781
9671.930	8.0394	0.0833
9674.860	7.9999	0.0827
9677.790	7.9975	0.0866
9680.720	7.9709	0.0835
9683.650	8.0297	0.0898
9686.580	8.0407	0.0894
9689.510	8.0410	0.0899
9692.440	8.0571	0.0906
9695.370	8.1180	0.0920
9698.300	8.1808	0.0909
9701.230	8.1697	0.0963
