3298.680	98.5458	0.4754
3301.060	98.0888	0.6143
3303.440	97.6465	0.5424
3305.820	97.8446	0.4351
3308.200	97.8221	0.4236
3310.580	96.7917	0.4874
3312.960	96.3945	0.4564
3315.340	96.1025	0.4537
3317.720	95.9021	0.4884
3320.100	95.6503	0.6066
3322.480	96.0410	0.4629
3324.860	96.0544	0.4010
3327.240	95.4971	0.4165
3329.620	95.3153	0.4029
3332.000	94.8159	0.4744
3334.380	94.8365	0.4325
3336.760	94.7889	0.3995
3339.140	94.4781	0.3930
3341.520	94.2179	0.3815
3343.900	93.5872	0.3986
3346.280	93.6546	0.3264
3348.660	93.9521	0.4147
3351.040	93.3174	0.3738
3353.420	92.4600	0.4435
3355.800	91.7881	0.5616
3358.180	91.5860	0.4811
3360.560	92.9740	0.5315
3362.940	92.3283	0.4094
3365.320	91.2026	0.4382
3367.700	91.2619	0.4033
3370.080	91.2820	0.4219
3372.460	91.4353	0.4271
3374.840	91.1113	0.4318
3377.220	89.7248	0.5413
3379.600	89.9258	0.2909
3381.980	89.9369	0.3052
3384.360	89.6582	0.3326
3386.740	89.1807	0.4550
3389.120	89.1538	0.3782
3391.500	89.0588	0.3303
3393.880	89.2821	0.4327
3396.260	88.7980	0.3329
3398.640	87.9958	0.4673
3401.020	87.5836	0.4988
3403.400	87.5947	0.3582
3405.780	87.5392	0.3057
3408.160	87.4671	0.2733
3410.540	87.5138	0.3050
3412.920	86.9496	0.3711
3415.300	86.8668	0.3295
3417.680	86.2000	0.3985
3420.060	85.7860	0.4474
3422.440	85.8671	0.3699
3424.820	86.0606	0.2657
3427.200	85.8403	0.2660
3429.580	85.3314	0.3898
3431.960	84.7958	0.4402
3434.340	84.6075	0.4290
3436.720	84.3729	0.4506
3439.100	84.5527	0.3834
3441.480	84.9796	0.4226
3443.860	84.4141	0.3870
3446.240	84.1876	0.2979
3448.620	83.4271	0.4386
3451.000	83.2727	0.4206
3453.380	83.0403	0.3884
3455.760	83.1782	0.3409
3458.140	83.3499	0.2738
3460.520	83.1476	0.3103
3462.900	82.9964	0.3016
3465.280	82.1965	0.4525
3467.660	81.8434	0.4042
3470.040	81.5401	0.4357
3472.420	81.7555	0.3385
3474.800	81.9325	0.3157
3477.180	81.3741	0.3905
3479.560	80.7494	0.4845
3481.940	80.3159	0.4076
3484.320	80.1718	0.3322
3486.700	80.0011	0.3644
3489.080	80.5260	0.3155
3491.460	80.3258	0.3372
3493.840	79.7900	0.2704
3496.220	79.7173	0.2992
3498.600	79.4645	0.2654
3500.980	78.7827	0.3783
3503.360	78.3500	0.4016
3505.740	78.4028	0.3596
3508.120	78.3990	0.2934
3510.500	78.4634	0.2695
3512.880	78.3492	0.2866
3515.260	77.8149	0.2828
3517.640	77.7789	0.2113
3520.020	77.4425	0.2399
3522.400	77.5904	0.2867
3524.780	77.7275	0.4463
3527.160	77.1999	0.2583
3529.540	76.9130	0.2458
3531.920	76.8431	0.2748
3534.300	76.6267	0.2367
3536.680	76.4029	0.2372
3539.060	76.1522	0.2479
3541.440	76.0660	0.2845
3543.820	75.8518	0.3049
3546.200	75.5330	0.3531
3548.580	75.4545	0.2961
3550.960	75.4706	0.3245
3553.340	75.2356	0.3311
3555.720	74.4856	0.3478
3558.100	74.1063	0.3566
3560.480	74.2301	0.3162
3562.860	74.4386	0.2501
3565.240	74.2621	0.2613
3567.620	74.1496	0.2217
3570.000	73.4966	0.3434
3572.380	73.3514	0.2641
3574.760	73.3851	0.2677
3577.140	73.2294	0.2904
3579.520	73.5556	0.3167
3581.900	73.3021	0.3004
3584.280	73.0813	0.3126
3586.660	72.8106	0.2901
3589.040	72.7488	0.2661
3591.420	72.3802	0.2951
3593.800	71.7150	0.3901
3596.180	71.4019	0.4173
3598.560	71.5895	0.3691
3600.940	71.7809	0.2632
3603.320	71.4494	0.2438
3605.700	71.5139	0.2664
3608.080	71.1319	0.2248
3610.460	70.8426	0.3061
3612.840	70.2779	0.4048
3615.220	70.2034	0.3499
3617.600	70.6609	0.2151
3619.980	70.4135	0.3132
3622.360	70.0713	0.2769
3624.740	69.5783	0.4100
3627.120	69.4768	0.3889
3629.500	69.5533	0.3132
3631.880	69.8425	0.3438
3634.260	69.5787	0.3203
3636.640	68.9737	0.3038
3639.020	68.8731	0.2680
3641.400	69.1172	0.2568
3643.780	68.8521	0.2643
3646.160	68.6617	0.2432
3648.540	68.5075	0.2596
3650.920	68.1930	0.1948
3653.300	68.0275	0.2803
3655.680	67.8631	0.2778
3658.060	67.5827	0.2610
3660.440	67.5896	0.2054
3662.820	67.4614	0.1971
3665.200	67.2701	0.2063
3667.580	67.1675	0.2067
3669.960	66.8564	0.2566
3672.340	66.4941	0.3261
3674.720	66.5120	0.2813
3677.100	66.4169	0.2442
3679.480	66.4664	0.2174
3681.860	66.3300	0.2272
3684.240	66.1029	0.2438
3686.620	66.0290	0.2605
3689.000	65.7908	0.2606
3691.380	65.6917	0.2591
3693.760	65.2933	0.2675
3696.140	65.2983	0.2552
3698.520	65.0590	0.2473
3700.900	64.8797	0.3717
3703.280	64.9775	0.2957
3705.660	64.9176	0.2568
3708.040	64.7713	0.2073
3710.420	64.1941	0.2351
3712.800	63.7443	0.2862
3715.180	63.7754	0.3261
3717.560	64.0564	0.2313
3719.940	64.3476	0.3110
3722.320	63.9157	0.2208
3724.700	63.4759	0.2535
3727.080	63.3556	0.3122
3729.460	63.6627	0.2769
3731.840	63.5397	0.3081
3734.220	63.3333	0.2941
3736.600	63.1506	0.2155
3738.980	62.4494	0.3591
3741.360	62.4167	0.3293
3743.740	62.6446	0.1809
3746.120	62.3749	0.2281
3748.500	61.8729	0.2505
3750.880	61.8883	0.2789
3753.260	61.5934	0.4593
3755.640	61.2657	0.3134
3758.020	61.5854	0.1849
3760.400	61.5862	0.1909
3762.780	61.2966	0.2250
3765.160	61.1115	0.2176
3767.540	61.0803	0.2037
3769.920	60.8590	0.2300
3772.300	60.7989	0.2184
3774.680	60.9294	0.1953
3777.060	60.7260	0.1801
3779.440	60.5203	0.1680
3781.820	60.2482	0.1875
3784.200	60.0199	0.1877
3786.580	59.8230	0.2448
3788.960	60.0187	0.1823
3791.340	59.7545	0.1982
3793.720	59.3975	0.2064
3796.100	59.4320	0.2391
3798.480	59.2764	0.2252
3800.860	59.1558	0.1960
3803.240	58.8611	0.1967
3805.620	58.7274	0.2390
3808.000	58.6434	0.1870
3810.380	58.4533	0.2229
3812.760	58.3729	0.2259
3815.140	58.4677	0.3112
3817.520	58.5934	0.3048
3819.900	58.1975	0.3071
3822.280	57.8567	0.2326
3824.660	57.5257	0.1734
3827.040	57.5523	0.1622
3829.420	57.5316	0.1563
3831.800	57.3769	0.1707
3834.180	57.2612	0.2169
3836.560	57.3535	0.1950
3838.940	57.1199	0.2194
3841.320	56.9015	0.1773
3843.700	56.5827	0.2952
3846.080	56.5000	0.2921
3848.460	56.6578	0.2234
3850.840	56.6597	0.2030
3853.220	56.7762	0.1722
3855.600	56.8952	0.1571
3857.980	57.0058	0.1936
3860.360	56.8404	0.1776
3862.740	55.9845	0.3234
3865.120	55.7164	0.3312
3867.500	55.8661	0.2036
3869.880	55.7338	0.2167
3872.260	55.4384	0.1489
3874.640	55.2298	0.1756
3877.020	54.7592	0.1605
3879.400	54.4156	0.1774
3881.780	54.2038	0.1827
3884.160	53.9185	0.1946
3886.540	53.8786	0.2173
3888.920	53.6250	0.2312
3891.300	53.5037	0.1457
3893.680	53.3830	0.1705
3896.060	53.4941	0.2064
3898.440	53.7709	0.1592
3900.820	53.9895	0.1388
3903.200	54.1558	0.1306
3905.580	54.2054	0.1425
3907.960	54.5617	0.1588
3910.340	54.4902	0.2312
3912.720	54.4299	0.2524
3915.100	54.3885	0.2326
3917.480	54.5928	0.2130
3919.860	54.6033	0.2103
3922.240	54.3568	0.2128
3924.620	54.4944	0.2006
3927.000	54.6855	0.2437
3929.380	54.6796	0.2387
3931.760	54.8918	0.4567
3934.140	55.1603	0.4896
3936.520	54.2297	0.3235
3938.900	53.4266	0.2572
3941.280	52.9122	0.2185
3943.660	52.4798	0.2679
3946.040	52.1879	0.1718
3948.420	51.5970	0.2168
3950.800	51.1897	0.2239
3953.180	50.9067	0.2465
3955.560	50.2720	0.2166
3957.940	49.6091	0.2301
3960.320	49.1131	0.2377
3962.700	48.7071	0.1893
3965.080	48.1855	0.2875
3967.460	48.1693	0.3997
3969.840	48.1985	0.4322
3972.220	47.5725	0.2118
3974.600	47.4298	0.2232
3976.980	47.6982	0.2349
3979.360	47.8744	0.2815
3981.740	48.4114	0.2856
3984.120	49.0976	0.1897
3986.500	49.5007	0.1724
3988.880	49.7366	0.1900
3991.260	50.1188	0.1836
3993.640	50.5326	0.1642
3996.020	50.7851	0.1727
3998.400	51.0793	0.1685
4000.780	51.1212	0.1858
4003.160	51.1708	0.1957
4005.540	51.2648	0.1690
4007.920	51.5098	0.1386
4010.300	51.7301	0.1582
4012.680	51.7532	0.1493
4015.060	51.6702	0.1433
4017.440	51.6404	0.1270
4019.820	51.7372	0.1540
4022.200	51.8080	0.2093
4024.580	51.7871	0.2497
4026.960	51.4097	0.1711
4029.340	51.1826	0.1373
4031.720	51.0583	0.1079
4034.100	51.0631	0.1052
4036.480	50.8917	0.1257
4038.860	50.7796	0.1476
4041.240	50.8119	0.1381
4043.620	50.8980	0.1691
4046.000	50.5304	0.1298
4048.380	50.3317	0.1344
4050.760	50.1065	0.1575
4053.140	49.9228	0.1458
4055.520	49.7327	0.1292
4057.900	49.3637	0.1371
4060.280	49.0302	0.1366
4062.660	48.8130	0.1264
4065.040	48.4172	0.1333
4067.420	48.0883	0.1439
4069.800	47.7923	0.1502
4072.180	47.4498	0.1498
4074.560	47.0209	0.1530
4076.940	46.5313	0.1586
4079.320	45.9026	0.1453
4081.700	45.3373	0.1356
4084.080	44.7380	0.1305
4086.460	44.0092	0.1502
4088.840	43.1490	0.1608
4091.220	42.2544	0.1518
4093.600	41.4193	0.1523
4095.980	40.6507	0.1818
4098.360	39.8969	0.2297
4100.740	39.5012	0.2423
4103.120	39.4786	0.1736
4105.500	39.5359	0.1395
4107.880	39.9099	0.1145
4110.260	40.6530	0.1195
4112.640	41.4267	0.1121
4115.020	41.9945	0.1177
4117.400	42.6837	0.1195
4119.780	43.3235	0.1291
4122.160	43.7211	0.1180
4124.540	44.1390	0.1452
4126.920	44.5275	0.1404
4129.300	44.7954	0.1248
4131.680	45.2410	0.1439
4134.060	45.5299	0.1540
4136.440	45.5575	0.1559
4138.820	45.6833	0.1491
4141.200	45.8246	0.1711
4143.580	46.1307	0.1621
4145.960	46.0140	0.1278
4148.340	45.9881	0.1392
4150.720	46.1413	0.1484
4153.100	46.3348	0.1433
4155.480	46.4080	0.1541
4157.860	46.3048	0.1460
4160.240	46.2472	0.1501
4162.620	46.1913	0.1632
4165.000	46.2062	0.1445
4167.380	46.1660	0.1491
4169.760	46.1959	0.1099
4172.140	46.1805	0.1371
4174.520	46.1182	0.1524
4176.900	45.9095	0.1198
4179.280	45.7683	0.1273
4181.660	45.7834	0.1116
4184.040	45.7234	0.1150
4186.420	45.6255	0.1303
4188.800	45.6827	0.1590
4191.180	45.5585	0.1834
4193.560	45.5936	0.1496
4195.940	45.4800	0.1589
4198.320	45.4981	0.1847
4200.700	45.2855	0.1653
4203.080	45.0550	0.1292
4205.460	44.8683	0.1396
4207.840	44.8106	0.1197
4210.220	44.7271	0.1321
4212.600	44.6824	0.1362
4214.980	44.7751	0.1396
4217.360	44.5925	0.1167
4219.740	44.2283	0.1247
4222.120	44.2306	0.1023
4224.500	44.4355	0.1881
4226.880	44.2754	0.1183
4229.260	44.1475	0.1151
4231.640	43.8075	0.1773
4234.020	43.8642	0.1306
4236.400	43.9165	0.1149
4238.780	43.7871	0.1115
4241.160	43.6994	0.1225
4243.540	43.4794	0.1215
4245.920	43.3824	0.1151
4248.300	43.3243	0.1261
4250.680	43.2176	0.1318
4253.060	42.9733	0.1268
4255.440	42.8097	0.1301
4257.820	42.8667	0.1213
4260.200	42.6809	0.1173
4262.580	42.5498	0.1231
4264.960	42.3185	0.1382
4267.340	42.1905	0.1314
4269.720	42.1154	0.1345
4272.100	42.1410	0.1547
4274.480	41.8348	0.1187
4276.860	41.5459	0.1190
4279.240	41.4031	0.1216
4281.620	41.2686	0.1163
4284.000	41.1055	0.1252
4286.380	41.0233	0.1269
4288.760	40.7852	0.1418
4291.140	40.4379	0.1183
4293.520	40.2058	0.1339
4295.900	40.0266	0.1415
4298.280	39.8315	0.1384
4300.660	39.6564	0.1289
4303.040	39.4559	0.1233
4305.420	39.0631	0.1068
4307.800	38.9230	0.1526
4310.180	38.5355	0.1779
4312.560	37.8620	0.1280
4314.940	37.3514	0.1492
4317.320	36.6240	0.2094
4319.700	36.2144	0.1598
4322.080	35.8191	0.1250
4324.460	35.2791	0.1559
4326.840	34.4017	0.1172
4329.220	33.5673	0.1216
4331.600	32.7680	0.1432
4333.980	32.0653	0.1312
4336.360	31.4193	0.1499
4338.740	31.1046	0.2136
4341.120	30.8630	0.1833
4343.500	30.6848	0.1055
4345.880	31.1390	0.0959
4348.260	31.8757	0.0875
4350.640	32.6502	0.0903
4353.020	33.2448	0.0841
4355.400	33.8386	0.0791
4357.780	34.2590	0.0799
4360.160	34.6978	0.0941
4362.540	35.1734	0.1005
4364.920	35.5885	0.0984
4367.300	35.8559	0.1156
4369.680	36.1128	0.1252
4372.060	36.3442	0.1130
4374.440	36.6033	0.1132
4376.820	36.9355	0.1291
4379.200	37.1654	0.1367
4381.580	37.3132	0.1325
4383.960	37.3872	0.1381
4386.340	37.5663	0.1606
4388.720	37.4930	0.1305
4391.100	37.4399	0.0991
4393.480	37.4448	0.1105
4395.860	37.4481	0.1051
4398.240	37.4802	0.0962
4400.620	37.5496	0.0961
4403.000	37.5852	0.1278
4405.380	37.5536	0.0999
4407.760	37.5787	0.0970
4410.140	37.4951	0.1132
4412.520	37.4549	0.1097
4414.900	37.3936	0.0949
4417.280	37.2836	0.1157
4419.660	37.1926	0.1056
4422.040	37.1124	0.1115
4424.420	37.0856	0.1130
4426.800	37.0939	0.1030
4429.180	37.0644	0.1017
4431.560	37.0796	0.1110
4433.940	37.0880	0.1045
4436.320	36.9986	0.1102
4438.700	36.9606	0.0983
4441.080	36.7273	0.1194
4443.460	36.7319	0.0952
4445.840	36.6462	0.1041
4448.220	36.4185	0.1106
4450.600	36.4576	0.1076
4452.980	36.6072	0.1036
4455.360	36.6791	0.1033
4457.740	36.5414	0.1115
4460.120	36.3743	0.0946
4462.500	36.3520	0.0939
4464.880	36.4093	0.1230
4467.260	36.3911	0.1812
4469.640	36.2965	0.1779
4472.020	36.0239	0.1222
4474.400	35.8648	0.0808
4476.780	35.8744	0.0913
4479.160	35.8276	0.0887
4481.540	35.7476	0.0888
4483.920	35.6885	0.0878
4486.300	35.5650	0.0890
4488.680	35.4165	0.0901
4491.060	35.4076	0.0918
4493.440	35.4220	0.1202
4495.820	35.4123	0.1089
4498.200	35.4209	0.1101
4500.580	35.2918	0.1125
4502.960	35.1895	0.1116
4505.340	35.0486	0.1210
4507.720	34.9303	0.1138
4510.100	34.9153	0.1027
4512.480	34.8058	0.0998
4514.860	34.8203	0.0921
4517.240	34.8070	0.1035
4519.620	34.7687	0.0970
4522.000	34.5765	0.1122
4524.380	34.5295	0.0917
4526.760	34.5287	0.0999
4529.140	34.4617	0.1095
4531.520	34.3455	0.1291
4533.900	34.2944	0.1302
4536.280	34.3185	0.1408
4538.660	34.1487	0.1562
4541.040	34.0214	0.1241
4543.420	33.9792	0.1070
4545.800	33.9084	0.1092
4548.180	33.7789	0.0956
4550.560	33.7149	0.0899
4552.940	33.6259	0.0875
4555.320	33.6452	0.0811
4557.700	33.5838	0.0788
4560.080	33.5189	0.0861
4562.460	33.4343	0.0887
4564.840	33.3724	0.0807
4567.220	33.3937	0.0867
4569.600	33.2481	0.0836
4571.980	33.2335	0.0969
4574.360	33.2181	0.0957
4576.740	33.1446	0.0951
4579.120	33.0754	0.1028
4581.500	32.9404	0.0999
4583.880	32.8995	0.0935
4586.260	32.7992	0.0985
4588.640	32.7102	0.1107
4591.020	32.6817	0.0991
4593.400	32.5902	0.0832
4595.780	32.5045	0.0931
4598.160	32.4853	0.0818
4600.540	32.4828	0.0905
4602.920	32.3967	0.0975
4605.300	32.3333	0.1145
4607.680	32.2100	0.1089
4610.060	32.1095	0.1008
4612.440	32.1106	0.0903
4614.820	32.0310	0.0870
4617.200	31.9877	0.0881
4619.580	31.9072	0.0824
4621.960	31.8046	0.0870
4624.340	31.7258	0.0915
4626.720	31.7333	0.0898
4629.100	31.7120	0.0958
4631.480	31.5802	0.0986
4633.860	31.5969	0.0810
4636.240	31.5489	0.0748
4638.620	31.4460	0.0923
4641.000	31.3542	0.1088
4643.380	31.1158	0.0897
4645.760	31.0684	0.0805
4648.140	31.1757	0.0775
4650.520	31.0374	0.1019
4652.900	30.9673	0.0995
4655.280	31.0296	0.0888
4657.660	30.8638	0.0923
4660.040	30.7964	0.0869
4662.420	30.8359	0.0857
4664.800	30.8441	0.0998
4667.180	30.7617	0.0979
4669.560	30.6873	0.0967
4671.940	30.5557	0.0895
4674.320	30.4596	0.1076
4676.700	30.4595	0.1143
4679.080	30.4656	0.1255
4681.460	30.4939	0.1659
4683.840	30.5072	0.1714
4686.220	30.3647	0.1723
4688.600	30.1377	0.1399
4690.980	30.0012	0.0706
4693.360	29.9524	0.0704
4695.740	29.8659	0.0658
4698.120	29.8915	0.0619
4700.500	29.8394	0.0681
4702.880	29.8153	0.0894
4705.260	29.7694	0.0989
4707.640	29.7007	0.0787
4710.020	29.7566	0.0951
4712.400	29.6877	0.1072
4714.780	29.5393	0.0868
4717.160	29.4111	0.0783
4719.540	29.3737	0.0787
4721.920	29.2332	0.0861
4724.300	29.1419	0.0849
4726.680	29.1352	0.0918
4729.060	29.1821	0.0985
4731.440	29.0894	0.1044
4733.820	28.9877	0.0888
4736.200	28.9277	0.0900
4738.580	28.8659	0.0712
4740.960	28.8326	0.0843
4743.340	28.8068	0.0877
4745.720	28.7511	0.0985
4748.100	28.7112	0.0895
4750.480	28.6256	0.0900
4752.860	28.4729	0.0895
4755.240	28.3614	0.0971
4757.620	28.3096	0.0771
4760.000	28.2175	0.0845
4762.380	28.1789	0.0918
4764.760	28.1865	0.0868
4767.140	28.1109	0.0873
4769.520	27.9673	0.1027
4771.900	27.8775	0.0886
4774.280	27.8575	0.0795
4776.660	27.7721	0.0756
4779.040	27.6565	0.0735
4781.420	27.5665	0.0762
4783.800	27.5124	0.0780
4786.180	27.5061	0.0708
4788.560	27.4133	0.0722
4790.940	27.1977	0.0744
4793.320	27.1292	0.0706
4795.700	27.1032	0.0789
4798.080	26.9544	0.0784
4800.460	26.8721	0.0762
4802.840	26.8160	0.0809
4805.220	26.7148	0.0838
4807.600	26.5771	0.0851
4809.980	26.4386	0.0882
4812.360	26.3602	0.0704
4814.740	26.1823	0.0667
4817.120	25.9999	0.0756
4819.500	25.8084	0.0828
4821.880	25.7289	0.0877
4824.260	25.6571	0.0756
4826.640	25.5551	0.0767
4829.020	25.2528	0.0875
4831.400	24.9719	0.0880
4833.780	24.6894	0.0809
4836.160	24.3451	0.0837
4838.540	24.1149	0.0769
4840.920	23.8155	0.0749
4843.300	23.3999	0.0881
4845.680	22.9356	0.0950
4848.060	22.5405	0.0838
4850.440	22.1556	0.0826
4852.820	21.6546	0.0881
4855.200	21.0945	0.0938
4857.580	20.5730	0.1167
4859.960	20.2850	0.1218
4862.340	20.1420	0.1077
4864.720	20.1847	0.0499
4867.100	20.5280	0.0438
4869.480	21.0142	0.0449
4871.860	21.4505	0.0492
4874.240	21.8279	0.0543
4876.620	22.1406	0.0638
4879.000	22.5180	0.0666
4881.380	22.8136	0.0700
4883.760	22.9889	0.0784
4886.140	23.2965	0.0690
4888.520	23.5523	0.0788
4890.900	23.6756	0.0698
4893.280	23.7619	0.0710
4895.660	23.8501	0.0773
4898.040	23.9718	0.0857
4900.420	24.1270	0.0715
4902.800	24.2835	0.0736
4905.180	24.3577	0.0767
4907.560	24.3784	0.0761
4909.940	24.4110	0.0722
4912.320	24.4508	0.0717
4914.700	24.4927	0.0741
4917.080	24.5382	0.1049
4919.460	24.6340	0.1251
4921.840	24.6371	0.1082
4924.220	24.4925	0.0682
4926.600	24.4700	0.0700
4928.980	24.4495	0.0696
4931.360	24.4786	0.0600
4933.740	24.5501	0.0723
4936.120	24.5888	0.0929
4938.500	24.6421	0.0791
4940.880	24.4633	0.0814
4943.260	24.3821	0.0740
4945.640	24.4419	0.0623
4948.020	24.4679	0.0680
4950.400	24.4291	0.0824
4952.780	24.3647	0.0745
4955.160	24.4240	0.0752
4957.540	24.3543	0.0748
4959.920	24.2678	0.0676
4962.300	24.1875	0.0703
4964.680	24.1676	0.0700
4967.060	24.1505	0.0671
4969.440	24.1541	0.0692
4971.820	24.1852	0.0694
4974.200	24.1075	0.0728
4976.580	24.0947	0.0772
4978.960	24.0126	0.0869
4981.340	23.9885	0.0830
4983.720	23.9009	0.0756
4986.100	23.7756	0.0756
4988.480	23.7678	0.0755
4990.860	23.7930	0.0663
4993.240	23.7736	0.0703
4995.620	23.7232	0.0683
4998.000	23.6817	0.0707
5000.380	23.6841	0.0699
5002.760	23.6658	0.0755
5005.140	23.5755	0.0788
5007.520	23.4825	0.0749
5009.900	23.5102	0.0844
5012.280	23.4679	0.0814
5014.660	23.4182	0.0774
5017.040	23.3057	0.0651
5019.420	23.2695	0.0666
5021.800	23.2433	0.0716
5024.180	23.1413	0.0778
5026.560	23.1016	0.0704
5028.940	23.1397	0.0673
5031.320	23.0721	0.0753
5033.700	23.0775	0.0791
5036.080	23.0111	0.0833
5038.460	22.9236	0.0803
5040.840	22.8552	0.0781
5043.220	22.8669	0.0746
5045.600	22.8633	0.0786
5047.980	22.8185	0.0781
5050.360	22.7569	0.0650
5052.740	22.7454	0.0685
5055.120	22.7145	0.0731
5057.500	22.6402	0.0734
5059.880	22.5978	0.0735
5062.260	22.5569	0.0642
5064.640	22.5410	0.0635
5067.020	22.5277	0.0788
5069.400	22.4957	0.0726
5071.780	22.4245	0.0714
5074.160	22.4020	0.0759
5076.540	22.3939	0.0722
5078.920	22.3784	0.0724
5081.300	22.2661	0.0662
5083.680	22.2481	0.0678
5086.060	22.2245	0.0684
5088.440	22.1644	0.0722
5090.820	22.0829	0.0720
5093.200	22.0266	0.0713
5095.580	22.0217	0.0743
5097.960	21.9968	0.0810
5098.200	21.9495	0.0608
5100.340	21.9769	0.0773
5101.130	21.9685	0.0798
5102.720	21.8908	0.0728
5104.060	21.8941	0.0721
5105.100	21.8447	0.0661
5106.990	21.8493	0.0561
5107.480	21.8323	0.0597
5109.860	21.7906	0.0615
5109.920	21.8120	0.0592
5112.240	21.7671	0.0544
5112.850	21.8194	0.0573
5114.620	21.7052	0.0699
5115.780	21.7556	0.0709
5117.000	21.6677	0.0692
5118.710	21.6375	0.0717
5119.380	21.6493	0.0693
5121.640	21.6384	0.0656
5121.760	21.6352	0.0758
5124.140	21.5813	0.0662
5124.570	21.5343	0.0853
5126.520	21.5208	0.0637
5127.500	21.5266	0.0513
5128.900	21.5154	0.0542
5130.430	21.4844	0.0538
5131.280	21.4883	0.0727
5133.360	21.4609	0.0634
5133.660	21.4593	0.0696
5136.040	21.3743	0.0685
5136.290	21.3012	0.0639
5138.420	21.3013	0.0684
5139.220	21.1812	0.0664
5140.800	21.2848	0.0743
5142.150	21.2361	0.0652
5143.180	21.3018	0.0746
5145.080	21.2728	0.0660
5145.560	21.2573	0.0759
5147.940	21.2109	0.0776
5148.010	21.1994	0.0692
5150.320	21.1816	0.0641
5150.940	21.1408	0.0468
5153.870	21.1306	0.0607
5156.800	21.0785	0.0550
5159.730	21.0002	0.0609
5162.660	20.9328	0.0666
5165.590	20.7122	0.1178
5168.520	20.7818	0.0884
5171.450	20.8844	0.0576
5174.380	21.0051	0.0702
5177.310	20.9638	0.0851
5180.240	20.7009	0.0659
5183.170	20.6368	0.0938
5186.100	20.7279	0.0725
5189.030	20.6580	0.0696
5191.960	20.5634	0.0643
5194.890	20.5617	0.0582
5197.820	20.5906	0.0579
5200.750	20.5137	0.0634
5203.680	20.4527	0.0553
5206.610	20.4484	0.0675
5209.540	20.4685	0.0587
5212.470	20.4024	0.0743
5215.400	20.1983	0.0589
5218.330	20.1869	0.0548
5221.260	20.2083	0.0541
5224.190	20.0642	0.0542
5227.120	20.0875	0.0663
5230.050	20.0965	0.0567
5232.980	19.9717	0.0553
5235.910	19.9144	0.0597
5238.840	19.9793	0.0679
5241.770	19.8965	0.0604
5244.700	19.8310	0.0499
5247.630	19.7818	0.0508
5250.560	19.7127	0.0570
5253.490	19.6884	0.0547
5256.420	19.7228	0.0499
5259.350	19.6796	0.0459
5262.280	19.5046	0.0638
5265.210	19.5081	0.0592
5268.140	19.4914	0.0480
5271.070	19.5225	0.0601
5274.000	19.4960	0.0611
5276.930	19.3960	0.0573
5279.860	19.2690	0.0411
5282.790	19.2180	0.0442
5285.720	19.2655	0.0523
5288.650	19.2343	0.0484
5291.580	19.1397	0.0489
5294.510	19.0634	0.0503
5297.440	19.1032	0.0503
5300.370	19.0785	0.0488
5303.300	19.0173	0.0537
5306.230	19.0081	0.0461
5309.160	18.9378	0.0474
5312.090	18.8249	0.0430
5315.020	18.7807	0.0484
5317.950	18.8120	0.0560
5320.880	18.7743	0.0545
5323.810	18.7125	0.0571
5326.740	18.6021	0.0626
5329.670	18.6463	0.0584
5332.600	18.6627	0.0561
5335.530	18.5858	0.0478
5338.460	18.5171	0.0537
5341.390	18.4630	0.0519
5344.320	18.4964	0.0509
5347.250	18.4427	0.0487
5350.180	18.4219	0.0473
5353.110	18.3221	0.0575
5356.040	18.3130	0.0517
5358.970	18.2639	0.0445
5361.900	18.2261	0.0552
5364.830	18.2265	0.0525
5367.760	18.1762	0.0432
5370.690	18.0633	0.0482
5373.620	18.1225	0.0541
5376.550	18.1106	0.0581
5379.480	17.9955	0.0419
5382.410	17.9390	0.0485
5385.340	17.9268	0.0430
5388.270	17.8774	0.0409
5391.200	17.8218	0.0476
5394.130	17.7759	0.0444
5397.060	17.7295	0.0441
5399.990	17.6755	0.0464
5402.920	17.6300	0.0530
5405.850	17.6041	0.0554
5408.780	17.5920	0.0527
5411.710	17.5876	0.0511
5414.640	17.5962	0.0520
5417.570	17.5821	0.0417
5420.500	17.5302	0.0434
5423.430	17.4891	0.0407
5426.360	17.4479	0.0485
5429.290	17.3961	0.0407
5432.220	17.3853	0.0394
5435.150	17.3715	0.0450
5438.080	17.2565	0.0457
5441.010	17.2417	0.0467
5443.940	17.1889	0.0504
5446.870	17.1450	0.0394
5449.800	17.0886	0.0409
5452.730	17.0297	0.0346
5455.660	16.9932	0.0301
5458.590	16.9822	0.0324
5461.520	16.9249	0.0317
5464.450	16.8717	0.0308
5467.380	16.8543	0.0350
5470.310	16.8580	0.0383
5473.240	16.8503	0.0389
5476.170	16.8128	0.0418
5479.100	16.7578	0.0406
5482.030	16.7031	0.0384
5484.960	16.6641	0.0344
5487.890	16.6230	0.0304
5490.820	16.6252	0.0370
5493.750	16.6205	0.0377
5496.680	16.6189	0.0376
5499.610	16.5861	0.0336
5502.540	16.5263	0.0337
5505.470	16.4507	0.0364
5508.400	16.3846	0.0433
5511.330	16.3629	0.0462
5514.260	16.3317	0.0398
5517.190	16.3210	0.0376
5520.120	16.3148	0.0383
5523.050	16.2875	0.0396
5525.980	16.2792	0.0345
5528.910	16.2181	0.0389
5531.840	16.1314	0.0465
5534.770	16.0986	0.0461
5537.700	16.0761	0.0454
5540.630	16.0561	0.0398
5543.560	16.0220	0.0340
5546.490	15.9968	0.0366
5549.420	15.9749	0.0379
5552.350	15.9332	0.0376
5555.280	15.8859	0.0396
5558.210	15.8525	0.0410
5561.140	15.8463	0.0433
5564.070	15.7948	0.0427
5567.000	15.8108	0.0352
5569.930	15.7763	0.0348
5572.860	15.7328	0.0395
5575.790	15.6893	0.0492
5578.720	15.6642	0.0451
5581.650	15.6178	0.0415
5584.580	15.6049	0.0450
5587.510	15.5781	0.0459
5590.440	15.5563	0.0429
5593.370	15.5168	0.0397
5596.300	15.4697	0.0398
5599.230	15.4425	0.0380
5602.160	15.4173	0.0355
5605.090	15.3611	0.0396
5608.020	15.3013	0.0442
5610.950	15.2895	0.0406
5613.880	15.2755	0.0362
5616.810	15.2666	0.0401
5619.740	15.2709	0.0361
5622.670	15.2313	0.0343
5625.600	15.2079	0.0381
5628.530	15.1251	0.0436
5631.460	15.0979	0.0406
5634.390	15.0934	0.0395
5637.320	15.0353	0.0417
5640.250	14.9639	0.0485
5643.180	14.9162	0.0394
5646.110	14.9025	0.0382
5649.040	14.9056	0.0408
5651.970	14.8867	0.0352
5654.900	14.8714	0.0336
5657.830	14.8443	0.0401
5660.760	14.8283	0.0370
5663.690	14.8183	0.0348
5666.620	14.7783	0.0343
5669.550	14.7193	0.0361
5672.480	14.6733	0.0389
5675.410	14.6521	0.0437
5678.340	14.6073	0.0433
5681.270	14.5893	0.0457
5684.200	14.5684	0.0376
5687.130	14.5747	0.0379
5690.060	14.5541	0.0342
5692.990	14.5184	0.0373
5695.920	14.4699	0.0357
5698.850	14.4469	0.0360
5701.780	14.4215	0.0346
5704.710	14.3984	0.0376
5707.640	14.3825	0.0475
5710.570	14.3562	0.0433
5713.500	14.2769	0.0418
5716.430	14.2417	0.0410
5719.360	14.2233	0.0397
5722.290	14.2045	0.0350
5725.220	14.2088	0.0344
5728.150	14.1746	0.0322
5731.080	14.1524	0.0329
5734.010	14.1210	0.0290
5736.940	14.0845	0.0309
5739.870	14.0414	0.0284
5742.800	14.0112	0.0343
5745.730	13.9994	0.0326
5748.660	13.9832	0.0360
5751.590	13.9742	0.0341
5754.520	13.9260	0.0385
5757.450	13.8649	0.0392
5760.380	13.8551	0.0377
5763.310	13.8389	0.0339
5766.240	13.8031	0.0367
5769.170	13.7734	0.0350
5772.100	13.7606	0.0306
5775.030	13.7466	0.0298
5777.960	13.7308	0.0287
5780.890	13.7126	0.0315
5783.820	13.6701	0.0349
5786.750	13.6300	0.0348
5789.680	13.6106	0.0366
5792.610	13.5497	0.0334
5795.540	13.5161	0.0346
5798.470	13.5018	0.0344
5801.400	13.4866	0.0377
5804.330	13.4302	0.0385
5807.260	13.4217	0.0412
5810.190	13.3927	0.0377
5813.120	13.3825	0.0342
5816.050	13.3733	0.0330
5818.980	13.3640	0.0307
5821.910	13.3348	0.0313
5824.840	13.3009	0.0310
5827.770	13.2586	0.0344
5830.700	13.2153	0.0348
5833.630	13.2053	0.0307
5836.560	13.1788	0.0310
5839.490	13.1251	0.0347
5842.420	13.0966	0.0310
5845.350	13.0917	0.0318
5848.280	13.0668	0.0321
5851.210	13.0385	0.0357
5854.140	13.0265	0.0403
5857.070	13.0159	0.0404
5860.000	12.9632	0.0386
5862.930	12.9393	0.0366
5865.860	12.9283	0.0372
5868.790	12.9226	0.0427
5871.720	12.9812	0.0812
5874.650	13.0328	0.0905
5877.580	12.9395	0.0578
5880.510	12.8319	0.0286
5883.440	12.7952	0.0265
5886.370	12.7856	0.0430
5889.300	12.7822	0.0612
5892.230	12.7681	0.0548
5895.160	12.7361	0.0441
5898.090	12.6936	0.0337
5901.020	12.6127	0.0360
5903.950	12.6059	0.0362
5906.880	12.5823	0.0356
5909.810	12.5566	0.0343
5912.740	12.5466	0.0317
5915.670	12.5271	0.0299
5918.600	12.4950	0.0318
5921.530	12.4605	0.0375
5924.460	12.4566	0.0383
5927.390	12.4400	0.0380
5930.320	12.4197	0.0353
5933.250	12.3954	0.0322
5936.180	12.3637	0.0290
5939.110	12.3372	0.0269
5942.040	12.2992	0.0364
5944.970	12.2605	0.0380
5947.900	12.2520	0.0346
5950.830	12.2704	0.0336
5953.760	12.2489	0.0325
5956.690	12.2023	0.0335
5959.620	12.1774	0.0282
5962.550	12.1521	0.0284
5965.480	12.1263	0.0292
5968.410	12.1132	0.0327
5971.340	12.0712	0.0368
5974.270	12.0679	0.0368
5977.200	12.0565	0.0370
5980.130	12.0389	0.0338
5983.060	11.9948	0.0341
5985.990	11.9843	0.0353
5988.920	11.9534	0.0321
5991.850	11.9112	0.0335
5994.780	11.8897	0.0336
5997.710	11.8792	0.0355
6000.640	11.8370	0.0402
6003.570	11.8161	0.0402
6006.500	11.8130	0.0391
6009.430	11.7913	0.0381
6012.360	11.7625	0.0321
6015.290	11.7400	0.0300
6018.220	11.7301	0.0310
6021.150	11.7173	0.0297
6024.080	11.7035	0.0330
6027.010	11.6749	0.0285
6029.940	11.6240	0.0306
6032.870	11.5966	0.0303
6035.800	11.6055	0.0323
6038.730	11.5800	0.0252
6041.660	11.5570	0.0276
6044.590	11.5343	0.0311
6047.520	11.5076	0.0322
6050.450	11.5055	0.0335
6053.380	11.4710	0.0362
6056.310	11.4405	0.0352
6059.240	11.4086	0.0342
6062.170	11.3963	0.0332
6065.100	11.3915	0.0303
6068.030	11.3595	0.0282
6070.960	11.3333	0.0284
6073.890	11.3192	0.0267
6076.820	11.3024	0.0296
6079.750	11.2886	0.0286
6082.680	11.2488	0.0287
6085.610	11.2116	0.0336
6088.540	11.1862	0.0278
6091.470	11.1712	0.0314
6094.400	11.1429	0.0308
6097.330	11.1299	0.0287
6100.260	11.1451	0.0302
6103.190	11.1347	0.0287
6106.120	11.0995	0.0262
6109.050	11.0658	0.0289
6111.980	11.0217	0.0299
6114.910	11.0132	0.0295
6117.840	11.0017	0.0308
6120.770	10.9885	0.0287
6123.700	10.9617	0.0283
6126.630	10.9292	0.0301
6129.560	10.9326	0.0301
6132.490	10.9356	0.0271
6135.420	10.9391	0.0285
6138.350	10.8967	0.0314
6141.280	10.8716	0.0289
6144.210	10.8485	0.0271
6147.140	10.8128	0.0284
6150.070	10.7911	0.0263
6153.000	10.7729	0.0247
6155.930	10.7500	0.0262
6158.860	10.7370	0.0331
6161.790	10.7392	0.0385
6164.720	10.7155	0.0367
6167.650	10.7025	0.0340
6170.580	10.6890	0.0268
6173.510	10.6522	0.0273
6176.440	10.6147	0.0257
6179.370	10.5800	0.0257
6182.300	10.5640	0.0249
6185.230	10.5518	0.0243
6188.160	10.5453	0.0272
6191.090	10.5308	0.0314
6194.020	10.5107	0.0291
6196.950	10.4994	0.0293
6199.880	10.4893	0.0268
6202.810	10.4677	0.0247
6205.740	10.4370	0.0243
6208.670	10.4089	0.0257
6211.600	10.3942	0.0265
6214.530	10.3686	0.0281
6217.460	10.3429	0.0300
6220.390	10.3132	0.0264
6223.320	10.2958	0.0260
6226.250	10.2827	0.0275
6229.180	10.2779	0.0298
6232.110	10.2688	0.0273
6235.040	10.2237	0.0253
6237.970	10.2047	0.0308
6240.900	10.2005	0.0295
6243.830	10.1982	0.0279
6246.760	10.1648	0.0271
6249.690	10.1486	0.0276
6252.620	10.1478	0.0261
6255.550	10.1369	0.0260
6258.480	10.1274	0.0238
6261.410	10.0814	0.0257
6264.340	10.0502	0.0300
6267.270	10.0335	0.0272
6270.200	10.0161	0.0298
6273.130	10.0001	0.0269
6276.060	9.9911	0.0250
6278.990	9.9923	0.0261
6281.920	9.9942	0.0285
6284.850	9.9908	0.0326
6287.780	9.9739	0.0279
6290.710	9.9460	0.0247
6293.640	9.9296	0.0240
6296.570	9.9392	0.0249
6299.500	9.9279	0.0254
6302.430	9.8723	0.0251
6305.360	9.8525	0.0278
6308.290	9.8476	0.0313
6311.220	9.8212	0.0296
6314.150	9.7963	0.0347
6317.080	9.7386	0.0301
6320.010	9.6988	0.0265
6322.940	9.6442	0.0285
6325.870	9.5882	0.0296
6328.800	9.5812	0.0290
6331.730	9.5660	0.0217
6334.660	9.5495	0.0227
6337.590	9.5566	0.0223
6340.520	9.5726	0.0216
6343.450	9.5607	0.0212
6346.380	9.5512	0.0177
6349.310	9.5458	0.0203
6352.240	9.5352	0.0209
6355.170	9.5319	0.0230
6358.100	9.5325	0.0229
6361.030	9.5132	0.0212
6363.960	9.4663	0.0228
6366.890	9.4280	0.0240
6369.820	9.4007	0.0268
6372.750	9.3942	0.0268
6375.680	9.3865	0.0263
6378.610	9.3812	0.0259
6381.540	9.3626	0.0234
6384.470	9.3574	0.0223
6387.400	9.3480	0.0279
6390.330	9.3152	0.0230
6393.260	9.3170	0.0226
6396.190	9.2888	0.0244
6399.120	9.2566	0.0221
6402.050	9.2304	0.0233
6404.980	9.2107	0.0240
6407.910	9.1848	0.0277
6410.840	9.1685	0.0268
6413.770	9.1487	0.0246
6416.700	9.1493	0.0235
6419.630	9.1369	0.0224
6422.560	9.1305	0.0190
6425.490	9.1142	0.0230
6428.420	9.0895	0.0238
6431.350	9.0598	0.0223
6434.280	9.0418	0.0237
6437.210	9.0264	0.0277
6440.140	8.9975	0.0304
6443.070	8.9714	0.0263
6446.000	8.9595	0.0255
6448.930	8.9500	0.0254
6451.860	8.9510	0.0264
6454.790	8.9218	0.0240
6457.720	8.8940	0.0271
6460.650	8.8850	0.0259
6463.580	8.8751	0.0228
6466.510	8.8576	0.0223
6469.440	8.8351	0.0227
6472.370	8.7898	0.0229
6475.300	8.7538	0.0224
6478.230	8.7341	0.0216
6481.160	8.7304	0.0228
6484.090	8.7191	0.0229
6487.020	8.7045	0.0234
6489.950	8.6840	0.0229
6492.880	8.6768	0.0269
6495.810	8.6699	0.0299
6498.740	8.6267	0.0258
6501.670	8.5641	0.0247
6504.600	8.5198	0.0271
6507.530	8.4883	0.0257
6510.460	8.4664	0.0259
6513.390	8.4379	0.0243
6516.320	8.3963	0.0262
6519.250	8.3268	0.0266
6522.180	8.2792	0.0272
6525.110	8.2496	0.0244
6528.040	8.2024	0.0238
6530.970	8.1287	0.0230
6533.900	8.0645	0.0209
6536.830	7.9941	0.0218
6539.760	7.9081	0.0226
6542.690	7.8060	0.0270
6545.620	7.6862	0.0274
6548.550	7.5518	0.0293
6551.480	7.4246	0.0356
6554.410	7.3288	0.0382
6557.340	7.2370	0.0369
6560.270	7.1848	0.0464
6563.200	7.1114	0.0506
6566.130	7.0811	0.0333
6569.060	7.1052	0.0332
6571.990	7.1726	0.0179
6574.920	7.2639	0.0164
6577.850	7.3713	0.0168
6580.780	7.4775	0.0171
6583.710	7.5764	0.0163
6586.640	7.6669	0.0188
6589.570	7.7315	0.0245
6592.500	7.7890	0.0268
6595.430	7.8378	0.0212
6598.360	7.8711	0.0209
6601.290	7.9000	0.0213
6604.220	7.9292	0.0197
6607.150	7.9514	0.0206
6610.080	7.9533	0.0214
6613.010	7.9527	0.0215
6615.940	7.9703	0.0224
6618.870	7.9791	0.0198
6621.800	7.9834	0.0194
6624.730	7.9860	0.0217
6627.660	7.9831	0.0207
6630.590	7.9804	0.0230
6633.520	7.9763	0.0238
6636.450	7.9662	0.0229
6639.380	7.9597	0.0230
6642.310	7.9497	0.0237
6645.240	7.9340	0.0250
6648.170	7.9272	0.0215
6651.100	7.9259	0.0204
6654.030	7.9238	0.0224
6656.960	7.9144	0.0195
6659.890	7.9061	0.0219
6662.820	7.8916	0.0233
6665.750	7.8735	0.0267
6668.680	7.8677	0.0206
6671.610	7.8871	0.0223
6674.540	7.9258	0.0397
6677.470	7.9278	0.0466
6680.400	7.8823	0.0324
6683.330	7.8309	0.0233
6686.260	7.8119	0.0215
6689.190	7.7935	0.0183
6692.120	7.7846	0.0178
6695.050	7.7816	0.0216
6697.980	7.7701	0.0240
6700.910	7.7569	0.0223
6703.840	7.7371	0.0220
6706.770	7.7247	0.0207
6709.700	7.7087	0.0232
6712.630	7.7142	0.0210
6715.560	7.7043	0.0207
6718.490	7.6804	0.0222
6721.420	7.6626	0.0260
6724.350	7.6540	0.0241
6727.280	7.6300	0.0234
6730.210	7.6112	0.0245
6733.140	7.6013	0.0224
6736.070	7.6061	0.0217
6739.000	7.6072	0.0193
6741.930	7.5992	0.0193
6744.860	7.5905	0.0217
6747.790	7.5739	0.0225
6750.720	7.5628	0.0219
6753.650	7.5410	0.0233
6756.580	7.5282	0.0190
6759.510	7.5092	0.0178
6762.440	7.4962	0.0182
6765.370	7.4895	0.0206
6768.300	7.4826	0.0193
6771.230	7.4732	0.0196
6774.160	7.4484	0.0219
6777.090	7.4289	0.0204
6780.020	7.4291	0.0196
6782.950	7.4190	0.0179
6785.880	7.4082	0.0167
6788.810	7.3826	0.0189
6791.740	7.3656	0.0200
6794.670	7.3714	0.0185
6797.600	7.3584	0.0183
6800.530	7.3418	0.0186
6803.460	7.3302	0.0165
6806.390	7.3208	0.0188
6809.320	7.3178	0.0184
6812.250	7.3165	0.0155
6815.180	7.2936	0.0162
6818.110	7.2767	0.0167
6821.040	7.2608	0.0173
6823.970	7.2416	0.0203
6826.900	7.2323	0.0213
6829.830	7.2214	0.0212
6832.760	7.2209	0.0204
6835.690	7.2173	0.0197
6838.620	7.2100	0.0200
6841.550	7.1956	0.0170
6844.480	7.1760	0.0181
6847.410	7.1560	0.0191
6850.340	7.1414	0.0200
6853.270	7.1269	0.0214
6856.200	7.1032	0.0212
6859.130	7.0908	0.0224
6862.060	7.0900	0.0200
6864.990	7.0907	0.0201
6867.920	7.0885	0.0209
6870.850	7.0659	0.0189
6873.780	7.0456	0.0167
6876.710	7.0355	0.0163
6879.640	7.0204	0.0183
6882.570	7.0104	0.0214
6885.500	7.0053	0.0252
6888.430	7.0053	0.0223
6891.360	6.9918	0.0200
6894.290	6.9775	0.0180
6897.220	6.9733	0.0168
6900.150	6.9683	0.0154
6903.080	6.9539	0.0166
6906.010	6.9391	0.0166
6908.940	6.9221	0.0182
6911.870	6.9100	0.0190
6914.800	6.9024	0.0175
6917.730	6.8812	0.0172
6920.660	6.8684	0.0176
6923.590	6.8606	0.0167
6926.520	6.8552	0.0160
6929.450	6.8395	0.0159
6932.380	6.8239	0.0158
6935.310	6.8183	0.0145
6938.240	6.8079	0.0160
6941.170	6.7977	0.0158
6944.100	6.7938	0.0160
6947.030	6.7862	0.0177
6949.960	6.7640	0.0182
6952.890	6.7430	0.0172
6955.820	6.7247	0.0164
6958.750	6.7078	0.0157
6961.680	6.7035	0.0163
6964.610	6.6941	0.0180
6967.540	6.6873	0.0177
6970.470	6.6825	0.0179
6973.400	6.6829	0.0170
6976.330	6.6889	0.0171
6979.260	6.6775	0.0182
6982.190	6.6528	0.0162
6985.120	6.6276	0.0167
6988.050	6.6136	0.0174
6990.980	6.6045	0.0192
6993.910	6.5864	0.0190
6996.840	6.5765	0.0179
6999.770	6.5733	0.0185
7002.700	6.5687	0.0190
7005.630	6.5561	0.0183
7008.560	6.5378	0.0181
7011.490	6.5268	0.0170
7014.420	6.5248	0.0148
7017.350	6.5124	0.0155
7020.280	6.5029	0.0162
7023.210	6.4962	0.0172
7026.140	6.4899	0.0170
7029.070	6.4802	0.0161
7032.000	6.4756	0.0140
7034.930	6.4646	0.0135
7037.860	6.4459	0.0129
7040.790	6.4273	0.0136
7043.720	6.4154	0.0158
7046.650	6.4091	0.0156
7049.580	6.3986	0.0142
7052.510	6.3981	0.0145
7055.440	6.3889	0.0161
7058.370	6.3911	0.0191
7061.300	6.3902	0.0238
7064.230	6.3910	0.0312
7067.160	6.3630	0.0243
7070.090	6.3293	0.0151
7073.020	6.3106	0.0152
7075.950	6.3097	0.0160
7078.880	6.2997	0.0149
7081.810	6.2823	0.0142
7084.740	6.2648	0.0150
7087.670	6.2669	0.0145
7090.600	6.2530	0.0137
7093.530	6.2389	0.0144
7096.460	6.2204	0.0136
7099.390	6.2186	0.0140
7102.320	6.2249	0.0156
7105.250	6.2195	0.0176
7108.180	6.1959	0.0173
7111.110	6.1787	0.0168
7114.040	6.1733	0.0148
7116.970	6.1670	0.0158
7119.900	6.1621	0.0173
7122.830	6.1586	0.0176
7125.760	6.1501	0.0160
7128.690	6.1366	0.0145
7131.620	6.1277	0.0143
7134.550	6.1151	0.0147
7137.480	6.1091	0.0138
7140.410	6.1086	0.0142
7143.340	6.1091	0.0174
7146.270	6.1000	0.0159
7149.200	6.0811	0.0166
7152.130	6.0594	0.0169
7155.060	6.0432	0.0159
7157.990	6.0340	0.0157
7160.920	6.0248	0.0156
7163.850	6.0148	0.0180
7166.780	6.0072	0.0177
7169.710	6.0001	0.0206
7172.640	5.9935	0.0209
7175.570	5.9871	0.0195
7178.500	5.9727	0.0182
7181.430	5.9625	0.0165
7184.360	5.9565	0.0157
7187.290	5.9514	0.0144
7190.220	5.9331	0.0140
7193.150	5.9146	0.0133
7196.080	5.9137	0.0137
7199.010	5.9070	0.0164
7201.940	5.8920	0.0155
7204.870	5.8856	0.0147
7207.800	5.8815	0.0138
7210.730	5.8732	0.0134
7213.660	5.8590	0.0138
7216.590	5.8573	0.0139
7219.520	5.8654	0.0160
7222.450	5.8582	0.0227
7225.380	5.8459	0.0209
7228.310	5.8268	0.0164
7231.240	5.8066	0.0151
7234.170	5.8049	0.0144
7237.100	5.8036	0.0140
7240.030	5.7934	0.0146
7242.960	5.7868	0.0161
7245.890	5.7753	0.0176
7248.820	5.7681	0.0163
7251.750	5.7596	0.0162
7254.680	5.7436	0.0152
7257.610	5.7290	0.0137
7260.540	5.7190	0.0125
7263.470	5.7050	0.0141
7266.400	5.6877	0.0141
7269.330	5.6734	0.0165
7272.260	5.6716	0.0166
7275.190	5.6619	0.0159
7278.120	5.6689	0.0180
7281.050	5.6706	0.0192
7283.980	5.6562	0.0160
7286.910	5.6396	0.0167
7289.840	5.6173	0.0176
7292.770	5.5999	0.0159
7295.700	5.5928	0.0157
7298.630	5.5879	0.0159
7301.560	5.5869	0.0153
7304.490	5.5852	0.0151
7307.420	5.5715	0.0147
7310.350	5.5663	0.0141
7313.280	5.5621	0.0147
7316.210	5.5472	0.0147
7319.140	5.5408	0.0131
7322.070	5.5424	0.0133
7325.000	5.5345	0.0143
7327.930	5.5276	0.0146
7330.860	5.5181	0.0143
7333.790	5.4954	0.0167
7336.720	5.4831	0.0183
7339.650	5.4823	0.0161
7342.580	5.4787	0.0141
7345.510	5.4733	0.0131
7348.440	5.4663	0.0129
7351.370	5.4596	0.0163
7354.300	5.4448	0.0171
7357.230	5.4378	0.0145
7360.160	5.4228	0.0144
7363.090	5.4087	0.0145
7366.020	5.4017	0.0144
7368.950	5.4062	0.0132
7371.880	5.4075	0.0133
7374.810	5.4016	0.0126
7377.740	5.3873	0.0139
7380.670	5.3754	0.0133
7383.600	5.3690	0.0150
7386.530	5.3609	0.0146
7389.460	5.3616	0.0138
7392.390	5.3467	0.0130
7395.320	5.3333	0.0129
7398.250	5.3139	0.0126
7401.180	5.2995	0.0124
7404.110	5.2928	0.0129
7407.040	5.2914	0.0137
7409.970	5.2828	0.0152
7412.900	5.2734	0.0166
7415.830	5.2719	0.0151
7418.760	5.2711	0.0131
7421.690	5.2686	0.0144
7424.620	5.2612	0.0145
7427.550	5.2499	0.0129
7430.480	5.2420	0.0131
7433.410	5.2335	0.0130
7436.340	5.2175	0.0129
7439.270	5.2042	0.0141
7442.200	5.2036	0.0124
7445.130	5.2087	0.0139
7448.060	5.1980	0.0143
7450.990	5.1719	0.0149
7453.920	5.1516	0.0161
7456.850	5.1472	0.0145
7459.780	5.1433	0.0151
7462.710	5.1414	0.0151
7465.640	5.1337	0.0161
7468.570	5.1237	0.0149
7471.500	5.1186	0.0151
7474.430	5.1141	0.0170
7477.360	5.1020	0.0159
7480.290	5.0894	0.0156
7483.220	5.0906	0.0145
7486.150	5.0786	0.0141
7489.080	5.0703	0.0139
7492.010	5.0618	0.0151
7494.940	5.0487	0.0154
7497.870	5.0265	0.0160
7500.800	5.0239	0.0152
7503.730	5.0316	0.0144
7506.660	5.0252	0.0138
7509.590	5.0246	0.0138
7512.520	5.0223	0.0142
7515.450	5.0108	0.0119
7518.380	5.0055	0.0135
7521.310	5.0027	0.0145
7524.240	4.9972	0.0154
7527.170	4.9837	0.0145
7530.100	4.9671	0.0144
7533.030	4.9617	0.0144
7535.960	4.9516	0.0123
7538.890	4.9421	0.0134
7541.820	4.9328	0.0144
7544.750	4.9264	0.0138
7547.680	4.9169	0.0113
7550.610	4.9137	0.0121
7553.540	4.9154	0.0114
7556.470	4.9123	0.0118
7559.400	4.8982	0.0131
7562.330	4.8864	0.0145
7565.260	4.8709	0.0167
7568.190	4.8702	0.0174
7571.120	4.8724	0.0143
7574.050	4.8649	0.0123
7576.980	4.8481	0.0118
7579.910	4.8356	0.0135
7582.840	4.8394	0.0149
7585.770	4.8404	0.0178
7588.700	4.8346	0.0186
7591.630	4.8361	0.0204
7594.560	4.8505	0.0216
7597.490	4.8524	0.0215
7600.420	4.8307	0.0192
7603.350	4.8173	0.0175
7606.280	4.7780	0.0137
7609.210	4.7346	0.0136
7612.140	4.7292	0.0113
7615.070	4.7370	0.0123
7618.000	4.7415	0.0122
7620.930	4.7640	0.0140
7623.860	4.7707	0.0181
7626.790	4.7424	0.0161
7629.720	4.7141	0.0155
7632.650	4.7005	0.0128
7635.580	4.6899	0.0106
7638.510	4.6873	0.0120
7641.440	4.6827	0.0154
7644.370	4.6845	0.0132
7647.300	4.6839	0.0121
7650.230	4.6654	0.0138
7653.160	4.6591	0.0129
7656.090	4.6603	0.0149
7659.020	4.6591	0.0164
7661.950	4.6658	0.0159
7664.880	4.6602	0.0142
7667.810	4.6427	0.0107
7670.740	4.6293	0.0110
7673.670	4.6267	0.0125
7676.600	4.6191	0.0133
7679.530	4.6029	0.0141
7682.460	4.5915	0.0131
7685.390	4.5841	0.0150
7688.320	4.5707	0.0146
7691.250	4.5736	0.0143
7694.180	4.5698	0.0125
7697.110	4.5689	0.0119
7700.040	4.5668	0.0123
7702.970	4.5552	0.0119
7705.900	4.5385	0.0118
7708.830	4.5378	0.0122
7711.760	4.5387	0.0131
7714.690	4.5382	0.0130
7717.620	4.5316	0.0114
7720.550	4.5229	0.0139
7723.480	4.5202	0.0147
7726.410	4.5242	0.0132
7729.340	4.5156	0.0141
7732.270	4.4973	0.0144
7735.200	4.4793	0.0120
7738.130	4.4784	0.0125
7741.060	4.4748	0.0109
7743.990	4.4635	0.0127
7746.920	4.4607	0.0113
7749.850	4.4684	0.0105
7752.780	4.4567	0.0110
7755.710	4.4473	0.0122
7758.640	4.4399	0.0108
7761.570	4.4279	0.0121
7764.500	4.4157	0.0116
7767.430	4.4104	0.0104
7770.360	4.4039	0.0130
7773.290	4.4046	0.0139
7776.220	4.3997	0.0126
7779.150	4.3834	0.0130
7782.080	4.3747	0.0111
7785.010	4.3701	0.0119
7787.940	4.3615	0.0116
7790.870	4.3581	0.0104
7793.800	4.3474	0.0104
7796.730	4.3481	0.0107
7799.660	4.3478	0.0112
7802.590	4.3392	0.0129
7805.520	4.3239	0.0148
7808.450	4.3212	0.0130
7811.380	4.3175	0.0122
7814.310	4.3044	0.0111
7817.240	4.3073	0.0116
7820.170	4.3099	0.0117
7823.100	4.3073	0.0112
7826.030	4.2936	0.0117
7828.960	4.2889	0.0128
7831.890	4.2833	0.0142
7834.820	4.2733	0.0126
7837.750	4.2593	0.0122
7840.680	4.2489	0.0114
7843.610	4.2353	0.0108
7846.540	4.2221	0.0125
7849.470	4.2246	0.0139
7852.400	4.2354	0.0131
7855.330	4.2366	0.0141
7858.260	4.2207	0.0121
7861.190	4.2118	0.0116
7864.120	4.2160	0.0120
7867.050	4.2127	0.0126
7869.980	4.1964	0.0140
7872.910	4.1772	0.0126
7875.840	4.1734	0.0126
7878.770	4.1739	0.0118
7881.700	4.1615	0.0116
7884.630	4.1531	0.0128
7887.560	4.1498	0.0124
7890.490	4.1556	0.0106
7893.420	4.1637	0.0105
7896.350	4.1666	0.0115
7899.280	4.1623	0.0134
7902.210	4.1463	0.0130
7905.140	4.1330	0.0134
7908.070	4.1249	0.0135
7911.000	4.1156	0.0144
7913.930	4.1121	0.0138
7916.860	4.0931	0.0130
7919.790	4.0853	0.0114
7922.720	4.0807	0.0138
7925.650	4.0693	0.0121
7928.580	4.0738	0.0113
7931.510	4.0760	0.0120
7934.440	4.0629	0.0118
7937.370	4.0550	0.0113
7940.300	4.0585	0.0101
7943.230	4.0565	0.0098
7946.160	4.0590	0.0103
7949.090	4.0470	0.0104
7952.020	4.0324	0.0104
7954.950	4.0182	0.0108
7957.880	4.0081	0.0120
7960.810	4.0042	0.0131
7963.740	4.0076	0.0136
7966.670	4.0074	0.0126
7969.600	3.9886	0.0118
7972.530	3.9847	0.0130
7975.460	3.9863	0.0121
7978.390	3.9993	0.0126
7981.320	3.9875	0.0116
7984.250	3.9672	0.0115
7987.180	3.9517	0.0128
7990.110	3.9567	0.0133
7993.040	3.9641	0.0117
7995.970	3.9522	0.0116
7998.900	3.9304	0.0109
8001.830	3.9235	0.0103
8004.760	3.9225	0.0088
8007.690	3.9251	0.0079
8010.620	3.9254	0.0079
8013.550	3.9277	0.0089
8016.480	3.9258	0.0111
8019.410	3.9283	0.0120
8022.340	3.9267	0.0116
8025.270	3.9333	0.0108
8028.200	3.9241	0.0129
8031.130	3.8946	0.0113
8034.060	3.8701	0.0102
8036.990	3.8591	0.0104
8039.920	3.8561	0.0108
8042.850	3.8491	0.0103
8045.780	3.8507	0.0104
8048.710	3.8406	0.0113
8051.640	3.8315	0.0115
8054.570	3.8156	0.0138
8057.500	3.8151	0.0116
8060.430	3.8189	0.0101
8063.360	3.8285	0.0104
8066.290	3.8272	0.0090
8069.220	3.8164	0.0115
8072.150	3.8182	0.0110
8075.080	3.8113	0.0111
8078.010	3.8122	0.0123
8080.940	3.7929	0.0132
8083.870	3.7833	0.0115
8086.800	3.7697	0.0104
8089.730	3.7650	0.0104
8092.660	3.7702	0.0105
8095.590	3.7581	0.0104
8098.520	3.7480	0.0105
8101.450	3.7448	0.0112
8104.380	3.7373	0.0113
8107.310	3.7273	0.0119
8110.240	3.7281	0.0106
8113.170	3.7321	0.0117
8116.100	3.7326	0.0128
8119.030	3.7276	0.0119
8121.960	3.7265	0.0113
8124.890	3.7289	0.0100
8127.820	3.7273	0.0091
8130.750	3.7161	0.0100
8133.680	3.6987	0.0089
8136.610	3.6885	0.0101
8139.540	3.6774	0.0102
8142.470	3.6726	0.0109
8145.400	3.6711	0.0090
8148.330	3.6642	0.0087
8151.260	3.6672	0.0093
8154.190	3.6610	0.0097
8157.120	3.6594	0.0112
8160.050	3.6569	0.0111
8162.980	3.6510	0.0118
8165.910	3.6386	0.0125
8168.840	3.6239	0.0148
8171.770	3.6199	0.0141
8174.700	3.6218	0.0127
8177.630	3.6188	0.0121
8180.560	3.6034	0.0135
8183.490	3.5957	0.0144
8186.420	3.5971	0.0123
8189.350	3.5926	0.0118
8192.280	3.5918	0.0111
8195.210	3.5893	0.0117
8198.140	3.5767	0.0094
8201.070	3.5722	0.0090
8204.000	3.5645	0.0097
8206.930	3.5628	0.0106
8209.860	3.5626	0.0093
8212.790	3.5714	0.0089
8215.720	3.5644	0.0079
8218.650	3.5571	0.0096
8221.580	3.5503	0.0113
8224.510	3.5424	0.0127
8227.440	3.5323	0.0152
8230.370	3.5294	0.0186
8233.300	3.5307	0.0160
8236.230	3.5286	0.0131
8239.160	3.5249	0.0111
8242.090	3.5107	0.0079
8245.020	3.5065	0.0076
8247.950	3.5026	0.0091
8250.880	3.4906	0.0087
8253.810	3.4839	0.0095
8256.740	3.4790	0.0114
8259.670	3.4651	0.0100
8262.600	3.4638	0.0097
8265.530	3.4565	0.0095
8268.460	3.4534	0.0095
8271.390	3.4541	0.0087
8274.320	3.4551	0.0077
8277.250	3.4576	0.0072
8280.180	3.4557	0.0090
8283.110	3.4422	0.0083
8286.040	3.4438	0.0088
8288.970	3.4310	0.0097
8291.900	3.4089	0.0102
8294.830	3.4039	0.0100
8297.760	3.4053	0.0106
8300.690	3.4012	0.0089
8303.620	3.3954	0.0073
8306.550	3.3978	0.0089
8309.480	3.4040	0.0105
8312.410	3.3975	0.0103
8315.340	3.3947	0.0114
8318.270	3.3905	0.0110
8321.200	3.3906	0.0106
8324.130	3.3893	0.0099
8327.060	3.3843	0.0122
8329.990	3.3683	0.0123
8332.920	3.3621	0.0120
8335.850	3.3499	0.0117
8338.780	3.3347	0.0112
8341.710	3.3537	0.0117
8344.640	3.3537	0.0111
8347.570	3.3303	0.0089
8350.500	3.3167	0.0102
8353.430	3.3202	0.0110
8356.360	3.3152	0.0092
8359.290	3.3115	0.0093
8362.220	3.3090	0.0115
8365.150	3.3019	0.0117
8368.080	3.2905	0.0093
8371.010	3.2991	0.0080
8373.940	3.3097	0.0078
8376.870	3.3076	0.0104
8379.800	3.2962	0.0120
8382.730	3.2917	0.0124
8385.660	3.2980	0.0101
8388.590	3.2834	0.0087
8391.520	3.2731	0.0086
8394.450	3.2684	0.0101
8397.380	3.2849	0.0110
8400.310	3.2755	0.0095
8403.240	3.2478	0.0072
8406.170	3.2449	0.0067
8409.100	3.2492	0.0082
8412.030	3.2484	0.0104
8414.960	3.2441	0.0123
8417.890	3.2360	0.0085
8420.820	3.2350	0.0072
8423.750	3.2221	0.0077
8426.680	3.2255	0.0101
8429.610	3.2412	0.0132
8432.540	3.2288	0.0104
8435.470	3.2140	0.0107
8438.400	3.2023	0.0102
8441.330	3.1983	0.0091
8444.260	3.1894	0.0084
8447.190	3.1842	0.0086
8450.120	3.1798	0.0135
8453.050	3.1729	0.0098
8455.980	3.1617	0.0086
8458.910	3.1598	0.0115
8461.840	3.1809	0.0116
8464.770	3.1982	0.0119
8467.700	3.1815	0.0110
8470.630	3.1608	0.0093
8473.560	3.1522	0.0091
8476.490	3.1525	0.0102
8479.420	3.1561	0.0101
8482.350	3.1555	0.0099
8485.280	3.1418	0.0124
8488.210	3.1309	0.0119
8491.140	3.1346	0.0116
8494.070	3.1617	0.0153
8497.000	3.1640	0.0213
8499.930	3.1309	0.0154
8502.860	3.1045	0.0117
8505.790	3.0991	0.0122
8508.720	3.0781	0.0109
8511.650	3.0738	0.0097
8514.580	3.0779	0.0114
8517.510	3.0742	0.0104
8520.440	3.0661	0.0097
8523.370	3.0634	0.0097
8526.300	3.0563	0.0111
8529.230	3.0601	0.0135
8532.160	3.0685	0.0118
8535.090	3.0788	0.0112
8538.020	3.1143	0.0242
8540.950	3.1363	0.0310
8543.880	3.1056	0.0222
8546.810	3.0611	0.0122
8549.740	3.0470	0.0141
8552.670	3.0309	0.0119
8555.600	3.0277	0.0091
8558.530	3.0287	0.0085
8561.460	3.0356	0.0090
8564.390	3.0444	0.0093
8567.320	3.0400	0.0091
8570.250	3.0271	0.0093
8573.180	3.0216	0.0099
8576.110	3.0130	0.0105
8579.040	3.0120	0.0113
8581.970	3.0014	0.0124
8584.900	2.9864	0.0116
8587.830	2.9762	0.0111
8590.760	2.9733	0.0083
8593.690	2.9746	0.0081
8596.620	2.9696	0.0081
8599.550	2.9612	0.0103
8602.480	2.9638	0.0095
8605.410	2.9700	0.0075
8608.340	2.9737	0.0062
8611.270	2.9687	0.0063
8614.200	2.9711	0.0080
8617.130	2.9716	0.0071
8620.060	2.9575	0.0098
8622.990	2.9482	0.0139
8625.920	2.9417	0.0118
8628.850	2.9451	0.0101
8631.780	2.9344	0.0091
8634.710	2.9190	0.0114
8637.640	2.9144	0.0119
8640.570	2.9112	0.0116
8643.500	2.9076	0.0102
8646.430	2.9086	0.0098
8649.360	2.8963	0.0105
8652.290	2.8856	0.0106
8655.220	2.8976	0.0068
8658.150	2.9325	0.0211
8661.080	2.9598	0.0262
8664.010	2.9306	0.0196
8666.940	2.8914	0.0121
8669.870	2.8782	0.0111
8672.800	2.8765	0.0100
8675.730	2.8631	0.0098
8678.660	2.8630	0.0098
8681.590	2.8653	0.0092
8684.520	2.8691	0.0086
8687.450	2.8734	0.0089
8690.380	2.8638	0.0088
8693.310	2.8610	0.0084
8696.240	2.8612	0.0080
8699.170	2.8556	0.0085
8702.100	2.8542	0.0088
8705.030	2.8475	0.0091
8707.960	2.8483	0.0089
8710.890	2.8518	0.0086
8713.820	2.8408	0.0085
8716.750	2.8301	0.0075
8719.680	2.8149	0.0077
8722.610	2.8045	0.0088
8725.540	2.8069	0.0071
8728.470	2.8111	0.0061
8731.400	2.8209	0.0065
8734.330	2.8167	0.0071
8737.260	2.8095	0.0079
8740.190	2.7987	0.0074
8743.120	2.7904	0.0074
8746.050	2.7863	0.0072
8748.980	2.7860	0.0072
8751.910	2.7814	0.0084
8754.840	2.7829	0.0076
8757.770	2.7996	0.0076
8760.700	2.7952	0.0085
8763.630	2.7880	0.0087
8766.560	2.7920	0.0095
8769.490	2.7757	0.0100
8772.420	2.7634	0.0098
8775.350	2.7690	0.0098
8778.280	2.7607	0.0090
8781.210	2.7358	0.0099
8784.140	2.7257	0.0102
8787.070	2.7294	0.0104
8790.000	2.7347	0.0083
8792.930	2.7298	0.0072
8795.860	2.7162	0.0067
8798.790	2.7143	0.0071
8801.720	2.7247	0.0086
8804.650	2.7430	0.0113
8807.580	2.7431	0.0100
8810.510	2.7214	0.0103
8813.440	2.7058	0.0109
8816.370	2.6872	0.0104
8819.300	2.6754	0.0096
8822.230	2.6954	0.0097
8825.160	2.7167	0.0102
8828.090	2.6869	0.0083
8831.020	2.6716	0.0082
8833.950	2.6925	0.0084
8836.880	2.6917	0.0078
8839.810	2.6833	0.0063
8842.740	2.6873	0.0071
8845.670	2.6815	0.0085
8848.600	2.6708	0.0110
8851.530	2.6644	0.0107
8854.460	2.6519	0.0097
8857.390	2.6494	0.0086
8860.320	2.6483	0.0069
8863.250	2.6508	0.0083
8866.180	2.6513	0.0093
8869.110	2.6465	0.0087
8872.040	2.6428	0.0074
8874.970	2.6422	0.0073
8877.900	2.6362	0.0050
8880.830	2.6456	0.0067
8883.760	2.6602	0.0086
8886.690	2.6360	0.0073
8889.620	2.6085	0.0050
8892.550	2.6095	0.0069
8895.480	2.6132	0.0094
8898.410	2.6198	0.0098
8901.340	2.6155	0.0097
8904.270	2.5989	0.0089
8907.200	2.5833	0.0085
8910.130	2.5844	0.0069
8913.060	2.5916	0.0085
8915.990	2.6219	0.0078
8918.920	2.6336	0.0072
8921.850	2.6134	0.0088
8924.780	2.6036	0.0099
8927.710	2.5920	0.0095
8930.640	2.5710	0.0078
8933.570	2.5533	0.0073
8936.500	2.5435	0.0076
8939.430	2.5525	0.0093
8942.360	2.5668	0.0090
8945.290	2.5636	0.0081
8948.220	2.5539	0.0080
8951.150	2.5603	0.0070
8954.080	2.5787	0.0083
8957.010	2.5753	0.0083
8959.940	2.5470	0.0059
8962.870	2.5397	0.0059
8965.800	2.5483	0.0076
8968.730	2.5441	0.0086
8971.660	2.5266	0.0100
8974.590	2.5123	0.0093
8977.520	2.5069	0.0090
8980.450	2.5086	0.0075
8983.380	2.5085	0.0068
8986.310	2.5154	0.0077
8989.240	2.5191	0.0087
8992.170	2.5145	0.0082
8995.100	2.5149	0.0096
8998.030	2.5243	0.0102
9000.960	2.5082	0.0088
9003.890	2.4844	0.0072
9006.820	2.4768	0.0077
9009.750	2.4800	0.0084
9012.680	2.4937	0.0110
9015.610	2.5086	0.0111
9018.540	2.5106	0.0086
9021.470	2.5009	0.0086
9024.400	2.4893	0.0094
9027.330	2.4746	0.0095
9030.260	2.4625	0.0073
9033.190	2.4591	0.0047
9036.120	2.4637	0.0051
9039.050	2.4553	0.0052
9041.980	2.4489	0.0078
9044.910	2.4444	0.0083
9047.840	2.4458	0.0099
9050.770	2.4340	0.0095
9053.700	2.4281	0.0080
9056.630	2.4301	0.0057
9059.560	2.4366	0.0068
9062.490	2.4369	0.0077
9065.420	2.4330	0.0090
9068.350	2.4385	0.0100
9071.280	2.4479	0.0091
9074.210	2.4536	0.0080
9077.140	2.4500	0.0077
9080.070	2.4402	0.0093
9083.000	2.4293	0.0077
9085.930	2.4225	0.0075
9088.860	2.4240	0.0081
9091.790	2.4122	0.0088
9094.720	2.3980	0.0071
9097.650	2.3902	0.0070
9100.580	2.3879	0.0083
9103.510	2.3874	0.0083
9106.440	2.3946	0.0079
9109.370	2.4038	0.0088
9112.300	2.3975	0.0092
9115.230	2.3910	0.0104
9118.160	2.3744	0.0103
9121.090	2.3560	0.0081
9124.020	2.3486	0.0068
9126.950	2.3506	0.0067
9129.880	2.3530	0.0083
9132.810	2.3552	0.0095
9135.740	2.3558	0.0082
9138.670	2.3575	0.0086
9141.600	2.3603	0.0081
9144.530	2.3579	0.0081
9147.460	2.3568	0.0069
9150.390	2.3562	0.0067
9153.320	2.3528	0.0081
9156.250	2.3513	0.0081
9159.180	2.3512	0.0085
9162.110	2.3481	0.0083
9165.040	2.3294	0.0087
9167.970	2.3162	0.0083
9170.900	2.3064	0.0075
9173.830	2.3013	0.0086
9176.760	2.3020	0.0085
9179.690	2.2972	0.0085
9182.620	2.2994	0.0088
9185.550	2.3113	0.0071
9188.480	2.3170	0.0073
9191.410	2.3187	0.0073
9194.340	2.3105	0.0072
9197.270	2.2979	0.0083
9200.200	2.2894	0.0075
9203.130	2.2832	0.0091
9206.060	2.2766	0.0085
9208.990	2.2794	0.0082
9211.920	2.2763	0.0080
9214.850	2.2703	0.0081
9217.780	2.2617	0.0084
9220.710	2.2629	0.0078
9223.640	2.2672	0.0068
9226.570	2.2715	0.0078
9229.500	2.2826	0.0081
9232.430	2.2839	0.0087
9235.360	2.2690	0.0076
9238.290	2.2560	0.0064
9241.220	2.2526	0.0071
9244.150	2.2489	0.0082
9247.080	2.2456	0.0096
9250.010	2.2413	0.0099
9252.940	2.2432	0.0084
9255.870	2.2459	0.0073
9258.800	2.2364	0.0078
9261.730	2.2277	0.0082
9264.660	2.2238	0.0084
9267.590	2.2239	0.0082
9270.520	2.2203	0.0090
9273.450	2.2167	0.0093
9276.380	2.2073	0.0099
9279.310	2.2046	0.0106
9282.240	2.1974	0.0084
9285.170	2.2086	0.0073
9288.100	2.2194	0.0073
9291.030	2.2252	0.0060
9293.960	2.2337	0.0052
9296.890	2.2420	0.0066
9299.820	2.2494	0.0078
9302.750	2.2409	0.0093
9305.680	2.2251	0.0079
9308.610	2.2111	0.0077
9311.540	2.1902	0.0075
9314.470	2.1781	0.0097
9317.400	2.1784	0.0083
9320.330	2.1998	0.0096
9323.260	2.2069	0.0113
9326.190	2.1955	0.0098
9329.120	2.1924	0.0085
9332.050	2.1930	0.0098
9334.980	2.1835	0.0115
9337.910	2.1705	0.0131
9340.840	2.1735	0.0123
9343.770	2.1763	0.0113
9346.700	2.1698	0.0102
9349.630	2.1676	0.0096
9352.560	2.1706	0.0109
9355.490	2.1643	0.0103
9358.420	2.1500	0.0082
9361.350	2.1363	0.0088
9364.280	2.1328	0.0090
9367.210	2.1320	0.0096
9370.140	2.1388	0.0088
9373.070	2.1713	0.0087
9376.000	2.1612	0.0089
9378.930	2.1440	0.0098
9381.860	2.1478	0.0094
9384.790	2.1419	0.0064
9387.720	2.1364	0.0065
9390.650	2.1169	0.0077
9393.580	2.1073	0.0097
9396.510	2.1149	0.0088
9399.440	2.1270	0.0085
9402.370	2.1338	0.0087
9405.300	2.1386	0.0102
9408.230	2.1341	0.0101
9411.160	2.1136	0.0128
9414.090	2.0997	0.0121
9417.020	2.0928	0.0091
9419.950	2.0890	0.0097
9422.880	2.0885	0.0094
9425.810	2.1024	0.0090
9428.740	2.0982	0.0084
9431.670	2.0913	0.0073
9434.600	2.1108	0.0074
9437.530	2.1347	0.0100
9440.460	2.1189	0.0116
9443.390	2.0850	0.0096
9446.320	2.0703	0.0080
9449.250	2.0661	0.0079
9452.180	2.0714	0.0088
9455.110	2.0724	0.0089
9458.040	2.0694	0.0074
9460.970	2.0591	0.0066
9463.900	2.0548	0.0061
9466.830	2.0463	0.0060
9469.760	2.0405	0.0071
9472.690	2.0592	0.0081
9475.620	2.0751	0.0091
9478.550	2.0710	0.0094
9481.480	2.0507	0.0083
9484.410	2.0331	0.0071
9487.340	2.0261	0.0088
9490.270	2.0275	0.0085
9493.200	2.0283	0.0079
9496.130	2.0275	0.0089
9499.060	2.0313	0.0098
9501.990	2.0300	0.0088
9504.920	2.0166	0.0075
9507.850	2.0180	0.0076
9510.780	2.0248	0.0090
9513.710	2.0289	0.0107
9516.640	2.0279	0.0116
9519.570	2.0173	0.0099
9522.500	1.9933	0.0069
9525.430	1.9837	0.0062
9528.360	1.9844	0.0065
9531.290	1.9801	0.0068
9534.220	1.9840	0.0080
9537.150	1.9859	0.0090
9540.080	1.9887	0.0097
9543.010	1.9973	0.0105
9545.940	1.9928	0.0105
9548.870	1.9934	0.0104
9551.800	1.9890	0.0102
9554.730	1.9851	0.0090
9557.660	1.9778	0.0095
9560.590	1.9812	0.0095
9563.520	2.0011	0.0105
9566.450	2.0032	0.0123
9569.380	1.9867	0.0109
9572.310	1.9779	0.0095
9575.240	1.9602	0.0083
9578.170	1.9584	0.0089
9581.100	1.9541	0.0088
9584.030	1.9554	0.0099
9586.960	1.9717	0.0120
9589.890	1.9815	0.0124
9592.820	1.9846	0.0116
9595.750	1.9823	0.0118
9598.680	1.9769	0.0107
9601.610	1.9769	0.0116
9604.540	1.9754	0.0132
9607.470	1.9839	0.0147
9610.400	1.9885	0.0158
9613.330	1.9837	0.0156
9616.260	1.9769	0.0136
9619.190	1.9896	0.0172
9622.120	1.9910	0.0179
9625.050	1.9714	0.0178
9627.980	1.9681	0.0162
9630.910	1.9663	0.0152
9633.840	1.9779	0.0161
9636.770	1.9857	0.0170
9639.700	1.9867	0.0161
9642.630	1.9794	0.0170
9645.560	1.9769	0.0181
9648.490	1.9727	0.0174
9651.420	1.9803	0.0183
9654.350	1.9760	0.0176
9657.280	1.9812	0.0175
9660.210	1.9852	0.0200
9663.140	1.9816	0.0199
9666.070	1.9749	0.0197
9669.000	1.9827	0.0190
9671.930	1.9857	0.0207
9674.860	1.9940	0.0207
9677.790	2.0069	0.0216
9680.720	1.9958	0.0209
9683.650	1.9882	0.0223
9686.580	1.9776	0.0220
9689.510	1.9777	0.0220
9692.440	1.9807	0.0223
9695.370	1.9978	0.0227
9698.300	2.0210	0.0223
9701.230	2.0277	0.0237
