3298.680	122.3550	0.5940
3301.060	121.8184	0.7649
3303.440	121.2985	0.6763
3305.820	121.5500	0.5451
3308.200	121.3779	0.5247
3310.580	120.3363	0.6099
3312.960	119.6512	0.5722
3315.340	119.2617	0.5680
3317.720	118.8667	0.6140
3320.100	118.6355	0.7550
3322.480	118.8536	0.5781
3324.860	119.0163	0.5007
3327.240	118.2897	0.5193
3329.620	117.9055	0.5018
3332.000	117.4253	0.5884
3334.380	117.3316	0.5378
3336.760	117.4080	0.4988
3339.140	117.2862	0.4921
3341.520	117.0376	0.4777
3343.900	116.3776	0.4983
3346.280	116.1993	0.4064
3348.660	116.6832	0.5210
3351.040	115.9166	0.4660
3353.420	114.8144	0.5487
3355.800	113.8341	0.7004
3358.180	113.6578	0.5998
3360.560	115.3799	0.6617
3362.940	114.3485	0.5049
3365.320	113.1042	0.5449
3367.700	113.1213	0.4984
3370.080	113.2102	0.5216
3372.460	113.2746	0.5299
3374.840	112.9070	0.5379
3377.220	111.1923	0.6692
3379.600	111.6371	0.3700
3381.980	111.6548	0.3792
3384.360	111.1607	0.4158
3386.740	110.7184	0.5686
3389.120	110.7996	0.4694
3391.500	110.8490	0.4160
3393.880	110.8768	0.5471
3396.260	110.2117	0.4172
3398.640	109.3028	0.5799
3401.020	108.7994	0.6159
3403.400	108.7242	0.4450
3405.780	108.5193	0.3833
3408.160	108.4489	0.3414
3410.540	108.5319	0.3812
3412.920	107.9323	0.4657
3415.300	107.6678	0.4116
3417.680	106.7442	0.4896
3420.060	106.4111	0.5533
3422.440	106.6785	0.4617
3424.820	106.9188	0.3349
3427.200	106.6410	0.3321
3429.580	105.9107	0.4856
3431.960	105.2482	0.5487
3434.340	104.9914	0.5325
3436.720	104.7301	0.5521
3439.100	105.0432	0.4757
3441.480	105.5101	0.5226
3443.860	104.7319	0.4852
3446.240	104.4042	0.3708
3448.620	103.4903	0.5424
3451.000	103.1886	0.5147
3453.380	102.9096	0.4821
3455.760	103.1464	0.4268
3458.140	103.4623	0.3458
3460.520	103.2031	0.3800
3462.900	102.9426	0.3773
3465.280	102.0454	0.5649
3467.660	101.5605	0.4993
3470.040	101.2421	0.5422
3472.420	101.7044	0.4236
3474.800	102.0273	0.3948
3477.180	101.2636	0.4908
3479.560	100.4877	0.6006
3481.940	100.0443	0.5089
3484.320	99.7690	0.4160
3486.700	99.3989	0.4553
3489.080	99.9420	0.3923
3491.460	99.7844	0.4233
3493.840	99.2211	0.3375
3496.220	99.2269	0.3738
3498.600	98.8939	0.3328
3500.980	98.0310	0.4721
3503.360	97.4441	0.4999
3505.740	97.4218	0.4493
3508.120	97.4353	0.3662
3510.500	97.5830	0.3412
3512.880	97.4140	0.3571
3515.260	96.7828	0.3528
3517.640	96.7973	0.2685
3520.020	96.4439	0.3030
3522.400	96.5981	0.3565
3524.780	96.8233	0.5570
3527.160	96.0027	0.3273
3529.540	95.5834	0.3084
3531.920	95.5337	0.3467
3534.300	95.2145	0.2988
3536.680	94.8777	0.2974
3539.060	94.6016	0.3145
3541.440	94.5179	0.3542
3543.820	94.2257	0.3792
3546.200	93.7770	0.4377
3548.580	93.7241	0.3683
3550.960	93.7610	0.4031
3553.340	93.6101	0.4118
3555.720	92.7200	0.4336
3558.100	92.2171	0.4412
3560.480	92.3166	0.3919
3562.860	92.6083	0.3120
3565.240	92.4566	0.3254
3567.620	92.2985	0.2750
3570.000	91.6655	0.4315
3572.380	91.5178	0.3296
3574.760	91.4149	0.3361
3577.140	91.1914	0.3645
3579.520	91.6664	0.3929
3581.900	91.4911	0.3728
3584.280	91.3020	0.3916
3586.660	90.9391	0.3581
3589.040	90.6789	0.3314
3591.420	90.2839	0.3697
3593.800	89.4902	0.4882
3596.180	88.9764	0.5220
3598.560	89.1109	0.4608
3600.940	89.3943	0.3292
3603.320	88.9968	0.3058
3605.700	89.1018	0.3311
3608.080	88.5665	0.2816
3610.460	88.2192	0.3837
3612.840	87.4576	0.5005
3615.220	87.3634	0.4400
3617.600	88.0534	0.2709
3619.980	87.7746	0.3942
3622.360	87.2976	0.3458
3624.740	86.6265	0.5103
3627.120	86.5116	0.4858
3629.500	86.7649	0.3895
3631.880	87.1211	0.4310
3634.260	86.7368	0.3989
3636.640	85.9107	0.3837
3639.020	85.7903	0.3334
3641.400	86.1497	0.3214
3643.780	85.9723	0.3285
3646.160	85.6774	0.3046
3648.540	85.4602	0.3288
3650.920	85.0884	0.2438
3653.300	84.9081	0.3500
3655.680	84.6662	0.3491
3658.060	84.3333	0.3285
3660.440	84.4018	0.2578
3662.820	84.2322	0.2480
3665.200	84.0134	0.2572
3667.580	83.7259	0.2615
3669.960	83.3388	0.3255
3672.340	82.9613	0.4078
3674.720	82.9764	0.3512
3677.100	82.8637	0.3075
3679.480	82.8767	0.2698
3681.860	82.7144	0.2880
3684.240	82.4980	0.3058
3686.620	82.3776	0.3264
3689.000	82.0358	0.3269
3691.380	81.9289	0.3218
3693.760	81.5023	0.3360
3696.140	81.4730	0.3207
3698.520	81.1229	0.3122
3700.900	81.0190	0.4666
3703.280	81.1910	0.3722
3705.660	81.0612	0.3230
3708.040	80.8525	0.2607
3710.420	80.2895	0.2957
3712.800	79.5964	0.3573
3715.180	79.4331	0.4095
3717.560	79.8604	0.2889
3719.940	80.4353	0.3874
3722.320	79.8708	0.2774
3724.700	79.0910	0.3165
3727.080	78.8448	0.3861
3729.460	79.3387	0.3466
3731.840	79.5922	0.3868
3734.220	79.4933	0.3689
3736.600	78.9336	0.2712
3738.980	77.8636	0.4449
3741.360	77.7285	0.4113
3743.740	78.0397	0.2287
3746.120	77.9979	0.2855
3748.500	77.6756	0.3170
3750.880	77.5236	0.3508
3753.260	77.0077	0.5753
3755.640	76.6013	0.3938
3758.020	76.9857	0.2338
3760.400	76.9965	0.2423
3762.780	76.4351	0.2820
3765.160	76.2909	0.2710
3767.540	76.5689	0.2562
3769.920	76.3885	0.2899
3772.300	76.0997	0.2762
3774.680	76.1821	0.2499
3777.060	75.8870	0.2268
3779.440	75.6008	0.2083
3781.820	75.2289	0.2378
3784.200	74.9539	0.2342
3786.580	74.7567	0.3046
3788.960	74.8734	0.2303
3791.340	74.5048	0.2472
3793.720	74.3765	0.2570
3796.100	74.6388	0.2993
3798.480	74.2755	0.2826
3800.860	74.0309	0.2451
3803.240	73.6751	0.2487
3805.620	73.5647	0.2999
3808.000	73.3654	0.2334
3810.380	73.2356	0.2815
3812.760	73.3170	0.2849
3815.140	73.4099	0.3913
3817.520	73.4195	0.3844
3819.900	72.7522	0.3846
3822.280	72.2750	0.2940
3824.660	71.8679	0.2171
3827.040	71.7460	0.2041
3829.420	71.6440	0.1988
3831.800	71.6603	0.2142
3834.180	71.5802	0.2735
3836.560	71.6126	0.2441
3838.940	71.3026	0.2761
3841.320	71.0311	0.2220
3843.700	70.7657	0.3695
3846.080	70.8829	0.3676
3848.460	71.2573	0.2839
3850.840	71.3759	0.2574
3853.220	71.5789	0.2179
3855.600	71.8212	0.1994
3857.980	71.9630	0.2497
3860.360	71.7706	0.2241
3862.740	70.7110	0.4047
3865.120	70.2727	0.4173
3867.500	70.3658	0.2573
3869.880	70.1548	0.2750
3872.260	69.6041	0.1896
3874.640	69.1469	0.2199
3877.020	68.3607	0.1993
3879.400	67.5789	0.2208
3881.780	67.0346	0.2278
3884.160	66.6787	0.2409
3886.540	66.6860	0.2702
3888.920	66.2149	0.2868
3891.300	65.9218	0.1826
3893.680	65.9944	0.2108
3896.060	66.4146	0.2563
3898.440	67.0534	0.2013
3900.820	67.6740	0.1727
3903.200	68.2082	0.1689
3905.580	68.5145	0.1815
3907.960	69.0646	0.2016
3910.340	69.1484	0.2932
3912.720	69.2358	0.3226
3915.100	69.2854	0.2993
3917.480	69.6645	0.2729
3919.860	69.7004	0.2708
3922.240	69.3295	0.2722
3924.620	69.3857	0.2598
3927.000	69.4653	0.3142
3929.380	70.0316	0.3098
3931.760	70.7456	0.5919
3934.140	70.9169	0.6296
3936.520	69.3653	0.4158
3938.900	68.1480	0.3280
3941.280	67.4488	0.2797
3943.660	66.7535	0.3406
3946.040	66.2265	0.2213
3948.420	65.2869	0.2736
3950.800	64.4975	0.2808
3953.180	63.8962	0.3097
3955.560	62.7831	0.2706
3957.940	61.5592	0.2859
3960.320	60.4575	0.2927
3962.700	59.5086	0.2356
3965.080	59.0193	0.3509
3967.460	58.8469	0.4903
3969.840	58.4692	0.5230
3972.220	57.5483	0.2558
3974.600	57.6301	0.2720
3976.980	58.4102	0.2872
3979.360	59.1404	0.3488
3981.740	60.2382	0.3581
3984.120	61.4475	0.2398
3986.500	62.2560	0.2177
3988.880	62.8276	0.2397
3991.260	63.5961	0.2350
3993.640	64.3777	0.2139
3996.020	64.8987	0.2212
3998.400	65.3140	0.2203
4000.780	65.5824	0.2395
4003.160	65.8622	0.2526
4005.540	66.1447	0.2199
4007.920	66.5863	0.1796
4010.300	66.9297	0.2070
4012.680	67.0198	0.1980
4015.060	66.9785	0.1892
4017.440	66.9913	0.1697
4019.820	67.2896	0.2012
4022.200	67.4722	0.2733
4024.580	67.5184	0.3259
4026.960	66.9956	0.2233
4029.340	66.7151	0.1794
4031.720	66.6400	0.1444
4034.100	66.5873	0.1425
4036.480	66.3359	0.1680
4038.860	66.1077	0.1939
4041.240	66.1179	0.1814
4043.620	66.1732	0.2212
4046.000	65.6767	0.1711
4048.380	65.3340	0.1780
4050.760	65.0483	0.2051
4053.140	64.7729	0.1929
4055.520	64.4274	0.1707
4057.900	63.9061	0.1791
4060.280	63.4341	0.1786
4062.660	63.1844	0.1659
4065.040	62.4668	0.1746
4067.420	61.9278	0.1873
4069.800	61.3657	0.1941
4072.180	60.7852	0.1920
4074.560	60.0952	0.1983
4076.940	59.2925	0.2036
4079.320	58.2656	0.1853
4081.700	57.3677	0.1729
4084.080	56.3050	0.1648
4086.460	55.1258	0.1893
4088.840	53.7109	0.2022
4091.220	52.1207	0.1889
4093.600	50.6084	0.1865
4095.980	49.1989	0.2209
4098.360	48.0622	0.2769
4100.740	47.1184	0.2916
4103.120	46.8079	0.2070
4105.500	47.2267	0.1660
4107.880	48.2920	0.1397
4110.260	49.7679	0.1485
4112.640	51.1673	0.1401
4115.020	52.3286	0.1492
4117.400	53.5581	0.1514
4119.780	54.6298	0.1610
4122.160	55.4377	0.1500
4124.540	56.2204	0.1872
4126.920	56.8770	0.1798
4129.300	57.4195	0.1599
4131.680	58.1301	0.1860
4134.060	58.6695	0.2026
4136.440	58.8551	0.2020
4138.820	59.1498	0.1946
4141.200	59.4896	0.2268
4143.580	59.9183	0.2107
4145.960	59.8159	0.1661
4148.340	59.8426	0.1812
4150.720	60.1823	0.1951
4153.100	60.5013	0.1866
4155.480	60.7235	0.2040
4157.860	60.5858	0.1918
4160.240	60.5815	0.1963
4162.620	60.5744	0.2134
4165.000	60.6133	0.1917
4167.380	60.5923	0.1975
4169.760	60.7524	0.1460
4172.140	60.7086	0.1815
4174.520	60.6847	0.2012
4176.900	60.4450	0.1595
4179.280	60.2818	0.1689
4181.660	60.3345	0.1497
4184.040	60.3017	0.1523
4186.420	60.2608	0.1753
4188.800	60.2549	0.2099
4191.180	60.0746	0.2436
4193.560	60.1334	0.1996
4195.940	60.0722	0.2113
4198.320	60.1264	0.2451
4200.700	59.8488	0.2178
4203.080	59.4765	0.1730
4205.460	59.2785	0.1840
4207.840	59.2065	0.1583
4210.220	59.0898	0.1759
4212.600	59.0892	0.1812
4214.980	59.1680	0.1837
4217.360	58.8935	0.1550
4219.740	58.4532	0.1693
4222.120	58.5179	0.1364
4224.500	58.7750	0.2511
4226.880	58.5202	0.1573
4229.260	58.2996	0.1533
4231.640	57.9595	0.2367
4234.020	57.9517	0.1740
4236.400	58.0335	0.1515
4238.780	57.8598	0.1504
4241.160	57.7001	0.1632
4243.540	57.4766	0.1624
4245.920	57.3099	0.1527
4248.300	57.2340	0.1685
4250.680	57.1198	0.1764
4253.060	56.7618	0.1671
4255.440	56.4750	0.1713
4257.820	56.5542	0.1622
4260.200	56.3598	0.1579
4262.580	56.1406	0.1634
4264.960	55.8016	0.1825
4267.340	55.5903	0.1758
4269.720	55.4651	0.1782
4272.100	55.4577	0.2051
4274.480	55.0460	0.1580
4276.860	54.6640	0.1585
4279.240	54.4561	0.1597
4281.620	54.1808	0.1553
4284.000	53.9348	0.1658
4286.380	53.7453	0.1669
4288.760	53.3657	0.1882
4291.140	52.9411	0.1581
4293.520	52.5892	0.1747
4295.900	52.2943	0.1852
4298.280	51.9189	0.1809
4300.660	51.5724	0.1681
4303.040	51.2456	0.1611
4305.420	50.6714	0.1399
4307.800	50.2864	0.1986
4310.180	49.6813	0.2298
4312.560	48.7253	0.1655
4314.940	47.9443	0.1926
4317.320	46.8362	0.2684
4319.700	46.1258	0.2033
4322.080	45.4113	0.1598
4324.460	44.5108	0.1984
4326.840	43.1110	0.1480
4329.220	41.7857	0.1529
4331.600	40.3988	0.1782
4333.980	39.0559	0.1602
4336.360	37.9540	0.1822
4338.740	37.1935	0.2556
4341.120	36.5247	0.2173
4343.500	36.4863	0.1253
4345.880	37.5934	0.1168
4348.260	39.0476	0.1075
4350.640	40.4227	0.1137
4353.020	41.5163	0.1071
4355.400	42.5181	0.1008
4357.780	43.3344	0.1034
4360.160	44.0979	0.1231
4362.540	44.8550	0.1310
4364.920	45.5309	0.1279
4367.300	46.0312	0.1477
4369.680	46.5519	0.1608
4372.060	47.0040	0.1474
4374.440	47.4343	0.1480
4376.820	47.9568	0.1679
4379.200	48.3954	0.1788
4381.580	48.6831	0.1726
4383.960	48.8788	0.1809
4386.340	49.1556	0.2098
4388.720	49.0811	0.1752
4391.100	49.0829	0.1301
4393.480	49.1762	0.1466
4395.860	49.2304	0.1409
4398.240	49.3095	0.1276
4400.620	49.4686	0.1278
4403.000	49.5655	0.1715
4405.380	49.5559	0.1331
4407.760	49.5858	0.1291
4410.140	49.5207	0.1496
4412.520	49.5389	0.1450
4414.900	49.5408	0.1270
4417.280	49.4164	0.1530
4419.660	49.2577	0.1414
4422.040	49.1410	0.1497
4424.420	49.1324	0.1504
4426.800	49.1743	0.1368
4429.180	49.1369	0.1349
4431.560	49.1883	0.1487
4433.940	49.1795	0.1398
4436.320	49.0234	0.1467
4438.700	48.9884	0.1308
4441.080	48.7447	0.1581
4443.460	48.7929	0.1286
4445.840	48.7122	0.1379
4448.220	48.4008	0.1487
4450.600	48.4660	0.1436
4452.980	48.6771	0.1372
4455.360	48.8037	0.1397
4457.740	48.6198	0.1490
4460.120	48.4012	0.1271
4462.500	48.3991	0.1234
4464.880	48.4592	0.1659
4467.260	48.4697	0.2414
4469.640	48.3465	0.2379
4472.020	47.9133	0.1652
4474.400	47.6916	0.1093
4476.780	47.7417	0.1223
4479.160	47.7071	0.1199
4481.540	47.6022	0.1192
4483.920	47.5098	0.1205
4486.300	47.3791	0.1198
4488.680	47.2177	0.1236
4491.060	47.2277	0.1246
4493.440	47.2361	0.1604
4495.820	47.1811	0.1474
4498.200	47.1803	0.1480
4500.580	47.0387	0.1519
4502.960	46.9221	0.1501
4505.340	46.7421	0.1628
4507.720	46.5985	0.1521
4510.100	46.5772	0.1400
4512.480	46.4406	0.1332
4514.860	46.4239	0.1249
4517.240	46.3655	0.1381
4519.620	46.3506	0.1313
4522.000	46.1128	0.1501
4524.380	46.0543	0.1253
4526.760	46.0062	0.1347
4529.140	45.9309	0.1465
4531.520	45.8437	0.1725
4533.900	45.7673	0.1742
4536.280	45.7473	0.1903
4538.660	45.5463	0.2085
4541.040	45.3652	0.1649
4543.420	45.2925	0.1446
4545.800	45.2089	0.1464
4548.180	45.0644	0.1289
4550.560	44.9962	0.1215
4552.940	44.8939	0.1176
4555.320	44.8611	0.1090
4557.700	44.7823	0.1066
4560.080	44.7158	0.1151
4562.460	44.6296	0.1177
4564.840	44.5558	0.1094
4567.220	44.5604	0.1169
4569.600	44.4110	0.1146
4571.980	44.3763	0.1309
4574.360	44.3516	0.1279
4576.740	44.2206	0.1274
4579.120	44.0854	0.1372
4581.500	43.9512	0.1339
4583.880	43.9012	0.1259
4586.260	43.7451	0.1344
4588.640	43.6544	0.1485
4591.020	43.6221	0.1326
4593.400	43.5352	0.1126
4595.780	43.4453	0.1262
4598.160	43.3953	0.1109
4600.540	43.3707	0.1209
4602.920	43.2425	0.1329
4605.300	43.1428	0.1526
4607.680	43.0037	0.1450
4610.060	42.8650	0.1353
4612.440	42.8522	0.1221
4614.820	42.7507	0.1151
4617.200	42.7226	0.1198
4619.580	42.6528	0.1126
4621.960	42.5175	0.1186
4624.340	42.4322	0.1245
4626.720	42.3939	0.1222
4629.100	42.3514	0.1283
4631.480	42.2233	0.1344
4633.860	42.2267	0.1106
4636.240	42.1635	0.1018
4638.620	42.0613	0.1255
4641.000	41.8743	0.1463
4643.380	41.6231	0.1205
4645.760	41.5506	0.1094
4648.140	41.6884	0.1056
4650.520	41.4891	0.1387
4652.900	41.3821	0.1352
4655.280	41.4548	0.1204
4657.660	41.2412	0.1265
4660.040	41.1093	0.1184
4662.420	41.2160	0.1159
4664.800	41.1774	0.1329
4667.180	41.1180	0.1321
4669.560	41.0263	0.1315
4671.940	40.8168	0.1208
4674.320	40.7410	0.1433
4676.700	40.7234	0.1543
4679.080	40.7593	0.1680
4681.460	40.8608	0.2224
4683.840	40.8686	0.2296
4686.220	40.5477	0.2308
4688.600	40.1829	0.1877
4690.980	40.0032	0.0967
4693.360	39.9620	0.0937
4695.740	39.8937	0.0893
4698.120	39.9014	0.0853
4700.500	39.8734	0.0934
4702.880	39.8336	0.1182
4705.260	39.7740	0.1337
4707.640	39.6842	0.1061
4710.020	39.7891	0.1283
4712.400	39.6580	0.1444
4714.780	39.4375	0.1177
4717.160	39.2785	0.1056
4719.540	39.2644	0.1057
4721.920	39.0696	0.1169
4724.300	38.9285	0.1160
4726.680	38.9203	0.1229
4729.060	38.9650	0.1323
4731.440	38.8505	0.1385
4733.820	38.7085	0.1204
4736.200	38.6506	0.1210
4738.580	38.5403	0.0963
4740.960	38.4943	0.1133
4743.340	38.4222	0.1167
4745.720	38.3326	0.1329
4748.100	38.3105	0.1186
4750.480	38.2064	0.1220
4752.860	38.0048	0.1198
4755.240	37.8823	0.1288
4757.620	37.7920	0.1041
4760.000	37.6401	0.1135
4762.380	37.5632	0.1224
4764.760	37.5773	0.1159
4767.140	37.4800	0.1169
4769.520	37.2837	0.1373
4771.900	37.1226	0.1177
4774.280	37.0894	0.1055
4776.660	36.9677	0.1031
4779.040	36.8146	0.0984
4781.420	36.7022	0.1028
4783.800	36.6189	0.1046
4786.180	36.5914	0.0956
4788.560	36.4547	0.0972
4790.940	36.1684	0.0988
4793.320	36.0596	0.0946
4795.700	35.9771	0.1059
4798.080	35.7185	0.1054
4800.460	35.5829	0.1020
4802.840	35.4902	0.1091
4805.220	35.3355	0.1110
4807.600	35.1281	0.1126
4809.980	34.9294	0.1163
4812.360	34.7629	0.0940
4814.740	34.4813	0.0896
4817.120	34.2289	0.1007
4819.500	33.9333	0.1097
4821.880	33.7328	0.1162
4824.260	33.5771	0.1004
4826.640	33.3834	0.1014
4829.020	32.9380	0.1151
4831.400	32.4908	0.1148
4833.780	32.0590	0.1056
4836.160	31.5208	0.1082
4838.540	31.1021	0.1003
4840.920	30.6092	0.0980
4843.300	29.9483	0.1140
4845.680	29.2086	0.1221
4848.060	28.5465	0.1064
4850.440	27.8502	0.1046
4852.820	26.9814	0.1093
4855.200	26.0240	0.1163
4857.580	25.1547	0.1429
4859.960	24.5283	0.1476
4862.340	24.2244	0.1297
4864.720	24.4483	0.0629
4867.100	25.2297	0.0549
4869.480	26.1589	0.0575
4871.860	26.9202	0.0632
4874.240	27.6188	0.0700
4876.620	28.1781	0.0828
4879.000	28.8140	0.0862
4881.380	29.3434	0.0916
4883.760	29.6713	0.1025
4886.140	30.1430	0.0905
4888.520	30.5874	0.1038
4890.900	30.8048	0.0912
4893.280	31.0027	0.0934
4895.660	31.2164	0.1019
4898.040	31.4162	0.1116
4900.420	31.6670	0.0949
4902.800	31.9040	0.0972
4905.180	32.0562	0.1020
4907.560	32.1444	0.1019
4909.940	32.1939	0.0964
4912.320	32.2650	0.0951
4914.700	32.3913	0.0998
4917.080	32.4990	0.1396
4919.460	32.6745	0.1672
4921.840	32.7111	0.1442
4924.220	32.5061	0.0920
4926.600	32.4813	0.0929
4928.980	32.4787	0.0931
4931.360	32.5254	0.0803
4933.740	32.6630	0.0971
4936.120	32.7697	0.1241
4938.500	32.8303	0.1070
4940.880	32.6056	0.1086
4943.260	32.5304	0.1001
4945.640	32.5708	0.0834
4948.020	32.5941	0.0922
4950.400	32.5198	0.1108
4952.780	32.5185	0.1007
4955.160	32.6028	0.1028
4957.540	32.4769	0.1015
4959.920	32.4102	0.0916
4962.300	32.3323	0.0944
4964.680	32.2905	0.0942
4967.060	32.2465	0.0906
4969.440	32.2708	0.0934
4971.820	32.3294	0.0941
4974.200	32.2404	0.0987
4976.580	32.2517	0.1058
4978.960	32.2257	0.1171
4981.340	32.1395	0.1121
4983.720	31.9714	0.1024
4986.100	31.8446	0.1010
4988.480	31.8709	0.1021
4990.860	31.8665	0.0899
4993.240	31.7900	0.0960
4995.620	31.7362	0.0910
4998.000	31.6715	0.0963
5000.380	31.6812	0.0940
5002.760	31.6674	0.1026
5005.140	31.5782	0.1073
5007.520	31.4799	0.1022
5009.900	31.4757	0.1139
5012.280	31.4203	0.1101
5014.660	31.4247	0.1045
5017.040	31.2991	0.0885
5019.420	31.1882	0.0913
5021.800	31.1456	0.0967
5024.180	31.0540	0.1066
5026.560	30.9376	0.0960
5028.940	30.9700	0.0911
5031.320	30.8828	0.1029
5033.700	30.9176	0.1071
5036.080	30.8510	0.1111
5038.460	30.7630	0.1086
5040.840	30.6761	0.1052
5043.220	30.7029	0.0994
5045.600	30.6845	0.1069
5047.980	30.6525	0.1051
5050.360	30.5684	0.0896
5052.740	30.5542	0.0937
5055.120	30.5452	0.0989
5057.500	30.4493	0.0993
5059.880	30.3688	0.0999
5062.260	30.3061	0.0874
5064.640	30.2832	0.0860
5067.020	30.2943	0.1067
5069.400	30.2715	0.0987
5071.780	30.1890	0.0975
5074.160	30.1384	0.1024
5076.540	30.1169	0.0965
5078.920	30.1286	0.0982
5081.300	29.9461	0.0904
5083.680	29.8964	0.0921
5086.060	29.8742	0.0929
5088.440	29.7902	0.0973
5090.820	29.6919	0.0974
5093.200	29.6154	0.0969
5095.580	29.6133	0.1024
5097.960	29.5752	0.1086
5098.200	29.2970	0.0823
5100.340	29.5834	0.1061
5101.130	29.3870	0.1074
5102.720	29.4953	0.0998
5104.060	29.2544	0.0966
5105.100	29.4237	0.0910
5106.990	29.2177	0.0753
5107.480	29.3443	0.0809
5109.860	29.3020	0.0839
5109.920	29.1451	0.0804
5112.240	29.2685	0.0746
5112.850	29.1066	0.0776
5114.620	29.1854	0.0949
5115.780	29.0386	0.0947
5117.000	29.1203	0.0951
5118.710	28.9171	0.0957
5119.380	29.1015	0.0939
5121.640	28.8675	0.0881
5121.760	29.0908	0.1025
5124.140	29.0254	0.0907
5124.570	28.7770	0.1136
5126.520	28.9285	0.0868
5127.500	28.8340	0.0695
5128.900	28.9111	0.0749
5130.430	28.7264	0.0729
5131.280	28.8553	0.0981
5133.360	28.6527	0.0850
5133.660	28.8116	0.0959
5136.040	28.7122	0.0928
5136.290	28.4776	0.0870
5138.420	28.6286	0.0938
5139.220	28.3769	0.0907
5140.800	28.5742	0.1022
5142.150	28.3694	0.0888
5143.180	28.5833	0.1012
5145.080	28.3575	0.0896
5145.560	28.5439	0.1037
5147.940	28.4796	0.1052
5148.010	28.3327	0.0920
5150.320	28.4308	0.0885
5150.940	28.2643	0.0628
5153.870	28.2165	0.0825
5156.800	28.1862	0.0746
5159.730	28.0797	0.0818
5162.660	28.0292	0.0895
5165.590	27.7421	0.1586
5168.520	27.8277	0.1197
5171.450	27.8945	0.0786
5174.380	28.0435	0.0947
5177.310	27.9773	0.1147
5180.240	27.6403	0.0889
5183.170	27.5488	0.1266
5186.100	27.6513	0.0978
5189.030	27.5782	0.0938
5191.960	27.4510	0.0852
5194.890	27.4221	0.0789
5197.820	27.4659	0.0773
5200.750	27.3450	0.0851
5203.680	27.2660	0.0739
5206.610	27.2593	0.0908
5209.540	27.2423	0.0796
5212.470	27.1493	0.0990
5215.400	26.9264	0.0789
5218.330	26.8795	0.0735
5221.260	26.8752	0.0731
5224.190	26.7535	0.0732
5227.120	26.7966	0.0892
5230.050	26.8166	0.0755
5232.980	26.6510	0.0742
5235.910	26.6196	0.0806
5238.840	26.6690	0.0907
5241.770	26.5014	0.0803
5244.700	26.4006	0.0663
5247.630	26.4078	0.0685
5250.560	26.3239	0.0768
5253.490	26.2523	0.0741
5256.420	26.2885	0.0668
5259.350	26.2715	0.0611
5262.280	26.0365	0.0847
5265.210	26.0300	0.0778
5268.140	26.0383	0.0652
5271.070	26.0622	0.0800
5274.000	26.0073	0.0824
5276.930	25.8728	0.0770
5279.860	25.7365	0.0548
5282.790	25.7003	0.0594
5285.720	25.7364	0.0706
5288.650	25.6901	0.0648
5291.580	25.5921	0.0662
5294.510	25.5133	0.0681
5297.440	25.5268	0.0673
5300.370	25.4769	0.0664
5303.300	25.4632	0.0725
5306.230	25.4367	0.0620
5309.160	25.2787	0.0636
5312.090	25.1911	0.0580
5315.020	25.1022	0.0652
5317.950	25.0881	0.0743
5320.880	25.0682	0.0733
5323.810	25.0164	0.0771
5326.740	24.8479	0.0843
5329.670	24.9013	0.0785
5332.600	24.9169	0.0754
5335.530	24.8480	0.0647
5338.460	24.8013	0.0729
5341.390	24.6755	0.0695
5344.320	24.6649	0.0683
5347.250	24.6278	0.0660
5350.180	24.5945	0.0641
5353.110	24.4056	0.0772
5356.040	24.4265	0.0702
5358.970	24.4092	0.0599
5361.900	24.3399	0.0742
5364.830	24.3734	0.0715
5367.760	24.3259	0.0581
5370.690	24.1571	0.0641
5373.620	24.2061	0.0725
5376.550	24.2180	0.0775
5379.480	24.0387	0.0563
5382.410	23.9445	0.0651
5385.340	23.9271	0.0576
5388.270	23.9036	0.0553
5391.200	23.8306	0.0646
5394.130	23.7369	0.0602
5397.060	23.6973	0.0588
5399.990	23.5861	0.0626
5402.920	23.5440	0.0713
5405.850	23.5433	0.0744
5408.780	23.5260	0.0713
5411.710	23.5201	0.0692
5414.640	23.5154	0.0696
5417.570	23.4980	0.0563
5420.500	23.4218	0.0584
5423.430	23.3583	0.0544
5426.360	23.3226	0.0647
5429.290	23.2697	0.0556
5432.220	23.2441	0.0532
5435.150	23.2001	0.0608
5438.080	23.0894	0.0617
5441.010	23.0631	0.0629
5443.940	22.9874	0.0672
5446.870	22.9600	0.0538
5449.800	22.8789	0.0554
5452.730	22.7748	0.0463
5455.660	22.7294	0.0402
5458.590	22.7110	0.0436
5461.520	22.6525	0.0431
5464.450	22.5747	0.0418
5467.380	22.5635	0.0467
5470.310	22.5420	0.0517
5473.240	22.5214	0.0531
5476.170	22.5111	0.0559
5479.100	22.3995	0.0553
5482.030	22.3409	0.0516
5484.960	22.2785	0.0471
5487.890	22.2351	0.0413
5490.820	22.2362	0.0504
5493.750	22.2164	0.0513
5496.680	22.2330	0.0514
5499.610	22.1793	0.0454
5502.540	22.0862	0.0455
5505.470	21.9932	0.0489
5508.400	21.9461	0.0585
5511.330	21.8768	0.0629
5514.260	21.8398	0.0539
5517.190	21.8454	0.0510
5520.120	21.8383	0.0519
5523.050	21.8029	0.0535
5525.980	21.7834	0.0472
5528.910	21.7048	0.0521
5531.840	21.5966	0.0632
5534.770	21.5460	0.0619
5537.700	21.4943	0.0605
5540.630	21.4682	0.0541
5543.560	21.4448	0.0461
5546.490	21.4188	0.0498
5549.420	21.3808	0.0514
5552.350	21.3444	0.0501
5555.280	21.2774	0.0535
5558.210	21.2315	0.0557
5561.140	21.1798	0.0585
5564.070	21.1535	0.0569
5567.000	21.1492	0.0479
5569.930	21.1066	0.0470
5572.860	21.0258	0.0531
5575.790	20.9563	0.0666
5578.720	20.9222	0.0601
5581.650	20.8837	0.0557
5584.580	20.8860	0.0602
5587.510	20.8607	0.0614
5590.440	20.8165	0.0580
5593.370	20.7603	0.0535
5596.300	20.7079	0.0535
5599.230	20.6567	0.0509
5602.160	20.6114	0.0478
5605.090	20.5366	0.0534
5608.020	20.4857	0.0591
5610.950	20.4537	0.0547
5613.880	20.4395	0.0492
5616.810	20.4293	0.0538
5619.740	20.3946	0.0484
5622.670	20.3703	0.0467
5625.600	20.3310	0.0516
5628.530	20.2146	0.0584
5631.460	20.1994	0.0548
5634.390	20.1955	0.0534
5637.320	20.1271	0.0564
5640.250	20.0086	0.0655
5643.180	19.9676	0.0527
5646.110	19.9392	0.0515
5649.040	19.9374	0.0542
5651.970	19.9216	0.0470
5654.900	19.9045	0.0456
5657.830	19.8892	0.0540
5660.760	19.8680	0.0497
5663.690	19.8637	0.0468
5666.620	19.7737	0.0461
5669.550	19.7139	0.0481
5672.480	19.6389	0.0522
5675.410	19.5944	0.0586
5678.340	19.5545	0.0582
5681.270	19.5386	0.0612
5684.200	19.5123	0.0508
5687.130	19.5335	0.0517
5690.060	19.5084	0.0475
5692.990	19.4543	0.0511
5695.920	19.3719	0.0486
5698.850	19.3369	0.0489
5701.780	19.3073	0.0466
5704.710	19.2818	0.0510
5707.640	19.2494	0.0635
5710.570	19.2176	0.0580
5713.500	19.1189	0.0563
5716.430	19.0693	0.0548
5719.360	19.0251	0.0532
5722.290	19.0063	0.0475
5725.220	19.0159	0.0465
5728.150	18.9774	0.0429
5731.080	18.9266	0.0450
5734.010	18.8920	0.0391
5736.940	18.8508	0.0416
5739.870	18.8042	0.0388
5742.800	18.7588	0.0461
5745.730	18.7472	0.0436
5748.660	18.7245	0.0487
5751.590	18.6988	0.0466
5754.520	18.6210	0.0520
5757.450	18.5581	0.0523
5760.380	18.5602	0.0512
5763.310	18.5445	0.0465
5766.240	18.4743	0.0495
5769.170	18.4285	0.0469
5772.100	18.4331	0.0415
5775.030	18.4010	0.0408
5777.960	18.4037	0.0391
5780.890	18.3656	0.0428
5783.820	18.3056	0.0478
5786.750	18.2417	0.0468
5789.680	18.1936	0.0495
5792.610	18.1436	0.0450
5795.540	18.0968	0.0463
5798.470	18.0885	0.0462
5801.400	18.0608	0.0505
5804.330	18.0054	0.0525
5807.260	17.9758	0.0555
5810.190	17.9369	0.0506
5813.120	17.9357	0.0459
5816.050	17.9014	0.0445
5818.980	17.9128	0.0413
5821.910	17.8402	0.0421
5824.840	17.8055	0.0417
5827.770	17.7576	0.0462
5830.700	17.7096	0.0470
5833.630	17.7082	0.0416
5836.560	17.6732	0.0419
5839.490	17.6028	0.0470
5842.420	17.5855	0.0420
5845.350	17.5549	0.0432
5848.280	17.4909	0.0428
5851.210	17.4666	0.0487
5854.140	17.4534	0.0538
5857.070	17.4280	0.0549
5860.000	17.3511	0.0522
5862.930	17.3206	0.0492
5865.860	17.3211	0.0507
5868.790	17.3396	0.0576
5871.720	17.4158	0.1086
5874.650	17.4593	0.1209
5877.580	17.3212	0.0782
5880.510	17.1836	0.0389
5883.440	17.1275	0.0358
5886.370	17.1304	0.0579
5889.300	17.1326	0.0820
5892.230	17.1117	0.0738
5895.160	17.0599	0.0590
5898.090	17.0166	0.0453
5901.020	16.9287	0.0483
5903.950	16.9054	0.0491
5906.880	16.8611	0.0478
5909.810	16.8268	0.0459
5912.740	16.8083	0.0424
5915.670	16.7852	0.0401
5918.600	16.7476	0.0424
5921.530	16.6987	0.0506
5924.460	16.6962	0.0515
5927.390	16.6904	0.0510
5930.320	16.6446	0.0473
5933.250	16.6288	0.0434
5936.180	16.5882	0.0390
5939.110	16.5551	0.0366
5942.040	16.4792	0.0488
5944.970	16.4332	0.0512
5947.900	16.4383	0.0466
5950.830	16.4354	0.0454
5953.760	16.4138	0.0438
5956.690	16.3602	0.0454
5959.620	16.3261	0.0389
5962.550	16.3063	0.0384
5965.480	16.2619	0.0393
5968.410	16.2351	0.0443
5971.340	16.1916	0.0497
5974.270	16.1985	0.0493
5977.200	16.1690	0.0498
5980.130	16.1310	0.0463
5983.060	16.0856	0.0461
5985.990	16.0571	0.0476
5988.920	16.0198	0.0432
5991.850	15.9669	0.0456
5994.780	15.9374	0.0450
5997.710	15.9341	0.0483
6000.640	15.8918	0.0541
6003.570	15.8512	0.0539
6006.500	15.8526	0.0525
6009.430	15.8124	0.0512
6012.360	15.7874	0.0430
6015.290	15.7626	0.0406
6018.220	15.7377	0.0419
6021.150	15.7346	0.0398
6024.080	15.6914	0.0445
6027.010	15.6524	0.0383
6029.940	15.5936	0.0411
6032.870	15.5583	0.0412
6035.800	15.5265	0.0439
6038.730	15.5364	0.0338
6041.660	15.5222	0.0375
6044.590	15.4688	0.0425
6047.520	15.4346	0.0436
6050.450	15.4232	0.0451
6053.380	15.3811	0.0485
6056.310	15.3464	0.0476
6059.240	15.2978	0.0462
6062.170	15.2931	0.0449
6065.100	15.2910	0.0411
6068.030	15.2458	0.0383
6070.960	15.2141	0.0382
6073.890	15.1772	0.0361
6076.820	15.1649	0.0399
6079.750	15.1224	0.0382
6082.680	15.0874	0.0391
6085.610	15.0551	0.0454
6088.540	15.0316	0.0375
6091.470	14.9873	0.0423
6094.400	14.9310	0.0413
6097.330	14.9299	0.0391
6100.260	14.9554	0.0407
6103.190	14.9474	0.0386
6106.120	14.8909	0.0359
6109.050	14.8328	0.0386
6111.980	14.7995	0.0404
6114.910	14.7810	0.0399
6117.840	14.7486	0.0411
6120.770	14.7437	0.0387
6123.700	14.7168	0.0383
6126.630	14.6761	0.0409
6129.560	14.6756	0.0406
6132.490	14.6799	0.0366
6135.420	14.6832	0.0385
6138.350	14.6240	0.0426
6141.280	14.5859	0.0385
6144.210	14.5543	0.0365
6147.140	14.5172	0.0383
6150.070	14.4890	0.0356
6153.000	14.4591	0.0338
6155.930	14.4383	0.0354
6158.860	14.4227	0.0446
6161.790	14.4171	0.0514
6164.720	14.3789	0.0497
6167.650	14.3458	0.0456
6170.580	14.3366	0.0365
6173.510	14.2970	0.0370
6176.440	14.2445	0.0348
6179.370	14.1962	0.0348
6182.300	14.1835	0.0338
6185.230	14.1702	0.0329
6188.160	14.1617	0.0367
6191.090	14.1408	0.0427
6194.020	14.1004	0.0394
6196.950	14.0755	0.0393
6199.880	14.0708	0.0365
6202.810	14.0519	0.0329
6205.740	14.0081	0.0334
6208.670	13.9790	0.0348
6211.600	13.9440	0.0357
6214.530	13.9184	0.0376
6217.460	13.8862	0.0403
6220.390	13.8448	0.0355
6223.320	13.8205	0.0348
6226.250	13.8142	0.0375
6229.180	13.8071	0.0403
6232.110	13.7741	0.0365
6235.040	13.7365	0.0344
6237.970	13.7013	0.0413
6240.900	13.6919	0.0395
6243.830	13.6832	0.0376
6246.760	13.6544	0.0365
6249.690	13.6156	0.0369
6252.620	13.6148	0.0354
6255.550	13.6019	0.0349
6258.480	13.5951	0.0321
6261.410	13.5475	0.0345
6264.340	13.4955	0.0404
6267.270	13.4604	0.0366
6270.200	13.4520	0.0404
6273.130	13.4176	0.0363
6276.060	13.4193	0.0338
6278.990	13.4308	0.0354
6281.920	13.4340	0.0389
6284.850	13.3968	0.0438
6287.780	13.3822	0.0377
6290.710	13.3443	0.0329
6293.640	13.3300	0.0323
6296.570	13.3325	0.0334
6299.500	13.3136	0.0341
6302.430	13.2522	0.0334
6305.360	13.2185	0.0375
6308.290	13.1955	0.0426
6311.220	13.1944	0.0401
6314.150	13.1584	0.0461
6317.080	13.0817	0.0404
6320.010	13.0121	0.0358
6322.940	12.9462	0.0384
6325.870	12.8853	0.0400
6328.800	12.8620	0.0388
6331.730	12.8407	0.0297
6334.660	12.8154	0.0309
6337.590	12.8313	0.0295
6340.520	12.8562	0.0293
6343.450	12.8434	0.0284
6346.380	12.8217	0.0242
6349.310	12.8160	0.0275
6352.240	12.8100	0.0280
6355.170	12.7884	0.0309
6358.100	12.8008	0.0310
6361.030	12.7648	0.0285
6363.960	12.7125	0.0309
6366.890	12.6671	0.0325
6369.820	12.6405	0.0365
6372.750	12.6251	0.0361
6375.680	12.6141	0.0351
6378.610	12.5975	0.0348
6381.540	12.5654	0.0317
6384.470	12.5622	0.0305
6387.400	12.5526	0.0377
6390.330	12.5263	0.0311
6393.260	12.5011	0.0302
6396.190	12.4677	0.0333
6399.120	12.4357	0.0299
6402.050	12.3898	0.0314
6404.980	12.3489	0.0326
6407.910	12.3219	0.0371
6410.840	12.2973	0.0362
6413.770	12.2789	0.0329
6416.700	12.2723	0.0320
6419.630	12.2534	0.0305
6422.560	12.2432	0.0259
6425.490	12.2261	0.0311
6428.420	12.1902	0.0325
6431.350	12.1632	0.0300
6434.280	12.1468	0.0319
6437.210	12.1092	0.0371
6440.140	12.0743	0.0404
6443.070	12.0237	0.0357
6446.000	12.0107	0.0341
6448.930	11.9973	0.0343
6451.860	11.9875	0.0354
6454.790	11.9617	0.0321
6457.720	11.9297	0.0363
6460.650	11.9083	0.0349
6463.580	11.8851	0.0303
6466.510	11.8675	0.0296
6469.440	11.8108	0.0305
6472.370	11.7607	0.0310
6475.300	11.7178	0.0298
6478.230	11.6871	0.0292
6481.160	11.6907	0.0310
6484.090	11.6722	0.0311
6487.020	11.6314	0.0316
6489.950	11.5987	0.0307
6492.880	11.5984	0.0358
6495.810	11.5780	0.0398
6498.740	11.5037	0.0343
6501.670	11.4126	0.0329
6504.600	11.3448	0.0363
6507.530	11.3146	0.0346
6510.460	11.2648	0.0344
6513.390	11.2101	0.0325
6516.320	11.1315	0.0349
6519.250	11.0284	0.0354
6522.180	10.9547	0.0361
6525.110	10.8943	0.0323
6528.040	10.8191	0.0314
6530.970	10.7070	0.0304
6533.900	10.5857	0.0276
6536.830	10.4605	0.0283
6539.760	10.3292	0.0295
6542.690	10.1687	0.0356
6545.620	9.9654	0.0356
6548.550	9.7379	0.0378
6551.480	9.5110	0.0456
6554.410	9.3218	0.0489
6557.340	9.1518	0.0467
6560.270	8.9930	0.0581
6563.200	8.8218	0.0626
6566.130	8.7964	0.0409
6569.060	8.9271	0.0416
6571.990	9.1066	0.0225
6574.920	9.3128	0.0213
6577.850	9.5028	0.0218
6580.780	9.6913	0.0224
6583.710	9.8696	0.0214
6586.640	10.0036	0.0248
6589.570	10.1084	0.0317
6592.500	10.2119	0.0353
6595.430	10.2954	0.0279
6598.360	10.3734	0.0277
6601.290	10.4283	0.0282
6604.220	10.4931	0.0261
6607.150	10.5359	0.0271
6610.080	10.5552	0.0284
6613.010	10.5694	0.0286
6615.940	10.6005	0.0295
6618.870	10.6257	0.0268
6621.800	10.6348	0.0260
6624.730	10.6418	0.0289
6627.660	10.6465	0.0277
6630.590	10.6513	0.0306
6633.520	10.6534	0.0316
6636.450	10.6449	0.0306
6639.380	10.6448	0.0308
6642.310	10.6403	0.0322
6645.240	10.6133	0.0335
6648.170	10.6107	0.0291
6651.100	10.6138	0.0274
6654.030	10.6078	0.0300
6656.960	10.6125	0.0263
6659.890	10.5951	0.0293
6662.820	10.5806	0.0315
6665.750	10.5569	0.0357
6668.680	10.5649	0.0275
6671.610	10.5909	0.0303
6674.540	10.6337	0.0536
6677.470	10.6466	0.0624
6680.400	10.5733	0.0437
6683.330	10.5019	0.0316
6686.260	10.4816	0.0289
6689.190	10.4805	0.0246
6692.120	10.4627	0.0243
6695.050	10.4489	0.0292
6697.980	10.4266	0.0323
6700.910	10.4142	0.0299
6703.840	10.4017	0.0298
6706.770	10.3871	0.0278
6709.700	10.3675	0.0314
6712.630	10.3742	0.0280
6715.560	10.3599	0.0277
6718.490	10.3278	0.0299
6721.420	10.3067	0.0347
6724.350	10.2838	0.0327
6727.280	10.2541	0.0316
6730.210	10.2280	0.0329
6733.140	10.2225	0.0304
6736.070	10.2213	0.0294
6739.000	10.2224	0.0259
6741.930	10.2227	0.0259
6744.860	10.2114	0.0290
6747.790	10.1946	0.0306
6750.720	10.1817	0.0297
6753.650	10.1486	0.0308
6756.580	10.1173	0.0257
6759.510	10.1096	0.0239
6762.440	10.0864	0.0247
6765.370	10.0690	0.0278
6768.300	10.0585	0.0264
6771.230	10.0492	0.0265
6774.160	10.0229	0.0295
6777.090	10.0037	0.0274
6780.020	10.0002	0.0264
6782.950	9.9916	0.0242
6785.880	9.9669	0.0227
6788.810	9.9405	0.0257
6791.740	9.9202	0.0270
6794.670	9.9177	0.0248
6797.600	9.8971	0.0244
6800.530	9.8785	0.0256
6803.460	9.8660	0.0223
6806.390	9.8529	0.0256
6809.320	9.8429	0.0248
6812.250	9.8462	0.0209
6815.180	9.8252	0.0220
6818.110	9.7939	0.0226
6821.040	9.7650	0.0236
6823.970	9.7424	0.0274
6826.900	9.7411	0.0287
6829.830	9.7239	0.0286
6832.760	9.7150	0.0274
6835.690	9.7083	0.0271
6838.620	9.7002	0.0273
6841.550	9.6760	0.0229
6844.480	9.6444	0.0244
6847.410	9.6236	0.0259
6850.340	9.6118	0.0268
6853.270	9.5937	0.0284
6856.200	9.5741	0.0284
6859.130	9.5633	0.0303
6862.060	9.5511	0.0267
6864.990	9.5576	0.0270
6867.920	9.5490	0.0281
6870.850	9.4999	0.0254
6873.780	9.4570	0.0226
6876.710	9.4634	0.0221
6879.640	9.4561	0.0248
6882.570	9.4396	0.0287
6885.500	9.4350	0.0340
6888.430	9.4354	0.0301
6891.360	9.4198	0.0270
6894.290	9.3976	0.0241
6897.220	9.3948	0.0229
6900.150	9.3866	0.0208
6903.080	9.3671	0.0225
6906.010	9.3501	0.0223
6908.940	9.3294	0.0245
6911.870	9.3026	0.0256
6914.800	9.2928	0.0239
6917.730	9.2655	0.0232
6920.660	9.2482	0.0238
6923.590	9.2401	0.0225
6926.520	9.2360	0.0216
6929.450	9.2165	0.0216
6932.380	9.2000	0.0216
6935.310	9.1890	0.0196
6938.240	9.1731	0.0219
6941.170	9.1622	0.0213
6944.100	9.1562	0.0216
6947.030	9.1322	0.0238
6949.960	9.1020	0.0246
6952.890	9.0859	0.0233
6955.820	9.0662	0.0222
6958.750	9.0499	0.0214
6961.680	9.0422	0.0222
6964.610	9.0259	0.0245
6967.540	9.0156	0.0241
6970.470	9.0061	0.0242
6973.400	9.0048	0.0231
6976.330	9.0083	0.0231
6979.260	8.9911	0.0244
6982.190	8.9659	0.0221
6985.120	8.9386	0.0227
6988.050	8.9184	0.0234
6990.980	8.8962	0.0259
6993.910	8.8756	0.0258
6996.840	8.8782	0.0242
6999.770	8.8707	0.0253
7002.700	8.8565	0.0255
7005.630	8.8340	0.0248
7008.560	8.8017	0.0242
7011.490	8.7836	0.0229
7014.420	8.7872	0.0200
7017.350	8.7756	0.0208
7020.280	8.7706	0.0219
7023.210	8.7600	0.0235
7026.140	8.7450	0.0233
7029.070	8.7364	0.0218
7032.000	8.7328	0.0189
7034.930	8.7147	0.0181
7037.860	8.6958	0.0177
7040.790	8.6805	0.0184
7043.720	8.6627	0.0215
7046.650	8.6440	0.0211
7049.580	8.6330	0.0191
7052.510	8.6241	0.0195
7055.440	8.6132	0.0216
7058.370	8.6178	0.0261
7061.300	8.6216	0.0320
7064.230	8.6141	0.0418
7067.160	8.5724	0.0327
7070.090	8.5229	0.0203
7073.020	8.4963	0.0207
7075.950	8.4930	0.0218
7078.880	8.4941	0.0203
7081.810	8.4696	0.0191
7084.740	8.4456	0.0203
7087.670	8.4493	0.0194
7090.600	8.4293	0.0184
7093.530	8.4127	0.0192
7096.460	8.3953	0.0185
7099.390	8.3864	0.0189
7102.320	8.3871	0.0211
7105.250	8.3832	0.0238
7108.180	8.3640	0.0233
7111.110	8.3441	0.0224
7114.040	8.3317	0.0201
7116.970	8.3151	0.0213
7119.900	8.3081	0.0231
7122.830	8.3042	0.0239
7125.760	8.2908	0.0218
7128.690	8.2756	0.0195
7131.620	8.2636	0.0194
7134.550	8.2525	0.0200
7137.480	8.2418	0.0188
7140.410	8.2375	0.0192
7143.340	8.2395	0.0236
7146.270	8.2218	0.0214
7149.200	8.1874	0.0223
7152.130	8.1557	0.0226
7155.060	8.1508	0.0214
7157.990	8.1441	0.0214
7160.920	8.1341	0.0210
7163.850	8.1224	0.0240
7166.780	8.1010	0.0242
7169.710	8.0944	0.0278
7172.640	8.0867	0.0283
7175.570	8.0749	0.0265
7178.500	8.0535	0.0248
7181.430	8.0395	0.0223
7184.360	8.0237	0.0214
7187.290	8.0092	0.0192
7190.220	7.9915	0.0192
7193.150	7.9776	0.0182
7196.080	7.9723	0.0187
7199.010	7.9691	0.0222
7201.940	7.9483	0.0211
7204.870	7.9365	0.0199
7207.800	7.9295	0.0188
7210.730	7.9174	0.0181
7213.660	7.9057	0.0187
7216.590	7.8961	0.0188
7219.520	7.9076	0.0213
7222.450	7.8965	0.0303
7225.380	7.8761	0.0281
7228.310	7.8460	0.0221
7231.240	7.8290	0.0203
7234.170	7.8308	0.0198
7237.100	7.8172	0.0190
7240.030	7.8041	0.0200
7242.960	7.8023	0.0216
7245.890	7.7891	0.0238
7248.820	7.7858	0.0220
7251.750	7.7723	0.0220
7254.680	7.7475	0.0203
7257.610	7.7202	0.0187
7260.540	7.6967	0.0167
7263.470	7.6812	0.0192
7266.400	7.6659	0.0188
7269.330	7.6584	0.0222
7272.260	7.6517	0.0220
7275.190	7.6426	0.0217
7278.120	7.6551	0.0243
7281.050	7.6560	0.0262
7283.980	7.6365	0.0215
7286.910	7.6091	0.0223
7289.840	7.5911	0.0237
7292.770	7.5712	0.0216
7295.700	7.5543	0.0213
7298.630	7.5475	0.0213
7301.560	7.5464	0.0207
7304.490	7.5433	0.0204
7307.420	7.5239	0.0197
7310.350	7.5100	0.0193
7313.280	7.5023	0.0199
7316.210	7.4899	0.0198
7319.140	7.4791	0.0177
7322.070	7.4710	0.0180
7325.000	7.4649	0.0198
7327.930	7.4553	0.0201
7330.860	7.4438	0.0195
7333.790	7.4169	0.0225
7336.720	7.3882	0.0246
7339.650	7.3845	0.0217
7342.580	7.3858	0.0191
7345.510	7.3862	0.0173
7348.440	7.3790	0.0174
7351.370	7.3569	0.0219
7354.300	7.3410	0.0232
7357.230	7.3377	0.0194
7360.160	7.3191	0.0194
7363.090	7.2982	0.0194
7366.020	7.2832	0.0193
7368.950	7.2877	0.0179
7371.880	7.2916	0.0181
7374.810	7.2834	0.0170
7377.740	7.2731	0.0188
7380.670	7.2576	0.0180
7383.600	7.2439	0.0201
7386.530	7.2336	0.0199
7389.460	7.2304	0.0187
7392.390	7.2181	0.0176
7395.320	7.1935	0.0173
7398.250	7.1712	0.0171
7401.180	7.1518	0.0169
7404.110	7.1413	0.0175
7407.040	7.1412	0.0187
7409.970	7.1332	0.0206
7412.900	7.1209	0.0223
7415.830	7.1127	0.0202
7418.760	7.1118	0.0176
7421.690	7.1085	0.0194
7424.620	7.0987	0.0198
7427.550	7.0812	0.0171
7430.480	7.0801	0.0178
7433.410	7.0599	0.0176
7436.340	7.0347	0.0173
7439.270	7.0264	0.0190
7442.200	7.0276	0.0170
7445.130	7.0272	0.0187
7448.060	7.0121	0.0194
7450.990	6.9826	0.0202
7453.920	6.9606	0.0218
7456.850	6.9563	0.0195
7459.780	6.9498	0.0203
7462.710	6.9393	0.0204
7465.640	6.9273	0.0214
7468.570	6.9221	0.0202
7471.500	6.9099	0.0206
7474.430	6.8998	0.0230
7477.360	6.8805	0.0218
7480.290	6.8697	0.0213
7483.220	6.8667	0.0195
7486.150	6.8530	0.0190
7489.080	6.8438	0.0187
7492.010	6.8308	0.0205
7494.940	6.8163	0.0208
7497.870	6.7934	0.0216
7500.800	6.7861	0.0206
7503.730	6.7902	0.0195
7506.660	6.7832	0.0187
7509.590	6.7840	0.0186
7512.520	6.7742	0.0189
7515.450	6.7673	0.0163
7518.380	6.7592	0.0180
7521.310	6.7464	0.0196
7524.240	6.7354	0.0208
7527.170	6.7196	0.0192
7530.100	6.7070	0.0194
7533.030	6.6997	0.0195
7535.960	6.6843	0.0167
7538.890	6.6740	0.0181
7541.820	6.6585	0.0197
7544.750	6.6498	0.0188
7547.680	6.6374	0.0153
7550.610	6.6273	0.0163
7553.540	6.6298	0.0154
7556.470	6.6274	0.0159
7559.400	6.6075	0.0178
7562.330	6.5962	0.0195
7565.260	6.5806	0.0226
7568.190	6.5660	0.0236
7571.120	6.5660	0.0193
7574.050	6.5596	0.0167
7576.980	6.5461	0.0159
7579.910	6.5364	0.0181
7582.840	6.5357	0.0203
7585.770	6.5349	0.0237
7588.700	6.5129	0.0250
7591.630	6.5033	0.0276
7594.560	6.5101	0.0294
7597.490	6.5246	0.0290
7600.420	6.5059	0.0261
7603.350	6.4846	0.0236
7606.280	6.4584	0.0186
7609.210	6.4149	0.0185
7612.140	6.3940	0.0153
7615.070	6.4034	0.0170
7618.000	6.4069	0.0166
7620.930	6.4124	0.0188
7623.860	6.4157	0.0243
7626.790	6.3967	0.0216
7629.720	6.3740	0.0209
7632.650	6.3608	0.0176
7635.580	6.3455	0.0144
7638.510	6.3283	0.0162
7641.440	6.3171	0.0206
7644.370	6.3167	0.0178
7647.300	6.3266	0.0163
7650.230	6.3100	0.0186
7653.160	6.2950	0.0173
7656.090	6.2961	0.0204
7659.020	6.2968	0.0221
7661.950	6.2965	0.0214
7664.880	6.2922	0.0192
7667.810	6.2796	0.0145
7670.740	6.2609	0.0149
7673.670	6.2520	0.0169
7676.600	6.2379	0.0179
7679.530	6.2168	0.0190
7682.460	6.2076	0.0176
7685.390	6.1859	0.0204
7688.320	6.1670	0.0198
7691.250	6.1682	0.0190
7694.180	6.1670	0.0170
7697.110	6.1695	0.0163
7700.040	6.1731	0.0166
7702.970	6.1471	0.0162
7705.900	6.1263	0.0160
7708.830	6.1240	0.0164
7711.760	6.1270	0.0175
7714.690	6.1201	0.0174
7717.620	6.1173	0.0153
7720.550	6.1049	0.0186
7723.480	6.0995	0.0200
7726.410	6.1010	0.0180
7729.340	6.0927	0.0189
7732.270	6.0671	0.0193
7735.200	6.0440	0.0162
7738.130	6.0487	0.0170
7741.060	6.0419	0.0146
7743.990	6.0261	0.0169
7746.920	6.0239	0.0154
7749.850	6.0305	0.0141
7752.780	6.0093	0.0148
7755.710	5.9974	0.0165
7758.640	5.9859	0.0145
7761.570	5.9605	0.0162
7764.500	5.9450	0.0156
7767.430	5.9504	0.0140
7770.360	5.9501	0.0174
7773.290	5.9461	0.0189
7776.220	5.9353	0.0169
7779.150	5.9142	0.0175
7782.080	5.9130	0.0151
7785.010	5.9071	0.0162
7787.940	5.8942	0.0156
7790.870	5.8819	0.0141
7793.800	5.8659	0.0142
7796.730	5.8685	0.0146
7799.660	5.8688	0.0148
7802.590	5.8531	0.0174
7805.520	5.8392	0.0201
7808.450	5.8341	0.0179
7811.380	5.8269	0.0163
7814.310	5.8188	0.0150
7817.240	5.8071	0.0158
7820.170	5.8101	0.0156
7823.100	5.8043	0.0152
7826.030	5.7936	0.0158
7828.960	5.7848	0.0173
7831.890	5.7739	0.0191
7834.820	5.7627	0.0170
7837.750	5.7510	0.0163
7840.680	5.7396	0.0154
7843.610	5.7196	0.0146
7846.540	5.7111	0.0169
7849.470	5.7146	0.0188
7852.400	5.7233	0.0175
7855.330	5.7128	0.0189
7858.260	5.7011	0.0164
7861.190	5.6910	0.0156
7864.120	5.6938	0.0164
7867.050	5.6767	0.0170
7869.980	5.6593	0.0187
7872.910	5.6522	0.0173
7875.840	5.6384	0.0169
7878.770	5.6381	0.0158
7881.700	5.6241	0.0156
7884.630	5.6034	0.0172
7887.560	5.5992	0.0168
7890.490	5.6122	0.0142
7893.420	5.6256	0.0143
7896.350	5.6229	0.0153
7899.280	5.6169	0.0184
7902.210	5.6026	0.0176
7905.140	5.5838	0.0183
7908.070	5.5691	0.0182
7911.000	5.5567	0.0195
7913.930	5.5412	0.0185
7916.860	5.5250	0.0177
7919.790	5.5179	0.0156
7922.720	5.5100	0.0188
7925.650	5.4983	0.0163
7928.580	5.5085	0.0152
7931.510	5.5016	0.0161
7934.440	5.4868	0.0159
7937.370	5.4790	0.0153
7940.300	5.4838	0.0139
7943.230	5.4883	0.0134
7946.160	5.4853	0.0137
7949.090	5.4706	0.0140
7952.020	5.4469	0.0144
7954.950	5.4365	0.0147
7957.880	5.4174	0.0163
7960.810	5.4089	0.0176
7963.740	5.4087	0.0183
7966.670	5.4077	0.0170
7969.600	5.3857	0.0161
7972.530	5.3922	0.0178
7975.460	5.3919	0.0161
7978.390	5.4000	0.0169
7981.320	5.3877	0.0156
7984.250	5.3646	0.0153
7987.180	5.3506	0.0173
7990.110	5.3459	0.0178
7993.040	5.3481	0.0155
7995.970	5.3415	0.0155
7998.900	5.3208	0.0145
8001.830	5.3025	0.0141
8004.760	5.2976	0.0118
8007.690	5.3031	0.0107
8010.620	5.3094	0.0105
8013.550	5.3064	0.0122
8016.480	5.3079	0.0150
8019.410	5.3024	0.0159
8022.340	5.2975	0.0159
8025.270	5.3043	0.0147
8028.200	5.2844	0.0172
8031.130	5.2512	0.0152
8034.060	5.2202	0.0139
8036.990	5.2093	0.0143
8039.920	5.2074	0.0146
8042.850	5.2102	0.0142
8045.780	5.2031	0.0141
8048.710	5.1850	0.0152
8051.640	5.1773	0.0155
8054.570	5.1593	0.0185
8057.500	5.1535	0.0157
8060.430	5.1589	0.0138
8063.360	5.1648	0.0142
8066.290	5.1674	0.0123
8069.220	5.1600	0.0154
8072.150	5.1573	0.0148
8075.080	5.1543	0.0147
8078.010	5.1439	0.0166
8080.940	5.1215	0.0177
8083.870	5.1091	0.0156
8086.800	5.0898	0.0142
8089.730	5.0819	0.0141
8092.660	5.0865	0.0142
8095.590	5.0820	0.0141
8098.520	5.0656	0.0141
8101.450	5.0549	0.0153
8104.380	5.0507	0.0151
8107.310	5.0446	0.0160
8110.240	5.0373	0.0145
8113.170	5.0408	0.0158
8116.100	5.0383	0.0174
8119.030	5.0357	0.0160
8121.960	5.0304	0.0154
8124.890	5.0365	0.0136
8127.820	5.0356	0.0121
8130.750	5.0270	0.0134
8133.680	5.0029	0.0119
8136.610	4.9831	0.0139
8139.540	4.9682	0.0139
8142.470	4.9626	0.0148
8145.400	4.9591	0.0120
8148.330	4.9593	0.0118
8151.260	4.9609	0.0126
8154.190	4.9530	0.0133
8157.120	4.9481	0.0152
8160.050	4.9436	0.0151
8162.980	4.9397	0.0161
8165.910	4.9218	0.0170
8168.840	4.8998	0.0201
8171.770	4.8906	0.0189
8174.700	4.8992	0.0171
8177.630	4.8984	0.0166
8180.560	4.8810	0.0182
8183.490	4.8585	0.0193
8186.420	4.8542	0.0164
8189.350	4.8513	0.0160
8192.280	4.8580	0.0150
8195.210	4.8541	0.0159
8198.140	4.8308	0.0127
8201.070	4.8202	0.0123
8204.000	4.8124	0.0132
8206.930	4.8120	0.0143
8209.860	4.8128	0.0127
8212.790	4.8194	0.0121
8215.720	4.8149	0.0107
8218.650	4.8103	0.0130
8221.580	4.7986	0.0153
8224.510	4.7902	0.0172
8227.440	4.7742	0.0207
8230.370	4.7639	0.0252
8233.300	4.7685	0.0215
8236.230	4.7701	0.0177
8239.160	4.7549	0.0152
8242.090	4.7422	0.0106
8245.020	4.7429	0.0105
8247.950	4.7291	0.0122
8250.880	4.7214	0.0118
8253.810	4.7103	0.0128
8256.740	4.6972	0.0155
8259.670	4.6867	0.0135
8262.600	4.6848	0.0130
8265.530	4.6724	0.0128
8268.460	4.6685	0.0129
8271.390	4.6783	0.0117
8274.320	4.6802	0.0105
8277.250	4.6714	0.0100
8280.180	4.6647	0.0122
8283.110	4.6593	0.0113
8286.040	4.6425	0.0116
8288.970	4.6377	0.0129
8291.900	4.6251	0.0139
8294.830	4.6033	0.0136
8297.760	4.5973	0.0142
8300.690	4.5931	0.0119
8303.620	4.5945	0.0101
8306.550	4.5960	0.0120
8309.480	4.5930	0.0142
8312.410	4.5902	0.0140
8315.340	4.5833	0.0155
8318.270	4.5882	0.0150
8321.200	4.5822	0.0143
8324.130	4.5813	0.0135
8327.060	4.5707	0.0163
8329.990	4.5565	0.0166
8332.920	4.5486	0.0161
8335.850	4.5343	0.0157
8338.780	4.5145	0.0154
8341.710	4.5137	0.0158
8344.640	4.5135	0.0148
8347.570	4.4956	0.0119
8350.500	4.4842	0.0138
8353.430	4.4748	0.0147
8356.360	4.4704	0.0125
8359.290	4.4776	0.0127
8362.220	4.4717	0.0155
8365.150	4.4618	0.0156
8368.080	4.4483	0.0125
8371.010	4.4624	0.0108
8373.940	4.4744	0.0106
8376.870	4.4658	0.0140
8379.800	4.4582	0.0161
8382.730	4.4515	0.0169
8385.660	4.4670	0.0136
8388.590	4.4545	0.0119
8391.520	4.4296	0.0116
8394.450	4.4183	0.0139
8397.380	4.4256	0.0148
8400.310	4.4024	0.0127
8403.240	4.3860	0.0097
8406.170	4.3931	0.0091
8409.100	4.3972	0.0111
8412.030	4.3915	0.0140
8414.960	4.3779	0.0163
8417.890	4.3691	0.0115
8420.820	4.3710	0.0098
8423.750	4.3651	0.0104
8426.680	4.3521	0.0137
8429.610	4.3624	0.0178
8432.540	4.3629	0.0140
8435.470	4.3468	0.0145
8438.400	4.3289	0.0137
8441.330	4.3235	0.0123
8444.260	4.3122	0.0113
8447.190	4.3029	0.0117
8450.120	4.3025	0.0182
8453.050	4.2965	0.0131
8455.980	4.2833	0.0117
8458.910	4.2755	0.0155
8461.840	4.2925	0.0157
8464.770	4.3063	0.0159
8467.700	4.2986	0.0149
8470.630	4.2791	0.0125
8473.560	4.2676	0.0125
8476.490	4.2680	0.0137
8479.420	4.2612	0.0134
8482.350	4.2573	0.0132
8485.280	4.2466	0.0167
8488.210	4.2398	0.0162
8491.140	4.2478	0.0155
8494.070	4.2766	0.0205
8497.000	4.2817	0.0286
8499.930	4.2286	0.0209
8502.860	4.1955	0.0157
8505.790	4.1822	0.0162
8508.720	4.1653	0.0149
8511.650	4.1654	0.0133
8514.580	4.1596	0.0154
8517.510	4.1510	0.0139
8520.440	4.1359	0.0130
8523.370	4.1371	0.0132
8526.300	4.1404	0.0151
8529.230	4.1287	0.0182
8532.160	4.1367	0.0159
8535.090	4.1655	0.0151
8538.020	4.2265	0.0329
8540.950	4.2404	0.0419
8543.880	4.2035	0.0297
8546.810	4.1431	0.0164
8549.740	4.1179	0.0190
8552.670	4.0888	0.0161
8555.600	4.0873	0.0123
8558.530	4.0918	0.0115
8561.460	4.1058	0.0121
8564.390	4.1111	0.0126
8567.320	4.1064	0.0123
8570.250	4.1019	0.0127
8573.180	4.0912	0.0134
8576.110	4.0806	0.0142
8579.040	4.0816	0.0152
8581.970	4.0631	0.0168
8584.900	4.0447	0.0157
8587.830	4.0286	0.0152
8590.760	4.0288	0.0113
8593.690	4.0300	0.0109
8596.620	4.0214	0.0110
8599.550	4.0068	0.0139
8602.480	4.0118	0.0129
8605.410	4.0179	0.0099
8608.340	4.0258	0.0083
8611.270	4.0197	0.0087
8614.200	4.0240	0.0109
8617.130	4.0210	0.0097
8620.060	4.0007	0.0132
8622.990	3.9803	0.0187
8625.920	3.9726	0.0159
8628.850	3.9776	0.0138
8631.780	3.9670	0.0121
8634.710	3.9488	0.0154
8637.640	3.9408	0.0161
8640.570	3.9392	0.0156
8643.500	3.9376	0.0137
8646.430	3.9360	0.0130
8649.360	3.9117	0.0142
8652.290	3.8989	0.0143
8655.220	3.9313	0.0092
8658.150	3.9776	0.0286
8661.080	4.0009	0.0353
8664.010	3.9618	0.0264
8666.940	3.9046	0.0162
8669.870	3.8847	0.0149
8672.800	3.8868	0.0134
8675.730	3.8728	0.0133
8678.660	3.8692	0.0132
8681.590	3.8818	0.0124
8684.520	3.8844	0.0117
8687.450	3.8818	0.0121
8690.380	3.8726	0.0119
8693.310	3.8663	0.0113
8696.240	3.8676	0.0109
8699.170	3.8681	0.0116
8702.100	3.8668	0.0119
8705.030	3.8529	0.0124
8707.960	3.8484	0.0121
8710.890	3.8497	0.0116
8713.820	3.8444	0.0117
8716.750	3.8296	0.0100
8719.680	3.8075	0.0105
8722.610	3.7944	0.0119
8725.540	3.8005	0.0097
8728.470	3.8160	0.0083
8731.400	3.8144	0.0083
8734.330	3.8019	0.0095
8737.260	3.7937	0.0106
8740.190	3.7857	0.0101
8743.120	3.7755	0.0101
8746.050	3.7712	0.0098
8748.980	3.7739	0.0097
8751.910	3.7737	0.0114
8754.840	3.7628	0.0103
8757.770	3.7711	0.0102
8760.700	3.7656	0.0112
8763.630	3.7670	0.0118
8766.560	3.7739	0.0129
8769.490	3.7605	0.0138
8772.420	3.7463	0.0131
8775.350	3.7357	0.0133
8778.280	3.7266	0.0122
8781.210	3.7044	0.0134
8784.140	3.6866	0.0137
8787.070	3.6886	0.0138
8790.000	3.7005	0.0112
8792.930	3.6939	0.0097
8795.860	3.6803	0.0090
8798.790	3.6754	0.0095
8801.720	3.6878	0.0118
8804.650	3.7097	0.0153
8807.580	3.7082	0.0136
8810.510	3.6848	0.0140
8813.440	3.6697	0.0147
8816.370	3.6470	0.0140
8819.300	3.6340	0.0130
8822.230	3.6474	0.0130
8825.160	3.6574	0.0138
8828.090	3.6399	0.0113
8831.020	3.6215	0.0110
8833.950	3.6283	0.0112
8836.880	3.6397	0.0105
8839.810	3.6442	0.0086
8842.740	3.6448	0.0093
8845.670	3.6310	0.0113
8848.600	3.6194	0.0150
8851.530	3.6105	0.0143
8854.460	3.6011	0.0130
8857.390	3.5938	0.0117
8860.320	3.5928	0.0093
8863.250	3.5846	0.0111
8866.180	3.5802	0.0127
8869.110	3.5751	0.0117
8872.040	3.5718	0.0100
8874.970	3.5718	0.0099
8877.900	3.5716	0.0067
8880.830	3.5739	0.0089
8883.760	3.5855	0.0114
8886.690	3.5655	0.0099
8889.620	3.5467	0.0069
8892.550	3.5325	0.0092
8895.480	3.5281	0.0126
8898.410	3.5293	0.0133
8901.340	3.5274	0.0129
8904.270	3.5156	0.0120
8907.200	3.4995	0.0115
8910.130	3.5060	0.0093
8913.060	3.5202	0.0114
8915.990	3.5393	0.0104
8918.920	3.5427	0.0098
8921.850	3.5290	0.0118
8924.780	3.5209	0.0133
8927.710	3.5073	0.0129
8930.640	3.4812	0.0104
8933.570	3.4587	0.0099
8936.500	3.4414	0.0103
8939.430	3.4509	0.0125
8942.360	3.4643	0.0121
8945.290	3.4638	0.0108
8948.220	3.4576	0.0106
8951.150	3.4620	0.0096
8954.080	3.4723	0.0112
8957.010	3.4756	0.0111
8959.940	3.4515	0.0078
8962.870	3.4410	0.0081
8965.800	3.4453	0.0102
8968.730	3.4388	0.0115
8971.660	3.4157	0.0135
8974.590	3.3983	0.0126
8977.520	3.3893	0.0122
8980.450	3.3952	0.0102
8983.380	3.3973	0.0092
8986.310	3.4006	0.0105
8989.240	3.4027	0.0115
8992.170	3.3947	0.0110
8995.100	3.3878	0.0129
8998.030	3.3996	0.0137
9000.960	3.3881	0.0118
9003.890	3.3702	0.0096
9006.820	3.3620	0.0104
9009.750	3.3641	0.0114
9012.680	3.3743	0.0147
9015.610	3.3887	0.0150
9018.540	3.3892	0.0116
9021.470	3.3822	0.0115
9024.400	3.3721	0.0128
9027.330	3.3533	0.0129
9030.260	3.3396	0.0098
9033.190	3.3328	0.0061
9036.120	3.3276	0.0070
9039.050	3.3231	0.0071
9041.980	3.3165	0.0106
9044.910	3.3140	0.0112
9047.840	3.3138	0.0134
9050.770	3.3030	0.0129
9053.700	3.2924	0.0107
9056.630	3.2936	0.0075
9059.560	3.2957	0.0092
9062.490	3.2988	0.0105
9065.420	3.2912	0.0122
9068.350	3.2951	0.0134
9071.280	3.3130	0.0122
9074.210	3.3262	0.0109
9077.140	3.3236	0.0104
9080.070	3.3036	0.0126
9083.000	3.2908	0.0104
9085.930	3.2830	0.0101
9088.860	3.2753	0.0110
9091.790	3.2629	0.0121
9094.720	3.2539	0.0095
9097.650	3.2465	0.0096
9100.580	3.2392	0.0112
9103.510	3.2330	0.0112
9106.440	3.2404	0.0107
9109.370	3.2504	0.0120
9112.300	3.2536	0.0124
9115.230	3.2433	0.0140
9118.160	3.2227	0.0141
9121.090	3.1949	0.0111
9124.020	3.1837	0.0094
9126.950	3.1900	0.0090
9129.880	3.1942	0.0113
9132.810	3.1959	0.0129
9135.740	3.2011	0.0111
9138.670	3.1980	0.0117
9141.600	3.2019	0.0110
9144.530	3.2002	0.0110
9147.460	3.1945	0.0095
9150.390	3.1908	0.0093
9153.320	3.1862	0.0110
9156.250	3.1884	0.0111
9159.180	3.1874	0.0116
9162.110	3.1779	0.0110
9165.040	3.1514	0.0117
9167.970	3.1329	0.0112
9170.900	3.1197	0.0101
9173.830	3.1104	0.0117
9176.760	3.1088	0.0114
9179.690	3.1073	0.0116
9182.620	3.1136	0.0121
9185.550	3.1326	0.0097
9188.480	3.1416	0.0100
9191.410	3.1406	0.0099
9194.340	3.1220	0.0097
9197.270	3.0980	0.0111
9200.200	3.0899	0.0103
9203.130	3.0882	0.0123
9206.060	3.0867	0.0114
9208.990	3.0846	0.0111
9211.920	3.0721	0.0108
9214.850	3.0624	0.0109
9217.780	3.0494	0.0115
9220.710	3.0470	0.0105
9223.640	3.0577	0.0092
9226.570	3.0730	0.0104
9229.500	3.0880	0.0110
9232.430	3.0912	0.0118
9235.360	3.0716	0.0101
9238.290	3.0438	0.0086
9241.220	3.0318	0.0095
9244.150	3.0277	0.0110
9247.080	3.0279	0.0130
9250.010	3.0258	0.0131
9252.940	3.0361	0.0112
9255.870	3.0463	0.0099
9258.800	3.0358	0.0105
9261.730	3.0198	0.0113
9264.660	3.0040	0.0114
9267.590	2.9982	0.0111
9270.520	2.9989	0.0122
9273.450	3.0019	0.0124
9276.380	3.0032	0.0135
9279.310	3.0038	0.0144
9282.240	2.9901	0.0115
9285.170	2.9873	0.0099
9288.100	3.0011	0.0099
9291.030	3.0105	0.0082
9293.960	3.0179	0.0074
9296.890	3.0313	0.0088
9299.820	3.0455	0.0106
9302.750	3.0451	0.0128
9305.680	3.0269	0.0106
9308.610	3.0087	0.0104
9311.540	2.9819	0.0102
9314.470	2.9580	0.0131
9317.400	2.9446	0.0114
9320.330	2.9544	0.0131
9323.260	2.9705	0.0153
9326.190	2.9667	0.0134
9329.120	2.9751	0.0116
9332.050	2.9782	0.0132
9334.980	2.9681	0.0158
9337.910	2.9575	0.0179
9340.840	2.9569	0.0168
9343.770	2.9513	0.0155
9346.700	2.9309	0.0141
9349.630	2.9185	0.0129
9352.560	2.9266	0.0148
9355.490	2.9305	0.0141
9358.420	2.9227	0.0114
9361.350	2.9185	0.0120
9364.280	2.9215	0.0123
9367.210	2.9182	0.0130
9370.140	2.9187	0.0121
9373.070	2.9250	0.0114
9376.000	2.9148	0.0117
9378.930	2.9029	0.0131
9381.860	2.9033	0.0128
9384.790	2.9106	0.0086
9387.720	2.9084	0.0087
9390.650	2.8900	0.0104
9393.580	2.8794	0.0133
9396.510	2.8816	0.0119
9399.440	2.8817	0.0114
9402.370	2.8793	0.0118
9405.300	2.8915	0.0138
9408.230	2.8900	0.0136
9411.160	2.8716	0.0175
9414.090	2.8618	0.0165
9417.020	2.8526	0.0123
9419.950	2.8422	0.0132
9422.880	2.8413	0.0128
9425.810	2.8439	0.0122
9428.740	2.8509	0.0114
9431.670	2.8488	0.0098
9434.600	2.8604	0.0099
9437.530	2.8670	0.0135
9440.460	2.8586	0.0154
9443.390	2.8337	0.0129
9446.320	2.8179	0.0110
9449.250	2.8084	0.0106
9452.180	2.8092	0.0118
9455.110	2.8038	0.0121
9458.040	2.7907	0.0102
9460.970	2.7810	0.0090
9463.900	2.7764	0.0082
9466.830	2.7790	0.0081
9469.760	2.7821	0.0097
9472.690	2.7810	0.0110
9475.620	2.7828	0.0122
9478.550	2.7728	0.0124
9481.480	2.7511	0.0112
9484.410	2.7354	0.0098
9487.340	2.7264	0.0119
9490.270	2.7298	0.0116
9493.200	2.7441	0.0108
9496.130	2.7468	0.0119
9499.060	2.7369	0.0132
9501.990	2.7341	0.0117
9504.920	2.7219	0.0102
9507.850	2.7143	0.0100
9510.780	2.7178	0.0121
9513.710	2.7090	0.0142
9516.640	2.7029	0.0155
9519.570	2.6856	0.0131
9522.500	2.6696	0.0091
9525.430	2.6640	0.0083
9528.360	2.6651	0.0088
9531.290	2.6609	0.0092
9534.220	2.6513	0.0107
9537.150	2.6528	0.0119
9540.080	2.6565	0.0127
9543.010	2.6668	0.0140
9545.940	2.6681	0.0140
9548.870	2.6592	0.0138
9551.800	2.6462	0.0137
9554.730	2.6451	0.0121
9557.660	2.6465	0.0127
9560.590	2.6540	0.0127
9563.520	2.6757	0.0141
9566.450	2.6825	0.0163
9569.380	2.6799	0.0146
9572.310	2.6754	0.0127
9575.240	2.6528	0.0112
9578.170	2.6357	0.0120
9581.100	2.6260	0.0117
9584.030	2.6361	0.0133
9586.960	2.6526	0.0161
9589.890	2.6611	0.0167
9592.820	2.6662	0.0157
9595.750	2.6676	0.0157
9598.680	2.6658	0.0146
9601.610	2.6683	0.0157
9604.540	2.6710	0.0178
9607.470	2.6858	0.0200
9610.400	2.6922	0.0214
9613.330	2.6839	0.0211
9616.260	2.6661	0.0183
9619.190	2.6713	0.0230
9622.120	2.6779	0.0240
9625.050	2.6640	0.0240
9627.980	2.6590	0.0219
9630.910	2.6728	0.0205
9633.840	2.6991	0.0219
9636.770	2.7021	0.0232
9639.700	2.6956	0.0217
9642.630	2.6875	0.0230
9645.560	2.6866	0.0247
9648.490	2.6758	0.0235
9651.420	2.6794	0.0247
9654.350	2.6795	0.0237
9657.280	2.6850	0.0237
9660.210	2.6818	0.0272
9663.140	2.6777	0.0268
9666.070	2.6737	0.0266
9669.000	2.6877	0.0258
9671.930	2.6898	0.0277
9674.860	2.7019	0.0277
9677.790	2.7272	0.0293
9680.720	2.7070	0.0285
9683.650	2.6960	0.0303
9686.580	2.6840	0.0297
9689.510	2.6739	0.0298
9692.440	2.6784	0.0300
9695.370	2.7128	0.0307
9698.300	2.7357	0.0301
9701.230	2.7482	0.0321
