3298.680	722.2424	8.8367
3301.060	710.1793	11.2494
3303.440	697.8840	10.1183
3305.820	690.3926	8.1798
3308.200	691.0647	7.9199
3310.580	702.7469	9.5200
3312.960	706.0593	8.6633
3315.340	696.8435	8.5450
3317.720	695.5690	9.2760
3320.100	694.4516	10.3745
3322.480	679.7883	8.4899
3324.860	683.1254	7.7343
3327.240	687.9994	8.0398
3329.620	681.9493	7.9981
3332.000	682.0222	8.9943
3334.380	682.9744	7.7458
3336.760	675.6132	7.1672
3339.140	674.9151	7.0214
3341.520	677.1313	7.4531
3343.900	685.5975	7.1148
3346.280	684.0662	6.5939
3348.660	660.1865	7.5633
3351.040	669.9604	6.8983
3353.420	689.3581	8.4705
3355.800	699.4104	10.3726
3358.180	691.1068	9.2917
3360.560	663.5962	10.1040
3362.940	668.3733	7.7190
3365.320	683.2781	8.8220
3367.700	676.7236	7.2807
3370.080	662.0681	8.0560
3372.460	657.7974	7.9509
3374.840	671.9065	7.9897
3377.220	695.7947	9.9515
3379.600	672.1296	5.7119
3381.980	663.3063	5.6224
3384.360	678.3939	6.7995
3386.740	695.2946	8.6103
3389.120	696.3126	7.3324
3391.500	689.7379	6.5671
3393.880	682.8469	8.2598
3396.260	704.5765	7.0189
3398.640	728.0395	9.6295
3401.020	722.1496	9.4427
3403.400	704.0313	7.4809
3405.780	690.6191	6.6064
3408.160	687.8575	5.9144
3410.540	689.0862	6.1751
3412.920	683.3840	7.2993
3415.300	682.8398	6.9433
3417.680	704.2623	8.2249
3420.060	719.5114	9.4964
3422.440	712.3213	7.7864
3424.820	705.6300	5.6095
3427.200	713.2793	5.8775
3429.580	729.2233	8.2168
3431.960	727.4850	9.3328
3434.340	720.9076	8.8350
3436.720	711.4432	9.3191
3439.100	684.8661	7.7654
3441.480	656.3572	7.8813
3443.860	651.6685	7.2212
3446.240	677.6861	6.2527
3448.620	702.6100	8.6646
3451.000	706.3674	8.9562
3453.380	703.4422	8.1041
3455.760	714.2829	7.5811
3458.140	714.1941	6.4520
3460.520	704.5855	6.2666
3462.900	702.5011	6.7910
3465.280	713.9867	9.3002
3467.660	715.4142	8.6836
3470.040	728.8273	9.5293
3472.420	713.2161	7.5713
3474.800	688.9894	6.9404
3477.180	687.1658	7.8646
3479.560	714.6069	9.2764
3481.940	731.3924	8.9710
3484.320	725.2715	8.1022
3486.700	729.3923	8.1590
3489.080	714.9646	7.2946
3491.460	703.6856	7.6128
3493.840	702.7119	6.1938
3496.220	701.1469	6.9566
3498.600	704.3320	6.2292
3500.980	719.5881	8.6179
3503.360	725.6000	9.3272
3505.740	724.4806	8.1935
3508.120	720.4287	6.9690
3510.500	710.7115	6.4609
3512.880	702.0235	6.7073
3515.260	703.7003	6.4798
3517.640	716.2072	5.4218
3520.020	716.8437	5.8263
3522.400	698.6845	6.6427
3524.780	678.2803	8.8801
3527.160	677.4683	5.7381
3529.540	699.7027	5.7617
3531.920	723.0659	6.7145
3534.300	731.4229	6.4293
3536.680	737.5557	6.2529
3539.060	746.4318	6.5393
3541.440	748.4951	7.5268
3543.820	754.2394	7.8555
3546.200	757.2590	8.5359
3548.580	759.4989	7.7938
3550.960	757.6659	8.0623
3553.340	745.5411	7.9397
3555.720	735.9200	8.2731
3558.100	738.4938	8.5377
3560.480	744.1220	8.0272
3562.860	741.2420	6.8579
3565.240	719.6037	6.7011
3567.620	691.9017	5.5201
3570.000	674.5311	7.9756
3572.380	672.0121	6.3172
3574.760	690.9426	6.1539
3577.140	702.7251	7.8269
3579.520	698.1616	7.6366
3581.900	683.1862	7.4723
3584.280	663.3372	7.3379
3586.660	653.4361	6.9975
3589.040	668.3992	6.4612
3591.420	701.6008	7.4546
3593.800	724.9521	8.8640
3596.180	739.3454	9.4654
3598.560	749.1924	9.1273
3600.940	743.6273	6.9710
3603.320	727.9237	6.7068
3605.700	711.6436	6.6295
3608.080	701.7595	5.8043
3610.460	697.9083	7.3887
3612.840	703.1425	8.9727
3615.220	713.5260	8.5899
3617.600	707.9367	5.7204
3619.980	704.3177	7.9770
3622.360	713.0867	7.5248
3624.740	733.3978	9.6706
3627.120	751.6854	9.5954
3629.500	738.1535	8.1823
3631.880	712.7693	8.6982
3634.260	710.5888	8.0249
3636.640	725.9242	8.1185
3639.020	743.8708	7.8488
3641.400	745.4165	7.0599
3643.780	725.8203	7.2479
3646.160	714.8466	6.6477
3648.540	711.2383	7.0422
3650.920	723.3052	5.6993
3653.300	746.0908	7.6306
3655.680	761.8638	7.6741
3658.060	770.6745	7.6877
3660.440	772.4123	6.7149
3662.820	770.9706	6.0937
3665.200	766.7992	6.2129
3667.580	768.4058	6.4860
3669.960	764.7584	7.6113
3672.340	767.3111	9.2682
3674.720	765.1949	7.7206
3677.100	755.0341	7.1880
3679.480	742.3025	6.4813
3681.860	739.5149	6.3840
3684.240	736.1185	7.3384
3686.620	727.1537	7.5521
3689.000	739.2778	7.5956
3691.380	761.3631	7.6618
3693.760	772.7962	8.1488
3696.140	774.6883	7.4817
3698.520	775.8173	7.8864
3700.900	784.9134	9.5742
3703.280	761.8717	8.2863
3705.660	731.2566	7.1354
3708.040	721.9197	6.0029
3710.420	732.9710	6.9410
3712.800	754.5614	8.5643
3715.180	791.9714	9.9496
3717.560	794.4381	7.6585
3719.940	746.7530	8.8846
3722.320	712.3702	6.4125
3724.700	734.6825	7.4801
3727.080	776.0647	9.2438
3729.460	790.1092	9.5935
3731.840	757.0977	9.0417
3734.220	686.6194	8.1020
3736.600	664.0776	5.9999
3738.980	720.3164	9.2715
3741.360	781.1582	9.8973
3743.740	779.0976	6.1348
3746.120	739.4638	7.0237
3748.500	690.8484	7.3323
3750.880	680.1941	7.6543
3753.260	738.0106	10.6122
3755.640	808.1506	10.3810
3758.020	812.9938	6.7247
3760.400	809.6291	7.0234
3762.780	816.5416	7.8820
3765.160	817.1664	7.6457
3767.540	787.9924	6.8009
3769.920	735.9554	6.7361
3772.300	730.3623	6.6973
3774.680	789.6193	6.6992
3777.060	850.4592	6.5455
3779.440	891.3944	6.4162
3781.820	913.6579	7.9873
3784.200	915.4985	8.0830
3786.580	904.2053	9.1645
3788.960	880.2675	7.1433
3791.340	864.6481	7.5954
3793.720	826.1107	7.6119
3796.100	759.2170	7.7341
3798.480	707.9832	7.3491
3800.860	734.5448	6.2222
3803.240	823.3332	7.2355
3805.620	879.7451	8.7065
3808.000	888.8685	7.3645
3810.380	908.1848	8.8282
3812.760	904.1028	9.1174
3815.140	886.5948	10.9774
3817.520	876.5408	10.2658
3819.900	880.9910	10.7416
3822.280	862.1367	8.8198
3824.660	838.5564	6.2477
3827.040	803.4648	5.7902
3829.420	766.1337	5.4654
3831.800	713.2302	5.6708
3834.180	650.8367	6.2591
3836.560	617.0768	5.3933
3838.940	653.7445	6.4957
3841.320	739.0417	5.8669
3843.700	829.0646	9.6776
3846.080	886.5103	10.3897
3848.460	915.4231	8.5746
3850.840	932.6651	8.6045
3853.220	939.8047	8.0836
3855.600	938.4042	7.2455
3857.980	918.3801	8.5567
3860.360	904.6469	7.8266
3862.740	932.9452	11.3462
3865.120	955.9073	11.9879
3867.500	961.5928	9.0679
3869.880	956.5677	9.2733
3872.260	928.5896	6.7409
3874.640	899.6375	7.6550
3877.020	899.6205	6.6932
3879.400	883.3532	7.7112
3881.780	882.4644	8.2613
3884.160	852.8478	7.8886
3886.540	776.5975	7.9790
3888.920	695.3655	7.6809
3891.300	696.3905	4.9896
3893.680	774.8526	6.3619
3896.060	825.6791	7.8068
3898.440	856.3476	6.6995
3900.820	871.4632	5.5332
3903.200	876.4348	5.5175
3905.580	877.4285	5.9316
3907.960	892.3759	6.8128
3910.340	927.6401	9.6734
3912.720	938.7448	10.2344
3915.100	935.2203	10.0622
3917.480	923.5260	9.1672
3919.860	900.9558	8.5725
3922.240	884.1567	9.1066
3924.620	869.8079	8.6776
3927.000	829.5930	10.0397
3929.380	720.3479	8.0943
3931.760	545.9638	9.8418
3934.140	399.6925	7.6577
3936.520	454.8356	10.6991
3938.900	624.2823	7.0519
3941.280	773.7026	7.9411
3943.660	849.5804	10.1110
3946.040	874.6877	7.6494
3948.420	895.9431	9.4327
3950.800	905.6506	9.8970
3953.180	908.3878	10.0475
3955.560	900.8436	9.7422
3957.940	891.6313	9.9865
3960.320	870.1301	10.4524
3962.700	808.1307	9.0001
3965.080	713.2437	10.1926
3967.460	547.0685	10.2082
3969.840	442.7478	7.8845
3972.220	531.7362	6.1804
3974.600	689.6077	7.8275
3976.980	815.9061	9.9714
3979.360	889.6949	11.6291
3981.740	925.8550	12.2727
3984.120	935.0421	9.6594
3986.500	942.7334	8.8002
3988.880	954.9789	9.0587
3991.260	971.4014	9.2977
3993.640	980.7820	8.8159
3996.020	974.1684	8.9785
3998.400	968.8325	8.1542
4000.780	978.3187	9.0741
4003.160	983.6836	9.7087
4005.540	975.6736	8.2407
4007.920	978.3894	6.8740
4010.300	989.5119	7.7589
4012.680	996.4836	8.0207
4015.060	995.6422	7.1296
4017.440	999.2648	6.5415
4019.820	1000.5682	7.8794
4022.200	1002.4490	9.9888
4024.580	1004.0854	11.5519
4026.960	995.8173	8.9803
4029.340	983.4307	6.9913
4031.720	970.1046	5.1969
4034.100	967.8092	4.9164
4036.480	983.7398	6.3920
4038.860	1004.3628	7.9056
4041.240	1002.7099	7.1201
4043.620	987.4051	8.3633
4046.000	969.4350	6.1885
4048.380	972.5694	6.6664
4050.760	991.9629	8.4103
4053.140	1002.5458	7.7211
4055.520	991.4169	6.8095
4057.900	984.3742	7.3035
4060.280	984.1701	7.1159
4062.660	974.6349	6.6348
4065.040	962.1878	7.0249
4067.420	965.2405	7.6916
4069.800	976.5944	8.0538
4072.180	974.4439	8.3366
4074.560	972.3299	7.9844
4076.940	966.6136	8.2763
4079.320	964.9023	8.0040
4081.700	976.6815	7.9336
4084.080	984.0360	7.8290
4086.460	978.2430	8.2884
4088.840	985.0677	9.7623
4091.220	979.3267	9.1990
4093.600	955.8032	9.3431
4095.980	926.4011	10.3269
4098.360	880.2419	11.7737
4100.740	786.6962	10.5724
4103.120	736.4289	7.7737
4105.500	794.4243	6.7412
4107.880	875.0540	6.9371
4110.260	919.9821	7.2974
4112.640	950.2085	6.7932
4115.020	969.8707	7.0584
4117.400	976.2288	7.4063
4119.780	974.6886	7.6349
4122.160	976.7140	7.0046
4124.540	988.4095	8.5299
4126.920	993.0541	8.0624
4129.300	990.2676	7.0659
4131.680	988.0083	8.5024
4134.060	984.4383	8.5536
4136.440	990.3572	8.7548
4138.820	1005.9083	9.1946
4141.200	1005.9296	9.1708
4143.580	991.3869	9.1020
4145.960	988.3440	6.9791
4148.340	994.3727	8.0553
4150.720	997.6316	8.2737
4153.100	993.3647	8.3053
4155.480	985.1342	8.2370
4157.860	983.5174	7.9904
4160.240	992.1715	8.5068
4162.620	1001.1203	8.8764
4165.000	1001.0686	8.4677
4167.380	999.8405	8.2134
4169.760	991.0136	6.3666
4172.140	979.6639	7.6205
4174.520	971.0814	7.8912
4176.900	968.3954	6.6707
4179.280	972.6629	7.3186
4181.660	979.2013	6.0967
4184.040	978.9476	6.5283
4186.420	974.0982	7.4389
4188.800	971.3519	8.3140
4191.180	977.5036	9.2292
4193.560	985.0810	8.3372
4195.940	979.6168	8.9237
4198.320	967.5145	9.3910
4200.700	959.4139	8.1995
4203.080	961.0024	6.9127
4205.460	969.9743	7.6332
4207.840	977.7767	7.0350
4210.220	980.7454	7.4136
4212.600	978.6751	7.6587
4214.980	975.8157	8.2041
4217.360	965.4919	6.4807
4219.740	964.0903	7.0916
4222.120	962.8076	5.8187
4224.500	953.3613	9.8697
4226.880	924.7184	6.2795
4229.260	920.9662	6.4640
4231.640	961.1904	9.5369
4234.020	962.7316	7.6192
4236.400	958.6065	6.4370
4238.780	962.3087	6.7497
4241.160	969.1537	7.3530
4243.540	973.1218	7.1651
4245.920	967.4263	6.7279
4248.300	955.9057	7.5085
4250.680	946.3482	7.3880
4253.060	952.7274	6.8030
4255.440	958.4171	7.4989
4257.820	965.9355	7.2536
4260.200	964.1341	7.0847
4262.580	963.7213	7.1291
4264.960	976.7340	8.2841
4267.340	975.2637	7.5501
4269.720	960.0230	7.8080
4272.100	938.4736	8.5442
4274.480	932.0919	6.7884
4276.860	947.4776	6.8812
4279.240	960.2483	7.6523
4281.620	956.3741	7.4640
4284.000	942.6136	7.7235
4286.380	938.0694	7.6412
4288.760	923.1544	7.8554
4291.140	908.8817	7.0816
4293.520	907.9587	7.5774
4295.900	912.2108	8.5360
4298.280	892.5239	7.7374
4300.660	859.9140	7.0400
4303.040	844.5718	7.0376
4305.420	851.7375	6.1941
4307.800	849.8336	8.1518
4310.180	849.5537	9.1656
4312.560	863.0627	7.4789
4314.940	898.1307	8.8221
4317.320	932.7906	11.6290
4319.700	952.9465	10.2919
4322.080	946.4129	8.2076
4324.460	923.5963	9.8200
4326.840	906.4256	7.9728
4329.220	916.0421	8.5331
4331.600	931.5085	10.0882
4333.980	921.2422	9.8385
4336.360	883.9097	10.4205
4338.740	811.2874	11.5003
4341.120	729.4238	9.2795
4343.500	749.2043	6.8474
4345.880	824.1239	6.5514
4348.260	886.7133	6.5551
4350.640	913.6092	6.6454
4353.020	915.6158	6.1822
4355.400	926.8865	5.6640
4357.780	943.6473	5.7371
4360.160	957.7110	6.7081
4362.540	967.1892	7.3955
4364.920	970.4392	7.2874
4367.300	967.6264	8.0808
4369.680	960.8545	8.2516
4372.060	958.6906	7.6883
4374.440	955.3762	7.7423
4376.820	954.7847	8.5837
4379.200	961.8803	8.8228
4381.580	960.1623	9.3558
4383.960	941.8004	8.7983
4386.340	937.2315	9.4367
4388.720	951.8523	8.4407
4391.100	961.6719	6.6327
4393.480	964.8799	7.3293
4395.860	959.6728	7.0694
4398.240	958.9105	6.5033
4400.620	957.9035	6.2022
4403.000	958.7973	8.5633
4405.380	956.8329	6.6956
4407.760	958.7925	6.6067
4410.140	969.8195	7.6490
4412.520	978.2328	7.5365
4414.900	971.0794	6.5183
4417.280	965.6916	7.5075
4419.660	966.1893	7.2371
4422.040	971.2753	7.4429
4424.420	973.8822	7.5955
4426.800	972.8584	7.0695
4429.180	971.9565	7.4257
4431.560	976.8275	7.6320
4433.940	973.9590	7.1863
4436.320	968.9445	7.3782
4438.700	971.2908	6.5465
4441.080	977.1024	7.6012
4443.460	966.3523	6.6765
4445.840	964.4472	7.1782
4448.220	962.5720	8.1510
4450.600	967.9388	7.2756
4452.980	966.4896	6.9320
4455.360	959.0185	7.2706
4457.740	954.5096	7.6112
4460.120	959.3319	6.4077
4462.500	962.1746	6.5923
4464.880	971.0039	8.4548
4467.260	972.5748	10.9949
4469.640	969.2947	11.1881
4472.020	968.1768	8.4342
4474.400	971.6717	5.5475
4476.780	977.6938	6.6508
4479.160	976.6492	6.3868
4481.540	968.9260	6.2878
4483.920	965.5221	6.4550
4486.300	972.8092	6.3261
4488.680	976.6474	6.5613
4491.060	974.7756	6.7748
4493.440	973.3110	8.0816
4495.820	973.9615	7.6825
4498.200	976.0125	7.9919
4500.580	977.2930	8.2123
4502.960	980.9889	7.9993
4505.340	985.2638	8.2934
4507.720	987.1693	8.1905
4510.100	988.3244	7.4523
4512.480	988.9338	7.6570
4514.860	982.6892	6.7266
4517.240	980.6698	7.6648
4519.620	979.0297	7.3253
4522.000	969.3244	8.1195
4524.380	962.8878	6.9439
4526.760	962.1977	7.8864
4529.140	956.0911	7.8370
4531.520	951.3973	9.0510
4533.900	947.6645	8.9225
4536.280	950.5983	9.4502
4538.660	965.0475	9.9360
4541.040	975.5713	9.1729
4543.420	975.3754	8.0690
4545.800	970.8092	8.0729
4548.180	959.6234	7.5340
4550.560	949.5122	6.5298
4552.940	945.5699	6.1115
4555.320	950.4440	6.1173
4557.700	957.9976	5.9087
4560.080	964.9626	6.1472
4562.460	969.2735	6.8876
4564.840	972.2325	6.5735
4567.220	975.8346	6.5442
4569.600	973.7607	6.4238
4571.980	966.4313	7.3491
4574.360	968.0505	7.4789
4576.740	972.5018	7.1993
4579.120	972.5144	7.9315
4581.500	966.4798	7.4419
4583.880	961.4577	7.1743
4586.260	957.8655	7.4287
4588.640	965.8029	8.1755
4591.020	965.2700	7.5114
4593.400	965.3114	6.5377
4595.780	968.1167	7.2920
4598.160	968.5035	6.6654
4600.540	969.2331	7.2404
4602.920	967.7065	7.9946
4605.300	967.6808	8.6550
4607.680	969.7932	8.4586
4610.060	971.3248	7.6913
4612.440	973.1629	7.1222
4614.820	972.0881	6.7853
4617.200	971.4516	7.0711
4619.580	969.4555	6.6136
4621.960	968.7459	6.9136
4624.340	971.1413	7.0866
4626.720	970.5324	7.3752
4629.100	967.2765	7.6714
4631.480	966.7581	7.4487
4633.860	966.4300	6.1978
4636.240	964.9996	6.1012
4638.620	968.1665	7.3874
4641.000	969.5205	8.5840
4643.380	965.3959	7.1218
4645.760	962.6907	6.5552
4648.140	958.1188	6.3550
4650.520	958.7811	7.8246
4652.900	960.0947	7.8371
4655.280	960.6303	7.0323
4657.660	957.9200	7.1484
4660.040	961.9897	7.2355
4662.420	969.1966	7.2783
4664.800	968.5541	8.3033
4667.180	961.3267	8.3789
4669.560	954.6302	7.3028
4671.940	959.3487	7.4409
4674.320	964.9289	8.3387
4676.700	964.9872	8.9851
4679.080	969.7287	10.0776
4681.460	967.6521	11.4071
4683.840	971.7022	11.9074
4686.220	968.9607	11.0924
4688.600	966.0793	10.2253
4690.980	963.9085	5.8870
4693.360	964.7000	5.6864
4695.740	963.4089	5.0723
4698.120	963.0580	4.9299
4700.500	957.8400	5.6199
4702.880	950.0081	7.3813
4705.260	943.0993	7.8741
4707.640	943.4991	6.5820
4710.020	951.6779	8.0044
4712.400	958.3293	9.0065
4714.780	957.5645	7.3916
4717.160	955.1867	6.7935
4719.540	957.0261	6.7131
4721.920	957.6032	7.4352
4724.300	955.9424	7.8232
4726.680	954.0305	7.6470
4729.060	957.0443	8.0220
4731.440	956.3328	8.7386
4733.820	954.2898	7.5066
4736.200	952.8377	7.9624
4738.580	949.2622	6.0944
4740.960	950.8203	6.8267
4743.340	955.0715	7.5908
4745.720	959.2141	8.0372
4748.100	959.2185	8.0040
4750.480	957.2201	7.6400
4752.860	955.6699	7.8027
4755.240	954.1965	7.9777
4757.620	949.5072	6.9572
4760.000	947.3794	7.6451
4762.380	946.8400	7.7901
4764.760	945.4409	7.5396
4767.140	947.2780	7.4514
4769.520	950.1777	8.4375
4771.900	947.7770	8.0898
4774.280	948.0695	7.3003
4776.660	948.6591	6.8774
4779.040	948.4617	6.5503
4781.420	948.1780	6.6563
4783.800	947.1596	6.8164
4786.180	942.3557	6.7356
4788.560	942.5629	6.6232
4790.940	940.4200	6.7436
4793.320	942.4817	6.4164
4795.700	946.9024	6.9510
4798.080	946.9439	7.6090
4800.460	943.5723	7.6208
4802.840	942.1698	7.5660
4805.220	941.2552	7.7834
4807.600	942.1037	7.9562
4809.980	942.9414	8.0121
4812.360	940.1266	6.5318
4814.740	937.1524	6.2010
4817.120	936.8204	7.3110
4819.500	940.0692	7.8093
4821.880	940.3632	7.9198
4824.260	940.3039	7.1542
4826.640	940.7920	7.4635
4829.020	940.3495	8.3588
4831.400	938.4465	7.8835
4833.780	935.2847	7.6693
4836.160	931.9139	7.9583
4838.540	931.4218	7.6125
4840.920	930.6734	7.2611
4843.300	928.3743	8.7121
4845.680	921.9389	9.8032
4848.060	913.3689	8.2832
4850.440	911.1565	8.7050
4852.820	900.6329	9.2818
4855.200	877.7817	9.7335
4857.580	837.5264	10.5841
4859.960	766.7048	10.0517
4862.340	705.1772	8.5482
4864.720	726.7518	4.7290
4867.100	792.6678	4.2368
4869.480	843.1362	4.5593
4871.860	863.6276	5.2934
4874.240	874.1452	5.8044
4876.620	885.5138	6.9463
4879.000	895.1202	7.1448
4881.380	904.7365	6.9970
4883.760	911.5844	8.2247
4886.140	911.2894	7.3722
4888.520	912.8292	7.9573
4890.900	905.7048	7.3560
4893.280	905.1229	6.8842
4895.660	916.1698	7.3478
4898.040	922.0358	7.9308
4900.420	922.9487	7.0428
4902.800	923.7397	7.4642
4905.180	921.3261	7.4528
4907.560	920.8309	7.3972
4909.940	920.2392	7.2590
4912.320	921.4715	7.0818
4914.700	922.8886	7.3496
4917.080	921.0577	9.7452
4919.460	912.7640	10.6420
4921.840	904.3165	9.3181
4924.220	902.4067	6.4410
4926.600	907.0973	6.7338
4928.980	917.2812	6.7323
4931.360	916.0384	5.8168
4933.740	915.7488	7.4273
4936.120	915.2270	8.6939
4938.500	912.2172	7.3228
4940.880	914.4884	7.8839
4943.260	918.5920	6.9760
4945.640	922.2867	6.0313
4948.020	926.8738	6.6913
4950.400	924.5411	7.7130
4952.780	923.1204	7.8781
4955.160	917.5931	7.5886
4957.540	905.2282	7.0308
4959.920	898.8680	6.5173
4962.300	909.5503	6.9184
4964.680	917.1149	6.7989
4967.060	915.9069	6.3748
4969.440	915.8916	6.7237
4971.820	918.2972	6.8578
4974.200	919.3981	7.4741
4976.580	920.2491	7.4483
4978.960	918.6758	8.5322
4981.340	910.7366	8.0851
4983.720	902.2898	7.7674
4986.100	899.4834	7.3871
4988.480	903.5064	7.3393
4990.860	907.2404	7.0377
4993.240	907.6643	6.5423
4995.620	909.9966	7.1547
4998.000	909.8268	7.2358
5000.380	904.8684	6.9677
5002.760	900.9413	7.4073
5005.140	896.9050	7.6632
5007.520	895.0769	7.3392
5009.900	895.6954	8.2757
5012.280	898.8651	8.4870
5014.660	893.1226	7.8148
5017.040	892.0426	6.4738
5019.420	893.7671	6.5951
5021.800	898.1109	7.0635
5024.180	902.1930	8.1260
5026.560	902.4113	7.0775
5028.940	901.9246	6.9352
5031.320	902.4210	7.4017
5033.700	908.4743	7.9016
5036.080	909.0012	8.3723
5038.460	899.5215	8.4732
5040.840	893.9949	7.7730
5043.220	892.9042	7.4055
5045.600	898.9378	7.7246
5047.980	904.0012	7.5977
5050.360	901.1466	7.0186
5052.740	898.9155	6.7742
5055.120	904.3408	7.5074
5057.500	908.1485	8.0100
5059.880	908.6781	7.4334
5062.260	907.5606	7.1668
5064.640	905.5123	6.7961
5067.020	905.7395	8.2533
5069.400	902.0601	7.6221
5071.780	901.5449	7.2993
5074.160	902.0562	8.0719
5076.540	898.5714	7.8050
5078.920	893.8189	7.3150
5081.300	887.6990	6.7242
5083.680	887.7822	7.0254
5086.060	894.6222	7.0992
5088.440	899.6101	7.3711
5090.820	904.2239	7.8749
5093.200	897.6832	7.3906
5095.580	896.5936	8.2041
5097.960	895.2926	8.4114
5098.200	894.0919	6.1840
5100.340	894.2788	8.0701
5101.130	901.3712	8.9021
5102.720	896.0417	7.7281
5104.060	900.6332	7.4666
5105.100	897.5047	7.1632
5106.990	892.6585	5.5191
5107.480	891.4523	6.2483
5109.860	886.0221	6.3347
5109.920	888.3724	6.4030
5112.240	887.9058	5.5735
5112.850	891.8078	6.0395
5114.620	891.8940	7.3280
5115.780	896.5934	7.3733
5117.000	894.6080	7.3079
5118.710	898.1379	7.5343
5119.380	894.5222	7.9393
5121.640	896.3100	7.0873
5121.760	892.7537	8.1091
5124.140	889.8346	7.0396
5124.570	895.3539	8.9770
5126.520	884.1779	6.7240
5127.500	884.9964	5.1332
5128.900	884.5172	5.7564
5130.430	887.4777	5.9044
5131.280	885.4003	7.0724
5133.360	888.1907	7.1681
5133.660	882.6731	7.5294
5136.040	879.9547	7.6837
5136.290	884.8758	7.1233
5138.420	876.1961	7.1350
5139.220	880.6675	7.8340
5140.800	870.5333	7.7563
5142.150	878.6391	7.1932
5143.180	873.3970	7.7783
5145.080	881.5985	7.4379
5145.560	875.9193	7.9728
5147.940	879.4687	8.0972
5148.010	886.2755	7.6226
5150.320	880.4559	6.7621
5150.940	881.7811	4.3005
5153.870	882.6098	6.4140
5156.800	884.2512	5.5182
5159.730	885.6976	6.4412
5162.660	879.0691	7.2689
5165.590	871.1754	11.1207
5168.520	836.1280	8.9065
5171.450	813.0315	5.4901
5174.380	823.3609	7.4101
5177.310	848.9674	8.3729
5180.240	859.6129	6.8646
5183.170	851.9966	9.6557
5186.100	834.8964	7.5434
5189.030	845.1241	7.1095
5191.960	853.2075	6.4876
5194.890	855.1544	6.1017
5197.820	864.5720	6.4262
5200.750	866.3127	7.1319
5203.680	863.4163	6.0718
5206.610	858.6974	7.4314
5209.540	858.3955	6.6397
5212.470	866.4975	7.4074
5215.400	869.9570	6.2915
5218.330	869.8054	6.0039
5221.260	874.2348	5.9790
5224.190	872.0669	5.8541
5227.120	862.3053	7.3150
5230.050	855.2887	6.1486
5232.980	860.2706	5.9667
5235.910	866.3045	6.7216
5238.840	878.2035	7.3402
5241.770	877.2776	6.6416
5244.700	871.8250	5.6916
5247.630	875.7774	5.6631
5250.560	873.6908	6.4443
5253.490	873.5062	6.0694
5256.420	874.4857	5.6027
5259.350	871.9087	5.4334
5262.280	864.2383	7.4081
5265.210	849.4072	6.7595
5268.140	837.7989	5.6700
5271.070	837.8839	7.0831
5274.000	844.1980	6.4793
5276.930	855.7539	6.5466
5279.860	861.4207	4.6186
5282.790	857.7257	4.9223
5285.720	862.0325	6.1484
5288.650	868.4413	5.8749
5291.580	869.3856	5.7205
5294.510	867.6162	5.8397
5297.440	867.9715	5.9036
5300.370	865.7925	6.2114
5303.300	865.6294	6.2577
5306.230	865.6095	5.5425
5309.160	868.0945	5.4523
5312.090	863.9723	4.8960
5315.020	861.7560	5.6463
5317.950	862.7777	6.5727
5320.880	861.0668	6.3721
5323.810	856.8885	7.2130
5326.740	846.9239	7.1427
5329.670	841.7158	6.4918
5332.600	847.8255	6.4201
5335.530	853.8825	5.6219
5338.460	854.2029	6.5773
5341.390	849.3065	6.1378
5344.320	851.9405	6.1215
5347.250	854.5946	6.0844
5350.180	857.7043	5.8120
5353.110	856.1502	6.5828
5356.040	859.5462	6.1178
5358.970	860.7467	5.4530
5361.900	859.8397	6.6840
5364.830	855.3234	6.2621
5367.760	845.0779	5.1828
5370.690	841.0342	6.1314
5373.620	841.8212	6.4583
5376.550	852.1627	6.8981
5379.480	853.0394	5.1876
5382.410	850.5337	5.7053
5385.340	848.5997	5.0972
5388.270	849.5486	4.8763
5391.200	849.8047	5.9522
5394.130	844.3553	5.3994
5397.060	837.7644	5.4115
5399.990	834.0177	5.7217
5402.920	836.6349	6.3536
5405.850	834.9454	6.7559
5408.780	835.4169	6.5313
5411.710	835.9960	6.0874
5414.640	841.0254	6.1845
5417.570	844.6635	5.1114
5420.500	844.2631	5.5534
5423.430	842.7375	4.8967
5426.360	841.3201	5.9277
5429.290	835.7337	5.0182
5432.220	831.5179	4.9447
5435.150	834.0087	5.6532
5438.080	838.4233	6.0402
5441.010	842.4521	5.8879
5443.940	841.3480	6.1680
5446.870	832.9898	5.0032
5449.800	831.2549	5.0427
5452.730	830.0611	4.1652
5455.660	830.5539	3.5521
5458.590	834.5679	3.8898
5461.520	837.4024	3.6577
5464.450	835.2746	3.7049
5467.380	834.4240	4.3393
5470.310	835.8519	5.0680
5473.240	836.2983	5.0088
5476.170	834.3459	5.3334
5479.100	831.8340	5.0035
5482.030	831.7766	4.9277
5484.960	832.4503	4.0893
5487.890	832.0038	3.7483
5490.820	831.3551	4.6244
5493.750	831.2686	4.8486
5496.680	830.8865	5.0965
5499.610	827.5416	4.5416
5502.540	826.5465	4.2704
5505.470	825.8631	4.7026
5508.400	824.7651	5.3398
5511.330	825.7106	5.9286
5514.260	828.2697	5.2815
5517.190	830.9015	4.9403
5520.120	832.0551	5.2608
5523.050	830.9151	5.1409
5525.980	825.4921	4.4425
5528.910	819.1067	4.9568
5531.840	819.8159	5.9392
5534.770	820.7628	5.9926
5537.700	820.3247	6.0073
5540.630	823.1484	5.3290
5543.560	826.1764	4.5842
5546.490	828.6838	5.0441
5549.420	828.6882	5.0128
5552.350	825.7896	4.8805
5555.280	824.9346	5.3376
5558.210	823.7944	5.6884
5561.140	821.1092	5.7545
5564.070	820.2246	6.2525
5567.000	817.6363	4.5424
5569.930	816.7289	4.6544
5572.860	815.1149	5.1904
5575.790	815.5945	6.3529
5578.720	814.9431	6.1233
5581.650	816.7830	5.9223
5584.580	813.5814	6.0303
5587.510	808.5804	6.4360
5590.440	805.1942	5.9316
5593.370	804.4160	5.2644
5596.300	806.8130	5.2786
5599.230	807.4150	5.1270
5602.160	805.8612	4.8322
5605.090	808.8385	5.4977
5608.020	810.9872	6.4185
5610.950	812.2136	5.6621
5613.880	808.9834	5.2088
5616.810	805.8082	5.5992
5619.740	811.9372	5.1714
5622.670	815.5465	4.6345
5625.600	815.0743	5.5064
5628.530	813.7549	6.1024
5631.460	809.8957	5.6870
5634.390	808.3825	5.5963
5637.320	807.5817	6.2747
5640.250	807.5921	6.6203
5643.180	808.7127	5.3922
5646.110	809.8936	5.2821
5649.040	806.0133	5.4557
5651.970	804.8454	5.1463
5654.900	805.6061	4.8094
5657.830	806.7937	5.7486
5660.760	805.0744	5.1880
5663.690	805.5421	4.9361
5666.620	805.3855	4.7363
5669.550	804.6107	5.3082
5672.480	804.1875	5.3517
5675.410	805.8993	5.7508
5678.340	804.9874	5.8658
5681.270	804.5285	6.2530
5684.200	802.1850	5.7361
5687.130	802.0931	5.5403
5690.060	801.2703	4.8863
5692.990	801.0743	5.1612
5695.920	802.4462	5.5061
5698.850	803.0443	5.2563
5701.780	800.7426	4.9632
5704.710	798.8257	5.4163
5707.640	798.6086	6.4725
5710.570	796.7581	6.1527
5713.500	797.0772	5.9192
5716.430	796.6999	5.8680
5719.360	796.3075	5.5679
5722.290	795.6897	4.9223
5725.220	796.3892	5.1879
5728.150	795.5578	4.7775
5731.080	795.4040	5.0684
5734.010	794.7522	4.2509
5736.940	795.4075	4.5113
5739.870	795.6085	4.3559
5742.800	795.6440	4.9824
5745.730	795.3246	4.9203
5748.660	793.6929	5.3470
5751.590	792.1472	5.0870
5754.520	791.0689	5.8028
5757.450	788.3670	5.7703
5760.380	790.1412	5.5922
5763.310	790.7735	5.2509
5766.240	789.1105	5.1162
5769.170	789.9144	5.3084
5772.100	790.0147	4.3714
5775.030	791.5572	4.3337
5777.960	793.5070	4.1298
5780.890	790.3871	4.4594
5783.820	788.3490	5.1603
5786.750	786.4160	5.1225
5789.680	787.9385	5.2831
5792.610	788.1798	4.9314
5795.540	787.3153	5.2304
5798.470	786.1403	5.0213
5801.400	785.8350	5.3893
5804.330	785.3662	5.8828
5807.260	782.1573	5.9288
5810.190	784.3258	5.6810
5813.120	785.4285	5.2290
5816.050	786.9756	5.0652
5818.980	784.4984	4.6633
5821.910	782.4036	4.6419
5824.840	782.7071	5.0393
5827.770	780.6237	5.1681
5830.700	777.5736	5.2824
5833.630	778.4003	4.7643
5836.560	778.9979	4.5535
5839.490	779.6960	5.3922
5842.420	778.0882	4.7496
5845.350	777.7560	4.9949
5848.280	774.2576	5.1223
5851.210	771.2057	5.7870
5854.140	768.2826	5.9731
5857.070	766.7307	6.1583
5860.000	765.4065	5.7428
5862.930	766.3780	5.5545
5865.860	770.8102	5.5312
5868.790	774.6121	6.7847
5871.720	782.3974	9.2284
5874.650	786.8815	9.7983
5877.580	779.3235	8.1116
5880.510	770.0412	4.2594
5883.440	766.9318	4.1463
5886.370	765.4682	6.5604
5889.300	758.9291	7.8541
5892.230	750.9626	7.0883
5895.160	752.9058	6.2806
5898.090	754.1075	5.0248
5901.020	757.9441	5.5570
5903.950	761.3012	5.5294
5906.880	765.7437	5.4933
5909.810	768.4832	5.1778
5912.740	767.1681	5.2040
5915.670	765.5637	4.8460
5918.600	766.0781	5.0598
5921.530	762.0638	5.9068
5924.460	758.6923	6.0253
5927.390	762.2501	5.7580
5930.320	763.1859	5.7708
5933.250	761.9799	4.9684
5936.180	762.5497	4.4646
5939.110	761.9288	4.4729
5942.040	759.2518	5.6404
5944.970	758.5389	5.6933
5947.900	759.0342	5.6978
5950.830	759.4052	5.4513
5953.760	758.7500	5.0957
5956.690	758.4482	5.4862
5959.620	758.5382	4.7582
5962.550	758.5162	4.5411
5965.480	758.5917	4.5640
5968.410	758.2074	5.2420
5971.340	758.6871	5.9687
5974.270	758.0818	5.8165
5977.200	757.4049	5.7287
5980.130	754.8900	5.4403
5983.060	755.2302	5.7378
5985.990	754.6085	5.6176
5988.920	754.6630	5.4676
5991.850	753.4182	5.6285
5994.780	753.9690	5.5005
5997.710	754.8694	5.5360
6000.640	752.3550	6.2732
6003.570	752.2553	6.3875
6006.500	751.2706	6.1435
6009.430	749.7316	5.9192
6012.360	748.5463	5.3232
6015.290	748.4339	5.0309
6018.220	749.2772	5.1286
6021.150	748.2248	5.0380
6024.080	748.4614	5.3159
6027.010	746.2028	4.7572
6029.940	746.9590	4.9239
6032.870	747.4711	5.3051
6035.800	744.8715	5.3552
6038.730	750.3214	4.2904
6041.660	752.3947	4.5779
6044.590	747.8200	5.0247
6047.520	745.1825	5.3869
6050.450	744.6093	5.4010
6053.380	743.3412	5.8412
6056.310	742.4216	5.8238
6059.240	741.9722	5.6736
6062.170	739.9447	5.2064
6065.100	738.6146	4.8398
6068.030	738.3957	4.7605
6070.960	738.1509	4.8727
6073.890	738.1423	4.5693
6076.820	740.4186	4.8858
6079.750	741.5327	4.8667
6082.680	738.2906	4.7763
6085.610	736.8473	5.5480
6088.540	735.4283	5.0886
6091.470	733.7540	5.1108
6094.400	735.9520	5.0983
6097.330	735.7282	4.7643
6100.260	735.2737	4.9496
6103.190	733.2919	4.5141
6106.120	731.2719	4.5529
6109.050	730.5348	4.9304
6111.980	730.3499	5.1663
6114.910	730.1398	5.0920
6117.840	731.0262	5.1234
6120.770	727.5763	4.9309
6123.700	723.3566	5.0147
6126.630	724.6239	5.1834
6129.560	727.9047	5.1084
6132.490	731.2863	4.6689
6135.420	728.4064	5.0535
6138.350	723.4692	5.1883
6141.280	723.7620	4.6998
6144.210	723.8047	4.7085
6147.140	724.4002	4.7732
6150.070	723.5642	4.5600
6153.000	723.8474	4.3453
6155.930	723.5198	4.5439
6158.860	723.7943	5.4661
6161.790	720.9223	6.0469
6164.720	718.4779	5.7737
6167.650	716.9237	5.4803
6170.580	719.4520	4.8120
6173.510	721.6360	4.6342
6176.440	723.8537	4.4907
6179.370	722.9766	4.5164
6182.300	719.5092	4.3861
6185.230	720.5279	4.4399
6188.160	720.3386	4.7307
6191.090	719.9443	5.1920
6194.020	719.6873	5.1359
6196.950	718.5553	5.1942
6199.880	719.9219	4.8160
6202.810	720.0747	4.5418
6205.740	718.4075	4.5082
6208.670	719.4902	4.6507
6211.600	719.8044	4.6235
6214.530	717.3307	4.9040
6217.460	714.7072	5.1636
6220.390	712.8602	4.6729
6223.320	713.9015	4.6975
6226.250	714.9862	4.9388
6229.180	714.2704	5.2256
6232.110	712.9442	4.7700
6235.040	711.5406	4.5361
6237.970	711.6132	5.3127
6240.900	708.0300	5.2655
6243.830	709.5084	5.1971
6246.760	709.3012	4.7328
6249.690	707.9934	4.9605
6252.620	708.4175	4.7097
6255.550	708.6810	4.6578
6258.480	706.9220	4.2880
6261.410	705.2521	4.7723
6264.340	704.3113	5.1128
6267.270	705.7745	5.0357
6270.200	708.9841	5.0413
6273.130	710.3552	4.8059
6276.060	708.9565	4.6329
6278.990	708.6200	4.7692
6281.920	709.5098	5.5043
6284.850	709.7582	5.7130
6287.780	707.5651	5.1564
6290.710	707.8976	4.6052
6293.640	709.4329	4.2919
6296.570	709.1250	4.6596
6299.500	707.5701	4.5241
6302.430	703.7928	4.6777
6305.360	701.8450	5.3111
6308.290	703.1341	5.5866
6311.220	702.8297	5.6956
6314.150	700.2832	5.7875
6317.080	695.6897	5.4724
6320.010	693.1550	5.0373
6322.940	690.4571	5.1737
6325.870	689.7265	5.4945
6328.800	688.5081	5.0278
6331.730	687.6827	4.0857
6334.660	687.8128	4.1728
6337.590	689.4919	3.9586
6340.520	690.2771	3.8293
6343.450	691.1234	3.7585
6346.380	691.6588	3.1305
6349.310	694.3797	3.7828
6352.240	697.1434	3.7994
6355.170	697.5092	4.2625
6358.100	695.9231	4.4285
6361.030	693.8217	4.0955
6363.960	691.8513	4.3653
6366.890	691.1784	4.7450
6369.820	691.8218	4.8642
6372.750	691.9962	4.9754
6375.680	692.1287	4.9649
6378.610	692.1901	4.7676
6381.540	692.0220	4.4530
6384.470	692.5298	4.3585
6387.400	693.6997	4.9976
6390.330	690.8085	4.4113
6393.260	690.0545	4.5071
6396.190	690.0512	4.7258
6399.120	687.4319	4.0949
6402.050	684.0377	4.3987
6404.980	683.0994	4.8357
6407.910	682.2291	5.2194
6410.840	680.8578	5.0501
6413.770	681.1393	4.6017
6416.700	680.6823	4.5432
6419.630	680.8528	4.3187
6422.560	680.6613	3.6763
6425.490	681.7641	4.5737
6428.420	680.9929	4.5005
6431.350	680.0495	4.2482
6434.280	680.1334	4.6375
6437.210	678.6067	5.1090
6440.140	676.0006	5.6456
6443.070	674.0618	5.0545
6446.000	672.7011	4.6806
6448.930	676.2591	4.9448
6451.860	676.6182	5.1162
6454.790	676.4422	4.9992
6457.720	675.9953	5.2338
6460.650	673.8728	4.9434
6463.580	673.7997	4.4156
6466.510	674.2062	4.2289
6469.440	674.9172	4.3328
6472.370	673.2619	4.4307
6475.300	672.3831	4.6778
6478.230	672.0692	4.3101
6481.160	672.8705	4.3428
6484.090	672.5660	4.6308
6487.020	671.2652	4.4192
6489.950	670.3581	4.3292
6492.880	668.4160	5.0352
6495.810	667.6076	5.3554
6498.740	664.5975	4.7596
6501.670	665.9962	4.9465
6504.600	669.2677	5.1639
6507.530	670.9167	5.1107
6510.460	671.0118	5.1383
6513.390	669.9357	5.0774
6516.320	668.4653	5.2949
6519.250	665.9392	5.3332
6522.180	666.4122	5.4537
6525.110	665.9574	5.1360
6528.040	667.1512	4.9184
6530.970	666.5096	4.6398
6533.900	665.6381	4.4246
6536.830	662.7485	4.6131
6539.760	659.3103	5.0813
6542.690	656.6576	5.4270
6545.620	652.9418	5.7072
6548.550	645.8873	6.0019
6551.480	637.7463	6.9919
6554.410	630.4483	7.4303
6557.340	614.9661	7.2060
6560.270	586.5023	7.6581
6563.200	544.7517	7.0515
6566.130	538.0437	6.2654
6569.060	564.7771	5.4972
6571.990	598.7722	3.7248
6574.920	617.0630	3.4634
6577.850	630.2177	3.7856
6580.780	638.7271	3.7809
6583.710	645.6808	3.6013
6586.640	651.0583	4.2210
6589.570	650.8988	4.9132
6592.500	652.2704	5.1838
6595.430	653.4552	4.4511
6598.360	654.9183	4.4225
6601.290	654.5386	4.4313
6604.220	655.9804	4.2641
6607.150	656.2811	4.2869
6610.080	654.8608	4.5404
6613.010	654.4713	4.4465
6615.940	655.7636	4.6575
6618.870	655.2938	4.1790
6621.800	654.8136	4.3289
6624.730	655.3995	4.2010
6627.660	655.1905	4.1983
6630.590	654.0678	4.7004
6633.520	653.1893	4.8440
6636.450	651.0636	4.8286
6639.380	652.5196	4.7101
6642.310	652.1832	4.8792
6645.240	649.9466	4.9616
6648.170	649.6155	4.5822
6651.100	648.9674	4.3361
6654.030	649.8895	4.4596
6656.960	650.5134	4.2315
6659.890	650.4526	4.4854
6662.820	649.4706	4.7716
6665.750	649.7728	5.1307
6668.680	647.5967	4.4235
6671.610	647.5361	4.8416
6674.540	650.4362	6.8033
6677.470	652.6680	7.5142
6680.400	647.8140	6.1474
6683.330	645.2157	4.6545
6686.260	645.1848	4.5364
6689.190	646.5246	3.8363
6692.120	646.0966	3.8584
6695.050	645.1610	4.6597
6697.980	644.0529	4.8221
6700.910	643.8860	4.8892
6703.840	642.5076	4.5569
6706.770	640.1680	4.5076
6709.700	640.1523	4.7377
6712.630	640.9198	4.3846
6715.560	640.7096	4.4037
6718.490	639.7434	4.6374
6721.420	638.7362	4.9785
6724.350	637.2920	4.9381
6727.280	637.7617	4.7668
6730.210	638.4885	4.7056
6733.140	637.9772	4.6809
6736.070	638.8433	4.6009
6739.000	639.6898	4.2563
6741.930	641.0623	4.1380
6744.860	640.2080	4.6021
6747.790	638.0777	4.6493
6750.720	636.6102	4.6195
6753.650	636.7161	4.7215
6756.580	636.4193	4.3806
6759.510	635.1726	3.7496
6762.440	635.6445	4.0050
6765.370	634.0762	4.3871
6768.300	632.5081	4.4370
6771.230	632.0171	4.2546
6774.160	632.3988	4.4305
6777.090	633.7783	4.3839
6780.020	633.5280	4.3341
6782.950	631.8246	3.7273
6785.880	630.4449	3.5511
6788.810	630.4751	3.9781
6791.740	631.2569	4.2735
6794.670	630.7443	3.8969
6797.600	629.9509	4.0591
6800.530	627.9695	3.9589
6803.460	626.8807	3.7903
6806.390	626.3227	4.2328
6809.320	627.8188	3.9837
6812.250	629.3973	3.4218
6815.180	627.8028	3.5933
6818.110	626.3483	3.6024
6821.040	624.7779	3.6633
6823.970	625.1958	4.4302
6826.900	625.4395	4.4916
6829.830	625.5367	4.4160
6832.760	624.4665	4.4318
6835.690	623.0666	4.3090
6838.620	623.1336	4.3604
6841.550	622.9509	3.9130
6844.480	622.6927	4.1051
6847.410	620.9307	4.0466
6850.340	621.1152	4.4030
6853.270	620.5024	4.5783
6856.200	618.5388	4.6425
6859.130	617.7106	4.6705
6862.060	617.7852	4.3540
6864.990	618.3369	4.3889
6867.920	618.6079	4.4986
6870.850	618.9683	4.3728
6873.780	618.1051	3.8793
6876.710	616.9563	3.4053
6879.640	615.8043	3.8626
6882.570	616.5595	4.5065
6885.500	618.3018	5.1947
6888.430	617.9124	4.8961
6891.360	617.3127	4.4433
6894.290	617.2054	3.9418
6897.220	614.9867	3.7262
6900.150	613.4180	3.5511
6903.080	614.9542	3.6611
6906.010	614.8308	3.6947
6908.940	613.2798	4.1107
6911.870	612.4448	4.2015
6914.800	611.2413	3.8384
6917.730	610.2594	3.9504
6920.660	609.8444	4.0032
6923.590	609.9419	3.7227
6926.520	610.7303	3.5210
6929.450	610.7361	3.5345
6932.380	608.8961	3.6455
6935.310	608.6703	3.3209
6938.240	610.2646	3.7113
6941.170	610.0136	3.4255
6944.100	609.5203	3.6204
6947.030	607.1207	4.0545
6949.960	605.1380	4.1527
6952.890	603.9187	3.9098
6955.820	604.0678	3.7251
6958.750	604.5301	3.7855
6961.680	606.4873	3.7154
6964.610	606.3199	4.0111
6967.540	605.7288	4.1320
6970.470	605.7127	3.9695
6973.400	605.9316	3.9869
6976.330	606.2550	4.0093
6979.260	605.0826	4.1893
6982.190	603.1388	3.8553
6985.120	601.6688	3.8593
6988.050	601.8065	4.1039
6990.980	602.5418	4.3902
6993.910	603.1580	4.3502
6996.840	602.7892	4.1369
6999.770	599.9991	4.2580
7002.700	598.4413	4.4166
7005.630	597.8237	4.2473
7008.560	597.8353	4.0767
7011.490	598.5671	3.7969
7014.420	596.6309	3.7493
7017.350	595.3852	3.6278
7020.280	596.2738	3.8257
7023.210	596.5433	3.9005
7026.140	595.1340	3.7863
7029.070	594.0095	3.6534
7032.000	593.8206	3.1477
7034.930	593.3634	3.1925
7037.860	593.6878	2.9266
7040.790	595.5057	3.2168
7043.720	592.9745	3.4667
7046.650	591.5951	3.5290
7049.580	592.4788	3.3097
7052.510	593.0442	3.4573
7055.440	592.9763	3.7479
7058.370	592.7740	4.3641
7061.300	593.6996	5.1873
7064.230	594.0450	5.6565
7067.160	591.4440	4.9200
7070.090	589.0254	3.5363
7073.020	588.3018	3.4927
7075.950	588.1492	3.7439
7078.880	588.6532	3.4173
7081.810	587.3386	3.2925
7084.740	584.1622	3.4621
7087.670	585.8666	3.3610
7090.600	587.0137	3.1372
7093.530	586.3680	3.2218
7096.460	586.0764	3.4014
7099.390	586.1114	3.4461
7102.320	585.8091	3.7941
7105.250	585.6594	4.0343
7108.180	584.4647	4.0654
7111.110	584.2018	3.9126
7114.040	584.7173	3.6279
7116.970	584.2886	3.8006
7119.900	584.2055	4.0729
7122.830	583.2534	4.0212
7125.760	582.2144	3.8617
7128.690	581.4888	3.3482
7131.620	581.2921	3.4359
7134.550	581.6157	3.7117
7137.480	580.7402	3.3694
7140.410	580.7862	3.4319
7143.340	581.9681	4.2095
7146.270	578.8842	3.7659
7149.200	577.2185	3.9592
7152.130	576.6177	4.0067
7155.060	576.5658	3.7931
7157.990	577.2017	3.7159
7160.920	576.8925	3.9425
7163.850	576.6704	4.3446
7166.780	575.8201	4.3013
7169.710	576.1016	4.7231
7172.640	576.5003	4.8307
7175.570	575.1596	4.6941
7178.500	574.0912	4.2476
7181.430	574.1679	4.0245
7184.360	573.7085	3.9207
7187.290	572.8162	3.4945
7190.220	571.6526	3.5266
7193.150	570.9728	3.2292
7196.080	572.0905	3.4071
7199.010	573.2706	3.7726
7201.940	573.7603	3.8038
7204.870	573.0315	3.7659
7207.800	571.8629	3.5673
7210.730	571.5794	3.2030
7213.660	571.0905	3.3028
7216.590	570.6415	3.5661
7219.520	570.8862	3.8690
7222.450	571.3441	5.1380
7225.380	571.0023	4.8748
7228.310	570.5693	4.0410
7231.240	570.6044	3.7304
7234.170	569.6124	3.6175
7237.100	568.3967	3.5642
7240.030	568.2304	3.5871
7242.960	567.8907	4.0717
7245.890	566.5960	4.3246
7248.820	565.6344	4.0591
7251.750	564.8241	3.9105
7254.680	564.1709	3.7275
7257.610	563.7681	3.1905
7260.540	564.3390	3.0188
7263.470	564.5833	3.6043
7266.400	563.8528	3.6469
7269.330	563.9777	4.1401
7272.260	563.9902	4.1105
7275.190	562.8200	3.9450
7278.120	563.5520	4.2889
7281.050	563.2906	4.6508
7283.980	560.7805	4.0704
7286.910	559.6728	4.1549
7289.840	559.8333	4.3115
7292.770	558.5918	4.1246
7295.700	558.5641	3.8909
7298.630	558.9212	3.9805
7301.560	558.5774	3.9811
7304.490	557.1983	3.7461
7307.420	557.6168	3.7357
7310.350	557.9791	3.6332
7313.280	558.1412	3.6947
7316.210	557.8380	3.5964
7319.140	557.2513	3.3319
7322.070	556.9638	3.3607
7325.000	556.0669	3.5931
7327.930	554.8705	3.6136
7330.860	554.7098	3.6965
7333.790	555.3840	4.0950
7336.720	556.0954	4.4730
7339.650	555.5705	4.0845
7342.580	554.3163	3.5492
7345.510	554.4251	3.3418
7348.440	555.4883	3.3344
7351.370	553.7516	4.1318
7354.300	553.0983	4.0427
7357.230	553.4800	3.8456
7360.160	552.5609	3.6364
7363.090	552.1112	3.6872
7366.020	550.6107	3.7390
7368.950	549.8150	3.3760
7371.880	550.5828	3.4333
7374.810	550.1846	3.3467
7377.740	550.3908	3.5256
7380.670	550.3302	3.5361
7383.600	549.5333	3.9031
7386.530	548.1440	3.7738
7389.460	547.2795	3.7401
7392.390	546.8388	3.3560
7395.320	547.2190	3.3102
7398.250	547.1352	3.2981
7401.180	546.2259	3.3343
7404.110	544.5788	3.2370
7407.040	542.4559	3.6442
7409.970	541.8733	3.9740
7412.900	542.0616	4.1754
7415.830	542.0975	4.0687
7418.760	541.7730	3.3716
7421.690	541.6365	3.7331
7424.620	542.2417	3.8074
7427.550	541.3923	3.3874
7430.480	541.8925	3.4920
7433.410	541.9901	3.3200
7436.340	541.3849	3.2120
7439.270	542.0411	3.5732
7442.200	541.3036	3.2966
7445.130	539.1252	3.5726
7448.060	538.5845	3.6922
7450.990	538.5655	4.0697
7453.920	537.8504	4.1893
7456.850	537.4251	3.9251
7459.780	537.3222	3.9936
7462.710	537.0008	4.0393
7465.640	536.5483	3.9574
7468.570	537.1319	3.8014
7471.500	536.8090	4.0791
7474.430	536.1959	4.3140
7477.360	535.6715	4.1972
7480.290	535.6290	4.0396
7483.220	534.4829	3.7704
7486.150	533.9230	3.6214
7489.080	532.6813	3.7933
7492.010	532.8483	3.9941
7494.940	531.4890	4.0138
7497.870	531.3118	4.1071
7500.800	532.8115	3.9898
7503.730	532.2512	3.7846
7506.660	532.0362	3.5673
7509.590	532.3186	3.6867
7512.520	532.0597	3.6468
7515.450	532.0917	3.2892
7518.380	532.3127	3.5798
7521.310	532.2015	3.9223
7524.240	530.3216	3.9584
7527.170	529.4951	3.7928
7530.100	528.5661	3.8347
7533.030	527.7221	3.6279
7535.960	527.7552	3.4026
7538.890	528.4585	3.5052
7541.820	529.3734	3.7396
7544.750	528.8677	3.5857
7547.680	526.6618	3.1679
7550.610	525.7603	3.3253
7553.540	526.1406	3.0930
7556.470	526.3289	3.1019
7559.400	525.9716	3.7161
7562.330	526.0869	3.8490
7565.260	526.3987	4.3285
7568.190	524.8334	4.3476
7571.120	524.6899	3.8549
7574.050	524.9920	3.4797
7576.980	525.1110	3.2624
7579.910	525.1547	3.5961
7582.840	524.4393	3.9731
7585.770	522.0968	4.3708
7588.700	520.4261	4.6869
7591.630	520.4592	5.4010
7594.560	520.4218	5.9664
7597.490	519.3611	6.0288
7600.420	518.0973	5.3718
7603.350	518.7573	4.4435
7606.280	518.6135	3.5134
7609.210	518.5657	3.6204
7612.140	518.5738	2.9813
7615.070	519.1091	3.3134
7618.000	519.6968	3.3056
7620.930	520.7174	3.9236
7623.860	518.5692	4.9279
7626.790	516.9259	4.2296
7629.720	517.8405	4.2032
7632.650	517.5835	3.5533
7635.580	517.4384	2.9266
7638.510	517.3454	3.3801
7641.440	517.3911	4.0381
7644.370	516.9654	3.6590
7647.300	516.1599	3.3699
7650.230	515.0865	3.6574
7653.160	514.3271	3.9362
7656.090	512.9239	4.0087
7659.020	512.7862	4.3871
7661.950	511.5768	4.5891
7664.880	510.1706	3.8488
7667.810	510.7397	2.8919
7670.740	512.3703	3.1281
7673.670	513.1982	3.5530
7676.600	513.7889	3.7242
7679.530	512.6892	3.8227
7682.460	511.8424	3.8162
7685.390	510.4654	3.9101
7688.320	510.1620	4.0018
7691.250	510.6867	4.0243
7694.180	510.4639	3.5304
7697.110	509.3745	3.4236
7700.040	507.8642	3.3078
7702.970	507.2799	3.2366
7705.900	506.8334	3.2343
7708.830	507.8216	3.3674
7711.760	507.8056	3.7197
7714.690	508.1535	3.4898
7717.620	508.8941	3.2923
7720.550	509.5513	3.7280
7723.480	509.0312	4.0945
7726.410	508.3017	3.7450
7729.340	508.3828	3.7140
7732.270	508.2133	3.9878
7735.200	507.7126	3.4378
7738.130	506.8422	3.4034
7741.060	504.3993	3.1482
7743.990	501.9738	3.5669
7746.920	503.7294	3.3276
7749.850	503.7403	2.9392
7752.780	502.1602	3.1644
7755.710	503.0390	3.5200
7758.640	504.4250	3.0585
7761.570	503.3005	3.4170
7764.500	502.3016	3.2099
7767.430	501.9154	3.0177
7770.360	501.4284	3.6247
7773.290	501.0157	3.9692
7776.220	499.4088	3.7387
7779.150	498.2139	3.7192
7782.080	498.2869	3.1481
7785.010	498.3883	3.3666
7787.940	498.0701	3.2787
7790.870	498.0627	3.1644
7793.800	497.4780	2.9838
7796.730	497.7452	3.0652
7799.660	497.9165	3.2209
7802.590	497.3994	3.5694
7805.520	497.2564	3.8841
7808.450	497.0414	3.8628
7811.380	496.4066	3.4109
7814.310	496.4948	3.2611
7817.240	497.5732	3.3745
7820.170	495.7930	3.4360
7823.100	495.1173	3.2765
7826.030	496.7586	3.2781
7828.960	495.9978	3.5465
7831.890	492.9847	3.9029
7834.820	493.3114	3.6158
7837.750	493.1410	3.4538
7840.680	491.6480	3.2406
7843.610	489.7080	3.2077
7846.540	488.6522	3.6094
7849.470	489.5265	3.7243
7852.400	490.8827	3.8120
7855.330	490.9760	3.7827
7858.260	491.0345	3.6579
7861.190	491.3200	3.3626
7864.120	492.2879	3.4832
7867.050	491.9753	3.7289
7869.980	490.4675	3.9116
7872.910	488.9851	3.6876
7875.840	489.0939	3.7537
7878.770	488.0918	3.5474
7881.700	488.2031	3.5869
7884.630	488.1792	3.6118
7887.560	489.2341	3.6303
7890.490	490.6703	3.1633
7893.420	491.2669	3.1025
7896.350	491.5577	3.3281
7899.280	492.1955	3.9147
7902.210	491.3320	4.0177
7905.140	489.1108	3.9718
7908.070	486.3024	3.8740
7911.000	483.8082	3.8934
7913.930	483.7370	3.9804
7916.860	482.7167	3.9483
7919.790	483.1462	3.4345
7922.720	482.5941	3.9980
7925.650	483.2337	3.5539
7928.580	481.2756	3.2615
7931.510	480.5060	3.4631
7934.440	480.8525	3.3537
7937.370	480.3436	3.3705
7940.300	479.4448	3.0157
7943.230	478.2161	2.7079
7946.160	478.4737	3.0715
7949.090	478.7908	3.3305
7952.020	478.2196	3.2372
7954.950	479.0006	3.2008
7957.880	480.6576	3.8322
7960.810	480.6031	3.9624
7963.740	480.0262	3.9218
7966.670	478.8788	3.8238
7969.600	479.3873	3.7319
7972.530	481.6093	3.8698
7975.460	482.6038	3.7160
7978.390	482.4074	3.6779
7981.320	481.5045	3.5863
7984.250	481.1929	3.6900
7987.180	479.1633	4.0515
7990.110	478.5373	3.9423
7993.040	476.3562	3.5594
7995.970	473.8950	3.6235
7998.900	472.3718	3.3593
8001.830	470.8887	3.1436
8004.760	471.9977	2.5699
8007.690	473.9421	2.2170
8010.620	474.8150	2.2554
8013.550	475.8023	2.5922
8016.480	477.0174	3.3483
8019.410	476.4945	3.6192
8022.340	475.6546	3.5935
8025.270	475.4503	3.3815
8028.200	473.8059	3.6682
8031.130	472.5830	3.4795
8034.060	470.5039	3.3232
8036.990	470.1275	3.1400
8039.920	470.7762	3.3066
8042.850	470.9997	3.1615
8045.780	469.5947	3.3061
8048.710	468.5227	3.3906
8051.640	468.0849	3.5146
8054.570	468.6586	3.9196
8057.500	468.6101	3.5350
8060.430	469.5765	3.0623
8063.360	470.0135	3.1159
8066.290	468.7777	2.8284
8069.220	468.1389	3.5483
8072.150	466.7323	3.2074
8075.080	466.0128	3.6385
8078.010	466.3495	3.8102
8080.940	465.5276	4.0010
8083.870	463.3891	3.5116
8086.800	462.8128	3.2479
8089.730	464.6051	3.4171
8092.660	463.8310	3.2529
8095.590	462.5337	3.2196
8098.520	463.0763	3.2985
8101.450	462.5115	3.5891
8104.380	461.6960	3.4872
8107.310	461.3949	3.5458
8110.240	461.8219	3.4960
8113.170	461.8838	3.6969
8116.100	462.2656	3.6347
8119.030	461.7110	3.6215
8121.960	462.7005	3.4252
8124.890	461.7588	3.0597
8127.820	462.7249	2.8129
8130.750	462.5564	2.8631
8133.680	460.7861	2.9016
8136.610	459.3782	3.1339
8139.540	459.8174	3.2583
8142.470	459.9556	3.3597
8145.400	459.5794	2.8597
8148.330	458.5828	2.8234
8151.260	459.0137	2.9409
8154.190	460.3057	3.1391
8157.120	459.2918	3.5321
8160.050	457.6752	3.4240
8162.980	458.3333	3.6367
8165.910	458.2781	3.9181
8168.840	456.4757	4.3887
8171.770	456.4376	4.1458
8174.700	456.8483	3.8458
8177.630	456.1796	3.8033
8180.560	454.2419	4.4745
8183.490	451.3217	4.1090
8186.420	451.5620	3.9345
8189.350	452.4724	3.6146
8192.280	452.7153	3.5421
8195.210	452.7086	3.7166
8198.140	451.9715	2.8997
8201.070	450.9272	2.7569
8204.000	450.8542	3.1315
8206.930	451.4263	3.3686
8209.860	450.7948	2.9054
8212.790	450.9689	2.7985
8215.720	450.9321	2.4516
8218.650	450.2642	2.8463
8221.580	449.5773	3.4140
8224.510	450.0448	4.0747
8227.440	450.4630	4.6653
8230.370	449.9800	4.9151
8233.300	449.0806	4.7912
8236.230	447.1750	4.0000
8239.160	448.3917	3.4603
8242.090	448.3970	2.3828
8245.020	449.4711	2.3535
8247.950	449.5307	2.5646
8250.880	448.0102	2.7812
8253.810	447.1444	3.0339
8256.740	445.8636	3.5694
8259.670	445.5607	3.3120
8262.600	444.8042	3.1705
8265.530	444.2281	3.0603
8268.460	443.9061	3.0253
8271.390	443.8893	2.6788
8274.320	444.9154	2.4555
8277.250	445.2726	2.2913
8280.180	444.6081	2.9660
8283.110	444.3002	2.6862
8286.040	444.2788	2.7192
8288.970	442.1021	3.2796
8291.900	441.7674	3.0990
8294.830	442.8486	3.1632
8297.760	441.2065	3.5022
8300.690	441.7667	2.8933
8303.620	441.1782	2.2881
8306.550	440.7920	2.8057
8309.480	440.0290	3.1852
8312.410	440.8625	3.5099
8315.340	441.0200	3.6783
8318.270	440.6128	3.6285
8321.200	439.1327	3.3425
8324.130	437.9045	3.1727
8327.060	437.9730	3.7553
8329.990	437.7998	3.8861
8332.920	436.5894	3.7321
8335.850	436.1201	3.6661
8338.780	436.1462	3.6695
8341.710	436.1635	3.6014
8344.640	434.3859	3.5297
8347.570	435.9329	2.9356
8350.500	436.1431	3.2169
8353.430	435.1036	3.5291
8356.360	434.5508	3.0339
8359.290	434.7075	3.1226
8362.220	433.2286	3.6540
8365.150	431.3787	3.5743
8368.080	432.7007	3.1238
8371.010	433.1334	2.4856
8373.940	433.9833	2.4971
8376.870	435.1932	3.4509
8379.800	435.1909	3.8561
8382.730	436.2527	3.8261
8385.660	435.1597	3.0812
8388.590	433.0487	2.8696
8391.520	432.4241	2.8207
8394.450	432.2041	3.3209
8397.380	432.8325	3.6059
8400.310	431.5581	3.0624
8403.240	430.4451	2.2123
8406.170	431.9800	2.0568
8409.100	433.1305	2.6641
8412.030	432.6241	3.4185
8414.960	432.0563	3.8400
8417.890	432.2335	2.8085
8420.820	432.8180	2.3866
8423.750	432.7612	2.5135
8426.680	431.2587	3.3217
8429.610	429.5604	4.1018
8432.540	429.3575	3.6048
8435.470	427.5204	3.3837
8438.400	425.9045	3.2533
8441.330	425.1843	3.0059
8444.260	424.6959	2.7133
8447.190	424.3257	2.8100
8450.120	424.2047	4.1601
8453.050	423.7428	3.2012
8455.980	425.2272	2.8671
8458.910	427.0145	3.7261
8461.840	427.4483	3.8181
8464.770	427.5958	3.7465
8467.700	428.1250	3.6076
8470.630	426.6604	3.2728
8473.560	425.6670	3.1583
8476.490	425.9699	3.3006
8479.420	425.5770	3.2341
8482.350	424.8636	3.4184
8485.280	424.7834	3.8448
8488.210	424.2941	3.9137
8491.140	422.9228	3.5113
8494.070	422.0737	4.4613
8497.000	414.9028	5.3235
8499.930	403.8647	4.4015
8502.860	404.5343	3.8226
8505.790	409.7125	3.7975
8508.720	416.0326	3.6446
8511.650	418.8359	3.2908
8514.580	418.0226	3.7714
8517.510	416.7837	3.4970
8520.440	417.7330	3.2507
8523.370	418.2032	3.3048
8526.300	417.8657	3.5622
8529.230	414.5536	4.2162
8532.160	412.4152	3.9815
8535.090	411.1350	3.7633
8538.020	412.0681	6.1722
8540.950	390.2801	6.3398
8543.880	366.4983	5.0932
8546.810	376.9593	4.1918
8549.740	394.5824	4.2842
8552.670	406.6195	3.8514
8555.600	410.6876	3.2123
8558.530	411.6338	3.0972
8561.460	414.4561	3.1922
8564.390	418.4241	3.1954
8567.320	419.4140	3.1675
8570.250	419.7877	3.1465
8573.180	419.9841	3.3412
8576.110	419.1020	3.5199
8579.040	418.0438	3.7862
8581.970	417.5724	3.9396
8584.900	415.8890	4.1673
8587.830	414.0763	3.7725
8590.760	413.6760	2.8838
8593.690	413.4400	2.6407
8596.620	412.2832	2.8749
8599.550	410.9892	3.5027
8602.480	411.1960	3.3139
8605.410	411.2892	2.5510
8608.340	411.9446	1.9429
8611.270	411.6719	2.0834
8614.200	411.9379	2.7350
8617.130	414.3208	2.3764
8620.060	413.1322	3.3750
8622.990	410.6012	4.0682
8625.920	409.8639	3.7186
8628.850	409.8016	3.3161
8631.780	408.4948	3.0476
8634.710	407.4744	3.7506
8637.640	407.0627	3.8832
8640.570	407.8094	3.8515
8643.500	410.1736	3.3613
8646.430	409.5621	3.4095
8649.360	406.7100	3.7220
8652.290	403.0805	3.6670
8655.220	400.7429	2.2471
8658.150	401.9589	5.7372
8661.080	388.4928	5.9259
8664.010	369.7170	5.0116
8666.940	372.3924	4.0713
8669.870	385.6236	3.6961
8672.800	394.8284	3.4807
8675.730	398.1569	3.4405
8678.660	399.6931	3.3824
8681.590	401.3878	3.1201
8684.520	403.3528	3.0660
8687.450	403.7511	3.1699
8690.380	403.0649	3.0714
8693.310	403.6942	2.9741
8696.240	405.1675	2.8442
8699.170	405.9748	3.0457
8702.100	405.6704	3.0894
8705.030	405.2063	3.1721
8707.960	404.6261	3.0416
8710.890	404.0975	3.0244
8713.820	402.6329	2.9168
8716.750	401.7012	2.5097
8719.680	401.0419	2.7855
8722.610	400.7273	3.0151
8725.540	400.6431	2.5954
8728.470	400.9951	2.1206
8731.400	401.0950	2.1829
8734.330	401.1721	2.3778
8737.260	399.5026	2.7717
8740.190	398.2174	2.6122
8743.120	397.6720	2.5932
8746.050	396.6902	2.5000
8748.980	395.8149	2.6551
8751.910	394.8126	2.8909
8754.840	394.4961	2.6286
8757.770	395.9917	2.6757
8760.700	397.2087	2.8181
8763.630	398.4893	2.9749
8766.560	398.8586	3.3001
8769.490	399.9106	3.3980
8772.420	400.9290	3.5367
8775.350	399.2988	3.5878
8778.280	398.0540	3.3097
8781.210	396.4727	3.5442
8784.140	393.3432	3.7417
8787.070	394.2311	3.4858
8790.000	395.6792	2.9217
8792.930	395.8792	2.6347
8795.860	395.0632	2.4396
8798.790	393.6996	2.5673
8801.720	395.0068	2.9428
8804.650	395.4838	3.9223
8807.580	393.0955	3.5646
8810.510	391.1642	3.7094
8813.440	390.8154	3.7779
8816.370	392.4567	3.4858
8819.300	392.5678	3.4424
8822.230	391.1805	3.4324
8825.160	389.1218	3.5322
8828.090	388.8431	2.9858
8831.020	390.7084	2.9895
8833.950	391.6086	3.0024
8836.880	392.0853	2.7424
8839.810	393.2037	2.2387
8842.740	394.1432	2.4448
8845.670	391.6294	2.9855
8848.600	389.9518	3.7342
8851.530	389.3875	3.6484
8854.460	388.8321	3.5180
8857.390	387.0562	3.0234
8860.320	385.5531	2.3062
8863.250	382.8445	2.9662
8866.180	380.1267	3.2444
8869.110	381.2784	3.0376
8872.040	384.3663	2.5964
8874.970	387.1062	2.6184
8877.900	388.2742	1.4858
8880.830	387.6949	2.4062
8883.760	387.1371	3.0759
8886.690	388.7512	2.6115
8889.620	388.1754	1.6307
8892.550	386.6187	2.4708
8895.480	385.1310	3.3593
8898.410	384.6858	3.5996
8901.340	384.7054	3.4074
8904.270	385.0481	3.0636
8907.200	384.6802	3.1016
8910.130	385.3347	2.3588
8913.060	386.4377	3.0915
8915.990	387.2034	2.8499
8918.920	387.6103	2.5251
8921.850	387.3451	3.0949
8924.780	386.7362	3.5099
8927.710	384.8280	3.4239
8930.640	382.1673	2.8361
8933.570	382.5208	2.5866
8936.500	382.0250	2.8069
8939.430	379.5609	3.1443
8942.360	380.3285	3.3653
8945.290	382.6409	3.0464
8948.220	382.8070	3.0007
8951.150	384.1319	2.6353
8954.080	385.8960	3.0423
8957.010	384.8063	3.1163
8959.940	383.0866	1.8969
8962.870	383.3730	2.0264
8965.800	382.7750	2.7920
8968.730	381.0262	3.0835
8971.660	379.9826	3.6744
8974.590	380.1297	3.4554
8977.520	380.5074	3.3333
8980.450	380.8988	2.7939
8983.380	379.1730	2.4905
8986.310	379.4135	2.8589
8989.240	381.3881	3.1159
8992.170	378.7692	3.0532
8995.100	376.4940	3.4432
8998.030	376.5643	3.7674
9000.960	376.4390	3.3955
9003.890	375.1758	2.6399
9006.820	374.0011	2.8208
9009.750	372.3871	3.0962
9012.680	370.1358	3.7098
9015.610	368.5949	3.8450
9018.540	370.0849	2.9888
9021.470	372.2043	3.1288
9024.400	373.9719	3.4388
9027.330	374.0681	3.4155
9030.260	374.1014	2.7583
9033.190	375.4092	1.3826
9036.120	374.9389	1.6435
9039.050	374.6509	1.7672
9041.980	374.1939	2.8830
9044.910	372.9581	3.1207
9047.840	372.9205	3.5863
9050.770	372.5294	3.6904
9053.700	371.1800	2.9839
9056.630	371.8147	1.9827
9059.560	372.4060	2.4632
9062.490	372.5177	2.8543
9065.420	371.7689	3.3064
9068.350	372.6212	3.7034
9071.280	375.0149	3.3654
9074.210	376.1560	2.8788
9077.140	375.8667	2.9649
9080.070	374.2712	3.3678
9083.000	372.0080	2.8257
9085.930	369.4950	2.8488
9088.860	368.5606	3.2175
9091.790	368.2144	3.2122
9094.720	368.0642	2.7192
9097.650	368.1017	2.4409
9100.580	367.3837	3.0099
9103.510	368.7576	3.1664
9106.440	370.8783	3.0228
9109.370	370.3406	3.2707
9112.300	370.2842	3.4705
9115.230	369.4732	3.7011
9118.160	369.1695	3.6563
9121.090	369.3014	3.0056
9124.020	367.6169	2.5458
9126.950	366.7908	2.4916
9129.880	367.4022	3.1708
9132.810	368.3335	3.4930
9135.740	369.1113	3.1081
9138.670	370.5475	3.3660
9141.600	371.5619	3.0540
9144.530	372.2945	3.2062
9147.460	372.5410	2.7726
9150.390	372.6855	2.5698
9153.320	372.0784	3.2592
9156.250	371.6752	3.2675
9159.180	370.9089	3.3890
9162.110	369.1662	3.1511
9165.040	366.6894	3.3365
9167.970	365.0847	3.1476
9170.900	363.4141	2.9081
9173.830	362.6512	3.2024
9176.760	362.1868	3.2367
9179.690	362.1531	3.2852
9182.620	364.4984	3.4501
9185.550	366.8252	2.6842
9188.480	367.4383	2.8597
9191.410	367.2474	2.8044
9194.340	366.6942	2.7891
9197.270	364.0137	3.4206
9200.200	364.1061	3.0194
9203.130	362.4250	3.3724
9206.060	360.9746	3.2669
9208.990	360.5509	3.2515
9211.920	357.9045	3.1271
9214.850	355.3320	3.0590
9217.780	354.8985	3.3584
9220.710	355.7976	2.9728
9223.640	356.2966	2.6038
9226.570	353.7410	3.0012
9229.500	351.5418	3.0988
9232.430	349.2742	3.4884
9235.360	350.8788	2.6327
9238.290	351.6781	2.4043
9241.220	350.4506	2.5736
9244.150	350.9383	3.0925
9247.080	352.9420	3.5321
9250.010	353.7130	3.7104
9252.940	354.9315	3.2070
9255.870	355.9250	2.7682
9258.800	355.3378	3.0101
9261.730	352.5091	3.1627
9264.660	351.2178	3.1988
9267.590	350.4816	3.2418
9270.520	351.5136	3.5448
9273.450	353.1200	3.4790
9276.380	353.6228	3.8164
9279.310	354.6604	4.0131
9282.240	357.7763	3.3579
9285.170	360.1997	2.9394
9288.100	360.8378	2.8419
9291.030	361.0313	2.2156
9293.960	360.5801	1.7381
9296.890	359.2388	2.3282
9299.820	357.8199	3.0122
9302.750	357.5467	3.5716
9305.680	356.4557	3.0427
9308.610	354.7018	3.0637
9311.540	352.4269	2.8047
9314.470	350.1106	3.8154
9317.400	348.8065	3.1616
9320.330	349.2173	3.6716
9323.260	349.5474	4.3295
9326.190	350.4642	3.7858
9329.120	350.6598	3.2179
9332.050	350.7842	3.8631
9334.980	350.0220	4.4959
9337.910	349.2485	5.0636
9340.840	347.4571	4.8248
9343.770	348.2085	4.5241
9346.700	347.2621	3.9833
9349.630	345.4348	3.6664
9352.560	347.0278	4.2707
9355.490	348.5548	3.9581
9358.420	348.9550	3.0535
9361.350	348.3749	3.5566
9364.280	347.7417	3.6450
9367.210	348.1505	3.6912
9370.140	347.8781	3.3650
9373.070	346.2168	3.2181
9376.000	344.6868	3.0527
9378.930	344.8088	3.7446
9381.860	344.0807	3.5189
9384.790	344.4047	2.2082
9387.720	346.9368	2.2817
9390.650	347.3981	3.0716
9393.580	345.6541	3.7513
9396.510	345.2226	3.4145
9399.440	346.0002	3.3427
9402.370	345.6226	3.4036
9405.300	345.3389	3.9337
9408.230	345.8484	4.0059
9411.160	344.1318	4.7766
9414.090	340.8916	4.5099
9417.020	338.9909	3.6287
9419.950	338.6667	3.6930
9422.880	340.2485	3.6265
9425.810	342.1774	3.5152
9428.740	343.3433	3.1828
9431.670	343.0788	2.6513
9434.600	343.1880	2.8801
9437.530	344.1637	3.9773
9440.460	343.8731	4.3699
9443.390	344.0911	3.6909
9446.320	343.3903	3.1263
9449.250	342.7315	3.1028
9452.180	341.2683	3.2598
9455.110	340.7537	3.5338
9458.040	341.1901	2.7994
9460.970	341.8664	2.2499
9463.900	342.6918	2.1025
9466.830	343.5934	2.0012
9469.760	343.2642	2.8039
9472.690	342.5673	3.2602
9475.620	342.1018	3.5644
9478.550	341.2548	3.6915
9481.480	340.9907	3.1063
9484.410	340.4773	2.8247
9487.340	338.6133	3.3522
9490.270	337.6438	3.4792
9493.200	338.7111	3.1451
9496.130	338.6387	3.4206
9499.060	338.3875	3.8966
9501.990	337.4114	3.4428
9504.920	337.5752	3.0393
9507.850	338.6928	3.0691
9510.780	338.4397	3.7081
9513.710	336.2062	4.4041
9516.640	333.5117	4.5494
9519.570	333.1236	3.8324
9522.500	333.4303	2.4731
9525.430	332.5392	2.0820
9528.360	332.4782	2.3403
9531.290	331.9436	2.6918
9534.220	330.6194	3.3083
9537.150	329.0742	3.6091
9540.080	328.4457	3.6196
9543.010	325.3386	4.0174
9545.940	321.5780	3.8779
9548.870	316.8472	4.1841
9551.800	318.5911	3.9356
9554.730	321.6892	3.5484
9557.660	324.8386	3.6852
9560.590	326.8548	3.8837
9563.520	327.3664	4.1408
9566.450	328.2436	4.5797
9569.380	330.6227	4.3357
9572.310	330.8035	3.7427
9575.240	328.9638	3.4083
9578.170	325.9096	3.5128
9581.100	326.0378	3.4459
9584.030	326.8468	4.0598
9586.960	325.5501	4.5649
9589.890	326.4781	4.5409
9592.820	329.1502	4.8386
9595.750	329.7748	4.8102
9598.680	329.3025	4.5587
9601.610	327.2479	4.6254
9604.540	323.6398	5.1944
9607.470	321.9913	5.3170
9610.400	322.7297	5.6013
9613.330	324.7001	5.4493
9616.260	323.7293	5.3288
9619.190	320.8736	5.6691
9622.120	320.6493	6.1261
9625.050	317.7323	6.1169
9627.980	315.9148	5.7586
9630.910	315.4960	5.6935
9633.840	315.9178	5.7305
9636.770	316.2301	6.0785
9639.700	316.1397	6.1163
9642.630	314.5307	5.9961
9645.560	315.9531	6.3165
9648.490	316.3636	6.1972
9651.420	315.6873	6.2749
9654.350	311.5003	6.1862
9657.280	310.8513	6.4689
9660.210	310.7889	6.5674
9663.140	309.3180	6.6456
9666.070	311.3986	6.8127
9669.000	311.8237	6.9106
9671.930	310.9045	7.0075
9674.860	309.5491	7.1427
9677.790	309.6172	7.4321
9680.720	307.2444	7.2428
9683.650	306.7721	7.3767
9686.580	306.1132	7.4249
9689.510	306.4368	7.4094
9692.440	306.7712	7.6840
9695.370	307.6801	7.9858
9698.300	307.3163	8.3171
9701.230	304.0707	8.6250
