3298.680	464.1932	5.9715
3301.060	460.1975	7.4108
3303.440	453.1552	6.4737
3305.820	451.0777	5.3472
3308.200	452.8800	5.2823
3310.580	453.4097	6.1475
3312.960	455.5422	5.5924
3315.340	452.6835	5.7406
3317.720	448.1044	6.0597
3320.100	443.2847	6.8720
3322.480	441.6096	5.6141
3324.860	441.2943	5.0470
3327.240	445.1806	5.1092
3329.620	444.7236	4.9814
3332.000	443.4446	5.8413
3334.380	442.3755	5.2169
3336.760	443.8797	4.8155
3339.140	444.6121	4.7422
3341.520	440.6909	4.9348
3343.900	440.0183	4.6748
3346.280	441.7410	4.2761
3348.660	436.3839	4.8879
3351.040	434.3478	4.4866
3353.420	446.7158	5.5836
3355.800	452.2295	6.8437
3358.180	430.9501	5.9758
3360.560	406.8289	6.3352
3362.940	409.3393	4.7017
3365.320	427.9938	5.5258
3367.700	433.7018	4.7656
3370.080	424.0973	5.2417
3372.460	415.8871	5.0786
3374.840	426.1975	5.0081
3377.220	438.8606	6.4414
3379.600	437.0500	3.6470
3381.980	435.9895	3.7595
3384.360	438.0302	4.5187
3386.740	442.1253	5.4825
3389.120	446.3308	4.7684
3391.500	447.8287	4.3676
3393.880	440.6543	5.3994
3396.260	447.8820	4.5652
3398.640	456.2704	5.9226
3401.020	458.2268	6.2129
3403.400	450.9200	4.8660
3405.780	444.5656	4.3188
3408.160	441.7957	3.7037
3410.540	443.7433	3.8904
3412.920	442.2239	4.6307
3415.300	444.3031	4.5244
3417.680	448.4778	5.2743
3420.060	452.8585	5.9703
3422.440	454.2456	4.9916
3424.820	451.5980	3.5397
3427.200	456.0254	3.7414
3429.580	460.9164	5.2317
3431.960	463.5426	5.9934
3434.340	462.0560	5.7902
3436.720	457.2799	6.0258
3439.100	451.4722	5.0919
3441.480	444.2984	5.4347
3443.860	438.4912	4.8752
3446.240	443.7189	4.1920
3448.620	453.1707	5.6608
3451.000	457.1312	5.7128
3453.380	455.1921	5.3121
3455.760	456.4250	4.9967
3458.140	460.2328	4.1713
3460.520	453.7586	4.1177
3462.900	455.8865	4.3834
3465.280	459.6347	6.0002
3467.660	462.6843	5.6380
3470.040	465.8289	6.2445
3472.420	463.7219	4.9517
3474.800	456.2347	4.6554
3477.180	452.7320	5.5478
3479.560	459.9331	5.9037
3481.940	465.6427	5.7465
3484.320	465.1731	5.0408
3486.700	466.8787	5.1366
3489.080	464.8017	4.7355
3491.460	458.5173	4.9641
3493.840	455.1220	4.1348
3496.220	457.6286	4.5520
3498.600	457.1075	4.1448
3500.980	461.3426	5.5328
3503.360	462.5585	6.0686
3505.740	463.3120	5.3569
3508.120	464.0399	4.4833
3510.500	461.8553	4.2632
3512.880	455.8632	4.3508
3515.260	454.5155	4.1835
3517.640	461.4035	3.4335
3520.020	461.2304	3.9027
3522.400	458.8763	4.2285
3524.780	454.4739	6.0754
3527.160	449.5834	3.8588
3529.540	452.2114	3.6915
3531.920	462.1312	4.3152
3534.300	469.5670	4.1475
3536.680	470.7949	3.9570
3539.060	472.0566	4.1711
3541.440	473.8498	4.7202
3543.820	478.2449	5.0534
3546.200	479.2650	5.5421
3548.580	478.4526	4.9354
3550.960	479.3511	5.1426
3553.340	476.6192	4.9942
3555.720	471.1110	5.3345
3558.100	465.3494	5.5310
3560.480	468.6849	4.9089
3562.860	474.2226	4.1886
3565.240	470.0967	4.4267
3567.620	459.0727	3.6143
3570.000	452.7288	5.3204
3572.380	450.0384	4.3746
3574.760	453.2229	4.0061
3577.140	457.5237	4.7703
3579.520	460.4136	4.8912
3581.900	458.0320	4.8024
3584.280	453.2013	5.0044
3586.660	443.5208	4.8648
3589.040	444.7451	4.3443
3591.420	456.2565	4.6960
3593.800	463.1589	5.8905
3596.180	464.3063	6.1878
3598.560	468.8443	5.7419
3600.940	473.8021	4.4687
3603.320	467.7381	4.2026
3605.700	459.9492	4.3386
3608.080	458.4296	3.7979
3610.460	456.9245	4.8599
3612.840	456.1379	6.0052
3615.220	459.8856	5.4333
3617.600	462.0639	3.5476
3619.980	462.0762	5.2240
3622.360	463.1643	4.8869
3624.740	469.5471	6.2552
3627.120	475.3725	6.0988
3629.500	475.6201	5.4392
3631.880	465.9065	5.6347
3634.260	461.8859	5.2528
3636.640	468.1793	5.3136
3639.020	473.2275	4.9896
3641.400	479.0577	4.4742
3643.780	468.9302	4.5305
3646.160	464.7451	4.2316
3648.540	464.2324	4.5658
3650.920	466.3029	3.6667
3653.300	473.2053	4.9026
3655.680	479.3542	4.8444
3658.060	483.0742	4.6407
3660.440	482.4845	4.0325
3662.820	484.2669	3.6224
3665.200	484.7036	3.7883
3667.580	485.4246	4.1073
3669.960	485.7563	4.8968
3672.340	483.7839	5.9633
3674.720	484.3239	5.0034
3677.100	479.4783	4.5564
3679.480	475.0999	4.1261
3681.860	471.3235	4.0812
3684.240	468.0360	4.6416
3686.620	465.2074	4.7123
3689.000	464.6543	4.9370
3691.380	475.5722	4.7857
3693.760	483.6639	5.1320
3696.140	490.1505	4.7280
3698.520	484.5304	4.9344
3700.900	488.3518	6.0020
3703.280	486.4248	5.3090
3705.660	470.5004	4.5064
3708.040	465.4148	3.8388
3710.420	473.6790	4.4665
3712.800	467.7711	5.4297
3715.180	485.3937	5.7991
3717.560	504.3857	4.6605
3719.940	499.2446	5.8025
3722.320	471.8702	4.2744
3724.700	465.3240	4.7246
3727.080	494.1986	5.8889
3729.460	521.4141	5.8265
3731.840	508.4099	6.0567
3734.220	467.2488	5.4290
3736.600	443.7264	4.1260
3738.980	463.5084	6.0644
3741.360	513.0082	6.5479
3743.740	534.6264	3.9772
3746.120	517.5001	4.9008
3748.500	478.7937	5.2463
3750.880	452.5009	5.5864
3753.260	457.0821	7.1502
3755.640	506.8992	6.5486
3758.020	541.5553	4.1178
3760.400	550.6143	4.8243
3762.780	552.5876	5.3043
3765.160	552.9018	5.1957
3767.540	525.9882	4.6012
3769.920	480.0311	4.5091
3772.300	453.0277	4.2946
3774.680	478.4206	4.2500
3777.060	536.0042	4.0122
3779.440	579.3600	4.1250
3781.820	604.4863	5.0575
3784.200	607.7407	5.1556
3786.580	603.7926	6.1534
3788.960	595.7875	4.7792
3791.340	582.0161	5.1734
3793.720	557.0724	4.9706
3796.100	513.1518	5.2147
3798.480	455.2560	4.4927
3800.860	441.3495	3.7169
3803.240	503.2975	4.6294
3805.620	552.9048	5.6109
3808.000	581.9047	4.8194
3810.380	602.8441	5.7714
3812.760	612.3827	6.1266
3815.140	610.2488	7.5283
3817.520	608.2916	7.1486
3819.900	612.0247	7.5069
3822.280	606.3785	6.1429
3824.660	595.8387	4.5558
3827.040	578.5953	4.1618
3829.420	555.4648	3.9192
3831.800	525.9383	3.9775
3834.180	474.2007	4.5670
3836.560	419.7236	3.7630
3838.940	433.0436	4.5853
3841.320	489.2605	3.9858
3843.700	541.8739	6.4809
3846.080	582.4947	6.8402
3848.460	603.2369	5.8647
3850.840	617.6640	5.6791
3853.220	626.7712	5.0924
3855.600	636.2700	4.8463
3857.980	634.1135	5.8782
3860.360	628.7362	5.3609
3862.740	631.2794	7.8030
3865.120	640.7843	7.9867
3867.500	645.2355	6.0958
3869.880	645.7226	6.0373
3872.260	639.4628	4.4512
3874.640	628.1357	5.1234
3877.020	618.5251	4.6704
3879.400	601.3407	5.1660
3881.780	587.8427	5.3927
3884.160	573.9261	5.2689
3886.540	531.2461	5.6071
3888.920	464.3229	5.0806
3891.300	436.2741	3.1651
3893.680	479.0918	4.1420
3896.060	531.8978	5.0255
3898.440	567.3739	4.3154
3900.820	585.4550	3.7700
3903.200	599.3803	3.6528
3905.580	609.1949	4.0428
3907.960	617.1819	4.7105
3910.340	634.7696	6.6633
3912.720	644.7229	7.0366
3915.100	645.0645	6.9618
3917.480	644.7416	6.2439
3919.860	641.3344	6.0343
3922.240	629.3497	6.4799
3924.620	632.0512	6.0299
3927.000	630.6325	7.4532
3929.380	604.9005	6.9622
3931.760	535.8213	9.5314
3934.140	432.1182	7.5304
3936.520	403.3280	5.4145
3938.900	492.1440	6.1802
3941.280	589.3973	6.2377
3943.660	618.9124	7.2343
3946.040	627.2561	5.4825
3948.420	629.5627	6.3537
3950.800	630.5517	6.8129
3953.180	631.9186	7.0455
3955.560	627.7961	6.7509
3957.940	619.9257	6.9077
3960.320	611.1056	7.5034
3962.700	593.8752	6.3118
3965.080	560.2394	8.0534
3967.460	482.3102	9.0805
3969.840	380.0377	6.5828
3972.220	361.1324	4.2933
3974.600	438.1020	5.2082
3976.980	526.6009	6.2843
3979.360	576.4676	7.3678
3981.740	602.7122	7.6051
3984.120	618.8136	6.1917
3986.500	629.6594	5.6216
3988.880	637.2844	5.9875
3991.260	643.1097	6.2150
3993.640	653.5962	5.9299
3996.020	655.4650	5.9141
3998.400	652.8158	5.4966
4000.780	654.3322	6.2786
4003.160	658.5879	6.4812
4005.540	658.8654	5.3711
4007.920	657.4267	4.6584
4010.300	661.8800	5.3043
4012.680	665.5899	5.4088
4015.060	668.2185	4.8189
4017.440	670.3682	4.3208
4019.820	672.6410	5.1510
4022.200	671.6399	6.5488
4024.580	670.1486	7.7394
4026.960	665.9699	5.9968
4029.340	660.9601	4.6385
4031.720	656.4976	3.4551
4034.100	655.6850	3.1878
4036.480	659.2952	4.3604
4038.860	667.2773	5.4932
4041.240	671.2202	4.7714
4043.620	667.5621	5.6554
4046.000	659.4617	4.2640
4048.380	658.1913	4.5879
4050.760	661.9530	5.4989
4053.140	665.8292	4.9904
4055.520	663.8600	4.5062
4057.900	662.5420	4.8745
4060.280	663.7512	4.8441
4062.660	661.3878	4.5434
4065.040	652.0599	4.8494
4067.420	651.1279	5.1581
4069.800	655.6446	5.5126
4072.180	653.5655	5.5321
4074.560	651.9157	5.4272
4076.940	648.2714	5.7322
4079.320	643.5476	5.4536
4081.700	643.9605	5.0781
4084.080	646.3409	5.0489
4086.460	642.7933	5.5353
4088.840	637.5027	6.0991
4091.220	628.2575	5.5352
4093.600	616.5394	6.0361
4095.980	599.9110	6.8311
4098.360	573.0274	7.6599
4100.740	519.8857	7.0330
4103.120	453.3677	4.8925
4105.500	466.9141	4.2056
4107.880	519.4420	4.0781
4110.260	565.4896	4.2045
4112.640	596.2157	4.1366
4115.020	616.7198	4.3555
4117.400	627.1481	4.6481
4119.780	632.0423	4.9802
4122.160	637.3641	4.4919
4124.540	643.6528	5.5548
4126.920	648.9015	5.3405
4129.300	649.0061	4.6678
4131.680	649.1144	5.4617
4134.060	649.0508	5.6593
4136.440	649.1613	5.7164
4138.820	656.7172	5.7937
4141.200	657.5355	6.0145
4143.580	655.5911	5.9345
4145.960	652.9798	4.7277
4148.340	656.5146	5.4443
4150.720	659.7276	5.7096
4153.100	660.9180	5.3916
4155.480	657.6021	5.4882
4157.860	653.3038	5.0093
4160.240	655.1383	5.6539
4162.620	658.1930	5.9019
4165.000	661.0272	5.5640
4167.380	660.1823	5.2565
4169.760	660.0478	4.1568
4172.140	658.5112	5.0118
4174.520	650.1693	5.2918
4176.900	647.6209	4.4658
4179.280	648.0813	4.6652
4181.660	650.0923	4.0146
4184.040	651.1475	4.2715
4186.420	648.3403	4.8110
4188.800	646.8853	5.5810
4191.180	644.2773	6.3353
4193.560	650.9198	5.5785
4195.940	651.6292	5.9787
4198.320	648.8865	6.3012
4200.700	640.3846	5.4848
4203.080	639.7461	4.7431
4205.460	645.5258	5.2972
4207.840	650.8065	4.6061
4210.220	651.5304	4.8914
4212.600	649.6678	5.0596
4214.980	646.7322	5.1842
4217.360	642.5782	4.3483
4219.740	640.3703	4.8168
4222.120	642.3107	3.6324
4224.500	642.9400	6.4759
4226.880	636.4957	4.5587
4229.260	626.8077	4.2243
4231.640	634.9361	6.3811
4234.020	641.8955	5.1459
4236.400	640.1925	4.2732
4238.780	640.7971	4.5087
4241.160	642.6229	4.6653
4243.540	644.8928	4.6724
4245.920	644.9980	4.6370
4248.300	639.7181	4.9186
4250.680	633.5990	4.8643
4253.060	633.8280	4.5310
4255.440	635.2781	4.8922
4257.820	637.1998	4.7905
4260.200	644.8105	4.6554
4262.580	641.5434	4.6667
4264.960	642.8600	5.4143
4267.340	646.6294	5.0842
4269.720	641.1183	5.3171
4272.100	633.1173	5.9121
4274.480	628.6987	4.6212
4276.860	630.4709	4.4380
4279.240	637.5641	4.9948
4281.620	642.4023	4.7024
4284.000	635.1321	5.1704
4286.380	632.0992	5.0666
4288.760	628.4889	5.2837
4291.140	619.7492	4.8141
4293.520	613.8003	5.2363
4295.900	623.1565	5.5741
4298.280	623.4833	5.2988
4300.660	612.5755	5.0947
4303.040	606.3230	4.8614
4305.420	607.3026	4.4499
4307.800	609.2492	5.8989
4310.180	605.9298	6.5934
4312.560	607.3708	5.3291
4314.940	613.1046	6.0444
4317.320	609.0713	7.6468
4319.700	615.2464	6.6615
4322.080	618.4757	5.3339
4324.460	615.2308	6.4673
4326.840	601.2064	5.3098
4329.220	593.7669	5.5288
4331.600	596.5072	6.4898
4333.980	589.4296	6.3681
4336.360	567.5395	6.7175
4338.740	530.5660	7.7658
4341.120	465.8222	5.9370
4343.500	441.8408	4.3468
4345.880	481.7443	3.8078
4348.260	537.0835	3.8383
4350.640	575.0370	4.1477
4353.020	584.2808	4.0150
4355.400	594.3433	3.5369
4357.780	605.9483	3.5920
4360.160	615.5654	4.3051
4362.540	621.7066	4.5490
4364.920	626.6126	4.6101
4367.300	625.7453	5.3090
4369.680	625.9390	5.2029
4372.060	625.9795	5.0717
4374.440	626.8593	5.0268
4376.820	627.7626	5.7108
4379.200	631.4885	5.8222
4381.580	635.2800	6.0772
4383.960	630.4983	5.6061
4386.340	622.7988	6.4233
4388.720	626.0138	5.6184
4391.100	631.3961	4.4022
4393.480	632.6802	4.8686
4395.860	628.7990	4.6222
4398.240	626.8009	4.3061
4400.620	630.3387	4.0394
4403.000	630.0749	5.4753
4405.380	626.7121	4.4656
4407.760	627.0199	4.3976
4410.140	628.8772	4.9530
4412.520	631.9207	4.7699
4414.900	630.0085	4.1927
4417.280	625.8273	4.7948
4419.660	625.6207	4.6028
4422.040	626.0311	4.8306
4424.420	628.9693	4.7433
4426.800	630.2433	4.5549
4429.180	627.6881	4.7156
4431.560	627.7071	4.8705
4433.940	629.8139	4.5755
4436.320	628.7120	4.7720
4438.700	627.8423	4.3040
4441.080	629.3612	5.0958
4443.460	626.6583	4.2412
4445.840	624.3074	4.6298
4448.220	621.1636	5.1342
4450.600	622.4210	4.7870
4452.980	625.4066	4.4641
4455.360	626.4394	4.6724
4457.740	623.9950	4.9144
4460.120	623.7965	4.2415
4462.500	624.1047	4.1321
4464.880	626.1863	5.5678
4467.260	624.9413	7.0854
4469.640	620.8077	7.1753
4472.020	618.9099	5.3585
4474.400	620.1111	3.4168
4476.780	626.9529	4.0605
4479.160	626.3346	4.0486
4481.540	624.4024	3.9228
4483.920	622.0915	4.0965
4486.300	624.0482	4.0486
4488.680	626.7461	4.1130
4491.060	626.2009	4.3021
4493.440	628.3132	5.2218
4495.820	626.6868	4.9368
4498.200	626.0384	5.0091
4500.580	624.5208	5.1209
4502.960	624.6882	5.2882
4505.340	625.3876	5.1481
4507.720	627.2858	5.2100
4510.100	627.9160	4.6857
4512.480	629.6670	4.9341
4514.860	627.5975	4.3050
4517.240	626.9167	4.8812
4519.620	626.5125	4.6648
4522.000	621.4327	5.0932
4524.380	615.1360	4.4800
4526.760	618.7123	4.8869
4529.140	616.7672	5.1163
4531.520	614.5994	5.8614
4533.900	613.1004	5.8209
4536.280	614.6863	6.0504
4538.660	618.0266	6.3853
4541.040	620.0377	5.6425
4543.420	622.7948	5.0357
4545.800	621.0888	5.1558
4548.180	617.0878	4.7475
4550.560	613.2606	4.3052
4552.940	608.6063	3.9811
4555.320	609.0058	3.9321
4557.700	612.7880	3.7729
4560.080	616.4422	3.8762
4562.460	618.3405	4.4016
4564.840	616.6852	3.8690
4567.220	615.8074	4.1299
4569.600	617.7312	3.9736
4571.980	617.7101	4.7395
4574.360	616.0862	4.6346
4576.740	617.6428	4.7532
4579.120	621.1513	4.9119
4581.500	619.9794	4.7755
4583.880	616.0695	4.5917
4586.260	613.7915	4.7390
4588.640	613.4478	5.1467
4591.020	613.3096	4.7955
4593.400	613.3841	4.1523
4595.780	614.0934	4.4438
4598.160	616.4077	4.0032
4600.540	617.6764	4.5320
4602.920	614.7841	5.0472
4605.300	614.4390	5.4612
4607.680	615.4508	5.3218
4610.060	615.2500	4.8395
4612.440	616.4513	4.4828
4614.820	616.1909	4.2568
4617.200	615.4070	4.4850
4619.580	613.4713	4.1743
4621.960	613.7291	4.3448
4624.340	614.5561	4.6052
4626.720	613.9452	4.6384
4629.100	614.8572	4.8063
4631.480	612.9162	4.7113
4633.860	611.2494	3.9208
4636.240	614.3215	3.6605
4638.620	612.8158	4.6561
4641.000	615.6257	5.5137
4643.380	612.9096	4.2950
4645.760	609.2614	4.0286
4648.140	609.6156	4.0729
4650.520	609.2189	4.9027
4652.900	607.3869	5.0096
4655.280	611.3191	4.4874
4657.660	608.8805	4.5597
4660.040	607.2935	4.5317
4662.420	609.2546	4.4001
4664.800	612.5756	5.2030
4667.180	610.9941	5.2405
4669.560	607.7588	4.7430
4671.940	607.8940	4.7503
4674.320	606.7731	5.2226
4676.700	609.6643	5.7173
4679.080	610.6278	6.3405
4681.460	612.1446	7.2532
4683.840	610.7819	7.6527
4686.220	608.4268	7.3444
4688.600	604.6164	6.6239
4690.980	607.7964	3.7542
4693.360	605.8772	3.5348
4695.740	605.1487	3.1305
4698.120	607.3008	3.1001
4700.500	607.3637	3.5153
4702.880	603.3742	4.7110
4705.260	598.9838	5.0199
4707.640	597.9068	4.0899
4710.020	604.0905	4.9306
4712.400	606.2851	5.6179
4714.780	604.4971	4.6122
4717.160	602.8208	4.2117
4719.540	602.6478	4.1244
4721.920	604.6143	4.6779
4724.300	600.0714	4.7259
4726.680	599.4181	4.6938
4729.060	602.8732	5.0193
4731.440	602.6116	5.5081
4733.820	601.6781	4.6233
4736.200	600.8538	5.0973
4738.580	599.4634	3.7942
4740.960	598.5493	4.3722
4743.340	600.5493	4.7675
4745.720	603.0126	5.1160
4748.100	604.3845	5.0452
4750.480	601.8076	4.9408
4752.860	599.9024	4.8515
4755.240	597.8731	4.9786
4757.620	594.8979	4.2654
4760.000	593.2185	4.6115
4762.380	595.0792	4.8285
4764.760	597.7734	4.7349
4767.140	598.0623	4.6452
4769.520	598.2298	5.3412
4771.900	595.6951	4.9295
4774.280	594.3292	4.4762
4776.660	595.3529	4.3226
4779.040	594.0987	4.1671
4781.420	594.3101	4.2315
4783.800	595.3764	4.2689
4786.180	594.3535	4.1438
4788.560	593.3162	4.1364
4790.940	591.9841	4.1080
4793.320	590.8313	4.0839
4795.700	591.8921	4.3470
4798.080	591.6507	4.5745
4800.460	592.2716	4.4934
4802.840	590.3557	4.6221
4805.220	590.1365	4.8649
4807.600	590.9730	4.9642
4809.980	591.7476	5.0860
4812.360	590.8763	4.1573
4814.740	588.2148	3.8281
4817.120	584.3473	4.3208
4819.500	584.9243	4.9325
4821.880	585.7470	4.9129
4824.260	586.8485	4.4449
4826.640	588.6080	4.7000
4829.020	588.5348	5.2288
4831.400	586.9909	5.0386
4833.780	584.2479	4.9054
4836.160	580.8008	4.8368
4838.540	579.0230	4.7692
4840.920	578.2368	4.7872
4843.300	575.7105	5.4042
4845.680	570.7679	5.9200
4848.060	566.5385	5.1806
4850.440	563.3221	5.5052
4852.820	556.2836	5.7402
4855.200	544.8892	6.1759
4857.580	524.7219	6.6600
4859.960	487.3680	6.6734
4862.340	434.5106	5.2880
4864.720	413.0744	2.6412
4867.100	451.2884	2.4019
4869.480	496.2360	2.7126
4871.860	522.6394	3.1920
4874.240	536.4500	3.6102
4876.620	546.5070	4.1929
4879.000	554.4651	4.5443
4881.380	560.9956	4.5095
4883.760	564.4679	4.9673
4886.140	563.9166	4.5053
4888.520	569.7006	4.7848
4890.900	569.2034	4.6338
4893.280	566.1393	4.3062
4895.660	566.8151	4.5957
4898.040	570.7525	4.9717
4900.420	572.9896	4.4460
4902.800	575.6606	4.6333
4905.180	577.4118	4.6747
4907.560	577.8312	4.5859
4909.940	577.3585	4.5550
4912.320	577.1803	4.4499
4914.700	578.6894	4.6271
4917.080	579.2342	6.1536
4919.460	576.8599	6.8639
4921.840	573.2234	6.1393
4924.220	570.4795	4.1087
4926.600	570.3408	4.2514
4928.980	572.1383	4.1612
4931.360	574.3314	3.6035
4933.740	575.5337	4.4609
4936.120	576.1498	5.5344
4938.500	573.5526	4.7594
4940.880	577.2119	5.0213
4943.260	575.6418	4.3859
4945.640	575.7885	3.7097
4948.020	578.1937	4.0299
4950.400	577.0465	4.9806
4952.780	574.6027	4.8888
4955.160	574.6748	4.9800
4957.540	572.9555	4.5065
4959.920	566.2330	4.1813
4962.300	568.1216	4.4087
4964.680	571.1638	4.4272
4967.060	572.5290	4.1006
4969.440	573.5301	4.3266
4971.820	574.4692	4.2491
4974.200	574.6799	4.7583
4976.580	574.4190	4.6631
4978.960	574.7311	5.2161
4981.340	572.6451	5.2369
4983.720	570.3810	4.8577
4986.100	566.6366	4.6589
4988.480	567.7097	4.7726
4990.860	569.5381	4.4368
4993.240	568.3657	4.2895
4995.620	570.3610	4.5332
4998.000	569.4737	4.4542
5000.380	566.7258	4.3382
5002.760	567.3618	4.7620
5005.140	566.4823	4.8604
5007.520	563.4810	4.5357
5009.900	562.9945	5.1371
5012.280	563.7275	5.1077
5014.660	562.8133	4.8724
5017.040	562.1224	3.9119
5019.420	561.7882	4.0846
5021.800	563.0196	4.3779
5024.180	562.5791	5.1130
5026.560	559.6730	4.5072
5028.940	561.0723	4.3001
5031.320	559.3000	4.6301
5033.700	563.3063	4.8066
5036.080	566.8268	5.2045
5038.460	563.2672	5.1559
5040.840	561.0675	4.8390
5043.220	562.7878	4.6171
5045.600	563.3498	4.9110
5047.980	567.0183	4.8773
5050.360	564.9898	4.3869
5052.740	562.5585	4.2767
5055.120	563.3988	4.5124
5057.500	566.0296	5.0052
5059.880	566.8534	4.6662
5062.260	564.9689	4.4384
5064.640	563.1985	4.0653
5067.020	564.0354	4.8990
5069.400	562.7592	4.7732
5071.780	563.1092	4.7871
5074.160	564.6229	5.1663
5076.540	564.0238	5.0568
5078.920	561.9829	4.5902
5081.300	559.1468	4.1839
5083.680	556.8459	4.4213
5086.060	560.3914	4.5058
5088.440	560.2734	4.5653
5090.820	560.6826	4.7628
5093.200	559.9088	4.7394
5095.580	560.7188	5.2408
5097.960	560.9751	5.3821
5098.200	558.6601	3.8070
5100.340	559.6901	5.0663
5101.130	560.0794	5.0265
5102.720	559.5004	4.9322
5104.060	558.1379	4.4991
5105.100	558.4606	4.5110
5106.990	556.6282	3.3346
5107.480	557.9055	3.9438
5109.860	555.0456	4.0436
5109.920	554.7826	3.6721
5112.240	553.4186	3.5374
5112.850	553.7568	3.7545
5114.620	555.0610	4.5700
5115.780	555.5459	4.5202
5117.000	555.1631	4.6966
5118.710	556.3834	4.9847
5119.380	554.6211	4.8057
5121.640	555.2130	4.3033
5121.760	556.4295	5.2713
5124.140	553.9890	4.4706
5124.570	554.9984	5.4032
5126.520	549.7659	4.3365
5127.500	547.3813	3.2123
5128.900	551.0514	3.5974
5130.430	553.5453	3.5043
5131.280	552.7380	4.5195
5133.360	550.2165	4.2602
5133.660	549.2471	4.7466
5136.040	546.4981	4.6759
5136.290	547.9419	4.2443
5138.420	546.5591	4.5435
5139.220	548.6041	4.6309
5140.800	545.8775	4.9491
5142.150	547.5126	4.1872
5143.180	546.3169	4.8336
5145.080	548.4387	4.5378
5145.560	546.8046	4.9149
5147.940	547.1597	5.0847
5148.010	550.2826	4.5091
5150.320	547.8501	4.1760
5150.940	549.2800	2.7243
5153.870	550.7967	3.8956
5156.800	549.7441	3.2844
5159.730	548.0302	3.7504
5162.660	548.0998	4.2956
5165.590	546.2074	6.7018
5168.520	534.8274	5.6571
5171.450	522.3513	3.4137
5174.380	525.6575	4.5975
5177.310	535.0368	5.5993
5180.240	542.2378	4.3804
5183.170	540.8331	6.0064
5186.100	535.1860	4.9521
5189.030	534.3700	4.6461
5191.960	538.5206	4.1865
5194.890	538.3657	3.8850
5197.820	539.5914	4.0425
5200.750	540.9063	4.4114
5203.680	539.8427	3.8152
5206.610	540.4314	4.5217
5209.540	537.8027	4.1938
5212.470	539.3392	4.7536
5215.400	541.2766	4.1406
5218.330	539.0269	3.6552
5221.260	539.7938	3.5784
5224.190	541.5759	3.7174
5227.120	539.9629	4.3925
5230.050	535.0941	3.8436
5232.980	532.7783	3.6972
5235.910	535.0099	4.0008
5238.840	540.2223	4.7666
5241.770	542.3572	3.9910
5244.700	541.0403	3.3974
5247.630	540.7449	3.4786
5250.560	540.4659	4.0252
5253.490	540.0104	3.7858
5256.420	541.0736	3.4245
5259.350	539.8825	3.2330
5262.280	537.4420	4.5267
5265.210	531.1628	4.0427
5268.140	527.6910	3.3521
5271.070	523.0610	4.0814
5274.000	526.2353	4.1963
5276.930	530.4307	4.1623
5279.860	531.8268	2.7382
5282.790	532.0891	3.0419
5285.720	531.8353	3.6433
5288.650	532.9397	3.5361
5291.580	536.7999	3.5728
5294.510	533.3672	3.4784
5297.440	536.0394	3.7896
5300.370	534.7638	3.6952
5303.300	533.4369	3.8446
5306.230	532.6959	3.3368
5309.160	534.2493	3.3664
5312.090	531.9631	2.9645
5315.020	530.4720	3.6792
5317.950	530.1389	4.0413
5320.880	529.9476	3.8972
5323.810	529.8508	4.2923
5326.740	525.7419	4.4342
5329.670	523.0941	4.0624
5332.600	522.4861	3.9099
5335.530	525.9462	3.5430
5338.460	527.4791	3.8561
5341.390	524.4372	3.8446
5344.320	526.2192	3.7419
5347.250	526.0755	3.5462
5350.180	527.3674	3.4144
5353.110	525.0030	4.0561
5356.040	523.8763	3.8897
5358.970	525.9057	3.3442
5361.900	527.4984	3.9287
5364.830	527.9159	3.9150
5367.760	525.5580	3.2155
5370.690	521.4958	3.6728
5373.620	515.0285	4.1702
5376.550	521.6358	4.2426
5379.480	522.7719	3.0807
5382.410	522.2142	3.5336
5385.340	520.7602	3.2020
5388.270	520.4728	2.9660
5391.200	521.6116	3.5431
5394.130	522.8966	3.3092
5397.060	518.8976	3.2693
5399.990	513.7560	3.4990
5402.920	514.5401	3.9659
5405.850	517.2159	4.1827
5408.780	515.1268	4.0654
5411.710	516.0854	3.8161
5414.640	517.5702	3.8957
5417.570	519.0822	3.2808
5420.500	518.5565	3.3801
5423.430	519.9984	2.9615
5426.360	516.0763	3.6161
5429.290	516.7898	3.1282
5432.220	514.1297	3.0740
5435.150	511.9061	3.3941
5438.080	512.6129	3.7399
5441.010	513.5914	3.4743
5443.940	514.6011	3.7721
5446.870	512.9304	3.0796
5449.800	510.9711	3.0021
5452.730	511.4619	2.4814
5455.660	509.7419	2.1751
5458.590	507.2582	2.3812
5461.520	507.4993	2.2669
5464.450	508.5510	2.2599
5467.380	509.4518	2.6677
5470.310	511.1698	2.9940
5473.240	512.7955	3.0451
5476.170	511.1628	3.3369
5479.100	509.9922	3.1898
5482.030	509.0754	2.9047
5484.960	508.2150	2.5843
5487.890	506.9007	2.3260
5490.820	508.2429	2.8335
5493.750	507.7132	2.8906
5496.680	507.3842	3.0000
5499.610	507.7734	2.6020
5502.540	508.2640	2.5349
5505.470	506.8553	2.8713
5508.400	506.0442	3.3778
5511.330	505.5178	3.5752
5514.260	506.7483	3.1953
5517.190	507.9891	2.9907
5520.120	509.4437	3.2984
5523.050	508.8450	3.1340
5525.980	505.0414	2.6740
5528.910	503.3202	3.0700
5531.840	501.4532	3.6010
5534.770	503.0808	3.7245
5537.700	502.9728	3.6356
5540.630	501.5245	3.1887
5543.560	501.7492	2.6853
5546.490	503.5849	3.0685
5549.420	503.2989	2.9978
5552.350	502.3377	3.0172
5555.280	502.9721	3.1793
5558.210	502.2358	3.3069
5561.140	502.2006	3.4981
5564.070	503.0146	3.6557
5567.000	502.2739	2.9247
5569.930	500.5073	2.7464
5572.860	499.3084	3.1828
5575.790	497.9903	3.9530
5578.720	498.1308	3.8108
5581.650	498.7971	3.5402
5584.580	500.0359	3.6370
5587.510	499.1588	3.8828
5590.440	496.5913	3.6032
5593.370	493.8290	3.2662
5596.300	494.0807	3.2032
5599.230	496.1952	3.0977
5602.160	495.7280	2.9074
5605.090	494.9550	3.2633
5608.020	497.0296	3.7830
5610.950	497.2483	3.4311
5613.880	492.7413	3.1795
5616.810	491.1870	3.2517
5619.740	491.0854	3.1034
5622.670	492.7235	2.9756
5625.600	493.8982	3.2401
5628.530	493.9789	3.6588
5631.460	493.3199	3.4946
5634.390	491.7168	3.3925
5637.320	491.7407	3.6776
5640.250	491.0451	3.9776
5643.180	489.8214	3.3602
5646.110	489.2542	3.3095
5649.040	489.4058	3.2844
5651.970	490.4402	3.0300
5654.900	490.8420	2.9733
5657.830	491.9712	3.4330
5660.760	490.8348	3.2463
5663.690	490.0646	3.0676
5666.620	490.1394	2.9388
5669.550	489.7951	3.1786
5672.480	488.4002	3.2292
5675.410	487.4789	3.4680
5678.340	487.5405	3.6994
5681.270	487.9913	3.8042
5684.200	486.4397	3.3442
5687.130	484.8839	3.3792
5690.060	484.7471	2.9528
5692.990	485.3831	3.1452
5695.920	485.4490	3.1896
5698.850	485.5283	3.0948
5701.780	486.5804	3.0451
5704.710	485.8880	3.2678
5707.640	485.3443	3.8940
5710.570	485.0744	3.7502
5713.500	485.2056	3.6623
5716.430	484.4152	3.5463
5719.360	484.1191	3.3727
5722.290	483.8353	3.0470
5725.220	483.8503	3.1532
5728.150	482.1958	3.0388
5731.080	481.4124	3.0015
5734.010	481.6175	2.5865
5736.940	481.5991	2.6971
5739.870	480.3869	2.5965
5742.800	480.5175	2.9119
5745.730	480.5651	3.0407
5748.660	480.8794	3.2712
5751.590	481.2117	3.1085
5754.520	478.9398	3.4357
5757.450	479.0635	3.4531
5760.380	478.8613	3.4127
5763.310	478.8813	3.1125
5766.240	479.6192	3.0972
5769.170	478.7000	3.1402
5772.100	478.9539	2.6879
5775.030	479.1106	2.6510
5777.960	479.5752	2.4320
5780.890	480.9130	2.7136
5783.820	477.5623	3.0584
5786.750	475.9693	3.1194
5789.680	475.0000	3.2197
5792.610	474.2443	2.9970
5795.540	474.1889	3.1955
5798.470	474.4855	2.9693
5801.400	474.4934	3.2499
5804.330	473.1368	3.4693
5807.260	472.6002	3.6766
5810.190	473.4901	3.3196
5813.120	473.9334	3.1377
5816.050	473.3915	3.1622
5818.980	473.5497	2.7766
5821.910	472.7818	2.8394
5824.840	472.1406	2.9120
5827.770	471.5015	3.1702
5830.700	470.8513	3.1489
5833.630	469.9161	2.9329
5836.560	469.1480	2.7711
5839.490	469.6724	3.2684
5842.420	469.9529	2.9211
5845.350	469.0150	2.8596
5848.280	469.5916	3.0811
5851.210	467.0564	3.3824
5854.140	464.6583	3.5639
5857.070	463.8245	3.7450
5860.000	463.0595	3.5721
5862.930	465.1860	3.3710
5865.860	465.7990	3.3584
5868.790	466.7825	3.9855
5871.720	469.1847	5.4487
5874.650	473.2843	5.9737
5877.580	468.5542	4.8210
5880.510	464.8292	2.6357
5883.440	463.4693	2.4488
5886.370	463.8712	3.8890
5889.300	461.5922	4.8373
5892.230	456.7094	4.4272
5895.160	455.0017	3.7700
5898.090	454.9937	3.0264
5901.020	456.2078	3.3239
5903.950	457.3464	3.3233
5906.880	460.1687	3.3393
5909.810	461.4748	3.1190
5912.740	461.9665	3.1829
5915.670	459.1584	2.9277
5918.600	459.8525	3.0561
5921.530	462.4443	3.5419
5924.460	458.4969	3.4503
5927.390	458.7002	3.5301
5930.320	460.1825	3.3014
5933.250	460.1275	3.0375
5936.180	458.9578	2.7047
5939.110	459.2194	2.6362
5942.040	459.7877	3.4240
5944.970	457.8228	3.3943
5947.900	458.0260	3.4373
5950.830	458.6381	3.3614
5953.760	458.0972	3.0421
5956.690	458.2064	3.2929
5959.620	455.1158	2.7257
5962.550	455.6689	2.7130
5965.480	456.5022	2.8099
5968.410	456.5159	3.1602
5971.340	456.4175	3.4662
5974.270	457.0958	3.5867
5977.200	454.9312	3.4901
5980.130	453.2437	3.2482
5983.060	454.2912	3.3249
5985.990	454.2948	3.4728
5988.920	452.9978	3.3422
5991.850	452.8165	3.2597
5994.780	452.2260	3.2948
5997.710	452.5736	3.3572
6000.640	452.1166	3.7553
6003.570	451.1940	3.7551
6006.500	450.9641	3.5950
6009.430	451.1549	3.3214
6012.360	451.2702	3.2209
6015.290	450.1071	2.9162
6018.220	450.8469	3.1838
6021.150	450.4433	3.0797
6024.080	451.2632	3.1420
6027.010	449.5863	2.7440
6029.940	449.2129	3.0835
6032.870	448.9857	3.0372
6035.800	448.5504	3.1517
6038.730	448.2222	2.6108
6041.660	451.0526	2.7819
6044.590	450.7210	2.9683
6047.520	449.3318	3.1302
6050.450	446.6091	3.2927
6053.380	445.4149	3.4073
6056.310	444.4925	3.4364
6059.240	444.5391	3.3376
6062.170	445.0261	3.2469
6065.100	444.8755	2.8516
6068.030	444.2168	2.8489
6070.960	443.9074	2.8393
6073.890	443.1687	2.7582
6076.820	444.0641	3.0152
6079.750	443.1722	2.9541
6082.680	442.5105	2.8540
6085.610	442.8390	3.3608
6088.540	440.9116	3.0076
6091.470	440.9209	3.0938
6094.400	441.9917	3.0089
6097.330	442.2445	2.8607
6100.260	441.9886	2.9378
6103.190	442.4482	2.7613
6106.120	442.0638	2.6823
6109.050	441.0040	3.0059
6111.980	440.3784	3.1002
6114.910	440.6558	3.0578
6117.840	439.1307	3.1034
6120.770	439.4559	2.8479
6123.700	436.3095	2.8978
6126.630	433.2744	2.9744
6129.560	437.4219	3.1623
6132.490	438.4210	2.8144
6135.420	437.7069	3.0588
6138.350	436.2151	3.2227
6141.280	435.3586	2.8025
6144.210	435.4076	2.8028
6147.140	434.9205	2.8472
6150.070	435.5401	2.7120
6153.000	434.9520	2.6628
6155.930	434.8465	2.7065
6158.860	435.4261	3.2708
6161.790	433.8092	3.6688
6164.720	433.3975	3.4708
6167.650	433.0520	3.3532
6170.580	432.0770	2.7643
6173.510	433.1255	2.7608
6176.440	433.7411	2.7579
6179.370	434.1805	2.7716
6182.300	433.2484	2.5855
6185.230	432.5545	2.5913
6188.160	431.8841	2.8844
6191.090	432.6259	3.0351
6194.020	431.3664	3.0783
6196.950	432.2932	3.1417
6199.880	431.2664	2.9857
6202.810	430.5487	2.7000
6205.740	430.1544	2.7454
6208.670	430.2379	2.7696
6211.600	430.3193	2.7271
6214.530	429.5138	2.9309
6217.460	428.8945	3.0223
6220.390	428.3651	2.7772
6223.320	427.4970	2.7596
6226.250	428.3583	2.9574
6229.180	428.5558	3.1877
6232.110	427.2126	2.9308
6235.040	427.2231	2.8056
6237.970	426.4886	3.1364
6240.900	425.6786	3.1789
6243.830	426.0352	3.0372
6246.760	425.9853	2.8399
6249.690	425.2684	2.9743
6252.620	424.5218	2.8093
6255.550	425.0019	2.7563
6258.480	425.2568	2.5219
6261.410	425.2241	2.8536
6264.340	424.0288	3.0707
6267.270	422.5157	2.9986
6270.200	423.2118	3.0254
6273.130	423.9267	2.8645
6276.060	423.6706	2.8020
6278.990	423.9342	2.8062
6281.920	425.0818	3.2414
6284.850	424.2353	3.3279
6287.780	423.7324	3.0768
6290.710	421.9062	2.7449
6293.640	421.4226	2.5292
6296.570	422.3257	2.7589
6299.500	421.6881	2.6941
6302.430	420.8493	2.7744
6305.360	419.7602	3.1968
6308.290	419.4129	3.3544
6311.220	419.3628	3.3892
6314.150	419.2826	3.4250
6317.080	418.4003	3.2687
6320.010	417.3530	2.9775
6322.940	414.6537	3.1326
6325.870	413.4039	3.2711
6328.800	413.8005	3.0617
6331.730	412.7634	2.3900
6334.660	412.2569	2.5142
6337.590	412.9153	2.3468
6340.520	414.6986	2.2980
6343.450	414.4020	2.3264
6346.380	414.0208	1.9102
6349.310	414.0410	2.2072
6352.240	414.0598	2.2924
6355.170	413.7322	2.5401
6358.100	414.7668	2.6151
6361.030	415.2784	2.4790
6363.960	415.0057	2.5882
6366.890	413.7887	2.8021
6369.820	413.1887	2.8491
6372.750	412.6774	2.9235
6375.680	412.0148	2.9248
6378.610	413.2022	2.8657
6381.540	413.2808	2.6774
6384.470	412.0196	2.5275
6387.400	412.5532	2.8839
6390.330	412.0186	2.5535
6393.260	410.3279	2.6290
6396.190	410.2877	2.8125
6399.120	410.3226	2.4870
6402.050	410.4239	2.5934
6404.980	410.1062	2.9265
6407.910	408.6688	3.0856
6410.840	407.6742	3.0453
6413.770	407.9471	2.7268
6416.700	408.1665	2.6851
6419.630	407.2638	2.5551
6422.560	406.8207	2.1241
6425.490	406.8022	2.7419
6428.420	406.9055	2.6761
6431.350	406.4761	2.6341
6434.280	406.0698	2.7901
6437.210	405.8734	3.1139
6440.140	404.4175	3.3250
6443.070	403.5497	2.9791
6446.000	403.0168	2.8280
6448.930	403.0453	2.9460
6451.860	402.7267	3.0328
6454.790	403.3411	2.8956
6457.720	402.9241	3.0831
6460.650	401.8197	2.9572
6463.580	400.3123	2.6632
6466.510	401.7831	2.5087
6469.440	401.9509	2.6557
6472.370	401.7482	2.6616
6475.300	400.5041	2.7086
6478.230	400.0533	2.6622
6481.160	400.2311	2.5884
6484.090	400.3996	2.7419
6487.020	400.3909	2.6354
6489.950	399.5183	2.6041
6492.880	399.2558	3.0241
6495.810	398.2609	3.1691
6498.740	398.2495	2.7336
6501.670	397.5131	2.9261
6504.600	398.5318	3.0906
6507.530	399.2752	3.0875
6510.460	398.3891	3.0105
6513.390	397.7365	3.0751
6516.320	397.6367	3.1073
6519.250	397.6580	3.1660
6522.180	397.1241	3.1055
6525.110	395.8982	3.0155
6528.040	395.8279	2.8123
6530.970	394.7987	2.7627
6533.900	394.0393	2.7719
6536.830	393.1092	2.7813
6539.760	391.7797	3.0356
6542.690	390.4263	3.2349
6545.620	388.4401	3.3475
6548.550	384.3349	3.6090
6551.480	380.1895	4.0317
6554.410	376.1150	4.2943
6557.340	369.6702	4.2914
6560.270	357.2593	4.6647
6563.200	331.7885	4.1950
6566.130	310.0700	3.5572
6569.060	315.8405	3.3519
6571.990	335.1876	2.1523
6574.920	354.3615	2.0269
6577.850	364.6266	2.1921
6580.780	372.1111	2.3148
6583.710	377.8132	2.1061
6586.640	382.1826	2.4066
6589.570	385.7461	2.8926
6592.500	386.4990	3.1094
6595.430	385.9872	2.6452
6598.360	388.1016	2.5957
6601.290	388.3223	2.6642
6604.220	388.4503	2.5044
6607.150	389.3112	2.5690
6610.080	389.1309	2.6704
6613.010	388.4842	2.7514
6615.940	388.4221	2.7150
6618.870	388.6330	2.4410
6621.800	388.1644	2.4589
6624.730	388.3305	2.6377
6627.660	388.1231	2.5693
6630.590	387.9250	2.7948
6633.520	387.6398	2.9489
6636.450	386.9759	2.9589
6639.380	387.5768	2.7235
6642.310	387.8521	2.8222
6645.240	387.2433	2.9206
6648.170	386.5814	2.6692
6651.100	386.3299	2.5233
6654.030	386.4501	2.6590
6656.960	386.1958	2.5043
6659.890	386.3143	2.6798
6662.820	385.6076	2.9130
6665.750	384.4025	3.0563
6668.680	384.0588	2.5858
6671.610	384.7113	2.8851
6674.540	385.8635	4.0225
6677.470	386.6835	4.4096
6680.400	384.5779	3.6903
6683.330	382.4037	2.7339
6686.260	382.3385	2.7104
6689.190	381.8684	2.2367
6692.120	381.4698	2.3293
6695.050	382.1039	2.7508
6697.980	381.8545	2.9241
6700.910	381.5397	2.8235
6703.840	381.2582	2.6606
6706.770	380.6260	2.6530
6709.700	380.1969	2.7898
6712.630	380.1622	2.6458
6715.560	379.9238	2.5998
6718.490	380.2736	2.8175
6721.420	380.4514	2.9733
6724.350	380.3264	2.9384
6727.280	380.2043	2.8718
6730.210	378.4290	2.7946
6733.140	377.7680	2.7827
6736.070	378.5077	2.7708
6739.000	378.8407	2.4688
6741.930	378.7993	2.4119
6744.860	378.5305	2.7357
6747.790	378.3746	2.8003
6750.720	377.6332	2.7337
6753.650	377.2598	2.9691
6756.580	376.3519	2.5729
6759.510	375.4771	2.2159
6762.440	375.5771	2.3290
6765.370	376.1491	2.6285
6768.300	376.4899	2.6156
6771.230	375.7889	2.5318
6774.160	374.5205	2.6522
6777.090	374.5407	2.6087
6780.020	374.4730	2.4882
6782.950	373.6911	2.1205
6785.880	373.4410	2.1380
6788.810	374.4224	2.4095
6791.740	374.4255	2.5692
6794.670	373.4112	2.2926
6797.600	372.8170	2.4423
6800.530	372.3774	2.3857
6803.460	371.4882	2.2473
6806.390	371.4916	2.4761
6809.320	372.5541	2.3097
6812.250	372.3439	2.0473
6815.180	372.0226	2.1814
6818.110	371.0458	2.1851
6821.040	370.5069	2.2045
6823.970	370.4764	2.6286
6826.900	371.1674	2.6725
6829.830	371.3117	2.6090
6832.760	370.8584	2.5473
6835.690	370.3059	2.6845
6838.620	369.5074	2.5661
6841.550	368.6230	2.3390
6844.480	368.1314	2.4008
6847.410	368.0334	2.4614
6850.340	368.7101	2.5983
6853.270	368.9602	2.6271
6856.200	366.3194	2.7613
6859.130	365.0196	2.8793
6862.060	365.0772	2.5869
6864.990	364.9790	2.5686
6867.920	364.6088	2.6740
6870.850	364.9917	2.5618
6873.780	365.4338	2.2983
6876.710	366.8097	2.0132
6879.640	365.7477	2.3373
6882.570	364.1528	2.7959
6885.500	365.0067	3.0736
6888.430	365.4206	2.9102
6891.360	366.2115	2.6402
6894.290	366.2573	2.4397
6897.220	365.5252	2.3121
6900.150	364.1710	2.1348
6903.080	362.9269	2.1296
6906.010	362.6161	2.0934
6908.940	362.1150	2.3920
6911.870	361.5308	2.4249
6914.800	362.4545	2.2675
6917.730	362.7633	2.3471
6920.660	361.3604	2.3660
6923.590	361.4993	2.1932
6926.520	361.6561	2.0897
6929.450	362.3241	2.1835
6932.380	362.2680	2.1577
6935.310	360.2533	1.9411
6938.240	359.8229	2.1295
6941.170	360.3405	2.0030
6944.100	360.0172	2.1786
6947.030	359.0313	2.3742
6949.960	357.5230	2.4788
6952.890	358.1505	2.2108
6955.820	358.9859	2.2181
6958.750	358.6478	2.2459
6961.680	358.3082	2.2191
6964.610	357.2678	2.3252
6967.540	357.2163	2.4435
6970.470	357.2142	2.3917
6973.400	357.0968	2.3352
6976.330	357.1619	2.3815
6979.260	357.0731	2.4104
6982.190	356.6557	2.3160
6985.120	355.9179	2.2248
6988.050	356.4525	2.3966
6990.980	356.3301	2.6067
6993.910	355.5938	2.6310
6996.840	355.8122	2.4070
6999.770	356.3878	2.5062
7002.700	355.1562	2.5800
7005.630	353.8260	2.6094
7008.560	353.4237	2.4688
7011.490	353.2804	2.3030
7014.420	352.5264	2.1859
7017.350	352.2151	2.1733
7020.280	352.0422	2.2998
7023.210	353.0448	2.2342
7026.140	353.1976	2.3108
7029.070	352.8117	2.1677
7032.000	352.1834	1.9545
7034.930	351.1082	1.8578
7037.860	348.9910	1.7743
7040.790	348.6962	1.8949
7043.720	349.4220	2.0818
7046.650	349.8823	2.1156
7049.580	349.9103	1.9705
7052.510	349.6862	2.0555
7055.440	349.4702	2.1569
7058.370	349.9004	2.6571
7061.300	350.5454	3.0972
7064.230	351.4382	3.4889
7067.160	349.3570	2.9224
7070.090	347.6708	2.1088
7073.020	347.3255	2.1301
7075.950	346.4416	2.2513
7078.880	346.2989	2.0663
7081.810	346.9782	2.0748
7084.740	346.5438	1.9973
7087.670	345.7741	2.0570
7090.600	345.9624	1.8964
7093.530	346.1013	1.9078
7096.460	345.7207	2.0069
7099.390	346.2199	1.9927
7102.320	347.4532	2.1999
7105.250	346.6563	2.4158
7108.180	345.7581	2.3990
7111.110	344.8002	2.2546
7114.040	343.6391	2.1039
7116.970	342.2264	2.1868
7119.900	343.8816	2.3936
7122.830	344.7109	2.4637
7125.760	343.9913	2.2463
7128.690	343.0777	2.0054
7131.620	342.2957	2.0478
7134.550	342.2903	2.2115
7137.480	342.2836	2.0362
7140.410	343.0790	2.0314
7143.340	343.3554	2.4576
7146.270	342.1638	2.2987
7149.200	341.7822	2.3834
7152.130	341.1508	2.3782
7155.060	340.1050	2.2521
7157.990	339.6442	2.2036
7160.920	339.8931	2.2379
7163.850	339.9139	2.5700
7166.780	340.0717	2.5249
7169.710	340.3771	2.8022
7172.640	340.1173	2.9548
7175.570	339.1914	2.6863
7178.500	337.5434	2.4900
7181.430	337.1535	2.4214
7184.360	337.5776	2.3405
7187.290	337.7634	2.0312
7190.220	338.3834	2.0431
7193.150	338.0739	1.9367
7196.080	337.7107	1.9909
7199.010	337.1782	2.2372
7201.940	336.7277	2.2847
7204.870	335.7489	2.1978
7207.800	335.5833	2.0624
7210.730	335.9651	1.8960
7213.660	336.5466	1.8836
7216.590	336.2753	2.1658
7219.520	335.9941	2.2999
7222.450	337.5451	3.0715
7225.380	336.5893	2.8735
7228.310	335.2444	2.4388
7231.240	334.7220	2.2431
7234.170	334.3480	2.1290
7237.100	333.6884	2.0975
7240.030	333.6941	2.1240
7242.960	334.8221	2.3987
7245.890	334.3092	2.5234
7248.820	333.2860	2.4365
7251.750	333.0072	2.3585
7254.680	332.5019	2.2353
7257.610	331.2723	1.9118
7260.540	330.5591	1.7677
7263.470	331.0902	2.1335
7266.400	331.7707	2.0888
7269.330	331.6133	2.4242
7272.260	331.0974	2.4142
7275.190	330.4203	2.3331
7278.120	330.3829	2.6443
7281.050	331.6460	2.7552
7283.980	331.6651	2.3650
7286.910	330.4136	2.4737
7289.840	330.1933	2.5056
7292.770	330.4771	2.4187
7295.700	330.0679	2.2901
7298.630	329.8813	2.3363
7301.560	328.9188	2.3038
7304.490	328.5336	2.1715
7307.420	328.6187	2.2442
7310.350	328.0716	2.1716
7313.280	327.7702	2.1465
7316.210	327.3895	2.0918
7319.140	327.7063	1.9775
7322.070	328.5638	1.9570
7325.000	327.2808	2.1909
7327.930	326.4716	2.1474
7330.860	326.1989	2.1712
7333.790	326.3118	2.4613
7336.720	326.2040	2.6764
7339.650	325.5622	2.4663
7342.580	325.5020	2.0900
7345.510	325.9474	1.9817
7348.440	327.1088	1.9508
7351.370	327.5982	2.4476
7354.300	325.9841	2.3826
7357.230	325.1158	2.1775
7360.160	324.6688	2.1393
7363.090	324.0278	2.1766
7366.020	322.6295	2.1862
7368.950	323.3853	2.0038
7371.880	323.6591	2.0163
7374.810	322.4794	1.9005
7377.740	322.4459	2.0937
7380.670	322.7833	2.1154
7383.600	322.3641	2.2749
7386.530	321.9999	2.3430
7389.460	320.7840	2.1695
7392.390	320.6213	2.0227
7395.320	321.5400	1.9324
7398.250	321.0522	1.9590
7401.180	320.6856	1.9277
7404.110	320.5260	1.9675
7407.040	319.8140	2.1408
7409.970	319.1840	2.3057
7412.900	319.8637	2.5021
7415.830	319.8703	2.3223
7418.760	318.7264	2.0027
7421.690	319.0203	2.2236
7424.620	319.7224	2.1956
7427.550	318.7624	2.0349
7430.480	318.2466	2.0659
7433.410	317.9572	1.9779
7436.340	317.7334	1.8834
7439.270	317.9410	2.1122
7442.200	318.3164	1.9464
7445.130	318.6689	2.0847
7448.060	318.4529	2.1302
7450.990	317.8028	2.4144
7453.920	317.1164	2.4267
7456.850	316.3935	2.3101
7459.780	315.5551	2.3447
7462.710	315.6612	2.3437
7465.640	315.9253	2.4262
7468.570	316.6396	2.3050
7471.500	315.7539	2.4394
7474.430	314.8100	2.5496
7477.360	314.4175	2.4495
7480.290	314.2181	2.3666
7483.220	313.7514	2.2315
7486.150	313.7919	2.1998
7489.080	313.6711	2.1621
7492.010	313.8949	2.3043
7494.940	313.7773	2.3647
7497.870	312.4677	2.4304
7500.800	312.1807	2.3423
7503.730	311.7703	2.2102
7506.660	311.7110	2.1137
7509.590	312.2317	2.1835
7512.520	312.9906	2.1559
7515.450	311.8043	2.0447
7518.380	311.4963	2.1020
7521.310	311.9618	2.2900
7524.240	311.1597	2.3220
7527.170	310.2155	2.2795
7530.100	309.5915	2.2957
7533.030	309.4571	2.1603
7535.960	309.6222	2.0411
7538.890	309.4688	2.0708
7541.820	309.4308	2.1582
7544.750	310.6323	2.0881
7547.680	310.3897	1.9159
7550.610	308.6574	1.9040
7553.540	308.7829	1.8921
7556.470	309.4808	1.8767
7559.400	309.5936	2.2319
7562.330	308.9789	2.2707
7565.260	308.9696	2.5219
7568.190	308.4579	2.5882
7571.120	307.1323	2.3333
7574.050	306.3252	1.9811
7576.980	305.9854	1.9146
7579.910	305.6512	2.1067
7582.840	307.0642	2.3443
7585.770	307.3870	2.6588
7588.700	305.6873	2.7300
7591.630	304.8422	3.1084
7594.560	303.6830	3.4599
7597.490	303.3886	3.6260
7600.420	304.1065	3.1040
7603.350	302.9115	2.6791
7606.280	303.3228	2.1291
7609.210	305.1220	2.1497
7612.140	304.7810	1.7088
7615.070	303.9948	1.9146
7618.000	304.0336	1.9331
7620.930	303.7841	2.2845
7623.860	303.3292	2.8481
7626.790	302.6826	2.5095
7629.720	301.3542	2.5091
7632.650	302.5042	2.1018
7635.580	302.8233	1.7521
7638.510	301.6614	1.9482
7641.440	301.0338	2.3582
7644.370	300.8506	2.1695
7647.300	301.8358	2.0057
7650.230	302.4454	2.1333
7653.160	302.8020	2.1274
7656.090	302.1141	2.3280
7659.020	301.0079	2.6163
7661.950	300.2510	2.5382
7664.880	300.0919	2.2964
7667.810	299.7655	1.7003
7670.740	299.7664	1.8788
7673.670	299.6687	2.0265
7676.600	300.1746	2.1229
7679.530	299.8781	2.2156
7682.460	300.5030	2.1638
7685.390	300.2389	2.3662
7688.320	298.5810	2.3534
7691.250	299.3007	2.3431
7694.180	298.9560	2.1031
7697.110	297.2351	2.0475
7700.040	297.2574	2.0250
7702.970	297.7968	1.9712
7705.900	297.7763	1.9825
7708.830	297.1363	1.9805
7711.760	295.7444	2.1966
7714.690	296.2470	2.0358
7717.620	297.0962	1.9399
7720.550	297.5279	2.2422
7723.480	296.7276	2.3551
7726.410	297.0078	2.1687
7729.340	297.4285	2.2250
7732.270	298.5416	2.3742
7735.200	296.5866	2.0057
7738.130	295.7908	2.0416
7741.060	295.5484	1.8243
7743.990	294.3960	2.0676
7746.920	294.1032	2.0304
7749.850	293.6230	1.7114
7752.780	293.7216	1.9004
7755.710	294.3714	1.9865
7758.640	294.1708	1.7886
7761.570	293.9887	1.9651
7764.500	293.6255	1.8990
7767.430	293.5238	1.7642
7770.360	293.8565	2.1305
7773.290	293.7453	2.3162
7776.220	292.3496	2.2154
7779.150	291.2410	2.1768
7782.080	291.0518	1.8420
7785.010	291.8112	2.0443
7787.940	291.8772	1.8352
7790.870	291.9942	1.8602
7793.800	291.2171	1.7575
7796.730	291.1184	1.8355
7799.660	290.7537	1.9255
7802.590	290.8874	2.0976
7805.520	291.6991	2.3490
7808.450	291.0009	2.2543
7811.380	290.4070	2.0114
7814.310	290.1956	1.8826
7817.240	289.9738	2.0134
7820.170	289.7693	2.0452
7823.100	289.6242	1.8913
7826.030	289.6321	1.9976
7828.960	289.1968	2.0571
7831.890	288.5614	2.2762
7834.820	288.3299	2.1049
7837.750	288.4329	1.9789
7840.680	287.7827	1.9426
7843.610	287.2138	1.8572
7846.540	286.9572	2.0762
7849.470	287.5425	2.2212
7852.400	288.2448	2.2589
7855.330	288.6469	2.2523
7858.260	288.9212	2.2190
7861.190	288.7165	1.9789
7864.120	287.3029	2.0592
7867.050	286.6170	2.2122
7869.980	285.4008	2.2164
7872.910	285.7649	2.1863
7875.840	284.9948	2.2479
7878.770	283.9118	2.0682
7881.700	284.3212	2.0696
7884.630	284.5336	2.1427
7887.560	284.9106	2.1503
7890.490	285.4144	1.8312
7893.420	286.6385	1.8033
7896.350	285.5799	1.9745
7899.280	285.5182	2.2665
7902.210	285.2829	2.3451
7905.140	283.9427	2.3012
7908.070	282.8023	2.3389
7911.000	281.9235	2.3194
7913.930	281.4159	2.3126
7916.860	280.5806	2.2939
7919.790	280.7065	2.0242
7922.720	281.5817	2.4129
7925.650	281.3972	2.0653
7928.580	280.8040	1.9206
7931.510	279.7707	2.0561
7934.440	279.7793	1.9941
7937.370	280.7990	2.0121
7940.300	279.5110	1.8178
7943.230	278.7135	1.6554
7946.160	279.1020	1.7544
7949.090	279.5029	2.0055
7952.020	279.7240	1.9113
7954.950	278.4692	1.9158
7957.880	278.6554	2.1698
7960.810	279.6897	2.3100
7963.740	280.4173	2.3470
7966.670	279.3016	2.1947
7969.600	279.0217	2.1643
7972.530	279.8735	2.1765
7975.460	281.5947	2.1718
7978.390	280.7353	2.2368
7981.320	280.8102	2.0603
7984.250	279.6399	2.1463
7987.180	279.1769	2.2449
7990.110	279.0787	2.2780
7993.040	277.8242	2.1272
7995.970	276.1877	2.0502
7998.900	276.3257	1.9866
8001.830	276.2479	1.9031
8004.760	276.3505	1.5616
8007.690	276.5701	1.3006
8010.620	276.9868	1.3508
8013.550	277.5469	1.5480
8016.480	277.9491	1.9765
8019.410	277.1417	2.1818
8022.340	277.6093	2.0666
8025.270	277.7565	2.0220
8028.200	277.5200	2.1966
8031.130	277.3223	2.0975
8034.060	275.1531	1.9071
8036.990	275.2215	1.8180
8039.920	275.7124	1.9569
8042.850	274.8919	1.9279
8045.780	273.6626	1.8853
8048.710	273.4943	1.9541
8051.640	273.0950	2.0724
8054.570	272.8934	2.2869
8057.500	272.7279	2.0466
8060.430	273.0210	1.8212
8063.360	272.4980	1.8215
8066.290	272.5644	1.6348
8069.220	273.1839	2.0912
8072.150	272.2519	1.8857
8075.080	271.9654	2.0159
8078.010	271.5584	2.2013
8080.940	270.9394	2.2780
8083.870	270.3473	2.0960
8086.800	270.0977	1.9424
8089.730	270.4515	1.9759
8092.660	270.1865	1.9487
8095.590	270.0991	1.9157
8098.520	269.7945	1.9479
8101.450	270.2633	2.0754
8104.380	270.0486	2.0127
8107.310	268.8642	2.1132
8110.240	268.8631	1.9622
8113.170	269.7971	2.1228
8116.100	269.6158	2.1560
8119.030	269.5069	2.1162
8121.960	268.6071	2.0079
8124.890	269.1074	1.8976
8127.820	269.1080	1.6500
8130.750	269.3222	1.7022
8133.680	269.2200	1.6785
8136.610	268.0608	1.8734
8139.540	267.2808	1.8866
8142.470	267.2206	1.9579
8145.400	268.1041	1.6575
8148.330	268.4636	1.6194
8151.260	267.8838	1.6889
8154.190	266.9155	1.8610
8157.120	267.0606	2.0968
8160.050	266.1133	2.0286
8162.980	266.6732	2.1253
8165.910	266.1038	2.3234
8168.840	265.2938	2.5138
8171.770	265.1904	2.5257
8174.700	265.2993	2.2426
8177.630	265.3887	2.2949
8180.560	265.2145	2.6282
8183.490	264.0184	2.4968
8186.420	262.2023	2.2762
8189.350	262.6682	2.0814
8192.280	263.4842	2.0992
8195.210	264.6656	2.2456
8198.140	263.5865	1.7002
8201.070	263.1589	1.6176
8204.000	261.7645	1.8431
8206.930	261.2233	1.9219
8209.860	262.2251	1.7356
8212.790	262.8646	1.6374
8215.720	263.0200	1.3923
8218.650	262.2982	1.7024
8221.580	262.3068	2.0656
8224.510	262.7176	2.4631
8227.440	263.2066	2.8383
8230.370	262.4273	2.8561
8233.300	262.6065	2.7103
8236.230	261.2594	2.3865
8239.160	261.5792	2.0351
8242.090	261.6633	1.4193
8245.020	261.6509	1.3919
8247.950	261.7142	1.5097
8250.880	261.5399	1.6272
8253.810	261.0827	1.8107
8256.740	259.9178	2.0587
8259.670	259.6913	1.8443
8262.600	258.7632	1.8324
8265.530	258.1131	1.7447
8268.460	258.2995	1.7913
8271.390	258.4277	1.5647
8274.320	258.2224	1.4551
8277.250	258.8554	1.3124
8280.180	259.0163	1.6762
8283.110	257.9237	1.5834
8286.040	257.7428	1.5807
8288.970	257.5121	1.8622
8291.900	257.5677	1.8209
8294.830	256.9959	1.8111
8297.760	256.5309	2.0176
8300.690	257.1335	1.7006
8303.620	257.0842	1.3486
8306.550	257.1167	1.6302
8309.480	257.1369	1.9236
8312.410	256.9321	2.0050
8315.340	256.8618	2.2228
8318.270	256.5052	2.1860
8321.200	255.5111	2.0017
8324.130	255.5008	1.8586
8327.060	255.9562	2.1968
8329.990	255.8861	2.2249
8332.920	256.2627	2.1522
8335.850	255.3285	2.0762
8338.780	254.1380	2.1882
8341.710	254.4907	2.0875
8344.640	254.0361	2.0639
8347.570	253.7668	1.7135
8350.500	253.0871	1.8761
8353.430	252.5316	1.9991
8356.360	253.1682	1.7943
8359.290	252.6913	1.8215
8362.220	251.7492	2.1591
8365.150	251.1081	2.0878
8368.080	250.9114	1.8149
8371.010	250.5063	1.4433
8373.940	251.4217	1.4711
8376.870	253.0160	2.0323
8379.800	251.9129	2.2636
8382.730	251.3314	2.2874
8385.660	251.7785	1.8842
8388.590	251.8367	1.6996
8391.520	251.4554	1.6664
8394.450	251.2265	1.9789
8397.380	251.1427	2.0730
8400.310	251.1584	1.8187
8403.240	250.9408	1.3235
8406.170	250.4703	1.2527
8409.100	251.4415	1.5289
8412.030	251.5397	2.0318
8414.960	250.4576	2.2746
8417.890	250.3960	1.6027
8420.820	250.3158	1.3921
8423.750	249.6879	1.4471
8426.680	249.6184	1.9701
8429.610	249.2040	2.3921
8432.540	249.1419	2.0310
8435.470	250.3244	1.9984
8438.400	249.6346	1.9580
8441.330	248.5245	1.7023
8444.260	247.7828	1.5574
8447.190	246.7648	1.7637
8450.120	247.1680	2.5039
8453.050	246.8765	1.8908
8455.980	247.0860	1.6322
8458.910	247.5402	2.1731
8461.840	248.6199	2.2424
8464.770	248.9436	2.1804
8467.700	248.7498	2.0912
8470.630	248.3132	1.9049
8473.560	247.7381	1.8424
8476.490	247.4302	1.9274
8479.420	247.7373	1.9839
8482.350	247.6545	1.9687
8485.280	247.2070	2.2469
8488.210	246.7979	2.2571
8491.140	247.0322	2.1098
8494.070	247.7249	2.6766
8497.000	246.7353	3.1625
8499.930	241.8061	2.6908
8502.860	239.0769	2.2503
8505.790	238.7162	2.1812
8508.720	241.0853	2.0500
8511.650	241.7409	1.9705
8514.580	242.3065	2.1937
8517.510	242.6260	2.0157
8520.440	243.5753	1.9295
8523.370	243.7235	1.9759
8526.300	244.1506	2.0926
8529.230	243.6890	2.5239
8532.160	242.4912	2.2452
8535.090	241.6783	2.1327
8538.020	246.3231	3.6711
8540.950	243.6413	3.9012
8543.880	233.7329	3.2548
8546.810	227.9260	2.4436
8549.740	227.6644	2.5442
8552.670	234.4603	2.2651
8555.600	238.4780	1.8306
8558.530	240.2883	1.8243
8561.460	240.2340	1.8698
8564.390	241.5393	1.8417
8567.320	243.2066	1.7798
8570.250	242.7997	1.8147
8573.180	243.5428	1.9586
8576.110	243.8166	2.0024
8579.040	242.8656	2.1894
8581.970	241.7867	2.3361
8584.900	240.4992	2.3615
8587.830	239.7390	2.2204
8590.760	239.1792	1.6787
8593.690	239.1866	1.5497
8596.620	239.1344	1.7023
8599.550	238.9116	2.0551
8602.480	238.6974	1.9263
8605.410	238.8121	1.5153
8608.340	238.4652	1.1234
8611.270	237.7827	1.2247
8614.200	238.0496	1.5997
8617.130	238.1930	1.4243
8620.060	239.1336	2.0256
8622.990	238.6542	2.4085
8625.920	238.5468	2.1888
8628.850	238.0017	1.9368
8631.780	237.9902	1.8042
8634.710	238.0242	2.2054
8637.640	237.5052	2.2890
8640.570	237.8651	2.2951
8643.500	237.7705	2.0804
8646.430	237.7114	2.0506
8649.360	237.4525	2.1815
8652.290	236.6368	2.1553
8655.220	235.5422	1.3113
8658.150	238.1041	3.3515
8661.080	236.8952	3.6314
8664.010	229.3626	2.9349
8666.940	223.5869	2.4155
8669.870	223.3867	2.2284
8672.800	228.0984	2.0091
8675.730	231.0708	2.0412
8678.660	232.4629	2.0430
8681.590	232.9885	1.8494
8684.520	233.7191	1.7691
8687.450	233.9993	1.8453
8690.380	234.2686	1.8356
8693.310	234.4752	1.7036
8696.240	234.2729	1.6257
8699.170	234.7614	1.7333
8702.100	234.9959	1.8353
8705.030	235.1716	1.8718
8707.960	234.3787	1.7927
8710.890	234.1546	1.7960
8713.820	234.0122	1.6658
8716.750	234.3074	1.5089
8719.680	234.7718	1.6240
8722.610	235.1932	1.7795
8725.540	234.9016	1.5298
8728.470	233.8660	1.2031
8731.400	233.3456	1.2322
8734.330	233.2143	1.4003
8737.260	232.8785	1.6181
8740.190	232.1328	1.5478
8743.120	231.0174	1.5665
8746.050	230.1228	1.4500
8748.980	229.3291	1.5141
8751.910	228.2968	1.6811
8754.840	228.0572	1.5351
8757.770	228.4462	1.5843
8760.700	228.9351	1.6062
8763.630	229.7434	1.7406
8766.560	230.7026	1.8750
8769.490	231.4494	1.9501
8772.420	231.9061	2.0452
8775.350	230.1574	2.0267
8778.280	229.6175	1.8828
8781.210	229.2077	2.1122
8784.140	229.0397	2.1292
8787.070	229.3842	2.0656
8790.000	228.9735	1.7009
8792.930	228.4171	1.5448
8795.860	228.4227	1.3747
8798.790	228.7600	1.5281
8801.720	229.4677	1.7808
8804.650	230.3116	2.2609
8807.580	230.1281	2.1227
8810.510	229.5093	2.2185
8813.440	228.6806	2.2082
8816.370	228.4706	2.0018
8819.300	228.6138	2.0096
8822.230	228.3730	2.0474
8825.160	226.8532	2.1201
8828.090	226.3319	1.7091
8831.020	226.1819	1.7514
8833.950	226.9489	1.7508
8836.880	227.6642	1.5618
8839.810	227.3225	1.3243
8842.740	227.2205	1.3707
8845.670	226.8132	1.8520
8848.600	225.5118	2.1681
8851.530	225.1791	2.0827
8854.460	225.6183	2.0774
8857.390	224.7766	1.7973
8860.320	223.6616	1.3477
8863.250	221.2290	1.7615
8866.180	219.2358	1.8971
8869.110	218.4742	1.7646
8872.040	219.9634	1.4453
8874.970	222.3222	1.4907
8877.900	223.5618	0.8779
8880.830	224.1302	1.4024
8883.760	223.3845	1.7732
8886.690	223.3197	1.4525
8889.620	223.5710	0.9217
8892.550	223.5973	1.4571
8895.480	223.2161	1.8989
8898.410	222.9818	2.0955
8901.340	222.6428	1.9730
8904.270	222.6214	1.8449
8907.200	223.1861	1.7790
8910.130	223.2724	1.4164
8913.060	223.8731	1.7753
8915.990	223.5662	1.6473
8918.920	223.0388	1.5096
8921.850	223.5737	1.8326
8924.780	224.5333	2.0523
8927.710	224.9171	2.0293
8930.640	223.4828	1.5969
8933.570	222.0195	1.5209
8936.500	222.7994	1.6229
8939.430	222.3919	1.9040
8942.360	220.9223	1.9548
8945.290	221.2064	1.7296
8948.220	222.7740	1.7442
8951.150	223.2045	1.5214
8954.080	223.2196	1.7801
8957.010	223.4352	1.8217
8959.940	223.0784	1.0926
8962.870	222.1730	1.1900
8965.800	222.1415	1.6718
8968.730	222.0625	1.8122
8971.660	222.1285	2.1431
8974.590	222.0209	2.0792
8977.520	221.2989	1.9987
8980.450	222.2946	1.6515
8983.380	222.4103	1.4434
8986.310	221.0086	1.6674
8989.240	221.7672	1.8168
8992.170	222.5297	1.8473
8995.100	220.0397	2.0111
8998.030	218.7319	2.2238
9000.960	218.2801	1.9402
9003.890	216.8996	1.5187
9006.820	216.0958	1.6775
9009.750	214.7050	1.8348
9012.680	213.4719	2.1954
9015.610	212.2170	2.1788
9018.540	210.8654	1.7393
9021.470	209.8239	1.7839
9024.400	211.6772	1.9798
9027.330	213.6007	1.9403
9030.260	214.6214	1.5712
9033.190	216.1630	0.8200
9036.120	217.4505	0.9778
9039.050	217.4352	0.9648
9041.980	216.4317	1.6584
9044.910	215.7578	1.8323
9047.840	216.4262	2.0872
9050.770	216.8375	2.1189
9053.700	215.3302	1.6802
9056.630	214.8493	1.1441
9059.560	214.6106	1.4786
9062.490	214.9989	1.5841
9065.420	215.9831	1.9530
9068.350	216.1402	2.1118
9071.280	215.9335	2.0245
9074.210	217.7064	1.6637
9077.140	218.1239	1.7091
9080.070	217.4377	2.0324
9083.000	215.9589	1.7349
9085.930	215.0959	1.6305
9088.860	215.3583	1.9141
9091.790	214.5536	1.8677
9094.720	213.2910	1.6120
9097.650	213.4532	1.3820
9100.580	213.5751	1.7368
9103.510	214.0073	1.8498
9106.440	215.1171	1.7232
9109.370	215.4328	1.9251
9112.300	216.2156	2.0451
9115.230	215.9862	2.2026
9118.160	214.8997	2.1635
9121.090	213.9664	1.7649
9124.020	213.3811	1.5433
9126.950	213.0620	1.4406
9129.880	213.1199	1.8391
9132.810	213.4844	2.0314
9135.740	212.4611	1.7623
9138.670	212.0957	1.9118
9141.600	212.8034	1.7259
9144.530	212.7666	1.8083
9147.460	212.4463	1.5282
9150.390	212.5962	1.4439
9153.320	212.7569	1.8652
9156.250	213.1059	1.8429
9159.180	213.9728	1.9743
9162.110	214.1325	1.9277
9165.040	213.2864	1.9811
9167.970	212.1485	1.9077
9170.900	210.2003	1.6841
9173.830	209.5065	1.8556
9176.760	209.2591	1.9077
9179.690	209.2931	1.8852
9182.620	209.9723	2.0355
9185.550	211.6553	1.6130
9188.480	212.2899	1.7028
9191.410	211.7261	1.6297
9194.340	211.4450	1.6049
9197.270	211.2891	1.9856
9200.200	210.5891	1.7485
9203.130	209.2041	1.9407
9206.060	207.4962	1.8851
9208.990	207.4630	1.8817
9211.920	207.5322	1.7710
9214.850	206.5397	1.8248
9217.780	205.9606	1.9790
9220.710	205.8740	1.7146
9223.640	205.7685	1.5058
9226.570	204.7841	1.7510
9229.500	201.5884	1.7772
9232.430	198.4317	2.0261
9235.360	199.0791	1.7399
9238.290	200.0678	1.4343
9241.220	200.6325	1.5058
9244.150	201.4178	1.8246
9247.080	202.5120	2.0791
9250.010	203.5638	2.0947
9252.940	204.1888	1.8604
9255.870	205.1118	1.6269
9258.800	206.0560	1.7517
9261.730	206.2840	1.8637
9264.660	205.7336	1.9211
9267.590	205.2197	1.8657
9270.520	204.7055	2.0878
9273.450	204.8968	2.0266
9276.380	205.3026	2.2549
9279.310	205.3661	2.3660
9282.240	206.4781	1.9449
9285.170	206.9680	1.6917
9288.100	206.8519	1.6185
9291.030	207.1192	1.2572
9293.960	207.5357	0.9717
9296.890	207.1184	1.3838
9299.820	206.9705	1.8528
9302.750	206.6710	2.1235
9305.680	205.4069	1.8000
9308.610	204.7197	1.7444
9311.540	203.8686	1.6998
9314.470	203.0045	2.2201
9317.400	202.5044	1.8302
9320.330	202.4337	2.1875
9323.260	202.3470	2.5212
9326.190	202.7265	2.2061
9329.120	203.3040	1.8200
9332.050	203.2454	2.2440
9334.980	203.0914	2.5799
9337.910	204.1536	2.9441
9340.840	203.0038	2.8027
9343.770	202.2290	2.6262
9346.700	201.0463	2.2564
9349.630	200.7023	2.1918
9352.560	200.8794	2.3895
9355.490	201.2064	2.3318
9358.420	201.4372	1.7921
9361.350	201.6691	2.0172
9364.280	201.6706	2.0626
9367.210	201.8477	2.1534
9370.140	202.0116	1.9974
9373.070	201.8346	1.8823
9376.000	200.5739	1.7526
9378.930	199.5208	2.1366
9381.860	198.7564	2.1016
9384.790	198.6291	1.2715
9387.720	199.0571	1.3362
9390.650	199.4680	1.8039
9393.580	199.7041	2.1940
9396.510	200.5983	1.9982
9399.440	200.5334	1.9605
9402.370	199.9158	2.0061
9405.300	199.9590	2.2903
9408.230	199.6210	2.2901
9411.160	198.7608	2.8032
9414.090	199.1146	2.6722
9417.020	198.6378	2.0902
9419.950	197.4917	2.1784
9422.880	197.0930	2.0889
9425.810	198.1132	2.0645
9428.740	198.3544	1.8942
9431.670	197.8687	1.5377
9434.600	196.8711	1.5991
9437.530	196.8375	2.2523
9440.460	197.8497	2.5844
9443.390	198.4571	2.1467
9446.320	198.4686	1.8849
9449.250	198.4493	1.8146
9452.180	198.0123	1.9185
9455.110	197.3061	2.0311
9458.040	197.3387	1.6281
9460.970	197.4356	1.2977
9463.900	197.9311	1.2606
9466.830	198.1913	1.2007
9469.760	198.4866	1.5144
9472.690	198.9730	1.9553
9475.620	198.4054	2.0365
9478.550	197.2258	2.0970
9481.480	196.7131	1.7995
9484.410	195.7416	1.6502
9487.340	195.8664	1.9619
9490.270	195.6015	1.9151
9493.200	195.2452	1.8462
9496.130	195.4407	1.9126
9499.060	195.0202	2.2150
9501.990	195.1383	2.1270
9504.920	195.3099	1.7870
9507.850	196.0278	1.7521
9510.780	196.5641	2.1807
9513.710	195.8815	2.5896
9516.640	194.9295	2.6570
9519.570	194.9439	2.2650
9522.500	194.4256	1.4523
9525.430	193.5600	1.2382
9528.360	192.3179	1.3890
9531.290	192.2828	1.5546
9534.220	192.5777	1.9379
9537.150	190.9285	2.0638
9540.080	189.3965	2.1334
9543.010	187.2632	2.3002
9545.940	185.5168	2.2449
9548.870	182.2335	2.3588
9551.800	179.1583	2.3994
9554.730	179.6221	2.0938
9557.660	181.8667	2.1571
9560.590	184.6786	2.1694
9563.520	187.8909	2.3887
9566.450	188.9258	2.6583
9569.380	188.9815	2.4579
9572.310	188.1576	2.1800
9575.240	188.1510	1.9288
9578.170	187.4414	2.0981
9581.100	187.2977	2.0249
9584.030	187.3469	2.2234
9586.960	187.5164	2.6155
9589.890	188.7568	2.6592
9592.820	188.7277	2.8012
9595.750	189.3833	2.6634
9598.680	188.8644	2.5542
9601.610	188.5576	2.6625
9604.540	186.5731	2.9124
9607.470	186.7742	2.9841
9610.400	187.2402	3.2071
9613.330	187.8446	3.0499
9616.260	187.1934	3.0687
9619.190	187.0447	3.3774
9622.120	187.6053	3.6812
9625.050	185.9547	3.6189
9627.980	185.3873	3.3787
9630.910	185.1960	3.2451
9633.840	184.2312	3.2726
9636.770	184.4760	3.4035
9639.700	184.4030	3.4500
9642.630	183.2083	3.5114
9645.560	182.0687	3.6829
9648.490	181.9744	3.6573
9651.420	182.7017	3.6558
9654.350	180.5446	3.6134
9657.280	179.3738	3.7352
9660.210	179.2270	3.7477
9663.140	178.8845	3.8015
9666.070	179.6366	3.9286
9669.000	179.1031	4.0854
9671.930	177.8520	4.1492
9674.860	177.2163	4.1248
9677.790	178.2828	4.1686
9680.720	178.1964	4.3158
9683.650	177.6649	4.2532
9686.580	178.3949	4.2813
9689.510	178.6228	4.3147
9692.440	178.1451	4.4157
9695.370	178.5524	4.5730
9698.300	177.8453	4.5790
9701.230	176.4438	4.7561
