3298.680	1654.8394	33.5524
3301.060	1634.2654	33.3458
3303.440	1598.5891	31.8804
3305.820	1612.4191	31.8059
3308.200	1624.0389	30.6449
3310.580	1620.5271	31.3545
3312.960	1640.7039	32.5164
3315.340	1612.3264	30.9393
3317.720	1599.2286	31.4762
3320.100	1594.3149	31.8043
3322.480	1592.4946	30.5992
3324.860	1605.5885	30.0688
3327.240	1602.5169	29.1110
3329.620	1588.0185	29.8715
3332.000	1607.1857	29.7924
3334.380	1587.6652	29.3104
3336.760	1601.1318	29.5953
3339.140	1591.2638	28.9184
3341.520	1595.3278	28.3074
3343.900	1600.2065	28.2226
3346.280	1595.0396	27.3155
3348.660	1599.8947	27.6782
3351.040	1595.3185	27.9313
3353.420	1635.8369	27.8826
3355.800	1642.2336	29.2539
3358.180	1601.2606	28.1238
3360.560	1591.2647	28.4472
3362.940	1620.3046	28.3867
3365.320	1599.4187	28.5983
3367.700	1587.0959	27.5964
3370.080	1553.5602	27.1318
3372.460	1571.1656	27.1090
3374.840	1606.3894	26.4638
3377.220	1578.2874	27.5793
3379.600	1562.0425	25.9081
3381.980	1561.8397	25.2973
3384.360	1591.1282	26.2802
3386.740	1623.2229	27.7372
3389.120	1631.5050	26.7869
3391.500	1585.8929	26.1261
3393.880	1603.6579	26.6112
3396.260	1652.6176	26.8055
3398.640	1660.4008	27.2299
3401.020	1619.8761	27.4929
3403.400	1595.8392	25.7225
3405.780	1581.6412	25.0835
3408.160	1578.6871	24.5235
3410.540	1614.9042	25.5569
3412.920	1588.8123	25.9890
3415.300	1607.1946	26.1845
3417.680	1628.9651	25.6867
3420.060	1630.9274	26.1533
3422.440	1605.9930	25.5598
3424.820	1605.6572	24.7595
3427.200	1657.8422	25.1442
3429.580	1658.3312	26.0804
3431.960	1633.4064	25.8016
3434.340	1642.0559	26.4652
3436.720	1621.2743	26.3289
3439.100	1582.3321	25.0435
3441.480	1572.8216	24.6494
3443.860	1584.7081	24.3138
3446.240	1641.8695	25.6849
3448.620	1619.4161	25.6455
3451.000	1617.2710	25.9313
3453.380	1646.4385	25.1194
3455.760	1634.1173	24.7843
3458.140	1627.6051	24.0895
3460.520	1613.8334	24.3861
3462.900	1625.1163	24.5741
3465.280	1633.7821	25.2197
3467.660	1669.8151	25.7408
3470.040	1661.4465	25.8166
3472.420	1603.7260	23.8805
3474.800	1596.5910	23.9571
3477.180	1636.2192	25.1234
3479.560	1629.3465	25.4333
3481.940	1630.8390	25.3468
3484.320	1626.2254	25.0666
3486.700	1641.3044	24.9321
3489.080	1614.3835	24.8572
3491.460	1594.7829	23.8279
3493.840	1608.6358	24.2857
3496.220	1614.4068	24.7512
3498.600	1623.0222	24.0110
3500.980	1634.0782	24.8590
3503.360	1623.1121	25.3114
3505.740	1643.9583	25.7877
3508.120	1650.5912	24.5240
3510.500	1604.7130	24.0704
3512.880	1613.7250	24.7464
3515.260	1619.3285	24.1494
3517.640	1643.3915	24.5872
3520.020	1611.9209	24.2216
3522.400	1594.3397	23.5037
3524.780	1602.6342	25.3870
3527.160	1614.1797	23.2125
3529.540	1647.4534	23.5764
3531.920	1649.0711	23.8401
3534.300	1666.9048	24.0008
3536.680	1687.0126	24.1807
3539.060	1677.8489	23.7402
3541.440	1659.4820	24.0269
3543.820	1691.6490	24.8449
3546.200	1669.5351	25.1677
3548.580	1683.8099	24.8058
3550.960	1671.5685	24.3829
3553.340	1654.0279	24.9019
3555.720	1627.6084	24.0146
3558.100	1639.7657	24.0211
3560.480	1653.8451	24.8581
3562.860	1634.9250	24.3523
3565.240	1619.4155	22.6516
3567.620	1594.0204	22.6869
3570.000	1565.8413	23.0773
3572.380	1587.9097	23.3504
3574.760	1637.8901	23.9741
3577.140	1610.1770	23.4381
3579.520	1616.2104	22.9075
3581.900	1604.2839	23.4813
3584.280	1574.0298	23.2427
3586.660	1563.9257	23.2385
3589.040	1591.7802	22.1702
3591.420	1636.1396	23.3763
3593.800	1618.6680	24.3279
3596.180	1630.4551	24.3312
3598.560	1661.9168	24.8232
3600.940	1657.1332	23.9074
3603.320	1631.7953	23.3453
3605.700	1634.5746	23.2143
3608.080	1619.3466	23.8919
3610.460	1600.6477	23.4251
3612.840	1603.6157	24.5149
3615.220	1632.6790	24.0251
3617.600	1642.5020	23.5518
3619.980	1649.5828	24.3433
3622.360	1649.5847	23.0594
3624.740	1654.1233	25.1069
3627.120	1671.3158	25.2342
3629.500	1622.8528	22.9385
3631.880	1625.6791	23.6116
3634.260	1661.7724	23.9727
3636.640	1675.3836	23.2457
3639.020	1659.4825	23.3028
3641.400	1650.3650	22.9540
3643.780	1642.4553	22.6004
3646.160	1642.8119	22.9586
3648.540	1648.0535	23.1816
3650.920	1640.4999	22.0955
3653.300	1662.5292	23.1789
3655.680	1685.2326	23.4829
3658.060	1673.1496	23.1571
3660.440	1684.3766	23.1236
3662.820	1699.9749	22.8690
3665.200	1699.4008	23.0525
3667.580	1693.2874	23.1480
3669.960	1685.2810	23.5981
3672.340	1683.9869	23.9749
3674.720	1681.3766	23.1430
3677.100	1662.7914	23.0253
3679.480	1641.7340	22.4328
3681.860	1647.2871	22.3224
3684.240	1631.2201	22.7859
3686.620	1643.8409	23.2193
3689.000	1680.7514	23.4429
3691.380	1702.3881	23.6309
3693.760	1695.5747	23.2124
3696.140	1702.8726	23.5770
3698.520	1709.3099	23.9084
3700.900	1695.7114	25.0922
3703.280	1653.5176	23.0181
3705.660	1652.6311	23.0702
3708.040	1665.6513	23.3467
3710.420	1652.4568	22.8941
3712.800	1700.5456	23.7687
3715.180	1795.0294	26.2480
3717.560	1778.3639	25.5442
3719.940	1639.7599	24.3308
3722.320	1633.6891	23.3010
3724.700	1785.4858	25.2566
3727.080	1902.0453	27.3663
3729.460	1859.1919	27.8002
3731.840	1644.8570	25.6115
3734.220	1529.3264	23.2491
3736.600	1671.6629	23.6390
3738.980	1878.6220	27.2153
3741.360	1955.2965	28.5650
3743.740	1885.6531	26.7733
3746.120	1688.1784	25.0490
3748.500	1510.4342	22.7362
3750.880	1578.6064	23.1944
3753.260	1809.2674	27.9529
3755.640	1966.7089	27.7703
3758.020	2020.0524	26.3660
3760.400	2042.3686	26.1531
3762.780	2009.3927	27.7693
3765.160	1904.3729	26.4197
3767.540	1681.6616	24.3789
3769.920	1537.2645	22.1071
3772.300	1664.9329	23.4198
3774.680	1925.1154	25.0493
3777.060	2120.2993	27.8188
3779.440	2214.5547	28.4946
3781.820	2227.7731	28.3243
3784.200	2209.7082	29.3432
3786.580	2158.9306	28.9689
3788.960	2127.9862	29.1844
3791.340	2016.4384	28.5739
3793.720	1797.0804	25.9434
3796.100	1556.4241	23.7163
3798.480	1557.8917	22.3360
3800.860	1794.8526	24.6808
3803.240	2036.7506	27.7487
3805.620	2166.2608	28.7677
3808.000	2223.9733	28.5093
3810.380	2257.3627	28.8504
3812.760	2240.7716	29.4879
3815.140	2261.0085	30.6446
3817.520	2280.5035	30.6785
3819.900	2248.4786	30.1358
3822.280	2183.7477	29.3662
3824.660	2117.4867	27.8085
3827.040	2043.7361	27.4341
3829.420	1911.8897	27.2626
3831.800	1690.1049	23.9817
3834.180	1484.5321	22.0559
3836.560	1552.8838	22.6284
3838.940	1787.1563	25.0402
3841.320	2000.1642	26.8678
3843.700	2147.5941	29.6340
3846.080	2224.4448	29.4842
3848.460	2286.7662	29.8457
3850.840	2328.3015	30.7856
3853.220	2340.9273	29.6360
3855.600	2342.8408	30.2791
3857.980	2333.7279	30.3419
3860.360	2358.6054	30.6251
3862.740	2364.4682	33.1344
3865.120	2355.7013	32.9763
3867.500	2379.4049	31.7212
3869.880	2345.2496	31.6395
3872.260	2284.9745	29.6685
3874.640	2258.0535	29.0192
3877.020	2209.2988	29.7474
3879.400	2148.3004	29.6356
3881.780	2082.7140	30.1449
3884.160	1886.4438	28.0575
3886.540	1604.1346	25.1957
3888.920	1519.7799	22.6785
3891.300	1704.9746	23.1317
3893.680	1949.3199	26.6606
3896.060	2085.7309	27.6917
3898.440	2161.4051	28.5370
3900.820	2231.3513	28.1081
3903.200	2242.2946	29.1819
3905.580	2276.5635	28.6166
3907.960	2354.4398	29.7497
3910.340	2384.0258	30.9744
3912.720	2399.0209	32.0536
3915.100	2376.0060	30.6376
3917.480	2367.9006	30.5930
3919.860	2378.2300	31.8714
3922.240	2375.5108	32.2452
3924.620	2376.5587	35.9562
3927.000	2292.4140	39.7597
3929.380	2019.7339	32.0774
3931.760	1627.2802	32.7131
3934.140	1608.1086	29.3273
3936.520	1975.7644	30.0764
3938.900	2281.4861	32.4365
3941.280	2358.6833	31.6055
3943.660	2353.5149	32.2685
3946.040	2359.6814	31.4751
3948.420	2340.7417	31.4516
3950.800	2330.7424	32.2703
3953.180	2335.5514	32.3175
3955.560	2295.3736	31.8224
3957.940	2260.8580	32.5885
3960.320	2188.3371	34.5776
3962.700	2064.4756	35.9626
3965.080	1734.7857	30.7541
3967.460	1330.6281	27.0324
3969.840	1317.2341	24.6356
3972.220	1652.2414	26.9081
3974.600	1967.8432	29.8542
3976.980	2113.5975	30.7035
3979.360	2167.2132	31.5620
3981.740	2220.1422	31.7881
3984.120	2274.8998	31.9008
3986.500	2311.1031	32.1564
3988.880	2334.6799	33.9031
3991.260	2357.8519	33.5870
3993.640	2394.0919	33.8617
3996.020	2379.2225	34.4639
3998.400	2385.1450	33.2768
4000.780	2414.3343	34.2721
4003.160	2396.8182	34.4590
4005.540	2387.0555	34.5982
4007.920	2404.9366	34.9290
4010.300	2409.1217	35.4268
4012.680	2401.9662	34.9622
4015.060	2424.9299	34.9509
4017.440	2436.6691	34.7002
4019.820	2448.0832	34.6008
4022.200	2456.9001	35.2612
4024.580	2480.2321	34.9005
4026.960	2436.8017	34.0286
4029.340	2409.4734	32.8227
4031.720	2384.8746	31.8263
4034.100	2420.7335	33.1012
4036.480	2444.3965	33.9532
4038.860	2441.6844	33.7966
4041.240	2425.1249	33.1678
4043.620	2412.1687	33.0591
4046.000	2396.8964	31.6989
4048.380	2426.8983	32.1774
4050.760	2431.8421	32.3084
4053.140	2428.8795	32.9083
4055.520	2430.8681	32.1671
4057.900	2428.3564	32.6647
4060.280	2428.9557	31.6575
4062.660	2394.9357	30.4041
4065.040	2386.9897	30.3821
4067.420	2386.1052	31.0053
4069.800	2392.0702	30.9793
4072.180	2378.8484	31.4970
4074.560	2340.6439	30.0877
4076.940	2335.9625	29.3902
4079.320	2336.1395	29.9778
4081.700	2347.7659	29.8420
4084.080	2340.2397	30.3357
4086.460	2296.8599	30.2108
4088.840	2252.8656	30.6969
4091.220	2205.9195	29.7893
4093.600	2124.8441	30.8178
4095.980	1994.7674	30.5299
4098.360	1757.5751	28.5114
4100.740	1549.4082	24.5023
4103.120	1617.5954	23.4579
4105.500	1886.1805	26.1709
4107.880	2067.2159	28.4220
4110.260	2180.7511	28.7151
4112.640	2251.2805	30.0672
4115.020	2279.5985	29.8635
4117.400	2302.0126	30.1069
4119.780	2329.2995	30.3086
4122.160	2334.3172	31.0873
4124.540	2343.8232	31.2482
4126.920	2370.2459	31.4303
4129.300	2377.5045	31.3606
4131.680	2365.7948	30.9181
4134.060	2357.0275	30.6457
4136.440	2383.3434	31.4290
4138.820	2398.7386	31.5228
4141.200	2371.7469	31.4078
4143.580	2365.6098	31.5009
4145.960	2375.6461	29.9591
4148.340	2379.2869	30.8088
4150.720	2399.9306	31.0952
4153.100	2394.1605	31.1904
4155.480	2401.5514	31.0078
4157.860	2395.4598	29.9415
4160.240	2409.6706	31.4995
4162.620	2412.5803	29.9490
4165.000	2416.4249	31.5620
4167.380	2384.2569	30.9324
4169.760	2389.0739	29.9960
4172.140	2394.4077	30.7180
4174.520	2383.3021	30.5189
4176.900	2385.7738	29.8657
4179.280	2384.9864	30.1031
4181.660	2382.1735	29.5804
4184.040	2382.7596	29.5954
4186.420	2366.7406	29.5418
4188.800	2356.2455	30.5538
4191.180	2377.0614	30.9202
4193.560	2365.2449	29.5884
4195.940	2367.8479	30.2416
4198.320	2332.9529	29.7853
4200.700	2334.0446	29.4197
4203.080	2347.3215	29.3993
4205.460	2353.3078	29.8080
4207.840	2370.7136	29.6786
4210.220	2367.3480	29.2169
4212.600	2345.6156	29.9536
4214.980	2350.8115	30.0810
4217.360	2335.9380	29.5578
4219.740	2336.1278	29.9886
4222.120	2329.0025	28.9839
4224.500	2311.8335	30.2606
4226.880	2291.6818	29.0470
4229.260	2317.3891	28.7546
4231.640	2332.2052	30.0998
4234.020	2327.2926	28.8217
4236.400	2339.0157	29.4405
4238.780	2350.7114	28.7467
4241.160	2368.1312	30.1156
4243.540	2374.1448	29.8344
4245.920	2323.0356	28.6424
4248.300	2311.3973	28.8887
4250.680	2317.0618	29.4596
4253.060	2300.8042	28.0446
4255.440	2325.8339	28.7825
4257.820	2335.6136	29.2858
4260.200	2325.4636	29.4297
4262.580	2329.8878	29.3372
4264.960	2345.3424	29.2747
4267.340	2343.7978	29.7705
4269.720	2289.7832	27.8576
4272.100	2275.9795	28.8849
4274.480	2301.8098	29.1340
4276.860	2310.6080	28.4897
4279.240	2322.1552	29.2854
4281.620	2313.4393	28.9341
4284.000	2304.2216	29.3498
4286.380	2286.4063	28.2205
4288.760	2273.3414	29.3392
4291.140	2269.0964	28.7940
4293.520	2263.0461	29.2443
4295.900	2248.8652	28.6779
4298.280	2204.8856	27.9986
4300.660	2190.3926	27.8328
4303.040	2216.8095	28.0747
4305.420	2230.0625	27.5859
4307.800	2228.4211	28.6233
4310.180	2226.1107	29.5075
4312.560	2231.6747	28.1674
4314.940	2218.3221	28.6478
4317.320	2198.7764	29.5528
4319.700	2205.3543	28.9285
4322.080	2205.4267	27.4978
4324.460	2187.1316	28.4291
4326.840	2162.6481	27.9355
4329.220	2137.2824	27.9035
4331.600	2074.5225	29.5038
4333.980	1958.6228	28.9655
4336.360	1775.8424	27.0504
4338.740	1580.4675	25.2530
4341.120	1539.6131	22.5295
4343.500	1740.0605	23.8312
4345.880	1961.5118	26.5661
4348.260	2055.2185	25.4768
4350.640	2110.3666	26.3556
4353.020	2148.3190	26.6864
4355.400	2189.1984	26.3962
4357.780	2226.5403	27.0973
4360.160	2246.6559	28.0871
4362.540	2263.0149	27.9874
4364.920	2258.5939	28.3601
4367.300	2252.3327	28.1961
4369.680	2258.7605	28.5635
4372.060	2257.8662	27.7943
4374.440	2259.7261	27.8706
4376.820	2280.5642	28.6516
4379.200	2279.2850	29.3730
4381.580	2251.5312	28.5375
4383.960	2244.3174	28.0818
4386.340	2265.9421	28.4316
4388.720	2288.9991	28.3258
4391.100	2276.8838	28.1247
4393.480	2256.4938	28.5927
4395.860	2253.5236	27.7612
4398.240	2264.3818	27.2715
4400.620	2260.4340	27.2933
4403.000	2256.8574	28.2390
4405.380	2269.1100	28.0633
4407.760	2287.1843	27.7229
4410.140	2291.6820	28.2910
4412.520	2278.6306	28.0117
4414.900	2257.0373	28.4692
4417.280	2256.1540	27.6552
4419.660	2273.9037	28.4424
4422.040	2295.2066	28.4038
4424.420	2291.5263	28.1630
4426.800	2260.7914	27.6528
4429.180	2260.2271	27.8417
4431.560	2261.5881	27.7611
4433.940	2262.9580	27.9105
4436.320	2269.9439	28.3668
4438.700	2279.0352	27.8123
4441.080	2252.1207	27.7000
4443.460	2244.9627	26.9447
4445.840	2253.1871	27.6514
4448.220	2251.0997	28.4355
4450.600	2254.1942	27.1325
4452.980	2263.8220	27.4788
4455.360	2265.0297	28.0187
4457.740	2251.4882	27.9614
4460.120	2239.5088	28.1012
4462.500	2260.4800	28.5026
4464.880	2269.2184	28.8312
4467.260	2259.5523	29.2944
4469.640	2270.0584	29.8777
4472.020	2262.5260	28.1884
4474.400	2260.0850	28.8325
4476.780	2249.0335	28.0275
4479.160	2241.8262	27.7897
4481.540	2246.0599	27.5253
4483.920	2252.2454	28.2136
4486.300	2252.6283	27.9701
4488.680	2245.5043	27.6964
4491.060	2245.4068	27.5623
4493.440	2245.6270	27.9118
4495.820	2246.2162	27.6573
4498.200	2245.3266	27.8719
4500.580	2241.9778	27.7665
4502.960	2243.2011	27.9684
4505.340	2245.1829	27.7955
4507.720	2238.9211	27.7803
4510.100	2241.5393	27.8932
4512.480	2230.6598	27.4601
4514.860	2223.6713	27.3684
4517.240	2232.3214	27.8230
4519.620	2239.2660	27.5823
4522.000	2221.1704	28.0650
4524.380	2217.3565	27.1300
4526.760	2222.3111	26.9487
4529.140	2213.2361	26.7778
4531.520	2200.1781	28.1912
4533.900	2195.3347	27.8101
4536.280	2212.7373	28.1102
4538.660	2231.8689	28.8757
4541.040	2220.6228	27.6549
4543.420	2222.7759	28.1729
4545.800	2214.2695	28.0707
4548.180	2185.4673	27.4147
4550.560	2186.3650	26.9485
4552.940	2189.2086	27.4485
4555.320	2196.9523	26.9771
4557.700	2211.0527	27.3137
4560.080	2206.8780	27.3889
4562.460	2200.5133	27.3863
4564.840	2201.9181	27.0511
4567.220	2214.7134	27.4707
4569.600	2201.8690	27.1647
4571.980	2212.5095	28.0223
4574.360	2224.5711	28.2244
4576.740	2210.7753	28.0384
4579.120	2199.6226	27.7571
4581.500	2205.6606	27.8572
4583.880	2207.8973	27.2173
4586.260	2184.5117	27.8530
4588.640	2193.4869	28.3636
4591.020	2200.2513	27.8750
4593.400	2189.0601	27.8696
4595.780	2213.4651	27.4557
4598.160	2196.8922	26.5917
4600.540	2208.0189	27.6101
4602.920	2205.1886	26.8199
4605.300	2210.6049	27.4540
4607.680	2201.8725	27.5460
4610.060	2204.7120	27.7068
4612.440	2208.3335	27.9819
4614.820	2183.1694	27.4628
4617.200	2183.2936	27.0640
4619.580	2196.4323	27.6066
4621.960	2186.6160	27.0876
4624.340	2192.2041	27.8908
4626.720	2183.0560	27.6525
4629.100	2197.9654	27.2400
4631.480	2191.7339	27.3942
4633.860	2196.1790	26.8148
4636.240	2182.0400	26.9196
4638.620	2199.8016	27.2262
4641.000	2201.3357	27.7219
4643.380	2169.1020	27.4924
4645.760	2156.7241	27.0631
4648.140	2168.9601	27.2969
4650.520	2183.3032	27.6438
4652.900	2171.0808	27.9210
4655.280	2175.1383	27.0548
4657.660	2178.6086	28.0228
4660.040	2166.4841	27.0294
4662.420	2161.1657	26.9066
4664.800	2163.6072	27.3201
4667.180	2159.9819	28.0291
4669.560	2177.0525	28.0668
4671.940	2178.0717	27.5292
4674.320	2180.8215	28.2634
4676.700	2181.1110	28.4324
4679.080	2174.3120	28.6221
4681.460	2180.2139	29.6845
4683.840	2175.5970	29.5171
4686.220	2166.7552	29.1288
4688.600	2153.1452	29.4684
4690.980	2157.5069	26.6620
4693.360	2163.8223	26.0878
4695.740	2156.7550	27.4189
4698.120	2153.7465	26.7258
4700.500	2154.9102	25.9876
4702.880	2133.5362	27.3284
4705.260	2130.5844	26.6676
4707.640	2142.2332	26.2009
4710.020	2166.2987	26.8050
4712.400	2158.9363	27.5079
4714.780	2151.9034	27.2521
4717.160	2132.2794	26.7848
4719.540	2145.2525	27.0414
4721.920	2145.7854	26.8550
4724.300	2158.9567	27.1918
4726.680	2146.3794	26.8707
4729.060	2146.3442	27.3130
4731.440	2154.0863	27.6020
4733.820	2140.8478	26.6238
4736.200	2131.5760	27.1955
4738.580	2129.8404	26.8988
4740.960	2139.2447	26.4936
4743.340	2146.0408	26.7616
4745.720	2149.9044	27.3403
4748.100	2148.0470	26.7410
4750.480	2137.5461	26.8566
4752.860	2116.1471	26.5561
4755.240	2113.7078	26.8489
4757.620	2127.1062	26.9033
4760.000	2118.5098	26.1917
4762.380	2112.0333	26.0476
4764.760	2125.0209	26.3753
4767.140	2113.6185	26.6910
4769.520	2110.6633	26.9496
4771.900	2124.5211	26.8777
4774.280	2111.5692	26.8611
4776.660	2103.8144	26.0029
4779.040	2107.6020	26.1900
4781.420	2100.8656	26.1100
4783.800	2106.4084	26.8189
4786.180	2104.5108	26.0369
4788.560	2088.2619	26.0405
4790.940	2100.3677	25.7478
4793.320	2108.3269	26.5056
4795.700	2101.8757	26.5573
4798.080	2085.8073	25.9304
4800.460	2085.3762	26.4000
4802.840	2093.0529	26.4980
4805.220	2085.1292	26.1722
4807.600	2081.1506	26.2594
4809.980	2091.0850	26.2183
4812.360	2107.3922	26.4125
4814.740	2097.2292	25.8587
4817.120	2081.7682	25.9360
4819.500	2067.8954	26.1124
4821.880	2071.0840	26.2441
4824.260	2073.1524	25.8780
4826.640	2072.7787	25.9041
4829.020	2063.6087	26.2384
4831.400	2044.0243	25.8893
4833.780	2045.1755	26.5326
4836.160	2044.4430	25.9661
4838.540	2037.6069	26.2122
4840.920	2028.1327	25.6846
4843.300	2012.9422	25.9008
4845.680	1996.5276	26.4828
4848.060	1966.1424	24.9500
4850.440	1923.1570	25.2381
4852.820	1879.0027	26.3245
4855.200	1776.5249	26.1368
4857.580	1600.6506	24.5387
4859.960	1450.9666	22.5702
4862.340	1467.5679	21.6910
4864.720	1631.1729	23.1963
4867.100	1787.0026	24.1770
4869.480	1867.9680	24.9041
4871.860	1904.1764	25.1419
4874.240	1933.8939	24.9959
4876.620	1962.2759	25.2090
4879.000	1978.3784	25.3150
4881.380	1994.9174	25.5719
4883.760	2009.8971	25.8822
4886.140	2012.5200	25.7798
4888.520	1995.7971	25.7503
4890.900	1997.7289	26.3706
4893.280	2012.4440	26.6007
4895.660	2023.6916	26.1877
4898.040	2028.7636	26.9718
4900.420	2026.4436	26.1535
4902.800	2035.5809	26.3275
4905.180	2048.5703	26.4137
4907.560	2060.4709	26.5943
4909.940	2051.4775	26.2663
4912.320	2046.0347	26.9752
4914.700	2046.8902	26.6401
4917.080	2042.0975	28.1282
4919.460	2027.4854	28.0849
4921.840	2021.4613	26.9514
4924.220	2027.7867	28.1079
4926.600	2045.0954	27.2753
4928.980	2044.8523	27.6351
4931.360	2035.2793	27.5561
4933.740	2051.8857	27.0906
4936.120	2065.6301	28.5312
4938.500	2057.7369	28.0618
4940.880	2050.6467	27.6909
4943.260	2049.8425	27.7425
4945.640	2065.3276	27.8602
4948.020	2074.4728	27.3843
4950.400	2051.2960	28.1258
4952.780	2050.8139	28.0586
4955.160	2046.4916	28.7181
4957.540	2031.5962	27.9195
4959.920	2047.5106	28.5820
4962.300	2058.6237	28.1570
4964.680	2061.8473	28.4030
4967.060	2071.9152	28.8542
4969.440	2065.5246	29.3504
4971.820	2060.7745	28.9832
4974.200	2067.1254	30.0682
4976.580	2064.8202	29.3325
4978.960	2059.3205	29.2253
4981.340	2037.9159	29.9555
4983.720	2036.7339	29.6702
4986.100	2057.9967	30.1142
4988.480	2055.0980	29.6856
4990.860	2057.1947	29.6122
4993.240	2053.0481	29.0205
4995.620	2043.3462	30.1672
4998.000	2061.8970	30.7865
5000.380	2046.7883	31.0031
5002.760	2034.5006	30.6018
5005.140	2035.8680	30.1873
5007.520	2033.7825	29.3203
5009.900	2042.9598	30.4990
5012.280	2012.2804	30.5309
5014.660	2009.2573	29.6081
5017.040	1998.0710	30.1920
5019.420	1989.3574	29.9475
5021.800	2012.7869	29.6562
5024.180	1997.5674	29.2264
5026.560	1995.7264	29.6056
5028.940	2012.3118	30.1741
5031.320	1996.1633	29.7954
5033.700	2001.7670	29.6792
5036.080	1999.8399	29.7547
5038.460	2000.0068	30.1090
5040.840	1968.7233	29.6874
5043.220	1988.9466	28.6413
5045.600	1988.4824	29.2700
5047.980	1961.9336	28.2613
5050.360	1967.3489	28.5334
5052.740	1961.2586	28.8901
5055.120	1954.4216	28.4212
5057.500	1969.8396	28.1557
5059.880	1958.8361	28.0255
5062.260	1956.4412	27.7635
5064.640	1959.5422	27.5081
5067.020	1969.6859	27.9678
5069.400	1974.2292	28.6475
5071.780	1960.3448	28.7988
5074.160	1957.1131	28.0369
5076.540	1963.0404	28.0911
5078.920	1968.0949	28.5669
5081.300	1952.0459	28.5108
5083.680	1962.4922	27.8673
5086.060	1973.8909	27.7445
5088.440	1959.5659	27.5903
5090.820	1960.8000	27.7874
5093.200	1947.8128	27.9014
5095.580	1950.2831	28.7787
5097.960	1959.5775	28.2978
5098.200	2074.1175	33.4417
5100.340	1968.0940	29.2777
5101.130	2074.0570	32.7269
5102.720	1948.2416	28.8709
5104.060	2050.6640	32.4677
5105.100	1945.6006	28.1629
5106.990	2103.8299	32.5557
5107.480	1948.1025	27.6365
5109.860	1963.3343	28.0549
5109.920	2083.6249	31.8897
5112.240	1978.5145	28.7432
5112.850	2040.0613	32.2225
5114.620	1967.0153	29.7460
5115.780	2015.7763	32.3470
5117.000	1967.7329	29.6632
5118.710	2021.8476	31.7679
5119.380	1966.8063	29.8353
5121.640	2019.5061	31.0464
5121.760	1973.5755	30.8050
5124.140	1969.3167	30.7447
5124.570	2031.5349	31.3134
5126.520	1977.4407	30.6773
5127.500	2029.4283	30.5303
5128.900	1980.4234	30.3013
5130.430	2022.8364	30.1450
5131.280	1971.7693	30.4222
5133.360	2020.1291	31.4507
5133.660	1967.6201	30.7543
5136.040	1980.9359	33.2287
5136.290	2000.3004	30.9182
5138.420	2005.6837	34.0775
5139.220	1973.9253	29.6706
5140.800	2022.7605	34.9591
5142.150	1975.1103	30.7185
5143.180	2020.4456	35.0415
5145.080	1980.1281	31.6859
5145.560	2018.5074	35.8199
5147.940	2048.2619	37.5427
5148.010	1959.8378	31.3595
5150.320	2063.1245	39.3729
5150.940	1973.8667	29.7426
5153.870	1972.2181	30.9550
5156.800	1956.1646	29.2984
5159.730	1957.8293	29.4713
5162.660	1927.3532	28.9523
5165.590	1886.3382	29.5160
5168.520	1885.1349	28.5523
5171.450	1892.8849	28.4107
5174.380	1916.0858	28.3674
5177.310	1946.6550	28.6590
5180.240	1929.4719	28.9175
5183.170	1901.2402	28.2778
5186.100	1933.3616	28.1027
5189.030	1955.5503	27.4126
5191.960	1953.7537	28.0464
5194.890	1964.8509	26.9218
5197.820	1981.4159	27.0351
5200.750	1982.1834	26.9048
5203.680	1980.1431	26.2813
5206.610	1977.3809	27.0846
5209.540	1970.8021	26.5033
5212.470	1966.9744	26.2208
5215.400	1958.6803	25.6629
5218.330	1957.8191	26.0128
5221.260	1983.4613	26.5868
5224.190	1966.1020	25.0255
5227.120	1954.7459	25.1594
5230.050	1959.2677	24.5815
5232.980	1968.1776	25.3416
5235.910	1950.5839	25.4107
5238.840	1957.8334	25.2864
5241.770	1963.3981	25.2726
5244.700	1947.2106	24.7293
5247.630	1928.7748	24.8910
5250.560	1925.7000	24.7359
5253.490	1944.1286	25.0697
5256.420	1930.1151	24.9687
5259.350	1941.3532	24.7881
5262.280	1913.4599	24.4906
5265.210	1901.1140	23.6630
5268.140	1909.9719	23.2975
5271.070	1916.6307	24.5437
5274.000	1914.2112	24.4178
5276.930	1925.8370	24.0614
5279.860	1925.2561	23.6116
5282.790	1916.1223	23.7501
5285.720	1909.6739	24.0873
5288.650	1910.2524	23.8018
5291.580	1906.7125	23.2230
5294.510	1913.6368	23.7725
5297.440	1922.4797	23.4811
5300.370	1942.9686	23.4209
5303.300	1930.8727	23.3180
5306.230	1939.9488	24.2128
5309.160	1913.4719	23.2817
5312.090	1892.3049	23.2162
5315.020	1892.0420	23.3561
5317.950	1898.9678	23.6284
5320.880	1916.4245	23.8486
5323.810	1893.4060	24.1468
5326.740	1877.5024	23.4952
5329.670	1876.7836	23.0068
5332.600	1898.7296	23.0712
5335.530	1885.8574	22.4205
5338.460	1879.5339	23.0483
5341.390	1875.2747	22.6298
5344.320	1878.6840	22.4007
5347.250	1875.3287	22.6680
5350.180	1883.6231	22.6484
5353.110	1901.0250	23.5639
5356.040	1904.5790	22.8334
5358.970	1899.1368	23.4810
5361.900	1893.9595	22.7673
5364.830	1880.9171	23.0674
5367.760	1889.2471	22.6112
5370.690	1873.5556	22.9115
5373.620	1868.0984	22.0620
5376.550	1888.9526	22.6803
5379.480	1879.0963	22.4974
5382.410	1876.2371	22.7819
5385.340	1883.3718	22.6451
5388.270	1873.1145	22.4654
5391.200	1874.4214	22.8373
5394.130	1857.1616	22.3536
5397.060	1860.6555	22.5662
5399.990	1839.5016	22.0045
5402.920	1837.4954	22.1951
5405.850	1842.0327	22.0854
5408.780	1843.6683	22.3412
5411.710	1847.6941	22.2755
5414.640	1848.1371	22.1106
5417.570	1855.4037	22.2645
5420.500	1854.0833	21.5532
5423.430	1850.0743	22.2426
5426.360	1849.7221	22.3562
5429.290	1847.4983	21.8770
5432.220	1827.5078	21.2377
5435.150	1844.9408	22.0687
5438.080	1853.5538	22.1719
5441.010	1852.1825	22.2562
5443.940	1835.2428	22.4165
5446.870	1818.5935	21.0886
5449.800	1831.6004	21.4225
5452.730	1827.9650	21.3446
5455.660	1818.6422	20.7772
5458.590	1825.6734	20.7761
5461.520	1841.2666	20.7037
5464.450	1840.6762	21.2597
5467.380	1827.2520	21.3467
5470.310	1829.1173	21.2722
5473.240	1838.9295	21.2566
5476.170	1836.9214	21.9116
5479.100	1833.9674	21.4394
5482.030	1826.7092	21.3543
5484.960	1828.0581	21.7198
5487.890	1827.4479	21.3417
5490.820	1818.1030	21.5394
5493.750	1811.5615	21.1848
5496.680	1809.7837	20.7076
5499.610	1802.2615	20.4668
5502.540	1803.6925	20.7167
5505.470	1821.0693	20.8216
5508.400	1801.3640	20.4362
5511.330	1804.4586	21.0771
5514.260	1797.1767	20.9346
5517.190	1810.4239	20.6435
5520.120	1803.3465	21.5635
5523.050	1794.4250	20.4600
5525.980	1797.1099	20.4642
5528.910	1791.5108	20.4980
5531.840	1780.8205	20.7323
5534.770	1792.4065	21.2187
5537.700	1786.8102	21.3460
5540.630	1797.3610	21.3303
5543.560	1792.2298	20.8781
5546.490	1794.6909	20.9846
5549.420	1798.7070	20.5732
5552.350	1789.5511	20.6739
5555.280	1793.9987	20.1721
5558.210	1782.2244	20.4878
5561.140	1772.3103	21.4258
5564.070	1776.2660	21.5319
5567.000	1761.3316	21.0873
5569.930	1770.5846	20.7125
5572.860	1770.9060	20.6152
5575.790	1777.3469	21.1051
5578.720	1788.4227	20.9641
5581.650	1786.9220	20.9790
5584.580	1772.7205	21.0554
5587.510	1773.1223	20.7355
5590.440	1768.4004	20.8344
5593.370	1767.8987	20.1658
5596.300	1767.0525	20.7311
5599.230	1771.4613	20.2283
5602.160	1757.6123	19.7606
5605.090	1758.8955	20.5548
5608.020	1756.0594	20.5675
5610.950	1761.6897	20.3068
5613.880	1753.3900	20.2541
5616.810	1745.6679	19.9868
5619.740	1749.1078	20.8100
5622.670	1760.9617	20.9199
5625.600	1768.0660	20.2806
5628.530	1756.0049	20.0658
5631.460	1761.0554	20.5497
5634.390	1758.9600	20.9829
5637.320	1756.4165	20.8303
5640.250	1739.6129	20.2954
5643.180	1739.5447	19.9849
5646.110	1740.7961	20.2074
5649.040	1744.8854	20.0809
5651.970	1737.4567	19.7766
5654.900	1733.2265	19.5489
5657.830	1747.1301	20.3405
5660.760	1745.2930	19.5588
5663.690	1746.8204	19.8357
5666.620	1749.3914	20.1768
5669.550	1729.4815	19.8755
5672.480	1732.0356	20.1456
5675.410	1725.4144	19.8528
5678.340	1727.1734	19.9369
5681.270	1728.0440	20.2153
5684.200	1734.9868	20.1357
5687.130	1732.0083	19.4300
5690.060	1725.8973	19.6921
5692.990	1717.8451	19.1460
5695.920	1725.5711	20.2285
5698.850	1727.1020	19.6146
5701.780	1725.4314	19.4922
5704.710	1738.8950	19.9893
5707.640	1733.6133	19.7366
5710.570	1719.4855	20.3017
5713.500	1711.6610	19.7414
5716.430	1716.0198	20.3132
5719.360	1721.6015	19.8302
5722.290	1709.8728	19.0230
5725.220	1710.3001	19.2703
5728.150	1729.2706	20.1720
5731.080	1716.9246	19.6804
5734.010	1722.2794	19.3540
5736.940	1708.9088	19.0341
5739.870	1699.8648	19.0831
5742.800	1695.6430	18.9830
5745.730	1710.3787	19.1016
5748.660	1714.4265	19.2333
5751.590	1703.4572	19.4585
5754.520	1697.1723	19.4680
5757.450	1698.8023	19.8160
5760.380	1691.7161	20.3830
5763.310	1697.0150	19.5988
5766.240	1697.0865	19.2888
5769.170	1694.2860	19.6796
5772.100	1703.1171	19.4277
5775.030	1707.6171	19.6595
5777.960	1695.5019	19.1131
5780.890	1686.3549	18.6812
5783.820	1681.4520	19.2120
5786.750	1681.5268	19.4864
5789.680	1689.8633	19.3515
5792.610	1692.0184	19.0342
5795.540	1680.1688	18.7102
5798.470	1677.8967	18.2290
5801.400	1685.6148	19.3966
5804.330	1674.0606	19.2780
5807.260	1683.2241	19.2690
5810.190	1672.3070	18.2948
5813.120	1687.5680	18.5785
5816.050	1675.6412	19.0186
5818.980	1686.0131	18.7510
5821.910	1681.1522	19.1249
5824.840	1669.0751	18.4473
5827.770	1676.5149	18.8591
5830.700	1669.1781	19.3468
5833.630	1665.4073	18.3612
5836.560	1658.9580	18.4602
5839.490	1657.0460	18.4193
5842.420	1667.5121	18.2654
5845.350	1660.0092	18.6296
5848.280	1663.1954	18.2346
5851.210	1656.8851	18.5798
5854.140	1644.4371	18.5473
5857.070	1654.9687	19.0500
5860.000	1641.1226	18.8425
5862.930	1649.1316	19.1846
5865.860	1662.1670	19.1888
5868.790	1662.7972	19.0063
5871.720	1663.4178	21.4002
5874.650	1681.1093	22.0991
5877.580	1665.5982	20.0835
5880.510	1642.9864	18.7236
5883.440	1647.1308	18.7256
5886.370	1619.0648	18.8340
5889.300	1609.4661	19.5969
5892.230	1618.4090	18.8499
5895.160	1618.0817	18.4692
5898.090	1621.2908	18.2883
5901.020	1623.7136	18.8556
5903.950	1623.2570	18.2059
5906.880	1625.9876	18.2451
5909.810	1635.9783	18.5311
5912.740	1636.5908	18.3386
5915.670	1629.2891	18.0507
5918.600	1617.2075	18.0687
5921.530	1621.6266	18.3691
5924.460	1631.8116	18.8879
5927.390	1632.3107	18.8298
5930.320	1619.8213	18.5151
5933.250	1612.1587	18.1540
5936.180	1604.1638	17.6983
5939.110	1611.0901	17.5046
5942.040	1603.2847	18.2237
5944.970	1609.0960	18.1436
5947.900	1624.8222	18.0394
5950.830	1610.0755	17.7683
5953.760	1619.5832	18.0758
5956.690	1606.7367	17.8773
5959.620	1606.9417	17.2576
5962.550	1611.3271	18.2328
5965.480	1610.9903	17.4374
5968.410	1621.4229	18.1320
5971.340	1601.6158	17.9513
5974.270	1610.8680	18.5137
5977.200	1602.3763	18.3498
5980.130	1601.6878	17.8226
5983.060	1595.7522	17.5269
5985.990	1596.2009	18.2837
5988.920	1598.3554	18.0037
5991.850	1586.7680	17.6564
5994.780	1582.5975	17.2765
5997.710	1588.4367	17.8506
6000.640	1596.4901	17.9644
6003.570	1590.9943	18.2984
6006.500	1577.9446	18.1051
6009.430	1585.3960	17.9903
6012.360	1579.4323	17.8531
6015.290	1582.2435	17.5783
6018.220	1576.9335	17.3480
6021.150	1586.2548	17.2295
6024.080	1585.7469	17.6078
6027.010	1581.2118	17.5407
6029.940	1568.9486	17.3804
6032.870	1579.3128	17.5528
6035.800	1565.6797	17.8907
6038.730	1565.5269	16.9294
6041.660	1569.3296	17.4972
6044.590	1571.8900	17.5795
6047.520	1560.3713	17.3527
6050.450	1563.8998	17.2985
6053.380	1570.2680	17.6510
6056.310	1567.6632	17.8291
6059.240	1565.5795	17.6819
6062.170	1568.8545	17.7659
6065.100	1567.6835	17.3310
6068.030	1568.1269	17.3185
6070.960	1563.1266	17.7341
6073.890	1552.9961	16.9493
6076.820	1567.6461	17.5049
6079.750	1561.6761	17.5022
6082.680	1555.3924	16.9313
6085.610	1550.5606	17.1769
6088.540	1554.8535	17.2268
6091.470	1544.5340	17.3921
6094.400	1534.2738	17.0026
6097.330	1534.8566	16.5662
6100.260	1538.2538	16.4334
6103.190	1542.8217	16.8805
6106.120	1549.2941	17.3649
6109.050	1533.3842	16.9467
6111.980	1535.1305	17.1035
6114.910	1537.5424	17.2024
6117.840	1547.4024	17.1657
6120.770	1540.8324	17.2532
6123.700	1533.5442	16.8311
6126.630	1535.3934	17.1168
6129.560	1548.6610	16.9322
6132.490	1532.4057	16.2126
6135.420	1535.8232	16.6013
6138.350	1534.9646	17.0965
6141.280	1521.4952	16.4858
6144.210	1521.3805	16.4363
6147.140	1530.4540	17.0581
6150.070	1536.2476	16.5991
6153.000	1523.0925	16.4942
6155.930	1516.4609	16.6970
6158.860	1515.0668	16.8318
6161.790	1516.9680	17.2685
6164.720	1524.5120	16.9405
6167.650	1529.8882	17.0282
6170.580	1527.9655	16.7753
6173.510	1524.8326	16.4246
6176.440	1516.9872	16.3278
6179.370	1521.2528	16.2930
6182.300	1522.9035	16.8796
6185.230	1518.8844	16.1302
6188.160	1513.9470	16.2237
6191.090	1501.8770	16.5432
6194.020	1515.7076	16.6624
6196.950	1514.9893	16.6410
6199.880	1516.1638	17.0383
6202.810	1518.6212	16.8010
6205.740	1507.2532	16.4999
6208.670	1500.7045	15.9564
6211.600	1502.0788	16.1877
6214.530	1503.1534	16.3460
6217.460	1490.3605	15.8471
6220.390	1491.3958	16.1658
6223.320	1488.2355	16.6572
6226.250	1492.1755	16.5381
6229.180	1499.0739	16.6440
6232.110	1502.4834	16.4725
6235.040	1488.8445	16.3644
6237.970	1482.6881	16.5008
6240.900	1481.1743	16.2083
6243.830	1493.7796	16.5023
6246.760	1492.6890	16.5266
6249.690	1481.2935	16.6271
6252.620	1482.8766	15.8768
6255.550	1489.1794	16.1059
6258.480	1490.8175	16.4935
6261.410	1487.9288	16.4650
6264.340	1478.8453	16.0113
6267.270	1485.2763	16.3936
6270.200	1476.5151	16.1276
6273.130	1474.5919	16.1762
6276.060	1475.4013	16.2040
6278.990	1476.2404	16.4945
6281.920	1486.3639	16.6075
6284.850	1479.2415	16.9585
6287.780	1479.0660	16.4259
6290.710	1469.6014	16.0597
6293.640	1477.4402	15.8737
6296.570	1481.2721	16.4992
6299.500	1495.3773	16.8388
6302.430	1474.0521	16.1691
6305.360	1469.6143	16.3758
6308.290	1470.1236	16.4576
6311.220	1471.6787	16.5314
6314.150	1467.7396	16.6163
6317.080	1458.7782	16.4031
6320.010	1456.7642	15.8730
6322.940	1448.7960	15.8361
6325.870	1440.4445	15.9621
6328.800	1451.7444	15.8302
6331.730	1444.6505	15.4387
6334.660	1438.0548	15.8526
6337.590	1450.1784	15.5243
6340.520	1449.6190	14.9886
6343.450	1449.2607	15.5275
6346.380	1448.8058	15.2163
6349.310	1446.8089	15.5486
6352.240	1453.8213	15.8339
6355.170	1455.8256	15.6446
6358.100	1455.0082	15.9180
6361.030	1454.6141	15.4533
6363.960	1453.4233	15.0306
6366.890	1444.9379	15.4964
6369.820	1445.9020	15.6916
6372.750	1443.2491	15.4316
6375.680	1440.5346	15.6873
6378.610	1434.2332	15.3875
6381.540	1439.7187	15.5871
6384.470	1444.2079	15.3709
6387.400	1444.5920	15.8429
6390.330	1439.5609	15.7328
6393.260	1433.2901	15.0829
6396.190	1431.1097	14.9908
6399.120	1427.4147	15.4189
6402.050	1427.3823	15.4536
6404.980	1424.9669	15.5566
6407.910	1416.8308	15.6840
6410.840	1425.0510	15.6894
6413.770	1420.8798	15.7075
6416.700	1416.5672	15.1351
6419.630	1415.1697	15.0087
6422.560	1421.4408	15.0343
6425.490	1417.1791	15.2664
6428.420	1412.5630	14.9931
6431.350	1414.7649	15.1477
6434.280	1404.2425	14.7834
6437.210	1405.0301	15.1203
6440.140	1402.1891	14.9756
6443.070	1404.0300	15.4781
6446.000	1397.6545	15.3449
6448.930	1408.5294	15.2361
6451.860	1408.8481	15.1964
6454.790	1404.0518	15.5175
6457.720	1387.8819	14.9744
6460.650	1392.8744	14.7003
6463.580	1396.4613	14.8897
6466.510	1397.5136	14.9847
6469.440	1398.0971	15.6768
6472.370	1398.1347	15.0786
6475.300	1386.3582	15.0118
6478.230	1387.2959	15.0139
6481.160	1396.1558	14.8935
6484.090	1400.4985	15.0818
6487.020	1399.4218	15.3021
6489.950	1390.9302	15.1648
6492.880	1383.8690	15.0924
6495.810	1384.8438	14.8486
6498.740	1386.6234	14.6709
6501.670	1387.6150	15.3431
6504.600	1390.2330	15.1810
6507.530	1385.1436	15.0836
6510.460	1380.1637	14.9891
6513.390	1386.0277	15.3299
6516.320	1381.6612	14.8942
6519.250	1366.5624	14.7604
6522.180	1369.9614	14.8009
6525.110	1369.2914	14.7668
6528.040	1371.3909	14.6017
6530.970	1367.4831	14.5539
6533.900	1364.7105	14.3023
6536.830	1354.3062	14.6743
6539.760	1346.6115	14.8003
6542.690	1344.7223	14.4961
6545.620	1335.6447	14.8791
6548.550	1314.4622	15.0639
6551.480	1287.5986	15.7950
6554.410	1243.3475	15.8387
6557.340	1180.5808	15.5292
6560.270	1103.0299	15.3700
6563.200	1082.7650	14.6936
6566.130	1138.0191	14.0023
6569.060	1211.9052	14.6509
6571.990	1264.0014	13.7524
6574.920	1287.3785	13.8335
6577.850	1308.3124	14.3140
6580.780	1326.1907	14.0557
6583.710	1336.9331	14.5424
6586.640	1339.7992	14.1173
6589.570	1336.0636	14.5133
6592.500	1339.5602	14.6955
6595.430	1339.8433	14.7795
6598.360	1340.2759	14.4197
6601.290	1338.1418	13.7935
6604.220	1347.1660	14.4560
6607.150	1345.6342	14.2717
6610.080	1343.7826	14.4260
6613.010	1343.2803	14.0992
6615.940	1344.5216	14.4743
6618.870	1349.0018	14.0837
6621.800	1346.9570	14.3650
6624.730	1337.6020	14.4315
6627.660	1341.4860	14.0379
6630.590	1336.8282	14.4597
6633.520	1340.5080	14.5640
6636.450	1343.8314	14.3656
6639.380	1337.1586	14.1976
6642.310	1333.5935	14.2397
6645.240	1328.5846	14.2868
6648.170	1327.5667	14.1299
6651.100	1329.0282	13.8977
6654.030	1333.1627	14.2707
6656.960	1336.1238	13.7652
6659.890	1335.5968	14.3505
6662.820	1331.9880	14.6368
6665.750	1327.9176	14.4173
6668.680	1336.0430	14.1662
6671.610	1340.3288	14.3969
6674.540	1342.4823	15.6850
6677.470	1343.2449	16.0584
6680.400	1333.5306	15.2471
6683.330	1326.4878	14.1336
6686.260	1321.3662	14.4392
6689.190	1322.0513	14.1115
6692.120	1323.9358	13.7226
6695.050	1327.6349	14.3209
6697.980	1326.4368	14.2039
6700.910	1325.4280	13.8728
6703.840	1309.9953	14.1714
6706.770	1309.9204	13.7477
6709.700	1309.5416	13.8706
6712.630	1314.0993	14.0537
6715.560	1321.3082	14.3139
6718.490	1323.5518	13.9897
6721.420	1317.5064	14.2591
6724.350	1304.1732	14.2988
6727.280	1308.9601	14.2378
6730.210	1306.0736	13.9955
6733.140	1308.4059	14.0815
6736.070	1312.3057	14.0707
6739.000	1315.1604	13.8624
6741.930	1319.5093	13.9264
6744.860	1312.4731	14.0512
6747.790	1307.3329	13.7381
6750.720	1307.2485	14.0093
6753.650	1299.4933	13.7362
6756.580	1301.0505	14.0412
6759.510	1310.8347	13.8112
6762.440	1301.9283	13.4311
6765.370	1301.8070	13.1565
6768.300	1299.5291	13.5081
6771.230	1297.9302	13.6012
6774.160	1299.0322	13.7010
6777.090	1295.2327	13.6906
6780.020	1293.8603	13.7935
6782.950	1287.3228	13.5442
6785.880	1286.2899	12.9510
6788.810	1291.8257	13.9093
6791.740	1289.8266	13.8699
6794.670	1295.0899	13.4243
6797.600	1293.7735	13.2714
6800.530	1281.2661	13.2910
6803.460	1280.3453	13.4231
6806.390	1285.0486	13.8460
6809.320	1286.3828	13.5666
6812.250	1287.5163	13.5032
6815.180	1281.8388	13.5881
6818.110	1278.5928	13.3001
6821.040	1280.4691	13.3557
6823.970	1279.4064	13.5262
6826.900	1274.0337	13.7417
6829.830	1268.5564	13.3937
6832.760	1273.3973	13.4886
6835.690	1270.5433	13.6293
6838.620	1271.9841	13.5831
6841.550	1270.9688	13.6241
6844.480	1271.0118	13.7645
6847.410	1269.2074	13.6666
6850.340	1267.1189	13.2404
6853.270	1261.3137	13.6500
6856.200	1266.4660	14.0159
6859.130	1259.8964	13.4744
6862.060	1255.3877	13.2355
6864.990	1252.4371	13.8641
6867.920	1251.0650	14.1916
6870.850	1253.8930	13.3946
6873.780	1254.3775	13.5542
6876.710	1268.3033	13.8504
6879.640	1265.5362	13.5335
6882.570	1253.7693	13.4359
6885.500	1254.9700	13.5437
6888.430	1254.9223	13.3882
6891.360	1254.5430	13.1612
6894.290	1249.0216	13.1895
6897.220	1250.6098	13.4049
6900.150	1252.6172	13.1985
6903.080	1253.9960	12.8232
6906.010	1255.0702	13.2578
6908.940	1255.9719	13.6008
6911.870	1254.4273	13.7087
6914.800	1249.7085	12.9281
6917.730	1245.0923	13.1820
6920.660	1245.6758	13.1294
6923.590	1243.7285	13.1642
6926.520	1242.9943	13.2115
6929.450	1241.9802	12.9945
6932.380	1240.2872	12.8369
6935.310	1236.8006	13.1510
6938.240	1236.2782	12.9684
6941.170	1241.0121	13.0639
6944.100	1238.1695	12.7942
6947.030	1232.5365	12.9567
6949.960	1232.7756	13.4270
6952.890	1231.7372	13.0536
6955.820	1232.2399	13.2088
6958.750	1230.5012	12.8272
6961.680	1225.7751	12.8718
6964.610	1229.5460	12.8288
6967.540	1228.2723	13.0618
6970.470	1232.5566	12.9919
6973.400	1232.1773	12.7449
6976.330	1231.0107	12.7827
6979.260	1229.4769	13.2192
6982.190	1224.6544	12.8322
6985.120	1220.0360	13.1395
6988.050	1219.8206	12.9975
6990.980	1221.1568	13.2756
6993.910	1221.4858	12.7948
6996.840	1224.1948	12.8208
6999.770	1222.6301	13.0912
7002.700	1223.8184	13.1437
7005.630	1221.2974	12.8065
7008.560	1216.1148	13.0094
7011.490	1211.2815	12.7046
7014.420	1214.4803	12.8111
7017.350	1211.1465	12.4407
7020.280	1207.5698	12.7835
7023.210	1208.4690	12.6308
7026.140	1209.1947	13.0909
7029.070	1213.4736	12.9153
7032.000	1216.4978	12.4198
7034.930	1214.1154	12.6235
7037.860	1203.3211	12.6847
7040.790	1203.2098	12.1757
7043.720	1201.0622	12.6130
7046.650	1204.7675	12.4251
7049.580	1203.7540	12.6874
7052.510	1207.5441	12.5288
7055.440	1207.4221	12.6086
7058.370	1206.0829	12.9292
7061.300	1201.4944	12.6360
7064.230	1201.8214	13.4892
7067.160	1201.6759	13.1301
7070.090	1192.5746	12.6570
7073.020	1195.2677	12.6575
7075.950	1203.6695	12.5924
7078.880	1196.9359	12.3227
7081.810	1183.7295	12.1747
7084.740	1178.0336	12.2582
7087.670	1178.7025	12.2940
7090.600	1184.9646	12.0653
7093.530	1186.2658	12.0667
7096.460	1188.3465	12.0318
7099.390	1182.1833	12.0944
7102.320	1187.7714	12.5439
7105.250	1186.4414	12.4353
7108.180	1177.6453	12.5314
7111.110	1176.6501	12.4468
7114.040	1176.1891	12.6959
7116.970	1178.3692	12.2025
7119.900	1174.8880	12.5307
7122.830	1180.8125	12.3007
7125.760	1181.2322	12.7391
7128.690	1189.7433	12.4736
7131.620	1188.4366	12.5459
7134.550	1186.5064	13.0341
7137.480	1181.3991	12.6365
7140.410	1185.5370	12.3526
7143.340	1185.0819	12.3638
7146.270	1178.7037	12.2111
7149.200	1176.2846	12.3408
7152.130	1174.4425	12.4924
7155.060	1173.6793	12.2112
7157.990	1178.6083	12.6493
7160.920	1180.3395	12.3637
7163.850	1172.3876	12.6659
7166.780	1172.5176	12.6482
7169.710	1169.6144	12.7368
7172.640	1167.6292	12.9169
7175.570	1168.8870	13.1154
7178.500	1162.3742	12.9809
7181.430	1169.3005	12.7412
7184.360	1172.0818	13.3607
7187.290	1172.6992	13.1138
7190.220	1166.0371	12.8984
7193.150	1162.4420	12.7335
7196.080	1156.0201	12.7314
7199.010	1154.3489	13.0447
7201.940	1154.4316	12.9208
7204.870	1154.6286	12.6505
7207.800	1158.1184	12.8290
7210.730	1152.0244	12.4369
7213.660	1145.4640	11.8763
7216.590	1149.0415	12.1865
7219.520	1157.3632	12.1208
7222.450	1161.6765	12.8479
7225.380	1157.4429	13.0195
7228.310	1151.9919	13.0126
7231.240	1150.5593	12.7360
7234.170	1141.8462	13.0294
7237.100	1136.3213	13.0963
7240.030	1141.8596	12.6672
7242.960	1150.4104	12.7572
7245.890	1149.5018	12.7279
7248.820	1140.1513	12.9063
7251.750	1146.2048	12.8120
7254.680	1145.9118	12.8539
7257.610	1137.6491	12.4848
7260.540	1135.5773	12.5482
7263.470	1138.1091	12.7956
7266.400	1131.8956	12.4100
7269.330	1138.8816	12.8362
7272.260	1140.9272	13.1931
7275.190	1134.4051	13.0151
7278.120	1141.1876	12.7231
7281.050	1140.2238	12.7968
7283.980	1134.5336	12.5084
7286.910	1129.1229	12.6011
7289.840	1126.8859	12.7682
7292.770	1134.3115	12.5394
7295.700	1129.1644	12.0364
7298.630	1133.3878	12.2399
7301.560	1127.5468	12.3383
7304.490	1123.7534	12.3890
7307.420	1124.2248	12.5972
7310.350	1129.5409	12.4641
7313.280	1130.4314	12.5232
7316.210	1126.0651	12.5562
7319.140	1126.6940	12.4224
7322.070	1126.8002	11.8882
7325.000	1122.8275	11.9000
7327.930	1126.5828	12.2581
7330.860	1122.8869	12.1701
7333.790	1121.5095	12.4706
7336.720	1125.0576	12.8095
7339.650	1114.2471	12.0682
7342.580	1116.7713	12.1760
7345.510	1117.7654	12.0389
7348.440	1116.2742	12.0180
7351.370	1114.4721	11.9645
7354.300	1114.1612	12.2472
7357.230	1109.1830	11.8657
7360.160	1117.4293	12.0307
7363.090	1116.2677	12.2209
7366.020	1110.2060	11.9511
7368.950	1107.9346	11.8621
7371.880	1113.8552	11.9289
7374.810	1112.5488	12.0348
7377.740	1109.6748	12.0046
7380.670	1108.5416	11.6059
7383.600	1107.2128	11.9759
7386.530	1100.7202	11.9808
7389.460	1099.7169	12.0255
7392.390	1107.9890	12.2904
7395.320	1108.5752	11.9552
7398.250	1103.3117	12.1321
7401.180	1096.6077	12.1765
7404.110	1094.2219	11.4580
7407.040	1098.9624	11.5845
7409.970	1095.2073	12.3895
7412.900	1095.8021	12.0316
7415.830	1096.1526	11.6586
7418.760	1099.0282	11.8182
7421.690	1095.3516	11.9616
7424.620	1097.3989	11.8606
7427.550	1095.4214	11.7178
7430.480	1092.4781	11.6504
7433.410	1088.9010	11.6080
7436.340	1084.5424	11.2510
7439.270	1082.5061	11.4310
7442.200	1082.7559	11.5499
7445.130	1083.2766	11.5426
7448.060	1079.9468	11.8307
7450.990	1082.5428	11.9316
7453.920	1076.2286	11.7221
7456.850	1076.1157	11.7774
7459.780	1077.4195	11.8527
7462.710	1075.5520	11.3766
7465.640	1074.5728	11.7720
7468.570	1076.1712	11.8007
7471.500	1076.7656	11.7766
7474.430	1076.0719	12.0535
7477.360	1071.1302	11.7077
7480.290	1072.2735	12.1201
7483.220	1076.3798	11.5682
7486.150	1071.8324	11.3441
7489.080	1075.3932	11.4365
7492.010	1078.3716	11.7948
7494.940	1074.5962	11.7767
7497.870	1061.7961	11.7125
7500.800	1065.8312	11.6814
7503.730	1069.8264	11.6445
7506.660	1076.0489	11.7895
7509.590	1079.4323	11.9443
7512.520	1070.9580	11.9416
7515.450	1070.6288	11.5615
7518.380	1073.5238	11.5029
7521.310	1075.0015	11.2830
7524.240	1071.2369	11.5402
7527.170	1068.1466	11.8041
7530.100	1066.2732	11.6144
7533.030	1065.6358	11.7468
7535.960	1065.3162	11.6706
7538.890	1066.6291	11.6252
7541.820	1063.7885	11.9662
7544.750	1072.6281	12.0633
7547.680	1070.1410	11.2345
7550.610	1064.5242	11.2268
7553.540	1059.9817	11.0264
7556.470	1057.6542	11.2430
7559.400	1057.9640	11.5367
7562.330	1061.5893	11.3192
7565.260	1060.1044	11.6607
7568.190	1059.7167	11.6265
7571.120	1063.9223	11.8443
7574.050	1064.6895	11.6942
7576.980	1057.8439	11.3723
7579.910	1054.1502	11.4700
7582.840	1050.6406	11.8420
7585.770	1047.9516	11.6906
7588.700	1052.8860	12.0537
7591.630	1057.7918	14.1776
7594.560	1058.4345	16.5607
7597.490	1063.8666	17.8942
7600.420	1046.3651	15.9999
7603.350	1041.8838	14.0057
7606.280	1030.1555	13.3984
7609.210	1012.0533	14.1745
7612.140	1011.8501	15.7146
7615.070	1016.0901	15.2996
7618.000	1016.0180	12.4424
7620.930	1020.1030	12.1459
7623.860	1032.6595	13.5303
7626.790	1036.7103	12.3383
7629.720	1031.6790	11.7366
7632.650	1029.2770	11.9515
7635.580	1029.2357	12.0730
7638.510	1029.3898	11.6405
7641.440	1019.3870	11.9444
7644.370	1015.5788	11.6955
7647.300	1015.5223	11.8851
7650.230	1019.4243	11.7479
7653.160	1023.5752	11.3276
7656.090	1022.1141	11.5266
7659.020	1027.9832	11.5846
7661.950	1024.4486	11.6105
7664.880	1031.6225	11.6729
7667.810	1027.0115	11.2874
7670.740	1027.9773	11.6948
7673.670	1033.0467	11.7814
7676.600	1032.8293	11.4895
7679.530	1032.2787	11.3939
7682.460	1021.1826	11.2398
7685.390	1017.4279	11.3823
7688.320	1016.4011	11.1929
7691.250	1019.1183	11.2659
7694.180	1025.7328	11.2996
7697.110	1023.4258	11.4426
7700.040	1025.9834	11.2655
7702.970	1023.6736	11.1743
7705.900	1013.9414	11.1488
7708.830	1012.2797	11.2553
7711.760	1018.3495	11.3713
7714.690	1009.9805	11.1307
7717.620	1012.9883	11.1582
7720.550	1019.4781	11.4270
7723.480	1018.3036	11.3163
7726.410	1015.4456	11.4828
7729.340	1017.3113	11.1974
7732.270	1010.9879	11.3205
7735.200	1008.2135	11.1920
7738.130	1008.3295	11.1374
7741.060	1010.3207	11.4119
7743.990	1004.0817	11.0183
7746.920	1004.9697	11.2129
7749.850	1005.5976	11.1300
7752.780	1006.5269	11.2675
7755.710	1007.8298	10.7057
7758.640	1002.7122	10.8002
7761.570	998.1922	10.8529
7764.500	993.7002	10.9051
7767.430	1001.3009	11.2620
7770.360	999.9726	11.0927
7773.290	997.5215	11.3069
7776.220	999.6460	11.4050
7779.150	993.8288	10.9901
7782.080	999.5416	10.8446
7785.010	996.1280	10.8956
7787.940	996.8028	11.2527
7790.870	989.6994	11.2925
7793.800	989.7302	10.9128
7796.730	991.3065	10.8982
7799.660	992.3872	11.0447
7802.590	995.4200	11.1788
7805.520	992.3390	11.4094
7808.450	992.3232	11.2995
7811.380	988.1007	11.0629
7814.310	981.1506	11.0034
7817.240	992.6908	11.0650
7820.170	983.4710	10.6248
7823.100	984.9545	10.7483
7826.030	987.8398	10.5620
7828.960	987.8274	11.1604
7831.890	984.1414	10.8972
7834.820	977.2829	10.4491
7837.750	985.1586	10.8197
7840.680	984.9323	10.8441
7843.610	982.4304	10.8299
7846.540	979.4800	10.9344
7849.470	978.8075	11.2855
7852.400	974.6841	10.9147
7855.330	975.8609	10.9473
7858.260	975.7820	10.7474
7861.190	973.8303	10.6223
7864.120	974.1415	10.7260
7867.050	976.3463	11.0109
7869.980	970.9948	10.7578
7872.910	971.2939	10.7502
7875.840	980.3224	11.2868
7878.770	974.7488	11.0428
7881.700	968.7971	10.9352
7884.630	962.4377	10.7834
7887.560	962.3709	10.8947
7890.490	966.4505	10.6284
7893.420	982.3802	10.7402
7896.350	976.9432	10.6850
7899.280	973.9103	11.1588
7902.210	970.2980	11.0411
7905.140	969.7585	11.1046
7908.070	961.1215	10.8911
7911.000	956.6326	10.9985
7913.930	955.6153	10.8501
7916.860	957.3194	11.0177
7919.790	957.0926	10.7910
7922.720	953.9906	11.2254
7925.650	953.8727	10.7528
7928.580	957.8854	11.0236
7931.510	960.3112	10.7055
7934.440	957.0634	10.9338
7937.370	953.3484	10.8697
7940.300	955.2981	10.5610
7943.230	958.4703	10.5962
7946.160	958.9091	10.7077
7949.090	959.8577	10.8117
7952.020	951.5570	10.6163
7954.950	951.6957	10.9091
7957.880	949.7894	11.0497
7960.810	946.2370	10.9892
7963.740	944.4962	11.3359
7966.670	950.0212	11.3017
7969.600	949.3587	10.8761
7972.530	949.8620	11.1071
7975.460	951.4509	11.0131
7978.390	950.5061	10.6942
7981.320	943.4024	10.6568
7984.250	941.7334	10.5658
7987.180	943.3027	10.9071
7990.110	942.9665	11.0061
7993.040	938.9575	10.6095
7995.970	946.2694	10.9556
7998.900	943.2263	10.5233
8001.830	938.0344	10.5952
8004.760	937.6500	10.5317
8007.690	948.5347	11.0318
8010.620	948.8119	10.7282
8013.550	942.2465	10.4441
8016.480	942.3184	10.5933
8019.410	942.4901	10.8791
8022.340	944.8099	11.0726
8025.270	944.8094	11.1137
8028.200	939.5564	10.7391
8031.130	932.2170	10.7367
8034.060	928.5882	10.4203
8036.990	936.2583	10.4150
8039.920	934.8059	10.2642
8042.850	937.9926	10.5968
8045.780	936.1683	10.9505
8048.710	928.7074	10.5113
8051.640	927.3400	10.5819
8054.570	931.0710	10.9456
8057.500	926.9548	10.6269
8060.430	927.6986	10.6791
8063.360	926.9570	10.6012
8066.290	929.4305	10.6310
8069.220	934.0151	10.5304
8072.150	935.5196	10.6292
8075.080	924.2407	10.2875
8078.010	930.5189	10.5263
8080.940	927.7008	10.4548
8083.870	924.0382	10.5287
8086.800	924.6507	10.3479
8089.730	921.9266	10.3691
8092.660	921.4142	10.3741
8095.590	918.2041	10.2576
8098.520	918.2952	10.3402
8101.450	911.8937	10.6380
8104.380	915.0692	10.5247
8107.310	916.0661	10.5027
8110.240	916.5894	10.4021
8113.170	919.4370	10.5573
8116.100	911.1104	10.5287
8119.030	914.2319	10.6097
8121.960	919.7488	10.5021
8124.890	918.1193	10.6150
8127.820	912.0694	10.8911
8130.750	922.0929	10.5404
8133.680	926.1691	10.5531
8136.610	913.4748	10.7838
8139.540	908.7559	10.7178
8142.470	908.8263	10.6088
8145.400	908.1047	10.2726
8148.330	905.7476	10.5449
8151.260	911.3885	11.0641
8154.190	907.4051	10.8935
8157.120	903.0140	10.9879
8160.050	902.5416	10.9274
8162.980	908.8833	11.1962
8165.910	907.7965	11.1028
8168.840	901.8529	10.9214
8171.770	904.3004	11.1591
8174.700	907.2680	10.9641
8177.630	902.9183	11.5199
8180.560	896.0660	11.4652
8183.490	892.6806	11.0610
8186.420	896.8145	10.9709
8189.350	895.0302	10.9615
8192.280	893.7770	10.5690
8195.210	892.6729	10.4111
8198.140	893.9699	10.7112
8201.070	888.0079	10.6173
8204.000	890.2699	10.4489
8206.930	895.8329	10.3015
8209.860	895.1242	10.2331
8212.790	899.3221	10.2576
8215.720	896.4805	10.5016
8218.650	894.3042	10.3960
8221.580	893.1693	10.5162
8224.510	893.9088	11.1198
8227.440	890.7484	12.3080
8230.370	886.7024	12.2797
8233.300	894.3631	11.6184
8236.230	893.0283	10.6514
8239.160	882.9878	10.6069
8242.090	882.1016	10.2457
8245.020	883.7129	10.3719
8247.950	882.4358	10.2888
8250.880	881.4616	10.0459
8253.810	880.6878	9.9345
8256.740	875.5775	10.0574
8259.670	875.3216	10.2351
8262.600	877.4471	10.2577
8265.530	881.5919	10.4075
8268.460	890.6399	10.3442
8271.390	892.1095	10.6153
8274.320	881.9076	10.6847
8277.250	879.7962	10.6481
8280.180	878.2525	10.4724
8283.110	872.7524	10.9004
8286.040	869.5363	10.3724
8288.970	877.3939	10.3809
8291.900	879.7956	10.6993
8294.830	876.7416	10.4486
8297.760	871.7776	10.6312
8300.690	863.6848	10.3541
8303.620	868.9197	10.5865
8306.550	871.7037	10.5887
8309.480	874.1189	10.5722
8312.410	873.6513	10.3787
8315.340	872.9226	10.6246
8318.270	871.0270	10.3574
8321.200	863.1075	10.5671
8324.130	858.0411	10.1102
8327.060	860.5779	10.3576
8329.990	863.6807	10.3826
8332.920	864.8016	10.5794
8335.850	855.5004	10.5692
8338.780	853.9422	10.3239
8341.710	849.1809	10.3757
8344.640	854.9683	10.7384
8347.570	853.8643	10.2257
8350.500	853.3852	10.4671
8353.430	860.1645	10.5149
8356.360	864.0510	10.4626
8359.290	860.4467	9.9795
8362.220	857.3614	10.4589
8365.150	851.6834	10.1142
8368.080	854.1650	10.1574
8371.010	863.9190	10.1865
8373.940	864.7419	10.0718
8376.870	865.4993	10.2433
8379.800	859.9753	10.4583
8382.730	859.7110	10.8237
8385.660	856.7629	10.3354
8388.590	849.0705	10.4708
8391.520	855.4848	10.4921
8394.450	855.0008	10.2918
8397.380	854.6073	10.5014
8400.310	850.0927	10.3561
8403.240	847.3102	9.8600
8406.170	842.3674	9.8846
8409.100	845.1954	10.1363
8412.030	849.4515	10.1490
8414.960	855.9809	10.1767
8417.890	848.9984	10.1943
8420.820	843.8512	10.1315
8423.750	840.7343	9.9960
8426.680	839.0397	10.1163
8429.610	846.8071	10.8044
8432.540	849.0287	10.5724
8435.470	843.8150	10.3476
8438.400	843.2413	10.2935
8441.330	842.9045	9.7890
8444.260	841.1874	9.8146
8447.190	837.2552	9.7872
8450.120	841.1944	10.4902
8453.050	843.2395	10.3554
8455.980	843.8462	10.1228
8458.910	840.0557	10.2394
8461.840	837.1504	10.4700
8464.770	835.6520	10.4229
8467.700	830.8708	9.9613
8470.630	833.2079	10.0211
8473.560	836.3760	10.1190
8476.490	844.7754	10.3601
8479.420	843.7151	10.1852
8482.350	846.2219	10.0799
8485.280	840.4746	10.2274
8488.210	837.1466	10.1535
8491.140	839.7578	10.1353
8494.070	823.6552	10.5996
8497.000	809.5318	10.9832
8499.930	806.1625	10.5240
8502.860	817.2848	10.2783
8505.790	822.2209	9.8472
8508.720	826.7594	9.8243
8511.650	826.8816	9.7794
8514.580	826.7241	9.8041
8517.510	827.1747	10.0051
8520.440	824.5032	9.8682
8523.370	823.9915	9.7352
8526.300	821.4584	9.8914
8529.230	819.8968	10.3694
8532.160	820.6636	10.4899
8535.090	817.5381	10.4253
8538.020	800.0003	12.3010
8540.950	772.8084	12.0780
8543.880	778.0380	11.0945
8546.810	804.4021	10.1741
8549.740	812.5132	10.1988
8552.670	815.9780	10.0108
8555.600	817.8756	9.7972
8558.530	815.7673	9.8559
8561.460	823.7564	9.6557
8564.390	833.3018	10.0984
8567.320	832.2739	9.9532
8570.250	823.7264	9.6916
8573.180	820.5934	9.7846
8576.110	821.7990	10.1459
8579.040	825.8001	9.8986
8581.970	828.2372	10.3638
8584.900	822.2606	10.2743
8587.830	809.3816	9.9965
8590.760	799.9797	9.4555
8593.690	795.8271	9.2209
8596.620	792.9299	9.4131
8599.550	796.3160	10.0907
8602.480	812.1737	9.8467
8605.410	821.6200	9.6825
8608.340	817.8117	9.5222
8611.270	806.0663	9.5207
8614.200	802.7761	9.6329
8617.130	806.3552	9.6836
8620.060	817.6860	9.9806
8622.990	820.4169	10.1487
8625.920	821.5211	10.0039
8628.850	820.0935	10.0100
8631.780	810.2237	9.9251
8634.710	792.1500	9.9862
8637.640	796.6462	9.8062
8640.570	799.9385	9.8256
8643.500	805.9282	9.8409
8646.430	806.3121	10.1747
8649.360	805.8390	10.3149
8652.290	795.7714	10.0438
8655.220	781.7805	9.8760
8658.150	761.4413	11.6230
8661.080	746.6302	11.3099
8664.010	753.9478	10.5579
8666.940	778.6733	10.1162
8669.870	792.2683	10.1631
8672.800	792.1814	10.0700
8675.730	785.1502	9.9188
8678.660	787.5806	9.5304
8681.590	799.4511	9.4457
8684.520	800.6396	9.4470
8687.450	803.6451	9.3798
8690.380	803.1055	9.5370
8693.310	800.1745	9.4711
8696.240	802.8905	9.4416
8699.170	798.5650	9.4445
8702.100	794.8196	9.2694
8705.030	799.0628	9.4115
8707.960	802.0408	9.8628
8710.890	802.6668	9.7958
8713.820	793.3282	9.4643
8716.750	790.0559	9.4047
8719.680	780.5473	9.3811
8722.610	778.8674	9.4349
8725.540	788.3381	9.5725
8728.470	789.7692	9.3222
8731.400	786.3117	9.0473
8734.330	784.6443	9.4028
8737.260	791.7546	9.7029
8740.190	786.9647	9.3006
8743.120	772.8662	9.4026
8746.050	758.9241	9.5348
8748.980	752.6310	9.7598
8751.910	755.1060	9.8058
8754.840	770.9256	9.7725
8757.770	784.4986	10.1336
8760.700	786.8021	9.9780
8763.630	784.1468	9.6838
8766.560	788.1396	9.6692
8769.490	781.4795	10.0308
8772.420	777.4050	10.0835
8775.350	780.5705	10.0463
8778.280	787.4921	10.1385
8781.210	784.6858	10.0794
8784.140	781.7741	10.1603
8787.070	780.6501	10.2520
8790.000	778.1138	9.5373
8792.930	775.3280	9.6278
8795.860	779.0981	9.0679
8798.790	777.8563	9.3445
8801.720	783.7879	9.9387
8804.650	786.0124	10.4610
8807.580	784.6493	10.2607
8810.510	779.7605	10.1215
8813.440	775.8767	9.9167
8816.370	773.1618	9.7550
8819.300	765.9593	9.8683
8822.230	760.4061	9.5944
8825.160	761.5970	9.7873
8828.090	769.3250	9.9606
8831.020	771.3020	9.9996
8833.950	777.1086	10.0449
8836.880	773.9463	9.8312
8839.810	766.1500	9.3037
8842.740	771.5632	9.2271
8845.670	765.1077	8.9815
8848.600	758.8074	9.4532
8851.530	756.4247	9.7457
8854.460	749.9580	9.8064
8857.390	736.2062	9.3576
8860.320	722.8636	9.1868
8863.250	722.8026	9.4426
8866.180	731.3709	9.7170
8869.110	735.1714	9.4122
8872.040	748.0895	9.2930
8874.970	758.2849	9.4717
8877.900	765.0445	9.4044
8880.830	768.4942	9.7595
8883.760	771.2505	9.9774
8886.690	763.1165	9.4787
8889.620	755.2691	9.5293
8892.550	756.5303	9.5276
8895.480	762.3644	9.7853
8898.410	766.7228	9.6285
8901.340	770.5129	9.8245
8904.270	778.9675	10.0230
8907.200	765.7093	9.8832
8910.130	747.2292	9.7811
8913.060	737.9756	9.8011
8915.990	742.7217	9.6588
8918.920	757.5073	9.6291
8921.850	765.3749	10.0729
8924.780	766.6792	9.9567
8927.710	766.4854	9.9167
8930.640	762.9463	9.7107
8933.570	746.0010	9.8733
8936.500	740.4306	9.5975
8939.430	743.3428	9.8383
8942.360	761.3218	10.0986
8945.290	767.8130	10.0025
8948.220	766.4662	9.8666
8951.150	768.1289	9.7245
8954.080	764.3068	10.1476
8957.010	754.0107	10.1385
8959.940	741.8483	10.0427
8962.870	746.6731	10.2176
8965.800	766.5666	10.0610
8968.730	766.7957	10.3513
8971.660	755.7057	10.5588
8974.590	749.6715	10.3981
8977.520	746.2161	10.2280
8980.450	738.9268	10.0447
8983.380	733.2116	9.8839
8986.310	734.8801	10.2645
8989.240	740.0197	10.9427
8992.170	754.6515	11.3051
8995.100	750.1891	10.5633
8998.030	738.9283	10.1247
9000.960	727.4043	9.9129
9003.890	722.1226	10.3108
9006.820	722.1412	10.5495
9009.750	708.6534	10.2059
9012.680	698.8298	10.1318
9015.610	697.9869	9.8811
9018.540	705.5063	9.8748
9021.470	714.1280	9.3834
9024.400	721.0980	9.9813
9027.330	724.1861	10.0664
9030.260	728.8104	9.4581
9033.190	741.4394	9.4547
9036.120	751.5416	9.9172
9039.050	740.8020	9.8441
9041.980	738.3105	9.4239
9044.910	724.6579	9.1251
9047.840	716.8262	9.2770
9050.770	715.3565	9.7385
9053.700	727.3673	9.3505
9056.630	735.1460	9.4464
9059.560	735.7200	10.0595
9062.490	745.0162	10.3615
9065.420	732.3598	10.0547
9068.350	720.6259	9.9117
9071.280	725.9225	9.7779
9074.210	741.4708	9.7064
9077.140	735.9053	9.9755
9080.070	735.6661	10.0013
9083.000	737.4798	9.7882
9085.930	734.9441	10.1999
9088.860	731.4080	9.9090
9091.790	730.6522	9.8708
9094.720	722.9628	9.7430
9097.650	719.3933	10.0016
9100.580	712.4514	9.5604
9103.510	718.2926	9.7616
9106.440	731.4607	10.0345
9109.370	740.9673	10.3971
9112.300	738.2866	10.5249
9115.230	728.3921	10.1627
9118.160	722.6567	10.2301
9121.090	720.5958	9.8306
9124.020	705.3737	9.6669
9126.950	700.5499	9.8964
9129.880	712.9565	10.5036
9132.810	722.4290	10.3353
9135.740	729.7898	10.8801
9138.670	734.4807	10.5436
9141.600	740.8863	10.1413
9144.530	724.7826	9.6213
9147.460	713.0708	9.5175
9150.390	705.5821	9.7262
9153.320	710.2903	10.4715
9156.250	713.4502	10.3745
9159.180	721.1554	10.4301
9162.110	726.2485	10.5720
9165.040	727.7934	10.5982
9167.970	728.1142	10.2167
9170.900	713.9530	9.8213
9173.830	694.7078	9.8032
9176.760	693.2794	9.8132
9179.690	706.7854	9.9607
9182.620	709.1300	10.0294
9185.550	720.1756	9.6201
9188.480	728.9189	9.8552
9191.410	733.9579	10.6750
9194.340	733.6304	10.5917
9197.270	709.7327	9.9958
9200.200	693.5105	9.5857
9203.130	696.0725	9.6486
9206.060	703.0690	9.9554
9208.990	705.5990	10.0303
9211.920	700.7510	10.0315
9214.850	698.2625	9.8055
9217.780	693.9233	10.0420
9220.710	691.6591	9.9759
9223.640	666.2596	9.6485
9226.570	641.6334	9.0802
9229.500	643.5368	9.0623
9232.430	660.5299	8.9968
9235.360	662.1055	9.0714
9238.290	669.8899	9.2973
9241.220	686.7299	9.3282
9244.150	702.6481	9.8892
9247.080	704.5807	10.5647
9250.010	701.2958	10.1816
9252.940	701.1768	9.5134
9255.870	691.1123	9.3063
9258.800	684.6939	9.5887
9261.730	688.5864	9.7850
9264.660	692.5113	9.5138
9267.590	700.4549	9.6705
9270.520	702.4164	9.9589
9273.450	693.3619	9.9565
9276.380	692.3715	10.3296
9279.310	698.7858	10.6894
9282.240	700.3584	10.3385
9285.170	693.0655	10.0343
9288.100	692.3594	9.9137
9291.030	697.2538	10.3227
9293.960	696.4644	10.6774
9296.890	704.2259	11.5700
9299.820	714.0350	11.4850
9302.750	721.6417	11.5813
9305.680	701.0020	11.0707
9308.610	687.0391	11.4746
9311.540	688.2173	11.5704
9314.470	686.7220	12.3878
9317.400	693.7777	12.6746
9320.330	706.9975	13.1467
9323.260	689.2756	13.3712
9326.190	681.3689	12.9876
9329.120	695.1836	12.9747
9332.050	687.2303	13.0425
9334.980	691.6696	13.9542
9337.910	698.9878	14.2955
9340.840	679.9261	14.4856
9343.770	687.0726	15.1677
9346.700	689.9928	14.1725
9349.630	684.1846	12.7186
9352.560	685.9596	13.7230
9355.490	687.1805	14.1738
9358.420	703.3223	14.0078
9361.350	691.3824	12.5994
9364.280	676.8974	12.6851
9367.210	673.8099	13.7763
9370.140	678.6904	13.8267
9373.070	663.9566	12.7983
9376.000	655.0882	12.9879
9378.930	661.7231	13.8237
9381.860	687.0630	13.3608
9384.790	698.3025	12.2592
9387.720	694.7215	11.6719
9390.650	690.6316	11.5811
9393.580	696.8635	11.4311
9396.510	693.7943	11.4565
9399.440	683.7167	11.2698
9402.370	666.2829	11.1373
9405.300	657.4885	11.0845
9408.230	675.4610	11.3336
9411.160	684.3831	11.8742
9414.090	678.0213	11.6133
9417.020	675.5482	11.1948
9419.950	680.5454	11.8111
9422.880	687.6194	12.2680
9425.810	672.6515	12.6098
9428.740	675.8468	12.8317
9431.670	683.2083	12.2209
9434.600	676.1274	11.2155
9437.530	660.0984	12.6590
9440.460	663.5344	13.3750
9443.390	671.7014	13.1160
9446.320	672.4537	12.1407
9449.250	679.5780	11.4794
9452.180	671.9582	11.5427
9455.110	656.8266	12.0149
9458.040	653.9487	12.3335
9460.970	663.7903	12.5714
9463.900	670.1175	11.9835
9466.830	663.5737	11.3365
9469.760	657.0527	11.4101
9472.690	668.5259	11.9180
9475.620	691.0072	12.6286
9478.550	685.9324	12.7686
9481.480	671.4569	13.0108
9484.410	676.3261	12.4491
9487.340	658.2592	11.0289
9490.270	643.4100	10.5656
9493.200	647.8212	11.5520
9496.130	653.3177	12.4869
9499.060	657.6331	13.6506
9501.990	667.9683	13.0073
9504.920	667.7286	11.4204
9507.850	662.3459	11.1068
9510.780	659.8126	11.5913
9513.710	639.9765	12.1171
9516.640	635.1881	12.3372
9519.570	626.7337	11.9183
9522.500	627.8313	11.7005
9525.430	639.4885	12.2708
9528.360	649.4398	11.9406
9531.290	653.9871	11.5686
9534.220	640.0518	11.3607
9537.150	628.5962	11.3720
9540.080	607.9870	11.2873
9543.010	577.2727	11.1799
9545.940	572.8650	10.3327
9548.870	586.9248	10.6137
9551.800	606.6832	11.3295
9554.730	625.7051	12.0407
9557.660	646.2343	12.1805
9560.590	654.5589	11.9717
9563.520	648.1587	12.3285
9566.450	650.4696	13.0864
9569.380	641.0534	12.1299
9572.310	634.7778	11.2465
9575.240	634.6035	10.7642
9578.170	624.2074	11.0632
9581.100	621.3759	11.3575
9584.030	623.4827	11.7412
9586.960	630.8672	12.4363
9589.890	642.9233	13.3481
9592.820	644.7663	13.3998
9595.750	644.6584	12.9562
9598.680	628.7003	12.4349
9601.610	612.7723	11.4094
9604.540	596.7095	11.3973
9607.470	596.3332	11.9045
9610.400	619.3782	12.5217
9613.330	637.4164	12.8694
9616.260	654.8034	13.4335
9619.190	653.3428	14.2578
9622.120	635.2401	14.8745
9625.050	612.2084	13.9853
9627.980	599.8155	12.8627
9630.910	595.8470	12.1359
9633.840	597.6015	12.6774
9636.770	600.7252	13.2665
9639.700	623.9866	14.1734
9642.630	637.7896	14.5742
9645.560	639.1958	15.4929
9648.490	633.5164	14.7124
9651.420	612.9748	13.8678
9654.350	602.3214	13.7496
9657.280	594.5112	13.7200
9660.210	598.6617	14.4306
9663.140	594.9140	14.4341
9666.070	598.6912	15.0139
9669.000	612.5778	15.5604
9671.930	619.9328	15.7895
9674.860	614.8391	15.8559
9677.790	605.5576	16.0422
9680.720	596.8338	15.8449
9683.650	581.5189	14.9993
9686.580	577.2653	15.3956
9689.510	588.9910	15.6096
9692.440	600.8327	16.0608
9695.370	602.2626	16.9058
9698.300	586.4219	16.7131
9701.230	572.7541	16.3844
