3298.680	5515.9617	146.4949
3301.060	5480.2269	149.3164
3303.440	5321.7434	144.7411
3305.820	5265.3893	144.5584
3308.200	5309.2539	149.1912
3310.580	5286.2683	145.5961
3312.960	5259.7947	144.2029
3315.340	5301.7138	142.7089
3317.720	5405.8151	143.6683
3320.100	5307.4160	142.1446
3322.480	5053.1390	134.3313
3324.860	5063.6420	135.1423
3327.240	5178.9992	136.8952
3329.620	5169.6953	139.0513
3332.000	5233.7796	137.4366
3334.380	5247.0705	136.6733
3336.760	5103.2706	134.0021
3339.140	4997.7409	130.7712
3341.520	5099.3677	134.1887
3343.900	5191.7008	131.5833
3346.280	5174.9936	128.4861
3348.660	5094.0122	131.0624
3351.040	5111.9550	126.8429
3353.420	5228.4447	125.3344
3355.800	5292.4102	131.2238
3358.180	5130.9525	125.9547
3360.560	5037.1240	127.2402
3362.940	5222.0545	128.6811
3365.320	5295.8724	128.5266
3367.700	5144.3504	128.9564
3370.080	4941.7827	123.5198
3372.460	5240.7532	126.5046
3374.840	5361.5453	127.3699
3377.220	5167.9879	128.1427
3379.600	4926.2679	121.0453
3381.980	4915.7367	118.3870
3384.360	5254.1345	123.0685
3386.740	5270.4497	122.9066
3389.120	5187.3378	123.1917
3391.500	5048.4467	118.4226
3393.880	5161.7036	122.9657
3396.260	5468.2971	123.3708
3398.640	5410.6815	123.5585
3401.020	5267.8336	120.8018
3403.400	5204.4892	121.6249
3405.780	5129.0092	117.8513
3408.160	5222.7259	121.4677
3410.540	5251.3729	120.7654
3412.920	5214.2350	121.5719
3415.300	5231.3956	123.0761
3417.680	5335.6597	124.1664
3420.060	5348.0858	123.2067
3422.440	5158.6641	118.6935
3424.820	5150.5040	120.2257
3427.200	5370.6460	119.1198
3429.580	5345.7734	120.4571
3431.960	5183.8742	123.1540
3434.340	5280.8130	120.0625
3436.720	5206.7853	116.8895
3439.100	4995.8285	113.4209
3441.480	5028.1554	116.8417
3443.860	5006.9647	112.9114
3446.240	5247.3068	113.1250
3448.620	5465.8590	120.6203
3451.000	5365.1190	117.1268
3453.380	5200.8425	117.9403
3455.760	5207.2133	117.6710
3458.140	5124.7656	114.7377
3460.520	5165.3909	116.0533
3462.900	5301.5319	114.2392
3465.280	5265.1109	115.6741
3467.660	5327.2080	113.0287
3470.040	5257.1905	116.5280
3472.420	5078.0451	112.7266
3474.800	4980.9165	113.3749
3477.180	5061.1257	114.2663
3479.560	5164.3183	113.9682
3481.940	5256.5938	114.2017
3484.320	5251.0599	114.0880
3486.700	5226.5029	113.0842
3489.080	5102.6922	108.3900
3491.460	4937.3700	107.8411
3493.840	4876.5136	108.1967
3496.220	4975.2387	110.4696
3498.600	5046.2624	108.3148
3500.980	5276.9604	117.2081
3503.360	5259.7702	117.3301
3505.740	5209.9517	116.4834
3508.120	5181.4668	117.1935
3510.500	5076.2098	112.7455
3512.880	5135.5914	115.7809
3515.260	5203.2257	108.7785
3517.640	5226.9164	111.4801
3520.020	5237.4111	110.5357
3522.400	5185.3125	108.4026
3524.780	5057.8545	109.9875
3527.160	5167.8228	108.7266
3529.540	5282.1768	108.1782
3531.920	5231.8926	112.1208
3534.300	5230.5525	108.4615
3536.680	5294.2057	110.1270
3539.060	5462.8587	115.4293
3541.440	5396.8279	114.5683
3543.820	5457.1439	115.5681
3546.200	5408.7782	116.7497
3548.580	5478.1320	114.3476
3550.960	5458.3517	118.2389
3553.340	5259.0660	110.9864
3555.720	5174.4488	112.7096
3558.100	5210.2983	111.2935
3560.480	5357.7885	114.5916
3562.860	5310.9208	113.8884
3565.240	5092.8394	109.3701
3567.620	4982.2949	104.0890
3570.000	4964.0079	111.0516
3572.380	4999.9239	107.6180
3574.760	5073.5738	107.4781
3577.140	5055.9101	107.1392
3579.520	5075.3587	107.9180
3581.900	5027.1195	103.4226
3584.280	4947.6635	104.9662
3586.660	4813.1510	101.1722
3589.040	5021.9825	104.9313
3591.420	5202.2796	109.1800
3593.800	5239.0895	114.9507
3596.180	5243.5908	114.2224
3598.560	5242.1013	108.1364
3600.940	5209.2715	107.9912
3603.320	5058.5494	102.3622
3605.700	5106.2094	105.4454
3608.080	5067.5671	107.2142
3610.460	4976.4811	107.8311
3612.840	4979.7336	105.7946
3615.220	5081.9865	106.4366
3617.600	5047.1878	105.5496
3619.980	5002.5034	107.0219
3622.360	5047.6174	103.4713
3624.740	5162.7210	105.5938
3627.120	5153.7834	106.7865
3629.500	5092.5934	106.1466
3631.880	4984.6531	105.3156
3634.260	5159.5215	108.3620
3636.640	5248.1144	103.1203
3639.020	5184.5681	107.9528
3641.400	5062.7948	104.4626
3643.780	5043.7025	105.1492
3646.160	5095.9452	103.4129
3648.540	5084.3198	104.3315
3650.920	5130.4593	102.6612
3653.300	5240.7324	104.7542
3655.680	5327.7081	109.4833
3658.060	5295.0629	109.4151
3660.440	5218.7206	105.5275
3662.820	5203.9040	102.0124
3665.200	5308.3963	103.3862
3667.580	5272.4290	104.1890
3669.960	5314.0213	106.3738
3672.340	5267.6024	107.6728
3674.720	5205.3053	105.2484
3677.100	5090.9132	100.7310
3679.480	5127.5421	98.5044
3681.860	5160.9883	104.5388
3684.240	5077.1435	101.5999
3686.620	5061.1966	104.8422
3689.000	5128.5551	104.6069
3691.380	5281.6689	104.8887
3693.760	5223.5199	106.2718
3696.140	5234.3128	103.9818
3698.520	5338.7359	104.1481
3700.900	5240.3436	107.3659
3703.280	5075.5360	101.1526
3705.660	5105.7943	98.5588
3708.040	5189.6072	102.3417
3710.420	5015.6666	100.5120
3712.800	5203.0996	102.7126
3715.180	5691.8866	113.8687
3717.560	5627.6409	112.0526
3719.940	5174.5368	110.2995
3722.320	5202.2910	104.7531
3724.700	5749.5059	118.9501
3727.080	6199.6540	117.4006
3729.460	6050.6665	121.2915
3731.840	5284.5109	125.7218
3734.220	4769.9757	102.3863
3736.600	5463.6706	122.4511
3738.980	6496.9201	135.3914
3741.360	6845.9898	130.6182
3743.740	6406.1708	126.3119
3746.120	5564.7476	135.1504
3748.500	4750.4259	114.2142
3750.880	5046.8932	107.3120
3753.260	6121.7165	145.7953
3755.640	6905.4079	139.3794
3758.020	7172.0088	130.9504
3760.400	7376.1381	137.9292
3762.780	7196.7030	138.2810
3765.160	6458.2885	150.5052
3767.540	5432.8874	142.2314
3769.920	4881.2683	103.5434
3772.300	5495.0553	131.7901
3774.680	6729.2152	157.5491
3777.060	7963.1237	163.3929
3779.440	8913.0434	162.5928
3781.820	9366.7101	167.5267
3784.200	9315.2681	166.8198
3786.580	8898.0999	170.7584
3788.960	8315.5233	167.1071
3791.340	7375.3710	164.7210
3793.720	6155.3905	161.4618
3796.100	5007.4710	125.7700
3798.480	4963.0854	112.7958
3800.860	6116.0558	155.3951
3803.240	7394.0528	162.3635
3805.620	8473.4244	160.8832
3808.000	9398.0176	179.6398
3810.380	9808.4190	171.5066
3812.760	9842.7602	170.0300
3815.140	10146.1442	182.0422
3817.520	10510.0396	200.0412
3819.900	10326.1929	193.5971
3822.280	9539.1706	178.0972
3824.660	8639.3901	169.7165
3827.040	7764.8426	166.3533
3829.420	6918.1561	162.9274
3831.800	5750.2862	156.1226
3834.180	4752.4776	114.3176
3836.560	4946.6758	116.7600
3838.940	6063.4290	157.0696
3841.320	7469.9734	159.1196
3843.700	8624.0541	168.7094
3846.080	9513.9429	210.3914
3848.460	10303.4425	183.8582
3850.840	10844.6867	187.0481
3853.220	11212.4279	188.7383
3855.600	11327.4190	193.1262
3857.980	11517.4628	197.1792
3860.360	11837.2580	205.1303
3862.740	11911.6651	214.3101
3865.120	12001.5728	211.8459
3867.500	12008.9156	213.3818
3869.880	11671.7710	204.4027
3872.260	10990.4323	193.5779
3874.640	10388.6072	189.7296
3877.020	9724.4074	179.8704
3879.400	8747.2041	169.1763
3881.780	7881.7563	170.4521
3884.160	6550.7343	166.1179
3886.540	5254.5396	140.5665
3888.920	4835.9597	108.5712
3891.300	5648.9683	140.3052
3893.680	6793.4883	158.1036
3896.060	7859.4781	161.5556
3898.440	8696.9969	166.4195
3900.820	9534.3117	171.5620
3903.200	10218.1053	176.2802
3905.580	10773.0269	188.2172
3907.960	11754.2993	199.9680
3910.340	12177.3073	210.5370
3912.720	12351.6814	212.6405
3915.100	12319.7233	212.3101
3917.480	12486.8910	214.7739
3919.860	12576.4875	213.5268
3922.240	12774.0787	208.8324
3924.620	12839.5878	212.3973
3927.000	12205.8561	204.6411
3929.380	10694.0539	187.1615
3931.760	8484.3052	172.5126
3934.140	8175.5136	164.1452
3936.520	10075.1332	179.4087
3938.900	11875.9292	206.6204
3941.280	12364.5218	210.8736
3943.660	12180.7362	210.8657
3946.040	11890.2502	201.7475
3948.420	11611.9885	200.3453
3950.800	11130.1058	193.3308
3953.180	10765.7856	188.7626
3955.560	10210.2579	184.5541
3957.940	9462.2006	175.7653
3960.320	8527.5404	162.6151
3962.700	7543.0775	151.6458
3965.080	6195.6302	161.3000
3967.460	4794.2100	138.1859
3969.840	4447.6647	104.5682
3972.220	5463.8975	129.6639
3974.600	6797.6773	148.5155
3976.980	8024.9736	158.8237
3979.360	9024.4313	168.7882
3981.740	9775.3498	179.3885
3984.120	10362.1629	182.6305
3986.500	10983.7687	192.5443
3988.880	11615.3066	198.5386
3991.260	12191.4557	204.9612
3993.640	12511.6101	209.1144
3996.020	12598.6795	213.6555
3998.400	12828.4160	220.7908
4000.780	13065.7274	230.1322
4003.160	13005.5262	223.0654
4005.540	13044.5373	233.8023
4007.920	13352.0052	237.5162
4010.300	13606.8166	236.3374
4012.680	13616.3550	245.9234
4015.060	13598.1287	237.6575
4017.440	13902.1761	238.6651
4019.820	14029.3177	238.8516
4022.200	13895.1536	245.1929
4024.580	13724.0920	241.0432
4026.960	13740.7803	241.8249
4029.340	13465.7987	237.4193
4031.720	13363.0403	233.3266
4034.100	13591.1200	236.0332
4036.480	13866.0801	240.4037
4038.860	13931.9603	238.7234
4041.240	13836.5138	233.1311
4043.620	13616.6529	229.1931
4046.000	13452.5060	228.2613
4048.380	13645.3351	241.2311
4050.760	13651.7902	235.0359
4053.140	13464.7401	224.8460
4055.520	13276.2923	222.3740
4057.900	13206.3403	224.0231
4060.280	13096.0404	212.2927
4062.660	12849.0596	220.6657
4065.040	12547.3759	214.4669
4067.420	12347.4313	207.8434
4069.800	12293.1070	201.5129
4072.180	12190.1265	201.8730
4074.560	11828.6314	195.9391
4076.940	11517.5207	202.5534
4079.320	11392.7912	191.3951
4081.700	11261.4741	191.1278
4084.080	10794.9624	185.8882
4086.460	10323.8218	177.8759
4088.840	9798.0918	171.6661
4091.220	9063.4675	170.5853
4093.600	8103.0750	161.0991
4095.980	6907.0404	149.9929
4098.360	5636.6393	146.7255
4100.740	4777.2110	106.8487
4103.120	5208.3252	116.5191
4105.500	6374.3922	142.9201
4107.880	7453.5432	143.5541
4110.260	8445.3936	159.1090
4112.640	9255.6314	163.4657
4115.020	9899.4819	173.6404
4117.400	10372.7133	185.4768
4119.780	10809.3241	185.3599
4122.160	11207.2902	194.3818
4124.540	11495.8220	197.7783
4126.920	11632.2801	199.4933
4129.300	11682.3833	199.1601
4131.680	11955.0297	196.3592
4134.060	12281.9079	209.6465
4136.440	12784.7040	218.7543
4138.820	13064.1956	220.7634
4141.200	12915.2315	221.5674
4143.580	12871.8947	216.3924
4145.960	12960.6113	221.8443
4148.340	13162.1397	220.3492
4150.720	13207.5348	221.8657
4153.100	13057.0955	217.9781
4155.480	12951.8284	213.2333
4157.860	13000.6705	221.5548
4160.240	13143.9217	222.4792
4162.620	13167.4285	223.4948
4165.000	13186.2881	223.4970
4167.380	13071.4153	217.6493
4169.760	12810.8713	214.5057
4172.140	12475.4308	210.0994
4174.520	12458.5003	210.2942
4176.900	12438.4188	207.9856
4179.280	12541.8543	206.9817
4181.660	12803.5045	216.0698
4184.040	12803.7783	214.2653
4186.420	12881.7869	212.4703
4188.800	12875.9152	220.0376
4191.180	13102.4876	220.8304
4193.560	13201.3381	218.9725
4195.940	12965.4338	219.8772
4198.320	12694.3950	213.3569
4200.700	12650.7109	211.6691
4203.080	12746.9516	208.7397
4205.460	12957.5862	212.6705
4207.840	13043.7413	220.9428
4210.220	13123.9153	215.2875
4212.600	13081.9216	208.7166
4214.980	12876.9830	211.8150
4217.360	12813.1476	209.9019
4219.740	12853.5049	205.8771
4222.120	12687.5108	212.5038
4224.500	12457.6214	212.5892
4226.880	12276.8364	202.4215
4229.260	12613.0025	214.7594
4231.640	12644.4871	214.4734
4234.020	12453.1624	213.0295
4236.400	12553.7725	210.1837
4238.780	12800.5827	208.0220
4241.160	12735.5489	208.0795
4243.540	12693.4160	212.2354
4245.920	12444.6247	206.9477
4248.300	12241.0073	204.6884
4250.680	12295.5345	204.2803
4253.060	12457.2811	206.2923
4255.440	12572.0452	210.8328
4257.820	12402.4980	208.0362
4260.200	12371.1453	201.7554
4262.580	12552.5026	215.7117
4264.960	12757.2018	211.4605
4267.340	12574.4336	212.3420
4269.720	12180.1581	207.3828
4272.100	11938.8572	201.1485
4274.480	12078.7030	199.8024
4276.860	12352.9525	210.0497
4279.240	12424.7906	207.3453
4281.620	12267.5580	204.5314
4284.000	12061.5345	195.0665
4286.380	11860.2177	200.9507
4288.760	11736.8780	196.9346
4291.140	11564.9464	193.6956
4293.520	11525.4293	186.5192
4295.900	11364.2037	189.0035
4298.280	11089.2066	188.7522
4300.660	10806.9305	181.7837
4303.040	10843.2495	179.7315
4305.420	10950.3205	188.3004
4307.800	10941.1522	227.7670
4310.180	10751.9349	188.4750
4312.560	10399.0858	178.0874
4314.940	10058.5974	173.0361
4317.320	9973.8060	178.6941
4319.700	9896.8076	174.7865
4322.080	9553.3899	171.4798
4324.460	9117.4329	165.3339
4326.840	8634.2193	157.0471
4329.220	8079.3430	147.0372
4331.600	7470.3317	141.5549
4333.980	6561.3031	137.9085
4336.360	5602.1615	131.7044
4338.740	4725.6594	113.1175
4341.120	4619.7646	99.0143
4343.500	5446.3776	126.0402
4345.880	6457.0498	130.0416
4348.260	7331.3050	133.3547
4350.640	7919.7546	140.5403
4353.020	8403.9821	145.0677
4355.400	9103.3614	149.6881
4357.780	9624.9919	158.9784
4360.160	10012.8374	167.7081
4362.540	10327.3201	176.6643
4364.920	10532.8695	173.9120
4367.300	10613.4402	176.2429
4369.680	10711.0828	179.0872
4372.060	10756.6783	176.5750
4374.440	10804.9372	184.6288
4376.820	11069.5971	187.6023
4379.200	11296.8107	190.4301
4381.580	11121.0512	185.7001
4383.960	10852.4510	183.2937
4386.340	10995.8512	184.9994
4388.720	11222.1096	187.0173
4391.100	11322.3830	176.6435
4393.480	11233.4572	182.4938
4395.860	11209.6053	188.7387
4398.240	11287.8629	187.0604
4400.620	11292.9308	185.3643
4403.000	11377.3039	189.0090
4405.380	11486.8987	188.4829
4407.760	11606.7084	192.2204
4410.140	11600.8188	195.6885
4412.520	11340.1564	187.5752
4414.900	11076.9255	185.4312
4417.280	11066.4938	183.4418
4419.660	11324.0675	185.0024
4422.040	11482.9663	185.3659
4424.420	11574.7413	190.3473
4426.800	11585.4059	186.3576
4429.180	11543.4373	190.4622
4431.560	11483.8872	192.6533
4433.940	11518.5950	189.9458
4436.320	11618.0699	189.7373
4438.700	11544.3499	192.0987
4441.080	11278.7512	187.5774
4443.460	11196.7549	180.5925
4445.840	11290.8626	187.2695
4448.220	11371.7747	183.2693
4450.600	11389.1406	189.3021
4452.980	11255.6933	187.6293
4455.360	11184.4004	269.4888
4457.740	11227.3984	182.6466
4460.120	11271.1531	180.4631
4462.500	11263.3893	184.9922
4464.880	11199.3176	183.5201
4467.260	11070.5928	189.0847
4469.640	11082.4268	190.0098
4472.020	11203.1633	184.1828
4474.400	11229.7684	185.1461
4476.780	10983.1619	177.1180
4479.160	10522.6205	174.7599
4481.540	10475.7297	166.5868
4483.920	10892.8825	184.2100
4486.300	11127.6378	181.3133
4488.680	11059.3200	185.0735
4491.060	11060.9831	182.6678
4493.440	11214.2678	182.2726
4495.820	11372.2868	191.3816
4498.200	11361.6978	185.8343
4500.580	11298.5694	190.7527
4502.960	11288.6394	184.1715
4505.340	11262.7386	182.0491
4507.720	11219.5738	183.5657
4510.100	11253.2570	182.2052
4512.480	11224.4872	181.9335
4514.860	11165.2844	229.5683
4517.240	11056.9969	175.2393
4519.620	10944.3051	176.9126
4522.000	10800.2111	170.0278
4524.380	10825.1944	175.0033
4526.760	10835.2843	176.3681
4529.140	10791.0838	184.0948
4531.520	10732.3539	178.9384
4533.900	10687.6332	177.2695
4536.280	10906.1504	181.5760
4538.660	11053.6240	187.6261
4541.040	10941.9402	182.0035
4543.420	10915.1296	178.9189
4545.800	10792.3951	182.9380
4548.180	10420.3144	174.7144
4550.560	10295.5645	164.2512
4552.940	10293.2382	170.3133
4555.320	10352.5663	173.0275
4557.700	10390.2413	172.9804
4560.080	10667.8710	180.0061
4562.460	10735.4730	173.6253
4564.840	10831.6366	176.6356
4567.220	10898.5802	175.7237
4569.600	10770.3131	172.4919
4571.980	10738.1216	176.6539
4574.360	10754.3877	181.4051
4576.740	10673.9097	180.1728
4579.120	10624.1424	174.1425
4581.500	10374.1270	169.4904
4583.880	10250.4965	168.5739
4586.260	10397.9559	171.3453
4588.640	10430.6283	168.6808
4591.020	10442.5641	167.2909
4593.400	10591.4533	168.4948
4595.780	10728.1981	175.4700
4598.160	10675.9583	171.6861
4600.540	10749.1010	175.9909
4602.920	10769.4461	173.0467
4605.300	10672.8516	174.9544
4607.680	10630.1607	172.4235
4610.060	10718.4957	178.6067
4612.440	10729.5703	173.7013
4614.820	10546.8487	174.4113
4617.200	10369.9493	171.6296
4619.580	10428.7319	170.7990
4621.960	10585.6426	172.2942
4624.340	10623.8633	172.8482
4626.720	10617.9297	172.1107
4629.100	10465.0252	171.5322
4631.480	10388.0620	169.5395
4633.860	10341.6522	166.9904
4636.240	10432.7910	171.4835
4638.620	10483.7062	166.7488
4641.000	10502.9136	173.6820
4643.380	10413.4958	169.7192
4645.760	10381.8147	167.0853
4648.140	10421.7532	171.5233
4650.520	10390.8701	170.8044
4652.900	10353.9662	170.8585
4655.280	10335.2630	166.1669
4657.660	10269.9641	168.1706
4660.040	10343.7966	169.7886
4662.420	10305.6956	166.7115
4664.800	10157.8011	164.6946
4667.180	10209.3415	162.8064
4669.560	10180.6727	162.0685
4671.940	10279.1888	169.3606
4674.320	10315.4428	171.6855
4676.700	10331.8285	173.3820
4679.080	10278.4455	168.5789
4681.460	10325.3099	173.1009
4683.840	10299.8538	172.2802
4686.220	10341.2355	311.7515
4688.600	10305.5334	172.7541
4690.980	10133.2925	166.4929
4693.360	10138.0094	168.5198
4695.740	10152.2134	161.5325
4698.120	10032.9333	245.3162
4700.500	9933.5055	167.2526
4702.880	9894.6664	157.8086
4705.260	9899.1610	161.6978
4707.640	9932.2917	161.8827
4710.020	10030.9116	165.2260
4712.400	10075.1637	165.3389
4714.780	10033.6697	163.2449
4717.160	10070.4417	160.7035
4719.540	10104.7284	164.3552
4721.920	10128.9475	167.0024
4724.300	10049.1456	167.0977
4726.680	9977.4764	160.7521
4729.060	9950.8143	165.8474
4731.440	9823.3999	160.3721
4733.820	9800.5357	157.7002
4736.200	9822.2979	161.1404
4738.580	9863.9041	162.3880
4740.960	9905.4010	161.0139
4743.340	9921.3227	159.3443
4745.720	9870.3556	161.4637
4748.100	9855.4974	163.8295
4750.480	9828.0156	157.9917
4752.860	9752.4437	159.8195
4755.240	9733.4360	160.2507
4757.620	9714.7658	160.5738
4760.000	9583.6123	151.6683
4762.380	9560.0531	158.3777
4764.760	9572.8742	160.9417
4767.140	9556.0859	160.0063
4769.520	9512.2690	156.2586
4771.900	9537.5390	157.2823
4774.280	9590.2384	154.9360
4776.660	9544.2554	156.8869
4779.040	9506.0562	156.8698
4781.420	9492.7399	158.0181
4783.800	9459.5832	156.3817
4786.180	9465.9022	153.1413
4788.560	9496.1120	158.2166
4790.940	9454.1015	156.5326
4793.320	9465.6651	150.9572
4795.700	9405.1889	155.0129
4798.080	9289.5704	153.0594
4800.460	9256.6109	151.0696
4802.840	9235.8843	154.4915
4805.220	9199.2074	153.7125
4807.600	9178.2409	153.9088
4809.980	9157.4022	155.1819
4812.360	9111.4164	151.3021
4814.740	9079.8420	149.7551
4817.120	9019.3477	150.6995
4819.500	8857.4098	145.2577
4821.880	8752.9183	148.4498
4824.260	8642.4099	144.4954
4826.640	8688.7858	143.6422
4829.020	8610.8140	145.1729
4831.400	8470.4255	144.6359
4833.780	8288.2973	142.3915
4836.160	8090.5257	142.4320
4838.540	7903.0483	132.1304
4840.920	7715.1064	132.4652
4843.300	7440.8259	125.8431
4845.680	7123.5255	126.7237
4848.060	6772.4562	120.7595
4850.440	6353.5416	116.7766
4852.820	5845.5875	109.7944
4855.200	5165.5418	105.6792
4857.580	4467.0873	103.5882
4859.960	3989.1108	88.0195
4862.340	4065.5519	86.3935
4864.720	4690.4566	102.6263
4867.100	5388.1607	105.7033
4869.480	5914.8762	109.1763
4871.860	6264.7660	111.2514
4874.240	6650.9146	116.4432
4876.620	6934.2497	119.5307
4879.000	7252.2583	123.2992
4881.380	7532.8709	123.3348
4883.760	7667.8192	128.6817
4886.140	7752.7503	131.5552
4888.520	7848.1957	131.4737
4890.900	7956.0876	131.7784
4893.280	8074.2102	131.3649
4895.660	8260.9667	137.1331
4898.040	8352.2041	142.9301
4900.420	8401.9272	139.7279
4902.800	8448.1730	139.7143
4905.180	8617.5912	142.9293
4907.560	8648.2685	146.6206
4909.940	8509.1127	146.5439
4912.320	8576.5242	146.6389
4914.700	8662.7213	150.4695
4917.080	8588.2934	149.0079
4919.460	8436.3964	145.0957
4921.840	8363.9988	166.0844
4924.220	8377.8345	194.3531
4926.600	8513.3805	139.0563
4928.980	8652.8979	143.9579
4931.360	8607.2482	143.0866
4933.740	8635.5745	142.9571
4936.120	8709.1302	151.1839
4938.500	8757.7948	146.6491
4940.880	8711.2659	146.2508
4943.260	8755.3926	144.4633
4945.640	8789.0152	149.7898
4948.020	8806.4901	152.4315
4950.400	8715.4838	150.5763
4952.780	8618.4577	145.5758
4955.160	8552.0075	140.5067
4957.540	8443.9614	141.7805
4959.920	8552.8699	146.0717
4962.300	8700.7157	141.0629
4964.680	8685.7654	143.9334
4967.060	8676.7531	149.1201
4969.440	8613.7613	142.6951
4971.820	8646.7672	145.6427
4974.200	8688.4475	146.7557
4976.580	8656.7868	145.9176
4978.960	8419.8280	143.8286
4981.340	8344.8814	147.9396
4983.720	8246.4093	142.7066
4986.100	8302.0213	143.3511
4988.480	8405.9929	143.5727
4990.860	8493.0584	148.6023
4993.240	8499.7836	146.5113
4995.620	8490.6697	146.6462
4998.000	8482.4437	147.8715
5000.380	8388.6888	146.6464
5002.760	8257.4399	146.1646
5005.140	8132.9053	142.6899
5007.520	8227.3946	143.9637
5009.900	8320.8477	144.2529
5012.280	8290.9167	147.1862
5014.660	8201.7536	146.0546
5017.040	7980.6048	137.2112
5019.420	7975.7696	141.7046
5021.800	8204.1183	145.6016
5024.180	8246.7611	142.7309
5026.560	8344.3732	144.2017
5028.940	8396.2171	145.5705
5031.320	8350.5107	201.4151
5033.700	8311.6522	142.7910
5036.080	8200.8013	141.9146
5038.460	8108.4770	138.4236
5040.840	8070.5573	139.8878
5043.220	8206.9241	143.5817
5045.600	8291.6808	144.5802
5047.980	8317.2959	142.3171
5050.360	8260.0255	143.5455
5052.740	8208.3528	142.4346
5055.120	8219.1187	138.4504
5057.500	8273.4150	143.2529
5059.880	8282.2471	142.1474
5062.260	8275.5194	145.1383
5064.640	8304.8714	141.5440
5067.020	8241.5468	141.7958
5069.400	8208.3071	145.3704
5071.780	8157.0543	143.4066
5074.160	8114.0855	142.0735
5076.540	8104.7770	143.5767
5078.920	8179.3764	141.0847
5081.300	8174.9001	142.8930
5083.680	8183.0610	139.0309
5086.060	8125.2420	141.0471
5088.440	8072.3125	141.8829
5090.820	8127.3637	143.9059
5093.200	8223.0362	150.1873
5095.580	8242.9697	146.2852
5097.960	8100.1676	143.2035
5098.200	7996.5710	167.6244
5100.340	8046.1940	143.3724
5101.130	8052.7931	165.8970
5102.720	8097.7072	144.6339
5104.060	8125.8338	164.3120
5105.100	8104.8830	146.8124
5106.990	8158.4637	168.1209
5107.480	8153.9865	149.9041
5109.860	8184.9332	144.8203
5109.920	8185.0621	164.6909
5112.240	8163.7296	141.7892
5112.850	8165.4036	164.2743
5114.620	8191.7982	149.1807
5115.780	8063.4563	168.5230
5117.000	8172.7331	147.1074
5118.710	8046.9271	163.6211
5119.380	7989.0851	144.6888
5121.640	8289.1889	166.7339
5121.760	7944.7569	143.9410
5124.140	7828.1320	141.0562
5124.570	8075.8033	171.3173
5126.520	7745.0873	138.2014
5127.500	7978.0453	162.7341
5128.900	7792.4883	140.9851
5130.430	7983.0278	162.3206
5131.280	7750.1719	167.8684
5133.360	8158.9065	161.6728
5133.660	7722.2416	148.0936
5136.040	7756.0333	150.7928
5136.290	7930.0130	158.2502
5138.420	7712.0048	146.3985
5139.220	7840.3339	161.2504
5140.800	7758.1864	148.8563
5142.150	7762.2704	162.6783
5143.180	7756.6492	151.4198
5145.080	7675.7013	157.1982
5145.560	7758.4806	150.8922
5147.940	7823.3227	150.5993
5148.010	7741.6692	159.1972
5150.320	7793.4730	161.7287
5150.940	7707.8503	154.7865
5153.870	7839.7248	161.0093
5156.800	7829.1891	159.4032
5159.730	7817.6265	155.3307
5162.660	7749.3313	156.3350
5165.590	7500.6927	153.3431
5168.520	7287.6132	151.4607
5171.450	7347.3846	150.7381
5174.380	7491.1495	151.9451
5177.310	7820.1354	153.8495
5180.240	7671.0255	150.2125
5183.170	7518.9721	155.7339
5186.100	7502.7827	143.0904
5189.030	7522.1172	147.4728
5191.960	7461.7352	141.0249
5194.890	7504.2891	145.1783
5197.820	7603.3340	142.5469
5200.750	7589.8343	142.8217
5203.680	7418.0332	135.7049
5206.610	7505.1156	137.0130
5209.540	7745.9147	137.9937
5212.470	7544.8429	135.5415
5215.400	7487.1956	131.5735
5218.330	7709.8482	133.2821
5221.260	7597.3457	134.6868
5224.190	7448.6744	134.5016
5227.120	7357.7493	131.5285
5230.050	7378.0947	124.7633
5232.980	7338.4067	125.3394
5235.910	7282.1842	124.3455
5238.840	7417.1940	125.7629
5241.770	7510.4173	126.6218
5244.700	7504.9483	125.0143
5247.630	7551.1528	125.9482
5250.560	7579.4151	129.3870
5253.490	7557.1267	131.4243
5256.420	7428.6495	125.9668
5259.350	7356.3426	124.4316
5262.280	7246.3910	124.2441
5265.210	7214.3614	122.2880
5268.140	7177.0511	122.2105
5271.070	7221.1361	123.3083
5274.000	7227.2266	122.8893
5276.930	7086.4371	119.9051
5279.860	7282.0113	125.1292
5282.790	7344.0578	124.2581
5285.720	7370.7105	123.6327
5288.650	7352.7106	125.2223
5291.580	7439.4685	126.1752
5294.510	7422.6567	126.8882
5297.440	7395.3920	124.5112
5300.370	7416.9886	126.3163
5303.300	7365.6212	126.7057
5306.230	7347.0715	124.8144
5309.160	7309.3656	122.8464
5312.090	7274.2500	124.0002
5315.020	7268.3076	121.6968
5317.950	7138.1971	116.5687
5320.880	7150.1584	116.2656
5323.810	7103.6416	119.6074
5326.740	7088.5437	120.7588
5329.670	7086.2268	120.9917
5332.600	7100.6820	119.1703
5335.530	7021.4936	124.5459
5338.460	6980.7313	115.2517
5341.390	7177.3171	119.5337
5344.320	7286.2138	121.4893
5347.250	7236.8468	119.5123
5350.180	7263.8597	117.0544
5353.110	7192.3846	121.6737
5356.040	7111.1062	118.7977
5358.970	7172.1061	115.4390
5361.900	7007.7238	113.8137
5364.830	6962.1584	111.9905
5367.760	6951.6390	115.6705
5370.690	6949.9811	112.6460
5373.620	7059.4153	116.4361
5376.550	7042.3792	113.9904
5379.480	7007.3590	114.4333
5382.410	7015.2153	115.4489
5385.340	6969.9811	116.4247
5388.270	7004.3085	114.0601
5391.200	6965.6192	113.0816
5394.130	6884.8711	113.1566
5397.060	6797.9836	111.5082
5399.990	6858.4324	114.0283
5402.920	6807.0216	109.4577
5405.850	6812.6569	111.7607
5408.780	6867.1973	115.5558
5411.710	6785.7932	112.2374
5414.640	6858.7459	112.1359
5417.570	6950.0326	110.5000
5420.500	6887.1165	112.8822
5423.430	6823.2528	107.7940
5426.360	6784.8879	107.0215
5429.290	6899.9308	110.6801
5432.220	6893.2000	110.7865
5435.150	6892.6646	107.0916
5438.080	6866.8527	107.8417
5441.010	6885.4160	108.5763
5443.940	6739.5678	106.4461
5446.870	6809.6196	105.1581
5449.800	6800.9657	107.3056
5452.730	6826.1108	106.3897
5455.660	6843.0197	108.8325
5458.590	6751.4102	107.7865
5461.520	6790.6147	174.0178
5464.450	6828.6089	108.3253
5467.380	6821.0977	109.1191
5470.310	6703.8618	104.3971
5473.240	6780.8613	105.2982
5476.170	6686.6612	104.2587
5479.100	6663.4709	107.0265
5482.030	6721.4063	105.5292
5484.960	6798.5343	104.3586
5487.890	6803.6897	107.8352
5490.820	6705.8361	105.7783
5493.750	6689.2900	107.4133
5496.680	6720.1983	105.6880
5499.610	6737.9051	107.4542
5502.540	6540.9394	104.3700
5505.470	6601.0115	106.0718
5508.400	6619.7399	105.3673
5511.330	6571.0668	106.3020
5514.260	6588.6270	105.4129
5517.190	6721.9027	107.3595
5520.120	6718.0214	107.3362
5523.050	6608.3040	106.6135
5525.980	6483.4699	101.3562
5528.910	6407.7435	103.4830
5531.840	6441.3316	100.2150
5534.770	6472.1650	107.4909
5537.700	6573.2725	106.0041
5540.630	6536.1242	104.4389
5543.560	6574.7971	104.3719
5546.490	6600.4722	105.4799
5549.420	6483.0239	106.3526
5552.350	6549.4409	102.9558
5555.280	6570.6679	104.4105
5558.210	6583.7322	103.2837
5561.140	6550.8988	105.4733
5564.070	6533.5077	102.2782
5567.000	6494.5486	102.2802
5569.930	6439.7325	98.4028
5572.860	6374.1941	101.0377
5575.790	6407.1211	100.2591
5578.720	6370.0626	101.5524
5581.650	6381.8935	101.4346
5584.580	6314.1537	100.0603
5587.510	6276.4513	100.9593
5590.440	6268.7943	99.8407
5593.370	6351.8597	100.8292
5596.300	6339.6380	99.6458
5599.230	6379.2200	100.1676
5602.160	6348.1745	100.0517
5605.090	6325.0828	98.0560
5608.020	6379.5002	102.9878
5610.950	6374.0491	100.9721
5613.880	6296.9642	98.6908
5616.810	6244.7751	100.5958
5619.740	6360.1714	99.8224
5622.670	6303.4419	101.6597
5625.600	6299.7792	100.3432
5628.530	6278.4734	99.9524
5631.460	6349.9325	99.7009
5634.390	6324.8332	103.6235
5637.320	6273.7065	98.8815
5640.250	6211.1631	99.2099
5643.180	6170.0660	97.9000
5646.110	6249.5397	99.7374
5649.040	6193.3092	99.0514
5651.970	6209.1410	101.2881
5654.900	6140.0384	98.1299
5657.830	6091.8396	97.7891
5660.760	6157.0834	99.0184
5663.690	6185.5166	99.9727
5666.620	6115.6964	95.6309
5669.550	6205.2212	96.4314
5672.480	6229.7599	97.7642
5675.410	6176.1496	99.7852
5678.340	6176.7667	99.6654
5681.270	6106.1452	98.1423
5684.200	6111.2844	96.9137
5687.130	6138.7436	98.4212
5690.060	6158.9165	96.6544
5692.990	6194.1446	111.2726
5695.920	6058.1738	95.0190
5698.850	6067.0573	95.2849
5701.780	6048.8504	96.6228
5704.710	6056.7041	98.7305
5707.640	6054.5532	95.4121
5710.570	5993.6485	95.5118
5713.500	6047.2867	96.5514
5716.430	6113.5964	99.0265
5719.360	6051.0755	96.8252
5722.290	6065.9512	97.0263
5725.220	6122.7145	99.8610
5728.150	6020.2520	95.3109
5731.080	6009.4351	129.5985
5734.010	6062.4310	96.7066
5736.940	6019.7600	116.6918
5739.870	6018.4036	129.2263
5742.800	5953.6648	94.0065
5745.730	5997.1198	93.8833
5748.660	5992.3341	98.2222
5751.590	5944.8687	93.0246
5754.520	5990.5189	95.9707
5757.450	5971.7188	93.7653
5760.380	5904.3118	96.6312
5763.310	5975.6556	95.1649
5766.240	5908.5881	93.1384
5769.170	5905.4285	95.9237
5772.100	5927.4776	95.2665
5775.030	5910.2732	91.8460
5777.960	5863.2231	94.7316
5780.890	5897.7031	94.7436
5783.820	5895.1347	96.4955
5786.750	5837.3170	92.1875
5789.680	5808.2964	89.3989
5792.610	5821.8277	92.4813
5795.540	5831.7242	96.3297
5798.470	5799.8934	90.4484
5801.400	5825.1280	94.8939
5804.330	5779.8319	93.3682
5807.260	5804.1019	90.1839
5810.190	5807.2804	93.1037
5813.120	5801.7794	92.8710
5816.050	5828.4904	91.2182
5818.980	5838.1322	92.8187
5821.910	5810.6578	94.8683
5824.840	5810.6801	90.0724
5827.770	5740.6017	92.0844
5830.700	5768.6460	90.2770
5833.630	5801.2714	92.0003
5836.560	5752.3558	91.7247
5839.490	5748.0583	91.3864
5842.420	5756.9537	92.2134
5845.350	5782.3239	90.4262
5848.280	5677.3007	88.8858
5851.210	5692.2498	89.3721
5854.140	5663.1596	90.4758
5857.070	5603.3468	89.7540
5860.000	5651.7436	90.2389
5862.930	5664.1224	90.6628
5865.860	5685.1926	100.5777
5868.790	5690.9298	99.6234
5871.720	5764.7098	104.8894
5874.650	5785.1645	99.4769
5877.580	5732.6952	95.1612
5880.510	5620.8601	87.4684
5883.440	5573.9693	88.5319
5886.370	5505.4291	90.4741
5889.300	5462.8685	90.8831
5892.230	5405.1837	91.7444
5895.160	5399.2006	88.8286
5898.090	5453.3501	86.0495
5901.020	5473.5247	87.3751
5903.950	5565.5045	88.8843
5906.880	5577.0982	89.7127
5909.810	5580.5781	86.8617
5912.740	5578.7840	87.1253
5915.670	5557.5447	93.4473
5918.600	5530.1908	86.4544
5921.530	5484.5413	92.2374
5924.460	5519.9104	87.1802
5927.390	5520.0420	89.1600
5930.320	5539.0916	86.9731
5933.250	5536.5797	87.7847
5936.180	5541.1329	90.0744
5939.110	5569.8859	88.1995
5942.040	5480.8810	87.2325
5944.970	5446.2769	90.1212
5947.900	5446.1307	86.2033
5950.830	5455.2119	88.2615
5953.760	5480.1023	88.2074
5956.690	5454.0358	87.8620
5959.620	5416.6074	88.7818
5962.550	5473.9250	86.2803
5965.480	5454.8353	87.6574
5968.410	5483.5150	93.4230
5971.340	5431.8366	88.1142
5974.270	5406.9511	87.2957
5977.200	5355.1962	87.7351
5980.130	5329.8063	86.1432
5983.060	5394.1820	86.9909
5985.990	5349.8500	86.2544
5988.920	5333.9814	86.0317
5991.850	5379.8415	85.0769
5994.780	5354.2891	87.7049
5997.710	5338.6847	86.5830
6000.640	5317.6110	88.2508
6003.570	5323.3873	85.6688
6006.500	5317.6322	88.2054
6009.430	5285.0615	84.5398
6012.360	5271.8670	85.4998
6015.290	5345.5226	89.0729
6018.220	5283.6204	89.4741
6021.150	5281.7759	84.3347
6024.080	5262.5627	83.9727
6027.010	5300.6928	83.3993
6029.940	5295.7029	84.3048
6032.870	5252.8877	84.7772
6035.800	5264.5178	89.2241
6038.730	5242.5240	85.2814
6041.660	5234.8858	86.4511
6044.590	5221.7200	83.1635
6047.520	5219.7112	85.2495
6050.450	5251.2536	86.7667
6053.380	5187.4114	84.0332
6056.310	5200.5074	83.6552
6059.240	5181.8281	81.4754
6062.170	5223.5337	86.1899
6065.100	5182.2516	83.7636
6068.030	5175.5619	84.8144
6070.960	5179.3508	84.1069
6073.890	5154.8393	83.2428
6076.820	5210.0721	84.3374
6079.750	5153.6239	83.3210
6082.680	5158.4183	83.7021
6085.610	5118.6914	84.1872
6088.540	5165.6673	84.9072
6091.470	5188.8747	82.7948
6094.400	5139.8174	82.0536
6097.330	5110.2363	81.5646
6100.260	5116.0285	80.5038
6103.190	5121.9289	81.3887
6106.120	5166.9010	84.5037
6109.050	5128.5704	83.4750
6111.980	5129.8011	83.8148
6114.910	5056.2826	81.2785
6117.840	5024.9141	85.0732
6120.770	5019.4484	81.9023
6123.700	5048.3921	81.3009
6126.630	5045.9104	81.3312
6129.560	5053.1975	80.7289
6132.490	5045.8785	81.9184
6135.420	4970.2518	78.4363
6138.350	4946.9063	81.0592
6141.280	4944.1015	85.6565
6144.210	4959.0763	79.0397
6147.140	4948.7040	80.8858
6150.070	4888.1996	79.3328
6153.000	4867.3284	79.4889
6155.930	4877.4653	79.4691
6158.860	4866.3847	78.8772
6161.790	4900.1311	79.3815
6164.720	4946.8192	81.3091
6167.650	4948.4019	83.3781
6170.580	4954.9765	81.3676
6173.510	4922.7100	79.5372
6176.440	4902.0300	80.0648
6179.370	4915.5262	80.2983
6182.300	4894.7549	81.4043
6185.230	4885.1420	78.3398
6188.160	4947.1857	78.4640
6191.090	4895.0679	80.8603
6194.020	4897.3976	82.6410
6196.950	4875.7756	79.4669
6199.880	4926.9653	106.2198
6202.810	4923.2392	78.3332
6205.740	4885.0105	78.1460
6208.670	4847.9431	81.1325
6211.600	4874.7405	77.7871
6214.530	4862.3582	77.8478
6217.460	4887.8130	84.1846
6220.390	4864.4663	85.5561
6223.320	4885.3863	78.4652
6226.250	4820.0478	77.7887
6229.180	4826.9319	76.3930
6232.110	4794.9803	78.5822
6235.040	4763.2093	76.7414
6237.970	4732.5464	77.5013
6240.900	4746.7291	74.5076
6243.830	4682.9370	75.3103
6246.760	4688.2738	76.2648
6249.690	4720.0519	75.8341
6252.620	4733.0676	81.8940
6255.550	4751.1804	75.5437
6258.480	4761.5436	78.6619
6261.410	4833.5567	76.2213
6264.340	4767.8508	77.4623
6267.270	4735.2051	76.4397
6270.200	4718.1259	76.3334
6273.130	4712.4618	76.2905
6276.060	4707.6929	79.1695
6278.990	4757.4715	80.1023
6281.920	4712.2966	78.5431
6284.850	4702.8288	76.2154
6287.780	4710.2232	76.4349
6290.710	4744.8355	77.8282
6293.640	4723.4107	78.3346
6296.570	4692.8393	74.5260
6299.500	4706.9898	75.5369
6302.430	4671.5635	75.0628
6305.360	4701.4850	78.1453
6308.290	4690.1865	76.5959
6311.220	4636.0933	75.6474
6314.150	4618.1362	75.7488
6317.080	4620.6622	76.2083
6320.010	4629.2764	73.6832
6322.940	4581.8294	77.7994
6325.870	4585.9417	72.8814
6328.800	4590.7990	75.2621
6331.730	4531.5765	73.5122
6334.660	4520.4831	74.3698
6337.590	4597.0094	77.1019
6340.520	4559.7536	74.1669
6343.450	4508.7360	71.6274
6346.380	4462.6584	71.1065
6349.310	4496.9839	73.1459
6352.240	4568.7900	72.4257
6355.170	4551.6014	73.1886
6358.100	4563.6012	72.8958
6361.030	4546.2201	73.7720
6363.960	4553.0226	72.2159
6366.890	4436.8704	71.0992
6369.820	4413.8317	78.1628
6372.750	4386.5070	71.7374
6375.680	4473.8519	71.7499
6378.610	4506.9089	72.5552
6381.540	4487.1936	74.0472
6384.470	4527.0925	74.5710
6387.400	4489.1734	73.0352
6390.330	4470.1736	74.8617
6393.260	4439.0731	73.1549
6396.190	4482.3582	73.1805
6399.120	4442.9700	71.9862
6402.050	4420.4621	70.6828
6404.980	4446.2563	72.8548
6407.910	4438.2232	71.7602
6410.840	4410.9493	70.3117
6413.770	4408.2015	70.1087
6416.700	4407.2025	71.8536
6419.630	4410.9939	71.9936
6422.560	4424.6814	72.2215
6425.490	4417.4059	73.0032
6428.420	4409.2654	71.0448
6431.350	4333.5154	72.0306
6434.280	4361.9802	70.1790
6437.210	4367.1361	71.1100
6440.140	4340.3184	69.7828
6443.070	4340.2746	71.5072
6446.000	4356.2922	72.8997
6448.930	4324.6882	71.3990
6451.860	4244.1213	70.3625
6454.790	4247.0318	72.9237
6457.720	4234.3511	69.8811
6460.650	4273.4056	68.7997
6463.580	4300.5489	71.2767
6466.510	4343.8604	71.0989
6469.440	4290.7145	71.6186
6472.370	4283.2780	71.4275
6475.300	4266.4605	71.8889
6478.230	4285.3687	69.7989
6481.160	4336.2364	76.9611
6484.090	4277.4653	69.4454
6487.020	4242.2019	70.5745
6489.950	4214.5064	67.7921
6492.880	4184.6430	69.3936
6495.810	4183.3214	69.3795
6498.740	4188.8806	68.9795
6501.670	4212.5231	69.9073
6504.600	4183.6904	70.1388
6507.530	4143.1139	69.7394
6510.460	4155.0413	69.2261
6513.390	4144.5886	75.3344
6516.320	4063.0359	67.4411
6519.250	4032.0645	70.1846
6522.180	4056.8059	70.7235
6525.110	4031.8490	67.2575
6528.040	3973.5396	65.3235
6530.970	3938.9709	66.4036
6533.900	3876.5226	64.8592
6536.830	3816.9967	62.1600
6539.760	3781.5180	62.7922
6542.690	3671.9209	62.6956
6545.620	3548.3737	60.6175
6548.550	3405.0214	57.7629
6551.480	3206.7485	56.0649
6554.410	3001.7273	56.4221
6557.340	2784.3162	57.8605
6560.270	2566.8475	53.6025
6563.200	2565.8905	48.0081
6566.130	2743.1416	51.4856
6569.060	2969.8345	54.6518
6571.990	3170.5730	55.3316
6574.920	3343.2493	55.5472
6577.850	3481.3789	58.6716
6580.780	3558.4779	57.7726
6583.710	3681.4572	71.8211
6586.640	3707.5949	59.9526
6589.570	3799.8899	62.5865
6592.500	3833.8540	72.9948
6595.430	3884.1965	67.1586
6598.360	3901.0057	62.9589
6601.290	3958.5071	65.7062
6604.220	3953.7389	64.5357
6607.150	3978.1040	64.5653
6610.080	3980.4426	73.4842
6613.010	3976.1873	66.4427
6615.940	4011.3391	67.6769
6618.870	4013.6235	66.5226
6621.800	4010.7298	65.7491
6624.730	3999.3324	67.4356
6627.660	4016.3145	66.8668
6630.590	4011.4344	67.1640
6633.520	3982.8696	67.4451
6636.450	3966.3833	67.5408
6639.380	4003.3391	65.9136
6642.310	4017.4163	67.6634
6645.240	3985.3703	70.7004
6648.170	3991.1251	67.1330
6651.100	3976.1111	65.8117
6654.030	4001.9507	68.5093
6656.960	3995.1202	69.2142
6659.890	4016.3390	66.2305
6662.820	3984.8759	67.1259
6665.750	3968.0182	65.5913
6668.680	3958.2858	65.1530
6671.610	3948.5023	65.6159
6674.540	3982.3178	66.3592
6677.470	3973.4314	66.9352
6680.400	3980.8805	65.0288
6683.330	3951.1733	66.1310
6686.260	3966.6189	65.4478
6689.190	3974.0250	64.2855
6692.120	3973.2080	64.4727
6695.050	3941.6781	65.5090
6697.980	3949.1196	64.9049
6700.910	3956.7814	64.8316
6703.840	3937.9866	63.8680
6706.770	3945.8018	64.9168
6709.700	3923.6612	66.7409
6712.630	3916.0594	63.7897
6715.560	3897.5275	63.1342
6718.490	3910.3081	64.8663
6721.420	3898.0769	67.6035
6724.350	3900.0933	64.9776
6727.280	3872.3369	64.0412
6730.210	3867.5746	64.8690
6733.140	3871.5337	64.3704
6736.070	3857.0010	63.3269
6739.000	3882.8145	63.5446
6741.930	3873.0376	63.4648
6744.860	3847.8100	62.2840
6747.790	3849.7100	65.0181
6750.720	3862.3524	64.5088
6753.650	3836.7498	64.8016
6756.580	3853.3761	63.8784
6759.510	3844.5661	64.1859
6762.440	3821.9569	63.1349
6765.370	3840.7804	63.9555
6768.300	3821.3783	68.4635
6771.230	3847.2386	63.8474
6774.160	3838.5932	69.6103
6777.090	3855.6208	63.7425
6780.020	3862.4043	64.1115
6782.950	3852.8430	65.0539
6785.880	3798.8286	64.0180
6788.810	3794.6796	63.0297
6791.740	3797.5902	63.3034
6794.670	3795.9848	64.8292
6797.600	3772.2173	61.7594
6800.530	3781.3586	63.1578
6803.460	3802.6512	62.6449
6806.390	3803.8179	63.1612
6809.320	3794.7583	64.6798
6812.250	3775.5116	61.9270
6815.180	3805.1051	62.1747
6818.110	3795.9483	64.0085
6821.040	3765.3272	61.9391
6823.970	3777.1375	63.2942
6826.900	3746.2242	60.4273
6829.830	3748.7296	60.8065
6832.760	3750.3672	61.7549
6835.690	3733.0894	61.1471
6838.620	3717.2855	61.0749
6841.550	3721.3123	60.0743
6844.480	3730.6536	62.3779
6847.410	3704.9167	64.9221
6850.340	3682.5725	61.0990
6853.270	3694.0955	62.1412
6856.200	3688.1612	61.6344
6859.130	3688.2939	60.2863
6862.060	3696.6911	61.6846
6864.990	3706.8559	63.7452
6867.920	3696.4877	63.8031
6870.850	3658.4487	61.0751
6873.780	3689.1861	61.4873
6876.710	3657.8140	77.9535
6879.640	3647.2271	62.0228
6882.570	3674.9822	63.2743
6885.500	3666.8311	61.6381
6888.430	3685.8183	61.2949
6891.360	3696.4245	63.2386
6894.290	3662.0303	61.8489
6897.220	3658.7959	63.5084
6900.150	3660.6496	61.9016
6903.080	3633.8090	59.9927
6906.010	3613.9104	61.6921
6908.940	3606.3317	71.5846
6911.870	3620.4836	62.9834
6914.800	3606.7640	63.8569
6917.730	3591.7232	63.2329
6920.660	3588.9251	61.0294
6923.590	3621.3757	60.1543
6926.520	3632.2574	60.6054
6929.450	3598.7263	61.0058
6932.380	3579.6221	65.0777
6935.310	3589.7841	58.5432
6938.240	3551.3603	59.7171
6941.170	3560.3641	60.0008
6944.100	3584.0732	62.6537
6947.030	3566.9625	59.7890
6949.960	3554.5371	59.3186
6952.890	3549.6935	59.1937
6955.820	3549.2846	59.9179
6958.750	3551.7859	58.8379
6961.680	3545.4866	60.3879
6964.610	3522.7522	58.8953
6967.540	3536.6945	59.5242
6970.470	3535.4863	60.4198
6973.400	3538.5822	62.9412
6976.330	3545.5247	66.9415
6979.260	3560.9469	60.9094
6982.190	3553.6677	60.1440
6985.120	3530.3318	58.8415
6988.050	3513.2865	58.9101
6990.980	3500.9813	59.6473
6993.910	3480.3987	59.4791
6996.840	3485.2725	59.0269
6999.770	3473.2565	58.0153
7002.700	3465.7056	57.7452
7005.630	3445.3732	58.2173
7008.560	3451.1525	58.2459
7011.490	3464.9315	57.5013
7014.420	3460.1211	56.3475
7017.350	3454.1521	58.1148
7020.280	3466.2202	57.1214
7023.210	3451.9403	57.5464
7026.140	3464.9282	57.2718
7029.070	3480.9725	64.3006
7032.000	3496.7213	58.6083
7034.930	3464.9884	58.2628
7037.860	3436.2756	56.4621
7040.790	3444.0521	58.0681
7043.720	3450.3293	59.3338
7046.650	3440.1721	57.5919
7049.580	3446.2248	57.0433
7052.510	3442.0157	56.9254
7055.440	3410.9406	57.2358
7058.370	3407.3407	59.3358
7061.300	3423.8414	62.9385
7064.230	3432.8918	59.0461
7067.160	3415.2055	57.2340
7070.090	3387.4051	70.5677
7073.020	3398.7581	57.7552
7075.950	3414.0003	56.9281
7078.880	3383.2042	56.0571
7081.810	3377.3161	59.9550
7084.740	3364.7405	56.0785
7087.670	3366.5028	56.5285
7090.600	3365.3500	56.4223
7093.530	3371.6258	55.1151
7096.460	3352.5387	56.9452
7099.390	3356.2999	54.8122
7102.320	3356.3419	58.6294
7105.250	3328.3449	55.4480
7108.180	3300.3028	55.5197
7111.110	3308.8502	56.1709
7114.040	3302.2021	54.7204
7116.970	3278.6288	55.5632
7119.900	3286.9993	55.0819
7122.830	3313.8219	58.0684
7125.760	3298.3979	80.8440
7128.690	3306.8245	54.8453
7131.620	3321.0044	55.5549
7134.550	3327.2575	57.0632
7137.480	3311.7080	55.3177
7140.410	3296.0387	56.0014
7143.340	3311.7164	55.4257
7146.270	3295.5457	56.3901
7149.200	3292.8192	56.9235
7152.130	3274.2881	53.6951
7155.060	3264.0122	59.9024
7157.990	3261.3294	54.7030
7160.920	3265.0832	55.1796
7163.850	3244.7745	55.4000
7166.780	3238.4903	54.1790
7169.710	3242.4130	56.1927
7172.640	3237.2700	54.8990
7175.570	3234.5501	54.1782
7178.500	3212.4935	53.7193
7181.430	3193.3067	53.6244
7184.360	3180.4909	54.7579
7187.290	3188.6847	57.2836
7190.220	3206.5410	55.7288
7193.150	3195.6828	54.5792
7196.080	3171.0361	54.1502
7199.010	3171.0930	55.5506
7201.940	3175.4520	61.2593
7204.870	3177.4760	54.4382
7207.800	3200.6591	56.1921
7210.730	3238.2757	54.6048
7213.660	3234.9606	55.0565
7216.590	3200.8001	53.8867
7219.520	3194.5290	53.5006
7222.450	3191.3297	56.0461
7225.380	3178.1818	55.3916
7228.310	3189.2345	54.6728
7231.240	3180.5854	54.1934
7234.170	3177.5911	54.0517
7237.100	3167.2750	54.2915
7240.030	3138.0942	55.3376
7242.960	3127.2903	54.5611
7245.890	3150.2803	54.5650
7248.820	3145.5512	55.5619
7251.750	3117.5677	54.4494
7254.680	3130.2919	53.8606
7257.610	3130.7481	54.4970
7260.540	3117.4910	52.9528
7263.470	3134.2355	53.2125
7266.400	3135.5400	54.3031
7269.330	3106.7860	55.5422
7272.260	3096.6264	55.2405
7275.190	3099.4842	54.5121
7278.120	3101.8525	54.2776
7281.050	3107.1727	53.8143
7283.980	3115.7889	53.7057
7286.910	3078.9847	53.5336
7289.840	3060.5332	52.8561
7292.770	3064.9388	52.9198
7295.700	3082.3015	53.9104
7298.630	3108.5104	78.9115
7301.560	3090.8424	53.0106
7304.490	3071.8066	53.8606
7307.420	3050.6385	54.7785
7310.350	3054.5953	52.1993
7313.280	3075.1201	54.5177
7316.210	3091.9641	55.6905
7319.140	3076.9654	53.0565
7322.070	3060.1826	55.2163
7325.000	3055.0071	54.2125
7327.930	3065.8972	53.9230
7330.860	3060.7033	51.7819
7333.790	3053.8577	51.9240
7336.720	3043.3014	52.5738
7339.650	3035.2385	53.1254
7342.580	3041.2068	54.1632
7345.510	3040.6207	55.9292
7348.440	3048.1693	52.5853
7351.370	3042.7041	54.6591
7354.300	3021.9957	52.7744
7357.230	3010.5952	54.5647
7360.160	3018.9827	51.9563
7363.090	3027.2009	52.6016
7366.020	3031.9779	53.3790
7368.950	3032.2711	52.2718
7371.880	3036.6838	51.9432
7374.810	3050.4476	60.7114
7377.740	3025.9187	51.5163
7380.670	3003.4001	59.5882
7383.600	3006.3486	51.8383
7386.530	2995.6765	77.6357
7389.460	2985.8528	53.2080
7392.390	2966.3632	51.4471
7395.320	2970.6575	52.3763
7398.250	2996.5904	52.1459
7401.180	3001.4252	52.5790
7404.110	2979.7351	52.3104
7407.040	2958.6740	52.2748
7409.970	2937.1518	51.2381
7412.900	2955.0295	50.6310
7415.830	2962.5101	50.5099
7418.760	2949.8072	76.0524
7421.690	2933.5007	51.4765
7424.620	2943.4915	50.8780
7427.550	2964.2143	57.2802
7430.480	2971.0229	52.7496
7433.410	2958.4889	52.0167
7436.340	2952.1467	53.2327
7439.270	2938.2227	54.3163
7442.200	2907.9306	51.1694
7445.130	2900.9945	49.8818
7448.060	2908.4622	52.8960
7450.990	2903.7301	51.1094
7453.920	2896.1747	50.9781
7456.850	2889.9907	50.4636
7459.780	2884.5614	50.3243
7462.710	2885.6500	50.6659
7465.640	2897.8610	50.5361
7468.570	2894.4825	51.6126
7471.500	2889.3378	50.5479
7474.430	2886.6902	51.6701
7477.360	2877.4752	50.9019
7480.290	2891.0297	52.2055
7483.220	2892.7297	51.7937
7486.150	2888.0346	52.5272
7489.080	2877.1134	52.2795
7492.010	2867.9277	65.6449
7494.940	2858.4550	49.3851
7497.870	2852.5438	53.7715
7500.800	2854.0853	52.9856
7503.730	2844.2850	49.5531
7506.660	2840.3463	50.5603
7509.590	2842.3777	49.9017
7512.520	2827.7682	50.0177
7515.450	2832.9463	49.0991
7518.380	2860.0965	51.7867
7521.310	2861.7223	52.6917
7524.240	2842.9601	49.2120
7527.170	2840.3999	51.7405
7530.100	2817.3402	49.8776
7533.030	2822.5104	49.4541
7535.960	2851.4069	49.7134
7538.890	2850.9475	49.7408
7541.820	2818.3948	49.0631
7544.750	2803.1119	50.4639
7547.680	2808.1917	51.0634
7550.610	2824.2870	53.3098
7553.540	2798.0657	50.7384
7556.470	2805.8712	50.8566
7559.400	2807.4035	49.4443
7562.330	2774.0770	49.2501
7565.260	2770.2847	49.1891
7568.190	2787.0263	49.1139
7571.120	2801.0103	50.1095
7574.050	2795.1442	49.9918
7576.980	2797.5687	48.9437
7579.910	2774.9495	49.7031
7582.840	2761.3759	49.6332
7585.770	2774.1401	49.7005
7588.700	2755.7809	49.2358
7591.630	2739.2934	52.0682
7594.560	2750.8842	55.6770
7597.490	2753.6595	55.9685
7600.420	2702.4853	55.5635
7603.350	2691.3274	56.8856
7606.280	2723.1390	55.9240
7609.210	2712.3172	56.4051
7612.140	2694.3197	55.0013
7615.070	2717.0331	51.7669
7618.000	2735.0584	50.3973
7620.930	2789.8437	53.3036
7623.860	2992.4362	164.3798
7626.790	2849.3177	85.0481
7629.720	2815.2908	78.6771
7632.650	2799.5017	70.2253
7635.580	2746.3940	56.2749
7638.510	2773.9553	60.3849
7641.440	2787.0891	62.7089
7644.370	2759.3032	50.0243
7647.300	2786.5062	52.2865
7650.230	2789.2662	58.2370
7653.160	2739.9082	56.2278
7656.090	2726.3069	51.9457
7659.020	2702.5784	48.6278
7661.950	2664.1831	48.5125
7664.880	2653.4161	47.8547
7667.810	2650.2016	46.9976
7670.740	2646.6395	48.2100
7673.670	2672.9292	49.5733
7676.600	2674.2051	49.1241
7679.530	2671.8600	49.0550
7682.460	2656.5224	47.7305
7685.390	2626.9152	47.2291
7688.320	2618.5688	45.2813
7691.250	2625.8088	46.3439
7694.180	2633.5091	48.1665
7697.110	2628.5640	46.9457
7700.040	2627.2343	46.6659
7702.970	2645.7111	47.3685
7705.900	2635.6360	47.8681
7708.830	2622.5601	47.2232
7711.760	2618.4045	47.9338
7714.690	2625.1291	46.1667
7717.620	2624.2967	47.6997
7720.550	2627.0460	45.8349
7723.480	2623.3156	45.7548
7726.410	2643.4699	46.9024
7729.340	2644.8027	46.8500
7732.270	2633.4728	47.5139
7735.200	2609.8575	45.6048
7738.130	2618.2026	46.2377
7741.060	2605.2579	47.2460
7743.990	2598.4766	46.5213
7746.920	2591.7493	47.0553
7749.850	2602.0604	45.2902
7752.780	2589.4266	44.9223
7755.710	2608.9025	45.5195
7758.640	2606.6568	46.1547
7761.570	2605.6920	46.0501
7764.500	2577.2945	46.6855
7767.430	2501.0596	45.9930
7770.360	2431.8565	44.5099
7773.290	2369.4561	43.1464
7776.220	2415.2512	44.4616
7779.150	2523.7173	49.7722
7782.080	2549.0008	46.0694
7785.010	2554.2584	45.2723
7787.940	2547.0465	45.7039
7790.870	2525.3797	49.2174
7793.800	2532.2320	47.2542
7796.730	2553.1133	46.3470
7799.660	2557.5017	46.2533
7802.590	2542.9592	46.0348
7805.520	2532.3998	49.1093
7808.450	2545.7935	46.2636
7811.380	2568.9390	45.7611
7814.310	2572.4346	45.5333
7817.240	2555.8623	44.8955
7820.170	2546.7666	45.6688
7823.100	2533.9695	45.6194
7826.030	2522.0401	45.5540
7828.960	2527.7240	46.7761
7831.890	2521.5066	46.7617
7834.820	2526.2987	46.8748
7837.750	2498.6096	44.4463
7840.680	2488.0738	45.5168
7843.610	2481.7934	44.5148
7846.540	2474.4066	44.3343
7849.470	2479.6004	44.0490
7852.400	2502.3418	45.4444
7855.330	2502.1140	44.5064
7858.260	2481.1565	43.9056
7861.190	2484.4035	44.4882
7864.120	2484.0380	44.8395
7867.050	2493.0278	44.3642
7869.980	2466.1899	45.0332
7872.910	2445.7441	44.1149
7875.840	2437.5748	44.1202
7878.770	2435.0098	44.6228
7881.700	2454.5732	44.4039
7884.630	2469.7883	45.3360
7887.560	2456.5957	44.2274
7890.490	2448.4599	45.3154
7893.420	2429.6036	48.5573
7896.350	2430.1576	43.9511
7899.280	2451.8017	42.1617
7902.210	2453.7260	43.2531
7905.140	2452.5314	44.4802
7908.070	2438.1499	45.1830
7911.000	2452.1928	48.1844
7913.930	2451.4322	45.7012
7916.860	2442.0227	45.2530
7919.790	2446.6239	45.0975
7922.720	2436.4439	45.1702
7925.650	2413.0018	44.6107
7928.580	2402.4262	44.3213
7931.510	2404.3954	42.2970
7934.440	2399.0576	44.4616
7937.370	2406.8574	45.4024
7940.300	2400.9526	43.6656
7943.230	2395.9140	43.2360
7946.160	2406.3363	44.0753
7949.090	2396.5259	43.1296
7952.020	2389.0555	45.3008
7954.950	2390.0941	43.7702
7957.880	2413.5143	45.0861
7960.810	2396.6572	43.1200
7963.740	2381.9119	42.3306
7966.670	2385.3144	44.6146
7969.600	2373.6750	42.8827
7972.530	2404.2166	54.5415
7975.460	2382.3803	44.6993
7978.390	2381.7571	42.7671
7981.320	2381.8912	43.9683
7984.250	2404.7986	44.5497
7987.180	2395.4859	43.2345
7990.110	2381.8658	42.9420
7993.040	2369.5774	43.6365
7995.970	2370.5749	44.6628
7998.900	2353.9663	41.9486
8001.830	2336.8141	42.7133
8004.760	2335.1378	42.0718
8007.690	2347.4525	43.4780
8010.620	2337.9394	42.2468
8013.550	2360.4763	43.9462
8016.480	2366.9068	42.8633
8019.410	2386.4676	44.7459
8022.340	2358.6577	43.9016
8025.270	2344.9461	42.7161
8028.200	2349.5962	43.6012
8031.130	2322.5465	42.8207
8034.060	2311.7925	42.7470
8036.990	2315.6503	43.0849
8039.920	2327.2793	41.7676
8042.850	2337.6548	43.9961
8045.780	2325.1570	42.3565
8048.710	2300.2031	41.8460
8051.640	2315.8422	43.5349
8054.570	2278.7037	42.7745
8057.500	2290.0580	42.8653
8060.430	2277.9943	42.1150
8063.360	2307.3409	42.4886
8066.290	2323.5634	41.0387
8069.220	2307.0136	42.6594
8072.150	2292.6603	42.3178
8075.080	2307.3386	42.5424
8078.010	2300.0294	42.8482
8080.940	2277.8029	43.0511
8083.870	2295.7494	43.9029
8086.800	2286.0990	41.1140
8089.730	2290.7350	41.8727
8092.660	2282.3624	41.8443
8095.590	2284.8111	41.5512
8098.520	2285.4488	41.9038
8101.450	2281.3521	42.2260
8104.380	2264.2474	41.3549
8107.310	2251.2668	41.2431
8110.240	2257.3402	42.8282
8113.170	2280.8696	43.5298
8116.100	2262.8074	41.7134
8119.030	2251.4743	43.9736
8121.960	2249.4086	40.6247
8124.890	2240.8497	40.9998
8127.820	2236.9828	40.6573
8130.750	2252.2418	41.5321
8133.680	2226.4661	40.3256
8136.610	2216.5330	42.3312
8139.540	2216.4810	41.3471
8142.470	2215.7314	40.3654
8145.400	2218.5197	41.4638
8148.330	2222.7306	40.6738
8151.260	2207.8098	40.3584
8154.190	2211.6233	41.6112
8157.120	2221.4641	41.1377
8160.050	2221.1563	44.7236
8162.980	2199.9148	43.6148
8165.910	2186.4140	41.1579
8168.840	2204.6320	47.1072
8171.770	2223.1389	40.3507
8174.700	2219.6113	40.4655
8177.630	2192.1721	41.8621
8180.560	2150.0124	40.6731
8183.490	2135.0566	40.1767
8186.420	2147.6079	40.1094
8189.350	2147.1754	39.2166
8192.280	2151.4888	38.2866
8195.210	2140.9910	39.2910
8198.140	2104.0264	38.9549
8201.070	2121.8306	39.5299
8204.000	2136.8871	39.3621
8206.930	2143.2609	38.2503
8209.860	2145.2480	47.9922
8212.790	2122.9423	38.4403
8215.720	2116.2402	39.4760
8218.650	2126.2159	39.8361
8221.580	2147.0991	40.5009
8224.510	2115.2990	46.0332
8227.440	2104.3734	40.7171
8230.370	2107.5462	42.1280
8233.300	2116.3769	41.1077
8236.230	2123.2841	41.0805
8239.160	2132.0299	39.9598
8242.090	2127.3136	37.8933
8245.020	2132.0385	39.7223
8247.950	2111.1845	38.4718
8250.880	2093.8828	40.4412
8253.810	2127.0262	39.8428
8256.740	2132.3806	40.4370
8259.670	2107.7683	39.5096
8262.600	2105.9073	47.2790
8265.530	2145.0143	39.1851
8268.460	2143.7551	39.5952
8271.390	2112.2550	39.0222
8274.320	2090.6847	40.2121
8277.250	2097.1700	38.6703
8280.180	2113.4093	38.6869
8283.110	2058.4402	38.3408
8286.040	2098.6658	38.8881
8288.970	2107.2708	38.9706
8291.900	2101.5631	39.6086
8294.830	2133.5406	49.1247
8297.760	2081.9628	39.2906
8300.690	2073.8201	39.7103
8303.620	2101.2808	38.8371
8306.550	2079.7363	37.5802
8309.480	2089.2885	39.7858
8312.410	2089.6237	36.8770
8315.340	2071.6482	39.3772
8318.270	2076.3589	39.1644
8321.200	2103.2370	39.5698
8324.130	2096.9676	39.6887
8327.060	2072.9914	38.6284
8329.990	2044.9039	38.1792
8332.920	2019.8715	37.6434
8335.850	2007.1672	37.8532
8338.780	2022.9305	37.6376
8341.710	2046.2233	37.6470
8344.640	2070.6797	39.1721
8347.570	2065.5289	39.3409
8350.500	2051.8265	39.7505
8353.430	2058.1205	40.2629
8356.360	2048.4179	42.7925
8359.290	2048.3096	39.1548
8362.220	2056.1484	39.2783
8365.150	2040.7210	38.8857
8368.080	2036.3970	39.3846
8371.010	2040.1961	39.6855
8373.940	2054.4246	39.5189
8376.870	2059.7603	37.8029
8379.800	2051.8051	38.2523
8382.730	2047.9382	39.2164
8385.660	2034.4315	39.2161
8388.590	2056.9492	39.9042
8391.520	2056.4082	40.0104
8394.450	2005.6887	38.9491
8397.380	2004.0439	38.9692
8400.310	2002.0634	37.2533
8403.240	2035.9733	40.8602
8406.170	2053.4624	39.1091
8409.100	2043.3780	40.5694
8412.030	2013.5506	37.5586
8414.960	2016.7734	38.6679
8417.890	2012.7511	37.5878
8420.820	2012.5705	37.9546
8423.750	2018.1902	45.2101
8426.680	2007.7669	37.9889
8429.610	1987.8369	38.0660
8432.540	1974.2774	38.4506
8435.470	1967.0510	37.9915
8438.400	1972.9528	37.1926
8441.330	1953.8055	38.2432
8444.260	1905.4195	36.7074
8447.190	1906.4817	36.7472
8450.120	1961.7533	39.5642
8453.050	1970.2587	37.4432
8455.980	1982.9918	37.7008
8458.910	1970.6606	39.3732
8461.840	1962.9943	39.2776
8464.770	1953.5501	37.1374
8467.700	1967.2493	37.5706
8470.630	1973.4548	38.1845
8473.560	1971.4410	38.3562
8476.490	2009.5968	38.7145
8479.420	2002.9707	36.8746
8482.350	1997.9745	38.4874
8485.280	1981.7580	37.4642
8488.210	1976.3859	38.3504
8491.140	1971.7823	38.1363
8494.070	1919.4273	39.2414
8497.000	1840.8756	37.3332
8499.930	1836.6478	36.5352
8502.860	1872.8089	35.9509
8505.790	1904.2819	39.2988
8508.720	1920.0442	36.5666
8511.650	1932.4157	36.5018
8514.580	1949.3941	37.5298
8517.510	1966.2584	42.0287
8520.440	1967.0616	37.6636
8523.370	1960.5355	36.9874
8526.300	1942.8111	37.4986
8529.230	1952.4719	38.1171
8532.160	1934.2434	36.9185
8535.090	1867.5540	37.1258
8538.020	1789.8076	39.0758
8540.950	1714.6236	39.3351
8543.880	1732.1093	36.9738
8546.810	1810.6573	35.5216
8549.740	1849.0197	36.8874
8552.670	1902.3793	37.2395
8555.600	1899.0032	36.5980
8558.530	1931.8401	36.9427
8561.460	1954.2457	36.9677
8564.390	1968.5110	37.3634
8567.320	2005.6764	37.8701
8570.250	1982.7092	38.5685
8573.180	2002.5999	38.5652
8576.110	1971.1546	38.3584
8579.040	1952.6701	37.6258
8581.970	1912.2607	37.2528
8584.900	1878.5779	37.2138
8587.830	1873.9711	37.2701
8590.760	1859.1700	37.3035
8593.690	1775.8944	37.3133
8596.620	1749.4946	34.9539
8599.550	1766.4864	34.6305
8602.480	1805.4790	35.2318
8605.410	1848.6808	35.2680
8608.340	1885.1344	36.6151
8611.270	1917.9058	37.5589
8614.200	1937.2978	43.0766
8617.130	1964.2243	39.3566
8620.060	1957.9847	40.7010
8622.990	1968.4381	38.1487
8625.920	1930.5536	37.9499
8628.850	1936.3755	36.9033
8631.780	1946.6436	36.9000
8634.710	1932.6327	37.3253
8637.640	1941.9766	38.4083
8640.570	1947.6306	42.5494
8643.500	1903.7776	37.2593
8646.430	1866.9942	36.0105
8649.360	1816.2322	35.0053
8652.290	1785.1469	35.9100
8655.220	1742.5570	36.5620
8658.150	1666.7296	37.3795
8661.080	1578.2513	35.5682
8664.010	1567.3576	32.9985
8666.940	1603.5365	34.0127
8669.870	1689.4541	34.7838
8672.800	1753.1527	35.5852
8675.730	1809.5406	34.8652
8678.660	1815.9549	35.2335
8681.590	1833.5737	36.8887
8684.520	1845.1643	35.9361
8687.450	1888.4598	36.7429
8690.380	1907.0332	35.7959
8693.310	1937.4455	37.6519
8696.240	1930.2990	37.7385
8699.170	1934.2658	38.1678
8702.100	1946.6018	37.4987
8705.030	1930.2322	37.8280
8707.960	1936.6441	36.5528
8710.890	1942.3453	36.3486
8713.820	1914.1490	41.0841
8716.750	1932.1486	39.4419
8719.680	1914.7382	39.0968
8722.610	1873.8562	35.9814
8725.540	1864.9888	35.8379
8728.470	1868.5492	36.4391
8731.400	1836.7348	36.1097
8734.330	1776.9514	35.2623
8737.260	1752.3796	35.4179
8740.190	1692.0245	35.2066
8743.120	1631.1156	34.8379
8746.050	1547.6706	32.6634
8748.980	1508.3646	29.8792
8751.910	1532.7866	30.1206
8754.840	1618.3958	33.0896
8757.770	1683.7943	34.6422
8760.700	1740.9529	36.0263
8763.630	1785.8531	36.5748
8766.560	1817.8702	35.8383
8769.490	1811.9782	37.5298
8772.420	1817.2275	37.4643
8775.350	1874.3306	36.3571
8778.280	1876.3520	35.7879
8781.210	1894.9914	37.3941
8784.140	1937.1992	38.1794
8787.070	1905.9864	37.3614
8790.000	1909.4656	36.7216
8792.930	1912.5179	38.2955
8795.860	1918.0000	47.3586
8798.790	1920.3551	36.8857
8801.720	1926.3185	37.9303
8804.650	1885.9827	40.0143
8807.580	1926.6772	38.1319
8810.510	1929.9104	37.1172
8813.440	1939.5712	38.0202
8816.370	1921.6602	37.3068
8819.300	1909.2717	37.5682
8822.230	1876.3477	40.3884
8825.160	1862.0279	38.1180
8828.090	1844.3135	36.8469
8831.020	1831.2431	36.0230
8833.950	1805.2798	35.1713
8836.880	1794.9412	35.7470
8839.810	1796.5447	35.6428
8842.740	1778.9654	35.9665
8845.670	1738.7553	35.8450
8848.600	1675.4687	35.9962
8851.530	1615.9899	34.9250
8854.460	1535.3110	34.0528
8857.390	1476.4103	33.1128
8860.320	1418.6485	29.5130
8863.250	1396.7613	27.9020
8866.180	1449.1215	31.2148
8869.110	1552.0012	33.8015
8872.040	1618.6244	34.7786
8874.970	1650.4558	34.1266
8877.900	1709.3397	35.2602
8880.830	1717.8790	33.4407
8883.760	1770.8205	35.0240
8886.690	1800.9858	35.7707
8889.620	1800.3134	35.0397
8892.550	1813.1407	36.9437
8895.480	1837.3409	38.1763
8898.410	1838.4475	37.2797
8901.340	1835.7555	35.5621
8904.270	1844.5826	35.2868
8907.200	1830.9808	34.9856
8910.130	1816.6434	36.5522
8913.060	1837.1424	37.9739
8915.990	1874.5026	37.2061
8918.920	1887.9786	38.9385
8921.850	1862.0455	37.9685
8924.780	1821.9794	38.2017
8927.710	1828.1638	38.2852
8930.640	1820.1895	35.3326
8933.570	1839.7474	35.9943
8936.500	1905.0228	38.7713
8939.430	1892.6553	39.1688
8942.360	1880.2635	37.1982
8945.290	1866.8145	36.3958
8948.220	1865.4681	37.4600
8951.150	1857.0406	37.4602
8954.080	1873.1071	38.3992
8957.010	1864.8278	51.1000
8959.940	1910.2211	39.1299
8962.870	1844.9046	37.8167
8965.800	1818.8324	36.3660
8968.730	1803.9546	35.9679
8971.660	1776.3657	35.1630
8974.590	1774.6774	35.6564
8977.520	1739.4081	35.9438
8980.450	1761.4970	36.6734
8983.380	1748.5991	37.5600
8986.310	1698.0232	36.3724
8989.240	1670.1729	36.3534
8992.170	1626.8091	36.1244
8995.100	1598.9203	33.1104
8998.030	1584.0107	33.2871
9000.960	1554.0005	33.4161
9003.890	1516.1258	33.8761
9006.820	1441.5080	33.8107
9009.750	1367.6179	31.9796
9012.680	1298.3409	28.9517
9015.610	1276.2046	28.6400
9018.540	1343.3874	29.9802
9021.470	1448.2308	33.3006
9024.400	1525.1249	34.1722
9027.330	1568.1869	33.7605
9030.260	1605.8494	34.9083
9033.190	1634.1238	33.5920
9036.120	1620.9616	35.0303
9039.050	1640.7254	34.2393
9041.980	1658.7200	33.3564
9044.910	1685.4620	33.8415
9047.840	1709.7477	34.8631
9050.770	1697.8321	34.2315
9053.700	1732.1366	33.9264
9056.630	1693.0666	34.5450
9059.560	1634.4796	34.9801
9062.490	1637.5511	36.0400
9065.420	1682.4808	34.5961
9068.350	1739.2259	36.7414
9071.280	1747.9843	36.5886
9074.210	1744.7003	37.1137
9077.140	1727.4980	35.4767
9080.070	1744.6815	36.4149
9083.000	1740.9416	36.2509
9085.930	1719.9666	36.8631
9088.860	1725.8708	37.5453
9091.790	1704.6161	35.3653
9094.720	1703.4771	35.1229
9097.650	1741.5393	36.1943
9100.580	1747.4161	38.3067
9103.510	1726.5697	38.6622
9106.440	1714.8323	36.2868
9109.370	1722.4792	37.4267
9112.300	1729.6098	37.0162
9115.230	1751.8507	35.8271
9118.160	1760.9077	35.3207
9121.090	1753.7977	35.5570
9124.020	1776.5684	37.6789
9126.950	1744.5244	37.7336
9129.880	1719.6197	38.5008
9132.810	1719.3487	37.3284
9135.740	1704.1399	36.9130
9138.670	1769.0772	38.5141
9141.600	1800.3862	37.4874
9144.530	1774.0401	36.7220
9147.460	1762.6005	38.4318
9150.390	1748.4708	40.1099
9153.320	1722.9336	41.8109
9156.250	1737.8468	38.3004
9159.180	1740.3003	36.7678
9162.110	1720.3471	37.3353
9165.040	1723.4027	37.7747
9167.970	1739.3993	37.8830
9170.900	1725.0501	37.8019
9173.830	1677.0354	37.5044
9176.760	1649.7044	35.4292
9179.690	1637.1027	35.7857
9182.620	1661.9312	38.0006
9185.550	1705.3005	36.0027
9188.480	1702.1747	37.4508
9191.410	1677.7707	36.3219
9194.340	1624.0906	36.1501
9197.270	1598.1125	36.3569
9200.200	1599.4076	71.3993
9203.130	1588.7237	35.1785
9206.060	1549.8931	33.6068
9208.990	1506.0233	32.4014
9211.920	1435.3535	30.1600
9214.850	1389.7235	29.9276
9217.780	1344.0114	30.7022
9220.710	1282.9652	31.2443
9223.640	1202.7698	29.6458
9226.570	1149.5131	26.8227
9229.500	1172.1610	26.7831
9232.430	1231.5855	28.5733
9235.360	1289.0482	30.1463
9238.290	1351.6416	29.8443
9241.220	1400.9469	32.4862
9244.150	1426.8517	33.7320
9247.080	1450.4591	33.5744
9250.010	1505.7912	33.6521
9252.940	1521.4564	33.0255
9255.870	1525.1975	32.9236
9258.800	1517.4512	32.4981
9261.730	1510.5673	32.6445
9264.660	1537.4198	32.7584
9267.590	1584.0643	34.4684
9270.520	1598.3621	35.3746
9273.450	1585.4989	36.0391
9276.380	1583.7626	38.1703
9279.310	1603.1722	36.3970
9282.240	1616.9177	35.5293
9285.170	1657.8470	42.0371
9288.100	1674.9379	36.5926
9291.030	1653.8143	36.3967
9293.960	1651.8229	36.2311
9296.890	1623.8194	37.6739
9299.820	1648.1734	37.3220
9302.750	1637.1724	36.7253
9305.680	1634.5479	37.2971
9308.610	1640.9817	39.4038
9311.540	1639.8391	39.4086
9314.470	1635.5953	41.2783
9317.400	1649.7544	41.1400
9320.330	1605.3059	40.7881
9323.260	1604.6451	42.4153
9326.190	1602.3293	42.5336
9329.120	1568.4084	39.2505
9332.050	1552.4856	37.9383
9334.980	1578.0579	43.0774
9337.910	1618.4460	44.1328
9340.840	1629.4603	45.5663
9343.770	1588.3622	47.0190
9346.700	1598.9652	45.7659
9349.630	1594.6508	41.1795
9352.560	1550.8660	41.4877
9355.490	1570.5329	46.1821
9358.420	1592.9952	42.5007
9361.350	1609.6061	39.3721
9364.280	1623.0699	39.8398
9367.210	1645.0967	41.6231
9370.140	1571.3314	42.2200
9373.070	1570.3054	41.9922
9376.000	1585.8842	44.0897
9378.930	1587.0530	45.1260
9381.860	1552.1756	40.9362
9384.790	1561.6689	38.4731
9387.720	1568.8766	37.2532
9390.650	1588.9785	38.1008
9393.580	1587.8386	37.1403
9396.510	1584.4228	36.5760
9399.440	1567.1777	37.9348
9402.370	1496.7661	37.5881
9405.300	1489.6410	37.3732
9408.230	1491.8820	37.3666
9411.160	1466.0535	37.9571
9414.090	1477.5061	36.6640
9417.020	1512.0985	36.2015
9419.950	1527.1319	37.2987
9422.880	1565.7694	37.9862
9425.810	1561.4074	40.4904
9428.740	1524.4240	39.7961
9431.670	1562.2287	38.3978
9434.600	1546.5492	37.3454
9437.530	1530.7747	40.5371
9440.460	1505.2281	41.3853
9443.390	1479.5548	41.8840
9446.320	1526.3490	40.2188
9449.250	1540.6510	38.4424
9452.180	1535.8449	37.5609
9455.110	1523.3086	38.2013
9458.040	1472.8303	39.7377
9460.970	1505.9317	40.7488
9463.900	1544.3305	39.5421
9466.830	1534.8113	38.0585
9469.760	1532.0417	38.3212
9472.690	1498.0597	36.8232
9475.620	1514.2710	38.7560
9478.550	1520.3590	39.2301
9481.480	1507.3580	41.4158
9484.410	1486.3435	38.3826
9487.340	1485.1483	37.3536
9490.270	1460.9098	36.8503
9493.200	1442.5876	37.7410
9496.130	1422.5296	40.1594
9499.060	1420.3334	41.1897
9501.990	1468.3196	38.7247
9504.920	1458.1904	36.0232
9507.850	1462.9976	34.7798
9510.780	1439.0403	35.5563
9513.710	1402.6935	36.6649
9516.640	1370.0829	37.4853
9519.570	1338.2297	37.0352
9522.500	1301.7715	35.8918
9525.430	1288.5086	34.7688
9528.360	1313.4112	34.1419
9531.290	1262.0023	33.3534
9534.220	1208.1217	30.5562
9537.150	1177.5002	31.3372
9540.080	1081.7271	30.1551
9543.010	1025.6380	29.9584
9545.940	1021.3027	28.5843
9548.870	1066.5776	29.8888
9551.800	1129.2089	31.7346
9554.730	1179.1479	34.3635
9557.660	1223.1154	34.2538
9560.590	1283.9150	34.5928
9563.520	1296.3724	34.9335
9566.450	1286.1896	34.8727
9569.380	1335.3654	34.8416
9572.310	1371.1568	33.7468
9575.240	1416.6030	33.0179
9578.170	1412.9164	36.2738
9581.100	1382.9754	36.7053
9584.030	1386.5557	37.9882
9586.960	1387.5400	39.4542
9589.890	1354.9395	40.5657
9592.820	1392.9218	38.9202
9595.750	1388.2933	36.1609
9598.680	1413.8473	35.6643
9601.610	1452.8797	37.6909
9604.540	1446.0540	39.2257
9607.470	1455.6618	38.9093
9610.400	1462.8765	40.0702
9613.330	1444.4924	39.0364
9616.260	1383.1418	38.5081
9619.190	1342.0469	38.9300
9622.120	1392.0689	41.0458
9625.050	1425.9267	41.2265
9627.980	1442.9637	40.6814
9630.910	1430.5002	38.1389
9633.840	1428.0218	38.1844
9636.770	1405.6465	39.6793
9639.700	1392.8167	39.4190
9642.630	1423.7260	41.6006
9645.560	1397.2853	39.1100
9648.490	1405.5327	38.6801
9651.420	1429.5245	39.6776
9654.350	1409.1126	40.5990
9657.280	1399.3122	40.0184
9660.210	1385.6735	42.3427
9663.140	1401.0160	40.6034
9666.070	1412.8303	40.0190
9669.000	1410.5833	41.0235
9671.930	1428.2290	40.5802
9674.860	1424.3739	40.4425
9677.790	1410.2355	41.6684
9680.720	1390.4570	41.8333
9683.650	1381.9518	41.2869
9686.580	1385.5867	41.0814
9689.510	1395.1585	41.1133
9692.440	1403.1313	42.2097
9695.370	1383.7344	42.2317
9698.300	1381.7897	41.8624
9701.230	1401.9266	41.6334
