3298.680	28443.7433	152.6187
3301.060	28347.6529	187.5567
3303.440	28327.5443	169.1360
3305.820	28464.4869	140.9914
3308.200	28438.5991	136.8671
3310.580	28101.7103	153.8518
3312.960	28065.8148	146.5712
3315.340	28042.6701	145.8627
3317.720	27997.5900	156.0946
3320.100	27845.7960	185.9326
3322.480	27843.7110	145.0985
3324.860	27738.2090	130.3299
3327.240	27489.1439	134.1157
3329.620	27330.6446	130.5547
3332.000	27153.9978	148.7592
3334.380	27080.4210	136.6176
3336.760	26954.3711	127.5785
3339.140	26736.3100	124.8611
3341.520	26654.5317	120.7954
3343.900	26792.8028	126.2808
3346.280	27048.2670	109.3194
3348.660	27242.1643	133.0781
3351.040	26877.4456	121.0598
3353.420	26404.2855	137.0472
3355.800	26144.9176	168.5038
3358.180	26253.3850	148.7199
3360.560	26777.9370	163.4900
3362.940	26622.3879	128.8740
3365.320	26298.7080	136.1868
3367.700	26312.1619	129.6124
3370.080	26397.6334	132.7883
3372.460	26546.4212	134.3004
3374.840	26562.7713	135.1975
3377.220	26238.6320	166.2750
3379.600	26333.4345	98.5148
3381.980	26303.3551	102.5769
3384.360	26207.9522	107.8135
3386.740	26135.2654	140.6583
3389.120	26164.7203	121.2878
3391.500	26144.1596	109.8848
3393.880	26271.1327	138.8281
3396.260	26152.0211	109.2398
3398.640	25934.3379	145.4526
3401.020	25830.8660	154.5690
3403.400	25771.7429	115.8499
3405.780	25722.5451	102.8453
3408.160	25732.8688	93.9612
3410.540	25790.3513	103.5010
3412.920	25621.2926	120.4972
3415.300	25575.9000	108.8594
3417.680	25378.8100	127.7497
3420.060	25325.3123	139.9526
3422.440	25382.9247	118.6323
3424.820	25467.2955	91.8614
3427.200	25407.7080	92.4595
3429.580	25217.7142	124.8591
3431.960	25054.5682	138.0624
3434.340	25039.2501	135.7658
3436.720	24938.9982	139.9455
3439.100	24950.9972	121.3613
3441.480	24993.0745	132.1030
3443.860	24721.5702	121.8637
3446.240	24605.2389	97.8355
3448.620	24406.6044	136.6989
3451.000	24462.8953	131.0027
3453.380	24483.4111	122.6771
3455.760	24553.1922	110.9747
3458.140	24627.3947	93.3152
3460.520	24626.7658	102.2362
3462.900	24595.9461	100.3427
3465.280	24408.6304	142.9006
3467.660	24325.9929	127.2274
3470.040	24217.7406	136.4212
3472.420	24238.4801	109.7699
3474.800	24283.8803	104.3073
3477.180	24045.8416	124.2682
3479.560	23801.8907	148.4557
3481.940	23708.6413	128.4421
3484.320	23690.0668	107.9335
3486.700	23682.7181	116.0973
3489.080	23906.3628	102.7790
3491.460	23917.1228	109.3542
3493.840	23757.7144	90.7344
3496.220	23647.5161	98.8241
3498.600	23554.5294	89.6969
3500.980	23424.2995	120.6709
3503.360	23386.4519	127.2078
3505.740	23432.9700	115.9919
3508.120	23353.7960	98.1200
3510.500	23293.1596	92.6880
3512.880	23231.0385	96.1733
3515.260	23170.5255	94.2911
3517.640	23286.6889	75.5126
3520.020	23276.6855	83.7881
3522.400	23310.5101	96.0589
3524.780	23270.8055	139.6285
3527.160	22950.3631	87.0832
3529.540	22744.4963	83.3976
3531.920	22731.6953	90.3810
3534.300	22798.8433	80.6670
3536.680	22872.0861	81.5673
3539.060	22850.2309	85.4971
3541.440	22870.3046	94.3379
3543.820	22794.5914	100.7608
3546.200	22674.3476	113.3757
3548.580	22571.7542	97.7294
3550.960	22387.5529	103.7493
3553.340	22180.2651	105.7837
3555.720	21967.0078	110.0455
3558.100	21990.6952	114.0084
3560.480	22172.7549	103.2687
3562.860	22310.3326	84.8873
3565.240	22257.5901	87.4357
3567.620	22217.1128	76.4005
3570.000	22038.7187	110.0657
3572.380	22014.0703	87.5681
3574.760	22068.4842	88.3708
3577.140	22042.2109	95.5261
3579.520	22104.4053	102.5326
3581.900	21861.8284	97.5108
3584.280	21596.3199	99.3956
3586.660	21380.5618	92.8216
3589.040	21408.3837	85.6112
3591.420	21520.7985	95.5768
3593.800	21537.7158	122.7664
3596.180	21534.0222	131.6093
3598.560	21607.2670	117.9439
3600.940	21657.0781	87.3115
3603.320	21580.6925	82.0368
3605.700	21633.6653	89.0033
3608.080	21452.1491	77.1028
3610.460	21244.1067	98.8749
3612.840	21039.7208	126.6763
3615.220	21038.2048	111.1140
3617.600	21272.5527	74.8912
3619.980	21282.0855	101.4738
3622.360	21224.6619	91.9550
3624.740	21059.6623	129.4707
3627.120	20914.6957	122.0476
3629.500	20686.5312	99.8962
3631.880	20489.9158	106.7798
3634.260	20303.9352	99.4652
3636.640	20285.2926	96.5061
3639.020	20520.7811	86.9782
3641.400	20823.0138	85.4626
3643.780	20838.4199	87.0198
3646.160	20782.8848	82.0701
3648.540	20704.4868	85.6086
3650.920	20625.0263	69.0858
3653.300	20596.1124	91.4072
3655.680	20552.4295	91.6540
3658.060	20468.4889	86.3929
3660.440	20451.3640	71.1140
3662.820	20369.6462	68.5759
3665.200	20305.0237	70.7127
3667.580	20298.1166	71.2971
3669.960	20261.8552	84.7213
3672.340	20213.6363	104.0940
3674.720	20232.3928	92.6992
3677.100	20204.1844	81.8870
3679.480	20224.1441	74.3369
3681.860	20186.5395	77.4512
3684.240	20131.8846	81.3078
3686.620	20073.9690	86.1987
3689.000	19930.9346	85.1887
3691.380	19816.8511	85.0563
3693.760	19619.9292	87.6718
3696.140	19569.9271	83.7395
3698.520	19372.2673	80.4997
3700.900	19071.9707	113.5317
3703.280	18839.3086	90.7801
3705.660	18753.0729	81.1492
3708.040	18816.2331	68.1688
3710.420	18872.1911	76.7190
3712.800	19007.0623	91.2081
3715.180	19208.9861	102.8956
3717.560	19367.5538	76.9968
3719.940	19418.5398	100.9087
3722.320	19333.4566	74.5453
3724.700	19359.4823	85.2486
3727.080	19501.3023	100.4919
3729.460	19501.5961	91.8771
3731.840	19182.1427	101.5757
3734.220	19048.4000	93.9383
3736.600	19297.0487	76.7459
3738.980	19644.1617	117.2813
3741.360	19983.2141	110.8765
3743.740	19916.3930	69.0541
3746.120	19238.6480	81.7361
3748.500	18471.0069	83.1953
3750.880	18285.0997	88.6554
3753.260	18462.3359	143.7836
3755.640	18826.2517	102.6237
3758.020	19307.9041	66.5988
3760.400	19574.8717	69.5183
3762.780	19475.8973	79.0112
3765.160	19069.9545	79.8880
3767.540	18430.7383	76.0472
3769.920	17901.1780	75.2240
3772.300	18034.3867	75.1544
3774.680	18781.2274	72.8924
3777.060	19545.7357	69.3258
3779.440	20073.3463	64.5001
3781.820	20248.2907	70.7446
3784.200	20240.3758	70.5968
3786.580	20088.6826	89.0820
3788.960	19836.8406	71.0802
3791.340	19174.8484	75.1639
3793.720	18239.1129	78.4940
3796.100	17531.2830	80.9898
3798.480	17371.7064	73.7432
3800.860	17863.5948	72.8383
3803.240	18589.1489	72.9503
3805.620	19236.3401	85.1072
3808.000	19582.6746	69.9190
3810.380	19662.8369	80.7171
3812.760	19503.9406	81.7154
3815.140	19152.0495	106.4057
3817.520	18747.8947	102.6191
3819.900	18508.1788	103.3474
3822.280	18692.9718	82.4075
3824.660	18969.8177	67.4845
3827.040	19027.6932	65.7335
3829.420	18473.1577	65.0741
3831.800	17508.0231	67.8640
3834.180	16753.9131	70.9825
3836.560	16812.0288	66.3437
3838.940	17436.6641	79.0548
3841.320	18280.2196	69.2215
3843.700	18867.9939	104.3980
3846.080	19169.4359	104.6845
3848.460	19332.1184	83.2795
3850.840	19310.2176	75.3961
3853.220	19297.9525	65.8240
3855.600	19262.1627	60.4698
3857.980	19234.5246	71.4832
3860.360	19155.6708	66.6152
3862.740	18854.6189	112.0038
3865.120	18711.1467	115.7727
3867.500	18703.2188	74.4149
3869.880	18660.9041	78.6171
3872.260	18677.3653	58.4460
3874.640	18768.9440	67.0309
3877.020	18713.7475	64.0680
3879.400	18546.0918	68.9963
3881.780	18077.1532	71.9236
3884.160	17169.9230	75.5231
3886.540	16210.1561	76.9905
3888.920	15714.1354	73.6388
3891.300	16117.5437	57.2081
3893.680	17011.2871	64.8981
3896.060	17872.3501	76.7732
3898.440	18384.8348	63.1305
3900.820	18612.5869	56.8048
3903.200	18654.1123	54.3484
3905.580	18608.2398	57.7905
3907.960	18635.3175	61.3444
3910.340	18518.0781	83.9493
3912.720	18409.4091	90.8259
3915.100	18281.2206	83.3754
3917.480	18194.4024	76.5720
3919.860	17977.2692	74.9461
3922.240	17678.5166	74.4146
3924.620	17603.7768	70.2316
3927.000	17689.1006	82.1874
3929.380	17735.6991	81.9384
3931.760	17728.1271	149.8001
3934.140	17873.2941	160.7869
3936.520	17921.9149	110.6119
3938.900	17953.6348	90.2377
3941.280	17939.0382	79.4134
3943.660	17901.2129	95.2910
3946.040	17897.4883	65.5514
3948.420	17792.3928	79.2781
3950.800	17728.0295	82.1210
3953.180	17721.6665	90.3542
3955.560	17575.8688	80.0662
3957.940	17345.4554	84.7562
3960.320	17007.5819	87.0181
3962.700	16459.4186	70.3656
3965.080	15583.3509	99.8255
3967.460	14801.7548	128.1956
3969.840	14591.0495	132.6609
3972.220	14929.4260	73.8844
3974.600	15713.7754	79.8087
3976.980	16497.5272	85.6169
3979.360	16901.5741	103.1786
3981.740	17132.4444	105.3573
3984.120	17309.6013	71.9268
3986.500	17317.6029	65.3484
3988.880	17253.9415	70.7131
3991.260	17205.8687	67.7841
3993.640	17153.1102	61.4302
3996.020	17085.7946	64.0788
3998.400	17055.0147	63.2107
4000.780	16977.4417	66.9345
4003.160	16834.8735	69.7404
4005.540	16662.1882	61.0691
4007.920	16599.1847	51.6842
4010.300	16625.6153	57.5337
4012.680	16684.6654	55.3896
4015.060	16765.9006	54.2503
4017.440	16743.3195	49.0460
4019.820	16448.4418	55.3445
4022.200	15902.3767	69.0100
4024.580	15415.5070	78.0729
4026.960	15224.6258	56.5877
4029.340	15496.3819	48.2118
4031.720	15983.0421	42.7986
4034.100	16345.0909	42.3770
4036.480	16424.9409	48.5572
4038.860	16389.4522	53.7479
4041.240	16398.4059	52.0742
4043.620	16470.8488	61.3389
4046.000	16439.9174	49.3227
4048.380	16460.6073	50.3395
4050.760	16455.0024	57.9507
4053.140	16409.5268	54.7244
4055.520	16361.5232	49.5050
4057.900	16258.1026	51.9084
4060.280	16183.3975	51.5441
4062.660	16132.1829	48.8714
4065.040	15953.2950	50.3056
4067.420	15744.8871	52.0709
4069.800	15594.3149	54.2625
4072.180	15538.0685	54.3785
4074.560	15614.0545	56.8665
4076.940	15726.4093	59.0596
4079.320	15747.7567	55.4459
4081.700	15711.0362	53.0647
4084.080	15514.4350	51.3221
4086.460	15266.0657	57.6861
4088.840	15006.3476	61.1524
4091.220	14762.9855	58.8283
4093.600	14407.4329	58.9016
4095.980	13771.0271	68.0024
4098.360	12932.9508	80.1664
4100.740	12437.7506	80.0364
4103.120	12711.2660	60.5726
4105.500	13470.7187	54.8725
4107.880	14288.6578	48.0740
4110.260	14873.2664	50.4246
4112.640	14998.0724	47.5087
4115.020	14843.2237	48.0238
4117.400	14737.6492	46.7223
4119.780	14778.5401	49.1674
4122.160	14950.1657	45.8878
4124.540	15174.3697	54.7901
4126.920	15365.1866	53.6678
4129.300	15402.1809	49.2223
4131.680	15443.2726	53.6866
4134.060	15398.7601	57.3067
4136.440	15211.1772	56.9405
4138.820	14992.8508	53.9888
4141.200	14776.6736	59.4890
4143.580	14717.5164	55.5005
4145.960	14662.0673	46.5547
4148.340	14748.5458	49.5463
4150.720	14897.1718	52.7060
4153.100	15018.3301	51.7256
4155.480	15050.9142	54.9180
4157.860	15014.8682	52.8176
4160.240	14988.0305	53.7176
4162.620	14935.5346	57.3852
4165.000	14882.6335	51.9216
4167.380	14830.4346	53.2056
4169.760	14833.9532	42.0147
4172.140	14806.6062	49.0992
4174.520	14801.3470	53.6482
4176.900	14735.0616	44.4152
4179.280	14666.9913	46.1985
4181.660	14628.5782	42.1958
4184.040	14553.5132	43.1560
4186.420	14490.5252	47.1789
4188.800	14488.9411	55.1130
4191.180	14440.1135	61.9391
4193.560	14383.5364	52.1892
4195.940	14223.0133	54.4423
4198.320	14113.2750	61.1641
4200.700	14035.7014	55.0003
4203.080	14073.0128	45.9569
4205.460	14186.6587	49.1933
4207.840	14268.7017	43.4682
4210.220	14260.8789	47.9980
4212.600	14258.7463	48.5101
4214.980	14280.4666	49.3379
4217.360	14230.3506	42.8825
4219.740	14137.0858	46.0345
4222.120	14149.1547	40.0415
4224.500	14228.9694	64.2615
4226.880	14174.6542	43.6158
4229.260	14139.4238	42.9788
4231.640	14020.2403	60.9059
4234.020	14028.0229	47.1345
4236.400	14040.0933	42.7522
4238.780	13966.3025	42.1978
4241.160	13943.1960	44.3983
4243.540	13907.9818	44.7356
4245.920	13905.1203	42.9554
4248.300	13882.3558	46.6167
4250.680	13839.2414	47.1261
4253.060	13763.0198	46.1104
4255.440	13725.4996	46.3076
4257.820	13778.9307	44.0382
4260.200	13783.6788	43.9009
4262.580	13753.0647	45.0951
4264.960	13676.0302	48.9848
4267.340	13631.8314	47.4377
4269.720	13617.4223	48.0481
4272.100	13617.5668	54.2305
4274.480	13527.5112	43.4093
4276.860	13456.7133	43.6907
4279.240	13408.6445	43.8993
4281.620	13384.7866	43.0661
4284.000	13363.3700	45.8374
4286.380	13357.9444	46.1959
4288.760	13328.1396	50.8006
4291.140	13271.8421	44.4537
4293.520	13282.4108	47.7631
4295.900	13295.9014	51.1616
4298.280	13329.9854	50.8448
4300.660	13341.4772	48.2148
4303.040	13325.2592	46.0013
4305.420	13259.1285	41.5790
4307.800	13284.7375	56.0914
4310.180	13245.5000	64.1132
4312.560	13094.6900	49.0053
4314.940	12988.7777	55.4002
4317.320	12837.1504	75.9216
4319.700	12865.0836	59.7882
4322.080	12909.4100	49.9910
4324.460	12933.0171	60.7135
4326.840	12821.5577	48.5159
4329.220	12677.5748	50.3059
4331.600	12427.6821	58.1847
4333.980	12009.8660	53.8504
4336.360	11422.3865	60.3855
4338.740	10918.3711	78.2914
4341.120	10697.5379	66.0758
4343.500	10854.7813	43.6246
4345.880	11391.2472	41.1937
4348.260	11943.1524	38.4898
4350.640	12299.0394	39.4513
4353.020	12467.8277	37.0393
4355.400	12594.9085	35.0037
4357.780	12637.7721	34.9830
4360.160	12638.2033	39.7299
4362.540	12617.5204	41.1325
4364.920	12584.0821	40.0101
4367.300	12526.7986	44.7750
4369.680	12500.6423	46.6139
4372.060	12487.0349	43.2090
4374.440	12464.5917	43.3877
4376.820	12464.7159	47.5737
4379.200	12405.5026	49.5738
4381.580	12284.0940	47.7734
4383.960	12121.8478	48.8184
4386.340	12016.4924	54.1483
4388.720	11932.2121	45.5359
4391.100	11969.0478	36.5565
4393.480	12105.8939	39.6681
4395.860	12240.2329	39.3630
4398.240	12325.4747	36.8719
4400.620	12354.9985	36.3604
4403.000	12344.5063	46.1704
4405.380	12318.1415	37.1798
4407.760	12277.9606	37.1184
4410.140	12179.5415	41.0876
4412.520	12102.0551	40.2311
4414.900	12054.7147	36.1805
4417.280	12025.3617	41.5703
4419.660	12014.3815	38.0263
4422.040	12021.3370	40.8807
4424.420	12029.1549	41.3770
4426.800	12006.6727	37.5839
4429.180	11958.3350	37.9691
4431.560	11930.6703	40.2640
4433.940	11904.5771	38.0085
4436.320	11855.2175	39.6735
4438.700	11851.9089	36.7777
4441.080	11807.8472	42.7163
4443.460	11824.8406	35.5053
4445.840	11799.2303	37.6084
4448.220	11721.1909	39.7033
4450.600	11743.4509	38.4601
4452.980	11797.3321	37.5864
4455.360	11827.4710	37.9469
4457.740	11779.7220	40.3172
4460.120	11703.9263	35.3184
4462.500	11579.6492	34.1698
4464.880	11335.5830	42.1329
4467.260	10942.0991	57.0875
4469.640	10591.4014	54.6258
4472.020	10440.4607	38.8046
4474.400	10601.0065	28.8162
4476.780	10963.2929	32.3956
4479.160	11262.6378	32.9535
4481.540	11408.6240	33.0267
4483.920	11457.0653	32.9378
4486.300	11464.9258	33.5528
4488.680	11458.2584	34.3283
4491.060	11468.0198	34.3574
4493.440	11474.9843	42.7873
4495.820	11485.1294	39.2096
4498.200	11492.8643	39.8441
4500.580	11453.6110	40.4290
4502.960	11405.2948	39.9224
4505.340	11302.1238	42.2361
4507.720	11181.4302	40.0099
4510.100	11073.2320	36.8182
4512.480	10961.4168	35.3951
4514.860	10945.3768	33.3427
4517.240	10975.3381	35.9299
4519.620	11030.7879	34.6736
4522.000	11036.3632	39.8709
4524.380	11051.0412	33.4545
4526.760	11045.4255	35.8915
4529.140	11013.6246	39.0390
4531.520	10960.4927	44.3541
4533.900	10909.9383	44.6706
4536.280	10849.2344	47.5840
4538.660	10706.1398	51.3315
4541.040	10609.1616	41.9198
4543.420	10593.0425	36.9808
4545.800	10617.3616	37.8375
4548.180	10635.2599	34.1938
4550.560	10673.5488	33.3637
4552.940	10686.6194	32.7389
4555.320	10730.0696	30.7330
4557.700	10778.8637	30.6354
4560.080	10824.7941	32.8317
4562.460	10798.8536	32.3046
4564.840	10725.8007	30.9351
4567.220	10702.1419	32.4180
4569.600	10640.3331	31.1602
4571.980	10645.4180	34.7752
4574.360	10684.1939	34.7338
4576.740	10718.6764	34.7745
4579.120	10715.8338	36.9910
4581.500	10694.5082	36.5104
4583.880	10678.7601	34.7047
4586.260	10634.5072	35.7782
4588.640	10586.8747	39.4029
4591.020	10559.0008	35.3468
4593.400	10521.5370	31.3422
4595.780	10494.8945	34.3683
4598.160	10498.3601	30.7205
4600.540	10498.8723	32.8095
4602.920	10477.3878	35.1013
4605.300	10460.6204	40.2469
4607.680	10410.2644	38.7304
4610.060	10389.0771	36.1263
4612.440	10403.5096	33.1866
4614.820	10401.0456	32.2203
4617.200	10411.4314	33.1411
4619.580	10418.3520	31.2753
4621.960	10397.9527	32.7125
4624.340	10355.3919	33.7292
4626.720	10313.9740	33.3728
4629.100	10253.9831	34.8705
4631.480	10162.1808	35.6363
4633.860	10109.0492	30.1853
4636.240	10025.8791	28.6520
4638.620	9946.2711	32.8474
4641.000	9837.1547	37.3375
4643.380	9629.6972	31.2041
4645.760	9485.4512	28.8721
4648.140	9476.2359	27.7833
4650.520	9450.4141	34.2363
4652.900	9543.3566	34.1036
4655.280	9748.6615	31.5420
4657.660	9881.3870	33.6277
4660.040	9965.8632	31.9982
4662.420	10044.1046	31.2693
4664.800	10071.8056	35.7300
4667.180	10050.3033	35.3410
4669.560	10036.0673	35.6404
4671.940	9974.0612	32.7277
4674.320	9916.7926	38.1276
4676.700	9889.7837	40.3870
4679.080	9821.4768	42.8922
4681.460	9701.3778	54.6186
4683.840	9589.9786	55.4482
4686.220	9503.3255	55.8530
4688.600	9506.8193	46.4954
4690.980	9615.6138	27.1791
4693.360	9728.5884	27.4411
4695.740	9751.1681	25.9584
4698.120	9755.5853	24.8967
4700.500	9733.8712	26.6291
4702.880	9701.3501	31.8654
4705.260	9643.4161	35.0608
4707.640	9540.4269	29.3077
4710.020	9477.6132	33.3178
4712.400	9421.4086	37.1412
4714.780	9393.9501	31.0511
4717.160	9425.6374	28.5488
4719.540	9534.0171	29.6258
4721.920	9598.7191	31.9438
4724.300	9606.2163	31.9735
4726.680	9609.5312	33.8453
4729.060	9622.1932	35.5430
4731.440	9593.6581	36.9414
4733.820	9563.5683	32.6286
4736.200	9539.5988	32.7295
4738.580	9516.7106	27.7585
4740.960	9506.5697	31.3857
4743.340	9506.9344	32.2901
4745.720	9490.8823	36.1007
4748.100	9476.6680	32.9278
4750.480	9456.7013	33.3483
4752.860	9411.9129	32.7217
4755.240	9381.3034	35.1391
4757.620	9365.6485	29.4123
4760.000	9336.6576	31.6082
4762.380	9328.3655	33.6760
4764.760	9339.0208	32.1388
4767.140	9316.1026	32.2942
4769.520	9273.8493	36.6983
4771.900	9255.2128	32.7015
4774.280	9257.2886	30.0443
4776.660	9237.3149	28.9955
4779.040	9205.9956	28.1808
4781.420	9183.7023	29.1681
4783.800	9172.8979	29.5911
4786.180	9191.8971	27.7245
4788.560	9173.2091	27.9217
4790.940	9109.7213	28.5532
4793.320	9104.7630	27.0015
4795.700	9107.8813	29.7756
4798.080	9070.8548	30.2481
4800.460	9060.3627	29.2578
4802.840	9051.4381	30.7428
4805.220	9044.6289	31.8420
4807.600	9019.0927	32.4599
4809.980	8995.2383	32.9733
4812.360	8992.9300	27.7142
4814.740	8959.3938	26.7602
4817.120	8928.2600	29.3230
4819.500	8901.4678	31.6589
4821.880	8917.4076	33.1536
4824.260	8945.6665	29.8842
4826.640	8964.0170	30.0184
4829.020	8913.0365	34.0191
4831.400	8881.3997	33.9835
4833.780	8866.7262	32.4103
4836.160	8832.6275	33.1118
4838.540	8838.0447	31.0204
4840.920	8830.3035	31.2772
4843.300	8778.7290	35.8944
4845.680	8708.7024	38.5639
4848.060	8658.4621	35.1145
4850.440	8584.8498	35.0475
4852.820	8376.8209	36.9442
4855.200	8000.6541	38.3102
4857.580	7529.1943	45.3891
4859.960	7204.0693	45.2828
4862.340	7170.7073	40.4200
4864.720	7418.7177	23.7061
4867.100	7833.5996	22.0527
4869.480	8202.5488	22.5781
4871.860	8387.4564	23.9925
4874.240	8472.9618	25.0548
4876.620	8485.5319	27.7838
4879.000	8517.7779	28.5303
4881.380	8534.3329	29.2203
4883.760	8495.3741	31.7407
4886.140	8513.3148	28.0001
4888.520	8529.2088	31.3551
4890.900	8496.7106	28.0729
4893.280	8466.4732	28.0673
4895.660	8442.4173	30.3093
4898.040	8437.8777	32.4533
4900.420	8447.3667	28.3734
4902.800	8441.1432	28.6068
4905.180	8419.6825	29.8045
4907.560	8395.8543	29.5539
4909.940	8364.1790	28.1572
4912.320	8307.3824	27.5917
4914.700	8221.6904	28.0843
4917.080	8071.2228	36.4464
4919.460	7961.4293	42.3949
4921.840	7895.5409	36.4105
4924.220	7859.8983	25.2216
4926.600	7955.1109	25.7570
4928.980	8094.5386	26.0939
4931.360	8216.9711	23.8408
4933.740	8272.0819	27.6786
4936.120	8276.2507	33.4654
4938.500	8283.1639	29.4814
4940.880	8196.1153	30.2711
4943.260	8175.4855	27.8670
4945.640	8185.0056	24.3102
4948.020	8200.4343	26.2400
4950.400	8183.5974	30.7185
4952.780	8171.9242	27.9219
4955.160	8178.8954	28.3249
4957.540	8150.5721	28.2732
4959.920	8119.1933	25.8768
4962.300	8098.3139	26.5562
4964.680	8084.2188	26.3531
4967.060	8072.1568	25.7420
4969.440	8074.5727	26.3535
4971.820	8086.2920	26.4626
4974.200	8061.1830	27.4283
4976.580	8056.0277	29.0122
4978.960	8035.9170	31.7620
4981.340	8024.2843	30.6182
4983.720	7975.5096	28.0187
4986.100	7936.5461	27.9713
4988.480	7926.5768	28.3290
4990.860	7924.4296	25.4498
4993.240	7923.3035	26.7048
4995.620	7901.1476	26.1910
4998.000	7851.5498	26.5453
5000.380	7834.3275	26.2990
5002.760	7819.2662	28.0472
5005.140	7769.7659	28.8254
5007.520	7701.3269	27.6878
5009.900	7642.9491	30.1470
5012.280	7570.3825	28.8643
5014.660	7516.6271	27.7344
5017.040	7484.4615	23.8002
5019.420	7530.5184	25.0013
5021.800	7602.2088	26.8274
5024.180	7646.9559	28.3986
5026.560	7675.1700	26.4101
5028.940	7682.2280	25.5354
5031.320	7666.6903	28.0183
5033.700	7673.2308	29.2928
5036.080	7639.4095	30.2888
5038.460	7591.6334	29.1570
5040.840	7543.7188	28.3061
5043.220	7520.6172	27.2391
5045.600	7491.8459	28.2374
5047.980	7473.8948	28.1041
5050.360	7464.2896	24.3888
5052.740	7495.5045	25.4370
5055.120	7522.4806	26.6115
5057.500	7508.1647	26.7497
5059.880	7497.0650	26.8273
5062.260	7490.5562	24.3331
5064.640	7497.7648	24.3341
5067.020	7500.6614	28.7686
5069.400	7489.1602	26.6381
5071.780	7465.5484	26.6573
5074.160	7452.6269	27.7466
5076.540	7444.1112	26.6094
5078.920	7451.1251	26.7961
5081.300	7417.3869	24.7845
5083.680	7407.2296	25.2729
5086.060	7404.2041	25.5406
5088.440	7382.1699	26.5543
5090.820	7348.8241	26.4935
5093.200	7328.6949	26.5789
5095.580	7333.1730	27.4162
5097.960	7329.0574	29.2624
5098.200	7341.5099	23.7879
5100.340	7322.6411	28.0774
5101.130	7354.2735	29.7044
5102.720	7304.3775	27.2250
5104.060	7336.8097	27.5812
5105.100	7290.9468	25.0124
5106.990	7318.0106	23.0989
5107.480	7282.2491	22.8515
5109.860	7267.8063	23.2782
5109.920	7323.0016	24.0708
5112.240	7250.2143	21.1703
5112.850	7308.2760	23.4980
5114.620	7224.9328	25.7840
5115.780	7285.6700	26.9471
5117.000	7225.0734	25.6589
5118.710	7249.2996	27.2256
5119.380	7226.0010	25.8054
5121.640	7236.7189	25.4377
5121.760	7217.6037	27.6932
5124.140	7196.5284	24.8588
5124.570	7201.8369	31.0091
5126.520	7182.5532	24.1308
5127.500	7208.0781	22.0588
5128.900	7184.5256	21.1172
5130.430	7192.8024	21.9883
5131.280	7169.3819	26.7361
5133.360	7172.4864	25.0001
5133.660	7156.0903	25.8220
5136.040	7131.3924	25.5068
5136.290	7139.8554	24.9354
5138.420	7117.1196	25.7031
5139.220	7100.9758	25.9073
5140.800	7113.0133	27.5118
5142.150	7116.8539	25.1236
5143.180	7097.0839	27.8373
5145.080	7106.5978	25.8454
5145.560	7089.8555	28.0708
5147.940	7076.0938	28.4066
5148.010	7086.1123	26.0675
5150.320	7070.2917	24.6808
5150.940	7075.4759	20.3020
5153.870	7068.2957	24.1046
5156.800	7067.8047	22.6131
5159.730	7034.9852	24.1331
5162.660	7025.5443	25.4235
5165.590	6938.2202	41.4351
5168.520	6969.6153	32.1491
5171.450	6999.2690	23.1168
5174.380	7036.2144	26.3461
5177.310	7019.0418	30.1136
5180.240	6927.4829	25.2925
5183.170	6920.3797	33.5933
5186.100	6957.8617	26.9803
5189.030	6934.5433	25.6921
5191.960	6891.6981	23.7902
5194.890	6886.1096	22.2836
5197.820	6893.0035	22.2839
5200.750	6859.8134	24.0150
5203.680	6842.5145	21.3713
5206.610	6836.5610	25.2093
5209.540	6839.0436	22.4159
5212.470	6829.0023	27.3742
5215.400	6765.6040	22.2114
5218.330	6758.4122	21.1528
5221.260	6763.0892	20.8486
5224.190	6724.7764	21.2608
5227.120	6744.8530	24.8191
5230.050	6746.4970	21.9630
5232.980	6713.3440	21.3173
5235.910	6704.6734	22.8148
5238.840	6715.2039	25.1457
5241.770	6682.0968	22.6565
5244.700	6663.5673	19.7148
5247.630	6655.1505	19.8643
5250.560	6630.7233	21.8606
5253.490	6618.6564	21.1301
5256.420	6631.2765	19.5871
5259.350	6617.2372	18.5906
5262.280	6554.3737	23.7239
5265.210	6553.1688	22.1622
5268.140	6539.3166	19.4831
5271.070	6549.6000	22.7623
5274.000	6553.1351	22.8365
5276.930	6530.7138	21.7981
5279.860	6505.0249	17.4335
5282.790	6487.5336	18.0094
5285.720	6492.0365	20.2134
5288.650	6480.1681	18.9856
5291.580	6453.3358	19.6864
5294.510	6440.5278	20.0346
5297.440	6438.9861	19.9150
5300.370	6435.3528	19.5734
5303.300	6417.4198	20.9703
5306.230	6411.4765	18.6158
5309.160	6387.0622	18.7905
5312.090	6354.9752	17.8528
5315.020	6337.0422	19.1359
5317.950	6347.7046	21.1295
5320.880	6338.2833	21.3094
5323.810	6327.7920	22.0386
5326.740	6287.8901	23.2909
5329.670	6295.6202	22.2672
5332.600	6305.8515	21.1417
5335.530	6288.3730	19.1638
5338.460	6265.3702	20.8901
5341.390	6236.7858	20.0943
5344.320	6244.3901	19.9330
5347.250	6235.0417	19.2629
5350.180	6220.6574	19.0251
5353.110	6188.6056	21.8743
5356.040	6185.5954	20.5213
5358.970	6181.6130	18.0446
5361.900	6167.1858	21.0833
5364.830	6164.0867	20.2713
5367.760	6154.6304	17.7123
5370.690	6111.2070	18.8299
5373.620	6126.9254	20.8142
5376.550	6133.9065	21.7561
5379.480	6095.2254	17.0022
5382.410	6057.2875	19.1239
5385.340	6057.1511	17.4478
5388.270	6051.5871	16.8940
5391.200	6027.6067	18.6089
5394.130	6006.1545	17.9321
5397.060	5999.8341	17.7609
5399.990	5962.4997	18.3893
5402.920	5915.6403	19.9796
5405.850	5861.9185	21.0290
5408.780	5792.4377	19.6820
5411.710	5763.3550	19.2214
5414.640	5788.3233	19.4999
5417.570	5835.4962	16.8322
5420.500	5874.3305	17.3983
5423.430	5894.1493	16.5519
5426.360	5901.2170	18.6889
5429.290	5884.6915	16.6746
5432.220	5885.7571	16.4004
5435.150	5888.6378	17.8199
5438.080	5851.4553	17.7932
5441.010	5849.3010	18.2976
5443.940	5825.1760	19.2396
5446.870	5819.1238	16.1184
5449.800	5796.3832	16.7790
5452.730	5776.0821	14.8360
5455.660	5763.1351	13.7443
5458.590	5761.0455	14.5253
5461.520	5744.7452	14.1435
5464.450	5721.9815	13.9535
5467.380	5726.7634	14.7490
5470.310	5723.0448	15.7668
5473.240	5718.6049	15.7159
5476.170	5708.8736	16.7452
5479.100	5685.0696	16.7244
5482.030	5665.2626	15.6398
5484.960	5641.9303	14.6789
5487.890	5638.1037	13.5581
5490.820	5634.5378	15.5155
5493.750	5625.5807	15.6443
5496.680	5633.4800	15.8195
5499.610	5623.4856	14.6151
5502.540	5607.9224	14.5310
5505.470	5587.8714	15.2536
5508.400	5567.8948	17.0455
5511.330	5560.8420	18.1668
5514.260	5552.3059	16.2115
5517.190	5555.3600	15.5802
5520.120	5551.3510	15.9048
5523.050	5546.1943	16.2994
5525.980	5539.1418	14.7602
5528.910	5516.2470	15.8138
5531.840	5486.3153	18.2110
5534.770	5486.6471	17.8477
5537.700	5469.2278	17.6952
5540.630	5461.8817	16.0908
5543.560	5449.5393	14.2585
5546.490	5437.7730	15.0482
5549.420	5435.5790	15.3561
5552.350	5433.1533	15.1712
5555.280	5414.9419	16.0260
5558.210	5403.2394	16.3722
5561.140	5393.3717	16.9391
5564.070	5384.3590	16.7151
5567.000	5385.6614	14.8056
5569.930	5376.8012	14.4957
5572.860	5363.4373	15.8616
5575.790	5326.1561	18.8310
5578.720	5314.8023	17.1384
5581.650	5317.6919	16.0724
5584.580	5304.5220	17.3453
5587.510	5281.2475	17.6373
5590.440	5256.0986	16.4418
5593.370	5229.5914	15.7172
5596.300	5232.8959	15.6135
5599.230	5247.2579	15.2668
5602.160	5251.3142	14.7390
5605.090	5240.0920	15.8192
5608.020	5227.8736	17.1752
5610.950	5217.8533	16.0368
5613.880	5215.7967	14.9576
5616.810	5207.6173	15.9264
5619.740	5209.4786	14.6533
5622.670	5204.2989	14.3117
5625.600	5193.2543	15.4449
5628.530	5167.0512	16.8344
5631.460	5158.2431	15.9076
5634.390	5157.5525	15.6972
5637.320	5141.2927	16.3676
5640.250	5112.3211	18.5436
5643.180	5105.2846	15.7076
5646.110	5096.5347	15.3932
5649.040	5089.7556	15.7546
5651.970	5089.4857	14.3818
5654.900	5088.6343	14.3503
5657.830	5080.7225	15.8597
5660.760	5072.4051	14.9465
5663.690	5063.6704	14.2343
5666.620	5042.9734	14.2328
5669.550	5024.0342	14.4923
5672.480	4997.4377	15.3451
5675.410	4984.0418	16.8537
5678.340	4970.5132	16.8517
5681.270	4966.8122	17.5257
5684.200	4970.1968	14.8325
5687.130	4993.3469	15.3850
5690.060	4999.9992	14.3140
5692.990	4987.6121	15.0753
5695.920	4970.6083	14.7582
5698.850	4958.6791	14.7184
5701.780	4951.6141	14.2961
5704.710	4943.1333	15.1179
5707.640	4930.0615	17.8957
5710.570	4916.3663	16.6078
5713.500	4894.1765	16.2833
5716.430	4886.1906	16.1104
5719.360	4872.2866	15.7028
5722.290	4865.5875	14.3488
5725.220	4872.9430	14.2780
5728.150	4858.5490	13.1299
5731.080	4847.8628	13.3982
5734.010	4824.4373	12.5284
5736.940	4814.0091	13.2699
5739.870	4799.6349	12.1607
5742.800	4789.6975	14.0182
5745.730	4791.8299	13.6803
5748.660	4788.1061	14.3593
5751.590	4793.3072	13.8593
5754.520	4778.4119	15.1566
5757.450	4760.6866	15.2110
5760.380	4752.8750	15.0413
5763.310	4750.5066	13.9069
5766.240	4736.4054	14.4756
5769.170	4725.7900	14.1589
5772.100	4721.2254	13.1004
5775.030	4709.1566	12.7945
5777.960	4710.3709	12.4751
5780.890	4709.8990	13.0660
5783.820	4697.0523	14.1929
5786.750	4684.4522	13.9827
5789.680	4667.9215	14.3909
5792.610	4649.6011	13.4696
5795.540	4628.8522	13.7551
5798.470	4612.2249	13.8250
5801.400	4601.8106	14.7979
5804.330	4586.7079	14.9381
5807.260	4588.1771	15.7392
5810.190	4581.7274	14.7660
5813.120	4583.8556	13.5094
5816.050	4581.9868	13.5105
5818.980	4590.5406	12.7276
5821.910	4592.5189	12.9632
5824.840	4586.7310	12.9275
5827.770	4571.7054	13.7586
5830.700	4552.3468	13.8233
5833.630	4551.0476	12.7762
5836.560	4544.3915	12.8513
5839.490	4521.0628	13.9840
5842.420	4514.7590	12.6386
5845.350	4507.8637	12.9339
5848.280	4498.1073	13.0815
5851.210	4494.2230	14.2463
5854.140	4496.6182	15.4753
5857.070	4484.8078	15.7430
5860.000	4460.9216	15.2205
5862.930	4432.0072	14.5501
5865.860	4359.8308	14.3611
5868.790	4218.9277	15.5890
5871.720	4066.1405	26.1265
5874.650	3983.4617	28.5395
5877.580	3988.3610	19.1779
5880.510	4099.0679	11.1794
5883.440	4231.9908	11.0722
5886.370	4302.9855	15.9256
5889.300	4312.4464	21.7405
5892.230	4307.1545	19.5666
5895.160	4314.9171	16.5955
5898.090	4329.9145	13.1567
5901.020	4339.3025	14.0449
5903.950	4349.0903	14.3492
5906.880	4343.1678	14.0505
5909.810	4336.4165	13.6185
5912.740	4329.9970	12.7377
5915.670	4324.8756	12.2756
5918.600	4320.2841	13.0172
5921.530	4303.5924	14.6460
5924.460	4301.2330	14.8952
5927.390	4292.4366	14.8496
5930.320	4287.8288	13.8506
5933.250	4284.3155	12.9497
5936.180	4273.0107	12.1346
5939.110	4261.7843	11.4471
5942.040	4248.8987	14.1681
5944.970	4243.9850	14.7883
5947.900	4238.6739	13.6559
5950.830	4243.4165	13.3711
5953.760	4236.7747	13.1098
5956.690	4223.1889	13.5076
5959.620	4214.7393	11.9552
5962.550	4207.5611	11.7312
5965.480	4199.3685	12.1653
5968.410	4187.9078	13.1909
5971.340	4173.6030	14.3169
5974.270	4174.8112	14.2912
5977.200	4170.7030	14.4794
5980.130	4156.8119	13.4671
5983.060	4150.8635	13.4508
5985.990	4139.7115	13.7930
5988.920	4131.4916	12.8808
5991.850	4120.9025	13.3949
5994.780	4114.1187	13.3432
5997.710	4108.2190	14.0710
6000.640	4096.4826	15.3976
6003.570	4090.6525	15.3666
6006.500	4091.6127	14.9436
6009.430	4082.0012	14.7236
6012.360	4077.6517	12.8061
6015.290	4071.8831	12.2064
6018.220	4061.8035	12.6445
6021.150	4060.5335	12.1916
6024.080	4061.2533	13.2195
6027.010	4049.2503	11.6229
6029.940	4034.6265	12.4738
6032.870	4023.1401	12.2470
6035.800	4013.2747	13.0910
6038.730	4015.3623	10.9311
6041.660	4014.9050	11.5372
6044.590	3996.4048	12.3249
6047.520	3992.0510	12.8518
6050.450	3989.1051	13.0904
6053.380	3975.6544	14.0405
6056.310	3964.1384	13.5444
6059.240	3951.3725	13.1993
6062.170	3950.4906	13.1230
6065.100	3949.0135	12.2132
6068.030	3939.6981	11.7633
6070.960	3929.6662	11.7582
6073.890	3919.1906	11.2846
6076.820	3917.4676	12.0879
6079.750	3906.8295	11.7183
6082.680	3900.0456	11.9149
6085.610	3889.2098	13.2990
6088.540	3887.5393	11.5732
6091.470	3880.9743	12.5651
6094.400	3865.7698	12.3927
6097.330	3864.4978	11.7716
6100.260	3869.6088	12.2022
6103.190	3864.0937	11.6939
6106.120	3847.6999	11.0477
6109.050	3832.5302	11.8690
6111.980	3821.3655	12.0388
6114.910	3817.5038	11.9692
6117.840	3811.2534	12.3343
6120.770	3811.8852	11.6951
6123.700	3802.8856	11.6007
6126.630	3792.4737	11.9902
6129.560	3795.7865	12.0514
6132.490	3800.1475	11.2900
6135.420	3803.6009	11.6256
6138.350	3791.2762	12.5616
6141.280	3783.0504	11.6774
6144.210	3774.6368	11.0283
6147.140	3760.0393	11.6229
6150.070	3757.1033	11.0536
6153.000	3752.1240	10.4090
6155.930	3742.9628	10.8259
6158.860	3738.2752	12.9585
6161.790	3734.5111	14.7498
6164.720	3717.1106	14.0651
6167.650	3707.3138	13.1021
6170.580	3701.2283	10.9962
6173.510	3695.0135	11.3393
6176.440	3684.2927	10.8207
6179.370	3671.9690	10.6478
6182.300	3674.7317	10.6317
6185.230	3675.0009	10.3935
6188.160	3679.1695	11.1707
6191.090	3672.5746	12.4666
6194.020	3660.8397	11.6891
6196.950	3653.4964	11.7439
6199.880	3645.2662	11.0540
6202.810	3642.1421	10.3505
6205.740	3638.8616	10.3914
6208.670	3630.4105	10.7412
6211.600	3621.3199	10.9674
6214.530	3611.5015	11.3336
6217.460	3602.7145	12.1115
6220.390	3592.5883	10.7850
6223.320	3585.0019	10.7063
6226.250	3580.5648	11.2891
6229.180	3571.9075	11.8998
6232.110	3563.1130	10.9535
6235.040	3553.9052	10.5436
6237.970	3547.4857	12.3200
6240.900	3548.4424	11.7258
6243.830	3552.9757	11.3783
6246.760	3543.9213	11.0104
6249.690	3542.5657	11.1465
6252.620	3536.6855	10.6732
6255.550	3536.2738	10.7550
6258.480	3531.1795	10.1238
6261.410	3516.5695	10.7829
6264.340	3506.8284	11.8451
6267.270	3497.5666	10.9530
6270.200	3492.4236	11.8680
6273.130	3484.9185	10.9662
6276.060	3488.0214	10.4311
6278.990	3492.4030	10.8588
6281.920	3488.6738	11.4955
6284.850	3484.6948	12.7115
6287.780	3481.2581	11.2122
6290.710	3473.5993	10.2612
6293.640	3471.3680	10.0073
6296.570	3462.0208	10.3115
6299.500	3449.8304	10.3105
6302.430	3439.8119	10.3364
6305.360	3426.5480	11.0847
6308.290	3415.3537	12.1546
6311.220	3406.5287	11.6673
6314.150	3400.1034	13.2371
6317.080	3389.0431	11.7808
6320.010	3378.6989	10.7344
6322.940	3368.0557	11.3761
6325.870	3352.2440	11.6875
6328.800	3344.5892	11.3654
6331.730	3339.2492	9.3623
6334.660	3337.2106	9.7415
6337.590	3345.4805	9.5838
6340.520	3346.6867	9.3715
6343.450	3343.6828	9.2442
6346.380	3339.2211	8.2103
6349.310	3333.5652	9.0817
6352.240	3336.5003	9.0093
6355.170	3340.7454	9.8733
6358.100	3341.1738	9.7129
6361.030	3325.5066	9.0830
6363.960	3309.4346	9.7306
6366.890	3303.9324	10.0608
6369.820	3300.0049	10.9882
6372.750	3292.9899	10.8449
6375.680	3286.9425	10.4963
6378.610	3287.4548	10.4430
6381.540	3282.0562	9.7822
6384.470	3279.7513	9.4692
6387.400	3276.8308	11.2617
6390.330	3269.5454	9.6147
6393.260	3264.2100	9.4585
6396.190	3253.8229	10.1669
6399.120	3242.3697	9.4974
6402.050	3224.7546	9.6965
6404.980	3211.5849	9.7720
6407.910	3202.7111	10.8838
6410.840	3202.8674	10.7866
6413.770	3203.3682	9.9625
6416.700	3210.0636	9.7825
6419.630	3206.2340	9.4839
6422.560	3204.2432	8.6291
6425.490	3203.4267	9.7359
6428.420	3198.8217	9.9252
6431.350	3191.7645	9.3697
6434.280	3187.2755	9.7392
6437.210	3178.7667	11.0559
6440.140	3170.4834	11.9780
6443.070	3163.1560	10.5933
6446.000	3161.1532	10.4233
6448.930	3159.8963	10.4657
6451.860	3155.2977	10.6732
6454.790	3151.4222	9.7943
6457.720	3140.3000	10.9772
6460.650	3138.8340	10.5227
6463.580	3136.6412	9.6035
6466.510	3131.8097	9.3731
6469.440	3125.7041	9.5557
6472.370	3112.9837	9.6728
6475.300	3100.8044	9.3609
6478.230	3097.8406	9.3107
6481.160	3099.4946	9.7161
6484.090	3095.4910	9.6298
6487.020	3092.9348	9.8261
6489.950	3093.3864	9.5451
6492.880	3100.1331	10.8900
6495.810	3093.3676	11.6625
6498.740	3080.7113	10.5822
6501.670	3065.2680	10.2431
6504.600	3053.1635	11.0045
6507.530	3052.1268	10.6015
6510.460	3050.0397	10.5561
6513.390	3047.1308	10.1111
6516.320	3033.5416	10.7422
6519.250	3015.7668	10.7885
6522.180	3006.0478	10.9580
6525.110	3001.5083	10.1429
6528.040	3001.1614	10.0030
6530.970	2998.5046	9.9851
6533.900	2995.5568	9.3633
6536.830	3001.6845	9.5096
6539.760	2999.4715	9.9352
6542.690	2990.0915	11.6492
6545.620	2977.9676	11.5570
6548.550	2961.7024	12.6691
6551.480	2932.7989	15.0373
6554.410	2874.1982	15.6742
6557.340	2760.4589	15.0571
6560.270	2656.6681	17.7581
6563.200	2628.2404	19.2230
6566.130	2703.8877	13.6851
6569.060	2811.8117	14.0601
6571.990	2891.7885	8.6071
6574.920	2909.0500	8.2474
6577.850	2905.6947	8.2095
6580.780	2908.7509	8.2453
6583.710	2913.8109	7.8817
6586.640	2921.7687	8.6833
6589.570	2921.4389	10.4575
6592.500	2921.4810	11.1765
6595.430	2920.6876	9.1670
6598.360	2918.2845	8.9949
6601.290	2915.6287	9.1936
6604.220	2912.8201	8.7621
6607.150	2906.0174	8.9066
6610.080	2896.8589	9.0212
6613.010	2886.7739	9.0665
6615.940	2887.7001	9.4037
6618.870	2885.4012	8.6166
6621.800	2880.3224	8.4312
6624.730	2869.7189	9.1378
6627.660	2863.7469	8.7464
6630.590	2861.7063	9.5841
6633.520	2854.1254	9.9130
6636.450	2850.5569	9.5271
6639.380	2840.1270	9.4083
6642.310	2836.1000	9.7735
6645.240	2827.4119	10.1991
6648.170	2825.2255	8.9950
6651.100	2822.6466	8.4978
6654.030	2815.4179	9.2533
6656.960	2812.7120	8.4443
6659.890	2808.6169	9.0689
6662.820	2799.1454	9.4922
6665.750	2775.3047	10.4788
6668.680	2739.1233	8.7010
6671.610	2688.4249	8.9124
6674.540	2643.0790	14.0230
6677.470	2612.5016	15.9359
6680.400	2591.4990	11.5935
6683.330	2611.6279	9.0022
6686.260	2662.9232	8.5825
6689.190	2712.0895	7.7640
6692.120	2739.0747	7.7487
6695.050	2748.2249	8.8708
6697.980	2747.2759	9.6574
6700.910	2743.7357	9.1196
6703.840	2739.1131	8.9720
6706.770	2737.3474	8.7266
6709.700	2734.4650	9.5207
6712.630	2730.9408	8.7527
6715.560	2727.6628	8.6075
6718.490	2721.1258	9.0013
6721.420	2711.5482	10.3243
6724.350	2709.0056	9.7206
6727.280	2701.5022	9.3415
6730.210	2696.6914	9.7715
6733.140	2692.4547	9.2627
6736.070	2691.7214	8.9267
6739.000	2692.7367	8.1294
6741.930	2690.0588	8.1305
6744.860	2685.2063	8.9455
6747.790	2681.2304	9.2723
6750.720	2676.8808	8.9609
6753.650	2670.2713	9.4326
6756.580	2663.3990	8.0724
6759.510	2659.5877	7.7018
6762.440	2654.8103	7.8426
6765.370	2650.8228	8.4852
6768.300	2645.9548	8.4189
6771.230	2643.3227	8.4053
6774.160	2635.3340	9.0761
6777.090	2631.0287	8.5395
6780.020	2631.1458	8.2160
6782.950	2630.4296	7.7687
6785.880	2623.9708	7.4311
6788.810	2613.5304	8.1130
6791.740	2607.2239	8.4431
6794.670	2609.0924	7.9689
6797.600	2605.6840	7.8676
6800.530	2602.4051	7.8903
6803.460	2595.6822	7.3334
6806.390	2591.7426	7.9634
6809.320	2589.7422	7.8462
6812.250	2589.5565	7.0026
6815.180	2582.7523	7.2106
6818.110	2575.1118	7.4439
6821.040	2567.9568	7.6054
6823.970	2564.1093	8.3209
6826.900	2562.1318	8.7471
6829.830	2555.7439	8.7451
6832.760	2553.1019	8.3801
6835.690	2552.1236	8.1890
6838.620	2549.6365	8.3514
6841.550	2544.7198	7.3865
6844.480	2537.5709	7.7165
6847.410	2532.8230	8.0621
6850.340	2526.1800	8.3082
6853.270	2524.6275	8.8264
6856.200	2516.9925	8.6193
6859.130	2510.8235	9.0338
6862.060	2507.9141	8.3939
6864.990	2505.5567	8.3965
6867.920	2501.3958	8.6370
6870.850	2498.4894	7.9511
6873.780	2496.0780	7.3773
6876.710	2492.4331	7.1635
6879.640	2485.4232	7.7078
6882.570	2469.7374	8.8158
6885.500	2456.7678	9.7832
6888.430	2451.2631	8.9129
6891.360	2446.3903	8.0981
6894.290	2444.2558	7.6331
6897.220	2451.6401	7.2492
6900.150	2458.9470	7.0336
6903.080	2457.7009	7.2619
6906.010	2457.7418	7.2570
6908.940	2452.1788	7.6504
6911.870	2447.6787	7.9434
6914.800	2446.0401	7.5589
6917.730	2438.7930	7.2983
6920.660	2434.8159	7.4879
6923.590	2436.4842	7.1553
6926.520	2432.5594	6.9652
6929.450	2424.9664	6.9423
6932.380	2420.8838	6.9803
6935.310	2419.7367	6.6266
6938.240	2414.7789	7.0937
6941.170	2409.7045	7.0062
6944.100	2411.3664	6.9889
6947.030	2406.7184	7.5513
6949.960	2398.9453	7.7019
6952.890	2394.4355	7.3890
6955.820	2390.3812	7.2373
6958.750	2384.0724	7.0095
6961.680	2381.0413	7.0871
6964.610	2375.3585	7.6095
6967.540	2373.4946	7.5475
6970.470	2372.8541	7.4794
6973.400	2374.5039	7.3249
6976.330	2374.1616	7.3270
6979.260	2369.7163	7.5838
6982.190	2359.0260	7.0213
6985.120	2353.3260	7.2472
6988.050	2349.4565	7.4089
6990.980	2342.3023	7.9448
6993.910	2336.4520	7.9113
6996.840	2336.4605	7.5936
6999.770	2336.1214	7.7055
7002.700	2334.0883	7.7784
7005.630	2330.4944	7.6622
7008.560	2323.6517	7.6055
7011.490	2318.7197	7.3250
7014.420	2319.2714	6.5805
7017.350	2314.5896	6.7829
7020.280	2310.4593	6.9687
7023.210	2307.9784	7.2789
7026.140	2304.1779	7.2192
7029.070	2302.3038	6.9109
7032.000	2302.3846	6.3191
7034.930	2297.9074	6.1685
7037.860	2293.7445	6.1506
7040.790	2289.7410	6.3037
7043.720	2283.3830	6.9577
7046.650	2279.0458	6.7460
7049.580	2273.2492	6.4179
7052.510	2261.1358	6.5268
7055.440	2233.0791	6.7980
7058.370	2195.7868	7.6771
7061.300	2157.2280	8.8491
7064.230	2135.8219	11.0717
7067.160	2129.0317	8.9024
7070.090	2143.2661	6.2710
7073.020	2176.3544	6.4287
7075.950	2212.4938	6.7261
7078.880	2233.7000	6.4920
7081.810	2236.0688	6.1813
7084.740	2230.5987	6.5621
7087.670	2232.1597	6.3755
7090.600	2228.2037	6.3191
7093.530	2224.2134	6.3916
7096.460	2217.9998	6.1919
7099.390	2216.2559	6.1996
7102.320	2215.1269	6.8915
7105.250	2211.2692	7.4273
7108.180	2204.7885	7.2677
7111.110	2201.3109	7.0344
7114.040	2199.2876	6.4959
7116.970	2197.5847	6.7430
7119.900	2196.6568	7.2384
7122.830	2196.3385	7.3235
7125.760	2192.9308	6.8798
7128.690	2186.9431	6.2997
7131.620	2182.7616	6.3039
7134.550	2178.5188	6.4400
7137.480	2175.6444	6.2028
7140.410	2176.2481	6.3055
7143.340	2177.1943	7.2982
7146.270	2173.0761	6.8219
7149.200	2163.7876	7.0304
7152.130	2155.1928	7.0956
7155.060	2149.2343	6.6800
7157.990	2147.2255	6.7662
7160.920	2144.8018	6.6785
7163.850	2137.3550	7.3649
7166.780	2129.0280	7.3245
7169.710	2120.8462	8.1878
7172.640	2112.2224	8.2111
7175.570	2103.4036	7.7321
7178.500	2096.9348	7.3842
7181.430	2097.5897	6.8858
7184.360	2102.7466	6.6334
7187.290	2108.0461	6.3798
7190.220	2108.8465	6.2415
7193.150	2106.0108	6.1169
7196.080	2107.1255	6.1074
7199.010	2107.4981	7.0220
7201.940	2102.1292	6.8234
7204.870	2100.3324	6.4420
7207.800	2097.7473	6.1269
7210.730	2093.9614	6.0671
7213.660	2091.4714	6.1891
7216.590	2089.0530	6.1520
7219.520	2095.4207	6.7749
7222.450	2093.2597	8.9467
7225.380	2087.7041	8.4482
7228.310	2079.7460	6.9493
7231.240	2072.3940	6.4352
7234.170	2073.8717	6.3331
7237.100	2073.3406	6.2143
7240.030	2069.3582	6.4366
7242.960	2066.1341	6.8165
7245.890	2061.8162	7.2718
7248.820	2060.7859	6.8888
7251.750	2055.9490	6.7812
7254.680	2048.3942	6.4825
7257.610	2043.8911	6.1741
7260.540	2040.6180	5.7893
7263.470	2035.4257	6.2271
7266.400	2028.6902	6.3083
7269.330	2015.9650	6.8484
7272.260	2000.9179	6.7880
7275.190	1982.2917	6.5555
7278.120	1972.6118	7.1497
7281.050	1968.5913	7.6969
7283.980	1968.3483	6.6112
7286.910	1968.2914	6.7372
7289.840	1975.0371	7.1255
7292.770	1983.8256	6.6828
7295.700	1990.0886	6.7318
7298.630	1993.0501	6.6635
7301.560	1991.7338	6.5995
7304.490	1993.0286	6.5248
7307.420	1988.9621	6.3367
7310.350	1986.5931	6.1440
7313.280	1983.4847	6.3650
7316.210	1981.3810	6.4139
7319.140	1980.2156	5.9141
7322.070	1979.0722	6.0163
7325.000	1976.8499	6.2927
7327.930	1973.2298	6.3430
7330.860	1970.8651	6.2482
7333.790	1963.5522	6.8823
7336.720	1955.1769	7.4299
7339.650	1955.6864	6.8250
7342.580	1958.4665	6.1860
7345.510	1958.3392	5.8681
7348.440	1955.8430	5.8307
7351.370	1949.7739	6.7665
7354.300	1943.1213	6.9880
7357.230	1942.3337	6.2381
7360.160	1939.3009	6.1835
7363.090	1933.7849	6.3109
7366.020	1929.1792	6.1697
7368.950	1932.3956	5.8199
7371.880	1933.9720	5.8587
7374.810	1931.3094	5.7477
7377.740	1925.5383	5.9822
7380.670	1922.4451	6.0163
7383.600	1920.0703	6.3800
7386.530	1915.3455	6.3348
7389.460	1914.6519	6.0699
7392.390	1912.6925	5.8994
7395.320	1907.2768	5.7840
7398.250	1899.9009	5.6512
7401.180	1895.0335	5.7473
7404.110	1891.5251	5.7963
7407.040	1889.1735	5.9152
7409.970	1888.8035	6.4540
7412.900	1886.7181	6.9243
7415.830	1884.6086	6.4330
7418.760	1885.6918	5.7744
7421.690	1885.1699	6.1722
7424.620	1881.4423	6.2014
7427.550	1878.0260	5.6429
7430.480	1874.8624	5.7480
7433.410	1872.6565	5.7773
7436.340	1869.8391	5.7395
7439.270	1864.8079	6.1248
7442.200	1861.7371	5.5673
7445.130	1862.9111	5.8511
7448.060	1859.8164	6.0782
7450.990	1855.5588	6.3775
7453.920	1850.6093	6.7339
7456.850	1847.0803	6.2317
7459.780	1845.7997	6.3216
7462.710	1846.1065	6.4205
7465.640	1841.5451	6.6568
7468.570	1836.4113	6.3243
7471.500	1833.4515	6.4754
7474.430	1831.5371	7.0309
7477.360	1826.5411	6.6253
7480.290	1821.1683	6.5441
7483.220	1821.0464	6.1278
7486.150	1819.6891	5.9980
7489.080	1814.8125	5.9264
7492.010	1810.4095	6.3371
7494.940	1807.0528	6.5272
7497.870	1798.5322	6.6300
7500.800	1796.2971	6.4015
7503.730	1797.7127	6.1195
7506.660	1798.6981	5.9837
7509.590	1801.4737	5.9317
7512.520	1800.5198	6.0242
7515.450	1797.6928	5.4436
7518.380	1795.3403	5.8469
7521.310	1793.2345	6.1001
7524.240	1789.4661	6.3333
7527.170	1782.6162	6.1419
7530.100	1779.4155	6.0658
7533.030	1779.2491	6.0613
7535.960	1775.5143	5.4199
7538.890	1770.2843	5.7972
7541.820	1766.2027	6.0901
7544.750	1767.4067	5.9335
7547.680	1763.8284	5.1869
7550.610	1760.1259	5.4699
7553.540	1761.2212	5.2791
7556.470	1760.6614	5.4465
7559.400	1756.1148	5.6625
7562.330	1753.8095	6.0737
7565.260	1748.6054	6.7514
7568.190	1744.9119	7.0548
7571.120	1743.8638	6.0046
7574.050	1740.6178	5.5106
7576.980	1736.2511	5.2696
7579.910	1728.8094	5.7194
7582.840	1724.8562	6.1552
7585.770	1715.8112	7.0652
7588.700	1704.1169	7.3313
7591.630	1692.2418	7.8753
7594.560	1682.5478	8.1704
7597.490	1683.5695	8.0920
7600.420	1690.0875	7.5500
7603.350	1700.4072	7.0130
7606.280	1708.7330	5.8437
7609.210	1705.8068	5.8464
7612.140	1706.4924	5.2355
7615.070	1712.2433	5.4929
7618.000	1704.7965	5.2952
7620.930	1698.0644	5.8255
7623.860	1696.5354	7.0847
7626.790	1691.1663	6.5205
7629.720	1687.6796	6.2876
7632.650	1686.7403	5.5580
7635.580	1686.2334	4.9183
7638.510	1684.4899	5.1713
7641.440	1682.9723	6.3292
7644.370	1683.3946	5.6776
7647.300	1684.6413	5.3541
7650.230	1679.8336	5.7561
7653.160	1677.5255	5.6120
7656.090	1678.2946	6.1771
7659.020	1677.0338	6.5925
7661.950	1676.1636	6.4122
7664.880	1674.8608	5.9261
7667.810	1671.6795	4.8878
7670.740	1664.7523	4.9632
7673.670	1663.0851	5.4180
7676.600	1660.9032	5.7016
7679.530	1655.4094	5.8638
7682.460	1648.1421	5.6535
7685.390	1643.6384	6.1995
7688.320	1640.9893	5.9873
7691.250	1643.1202	5.8789
7694.180	1642.2575	5.4177
7697.110	1642.1971	5.3041
7700.040	1643.1986	5.2579
7702.970	1639.4566	5.2298
7705.900	1636.2200	5.1869
7708.830	1634.0701	5.2975
7711.760	1632.9620	5.6084
7714.690	1632.4178	5.5956
7717.620	1629.6243	5.0011
7720.550	1626.7228	5.7888
7723.480	1625.6236	6.1565
7726.410	1624.5609	5.6003
7729.340	1622.6664	5.7963
7732.270	1619.7759	5.8915
7735.200	1613.5189	5.2371
7738.130	1609.6259	5.2948
7741.060	1608.5056	4.9240
7743.990	1605.4085	5.4711
7746.920	1603.4394	5.0060
7749.850	1604.3125	4.7850
7752.780	1600.7825	4.8998
7755.710	1597.6602	5.2879
7758.640	1594.3953	4.8268
7761.570	1590.1698	5.2283
7764.500	1587.5610	5.0533
7767.430	1586.3594	4.7088
7770.360	1585.9896	5.4967
7773.290	1583.7303	5.8306
7776.220	1583.1519	5.3565
7779.150	1577.9134	5.4868
7782.080	1577.1806	5.0035
7785.010	1574.3165	5.1847
7787.940	1568.8873	5.0517
7790.870	1566.6010	4.7682
7793.800	1562.6958	4.7432
7796.730	1562.9337	4.7647
7799.660	1566.1236	4.9081
7802.590	1560.8771	5.4788
7805.520	1553.6255	6.0584
7808.450	1551.2353	5.5217
7811.380	1549.1976	5.2532
7814.310	1547.2146	4.9002
7817.240	1542.9873	5.0570
7820.170	1540.9774	5.0600
7823.100	1541.1567	4.9144
7826.030	1542.4026	5.0495
7828.960	1542.6473	5.4560
7831.890	1539.0772	5.8571
7834.820	1536.9476	5.4064
7837.750	1532.8616	5.2113
7840.680	1529.6688	4.9602
7843.610	1523.9871	4.8076
7846.540	1519.7731	5.2347
7849.470	1520.3904	5.6475
7852.400	1521.5336	5.4920
7855.330	1520.9948	5.7096
7858.260	1519.1508	5.0618
7861.190	1517.1095	5.0222
7864.120	1518.0240	5.1002
7867.050	1514.5287	5.3632
7869.980	1505.3853	5.7305
7872.910	1500.0948	5.3885
7875.840	1499.1610	5.2724
7878.770	1501.0004	5.0269
7881.700	1496.5893	5.0094
7884.630	1492.5536	5.3496
7887.560	1491.8476	5.2277
7890.490	1492.5977	4.7382
7893.420	1497.3599	4.6914
7896.350	1500.7239	4.9014
7899.280	1497.9373	5.5982
7902.210	1491.8651	5.4728
7905.140	1489.3011	5.5560
7908.070	1486.7071	5.5602
7911.000	1481.3805	5.8516
7913.930	1473.1625	5.6912
7916.860	1470.4029	5.4631
7919.790	1470.7464	4.9478
7922.720	1469.1826	5.6701
7925.650	1467.5949	5.1960
7928.580	1468.1727	4.8342
7931.510	1464.6409	5.0395
7934.440	1461.4805	5.0947
7937.370	1462.6854	4.8688
7940.300	1464.9426	4.5597
7943.230	1466.4390	4.4466
7946.160	1463.2094	4.5837
7949.090	1457.1656	4.7439
7952.020	1454.1170	4.7012
7954.950	1451.8693	4.7558
7957.880	1444.9412	5.0384
7960.810	1441.8722	5.3625
7963.740	1440.4968	5.6271
7966.670	1438.3928	5.2152
7969.600	1437.3246	4.9616
7972.530	1439.0119	5.2902
7975.460	1439.2547	5.0323
7978.390	1438.0288	5.2585
7981.320	1434.5747	4.9265
7984.250	1433.1553	4.9052
7987.180	1428.7092	5.2632
7990.110	1425.1373	5.4221
7993.040	1424.5346	4.9552
7995.970	1424.0474	4.9509
7998.900	1421.6342	4.6695
8001.830	1415.4928	4.5853
8004.760	1414.9431	4.1093
8007.690	1413.5958	3.9010
8010.620	1416.6148	3.9831
8013.550	1414.0630	4.1870
8016.480	1417.2081	4.8427
8019.410	1415.9980	5.0722
8022.340	1413.2207	4.9636
8025.270	1413.6023	4.7122
8028.200	1411.4220	5.2780
8031.130	1404.8778	4.7836
8034.060	1398.0762	4.5438
8036.990	1393.7772	4.6254
8039.920	1391.8100	4.6348
8042.850	1390.6789	4.6004
8045.780	1390.4540	4.6018
8048.710	1388.0719	4.8452
8051.640	1382.5230	4.9224
8054.570	1377.5708	5.5946
8057.500	1378.1111	4.9330
8060.430	1375.7157	4.5350
8063.360	1380.7446	4.6449
8066.290	1384.1934	4.1511
8069.220	1382.4028	4.8407
8072.150	1380.3299	4.7984
8075.080	1379.1307	4.7461
8078.010	1375.8685	5.1739
8080.940	1368.2535	5.3722
8083.870	1367.6938	4.9239
8086.800	1363.6423	4.6327
8089.730	1362.0737	4.4682
8092.660	1362.3178	4.5305
8095.590	1358.4912	4.5057
8098.520	1354.6295	4.5677
8101.450	1351.8568	4.7308
8104.380	1352.6279	4.8036
8107.310	1352.2148	5.0744
8110.240	1349.8897	4.6097
8113.170	1348.9446	4.9739
8116.100	1348.2470	5.2413
8119.030	1346.4041	5.0028
8121.960	1348.2668	4.8331
8124.890	1347.2270	4.4267
8127.820	1347.7327	4.1056
8130.750	1345.7453	4.3435
8133.680	1340.6471	4.0171
8136.610	1334.1304	4.5219
8139.540	1329.3019	4.4972
8142.470	1328.2609	4.7432
8145.400	1326.3771	4.1319
8148.330	1325.2231	3.9961
8151.260	1327.4279	4.2435
8154.190	1325.1425	4.3041
8157.120	1322.7910	4.7380
8160.050	1320.7853	4.7576
8162.980	1319.9144	4.9511
8165.910	1316.2081	5.2056
8168.840	1312.9078	5.8958
8171.770	1311.2380	5.6564
8174.700	1311.8969	5.2290
8177.630	1311.9753	5.0838
8180.560	1308.2256	5.4060
8183.490	1303.9253	5.7252
8186.420	1303.4640	5.0215
8189.350	1301.7339	4.9268
8192.280	1304.8864	4.7308
8195.210	1300.2915	4.8915
8198.140	1295.2908	4.1802
8201.070	1296.2446	4.0348
8204.000	1294.1480	4.2818
8206.930	1290.8652	4.4844
8209.860	1291.3106	4.0882
8212.790	1293.4953	4.0341
8215.720	1292.5650	3.7233
8218.650	1289.8075	4.1977
8221.580	1289.2278	4.7871
8224.510	1282.7372	5.1742
8227.440	1276.4485	5.9732
8230.370	1272.1585	7.1668
8233.300	1272.8975	6.2595
8236.230	1268.9018	5.3702
8239.160	1266.4144	4.6832
8242.090	1266.4098	3.6998
8245.020	1269.6928	3.6493
8247.950	1270.7026	4.0327
8250.880	1266.2264	4.0232
8253.810	1265.2659	4.2314
8256.740	1262.0377	4.7443
8259.670	1257.2078	4.3319
8262.600	1254.7067	4.2841
8265.530	1251.2625	4.1543
8268.460	1247.6241	4.2048
8271.390	1251.0459	3.9091
8274.320	1254.6131	3.6417
8277.250	1254.7638	3.5374
8280.180	1250.5729	3.9710
8283.110	1249.4575	3.7973
8286.040	1247.2096	3.9727
8288.970	1244.5201	4.1445
8291.900	1244.6150	4.3801
8294.830	1237.7887	4.4160
8297.760	1230.3941	4.3762
8300.690	1228.2311	3.8661
8303.620	1234.9905	3.5220
8306.550	1234.4726	3.9699
8309.480	1236.3144	4.4869
8312.410	1233.8288	4.4462
8315.340	1231.3202	4.7315
8318.270	1229.2839	4.5826
8321.200	1231.6307	4.4823
8324.130	1230.8085	4.3913
8327.060	1229.0423	5.0260
8329.990	1222.6003	5.0107
8332.920	1222.1582	4.9175
8335.850	1214.5322	4.8081
8338.780	1211.1297	4.6731
8341.710	1204.6140	4.7389
8344.640	1200.9181	4.5621
8347.570	1204.8270	3.8979
8350.500	1200.9363	4.3490
8353.430	1190.7088	4.5223
8356.360	1192.1752	3.9681
8359.290	1192.7906	3.9845
8362.220	1192.4693	4.7094
8365.150	1193.5192	4.7016
8368.080	1190.3411	4.0233
8371.010	1195.5365	3.7136
8373.940	1198.5664	3.6362
8376.870	1196.9499	4.3714
8379.800	1194.3787	4.8984
8382.730	1195.1870	5.0097
8385.660	1198.1275	4.3794
8388.590	1196.2315	3.9627
8391.520	1189.7782	3.8617
8394.450	1184.4522	4.3774
8397.380	1182.5380	4.5342
8400.310	1182.5846	4.0236
8403.240	1182.3166	3.4382
8406.170	1183.6478	3.3464
8409.100	1178.7688	3.7459
8412.030	1172.5570	4.3847
8414.960	1171.6132	4.9495
8417.890	1174.3714	3.8216
8420.820	1179.0755	3.3999
8423.750	1177.2464	3.5807
8426.680	1167.6936	4.3156
8429.610	1162.1360	5.2235
8432.540	1165.7295	4.4013
8435.470	1166.9348	4.5028
8438.400	1158.5196	4.2984
8441.330	1155.7505	3.9598
8444.260	1153.1156	3.7611
8447.190	1151.6628	3.8988
8450.120	1149.9684	5.3617
8453.050	1150.4766	4.1505
8455.980	1151.0078	3.8332
8458.910	1149.2935	4.7639
8461.840	1144.4664	4.7483
8464.770	1146.9228	4.7703
8467.700	1148.5711	4.5186
8470.630	1148.7329	4.0127
8473.560	1146.9428	3.9715
8476.490	1148.3939	4.2687
8479.420	1149.6257	4.2600
8482.350	1150.2972	4.1631
8485.280	1148.9962	5.0228
8488.210	1145.8655	4.9612
8491.140	1136.0883	4.6883
8494.070	1138.0633	5.9299
8497.000	1137.3533	7.9266
8499.930	1122.2690	5.9187
8502.860	1107.2141	4.6499
8505.790	1107.2117	4.7532
8508.720	1112.9341	4.5397
8511.650	1120.7418	4.0990
8514.580	1124.0942	4.7123
8517.510	1123.7232	4.3946
8520.440	1122.4882	4.1548
8523.370	1123.8802	4.1824
8526.300	1123.9952	4.5763
8529.230	1119.0510	5.3742
8532.160	1115.4145	4.7631
8535.090	1113.6846	4.6577
8538.020	1124.4453	9.0861
8540.950	1129.7420	11.4209
8543.880	1116.6071	8.2474
8546.810	1097.9968	4.8526
8549.740	1095.1884	5.5234
8552.670	1096.5269	4.8125
8555.600	1102.6281	3.9062
8558.530	1110.0256	3.7243
8561.460	1119.2424	3.9023
8564.390	1123.9800	4.0619
8567.320	1124.1048	4.0114
8570.250	1117.6128	4.0477
8573.180	1110.5942	4.2199
8576.110	1103.2986	4.3526
8579.040	1100.3022	4.5721
8581.970	1092.2390	5.0116
8584.900	1082.2960	4.7244
8587.830	1072.5440	4.5685
8590.760	1065.9246	3.7076
8593.690	1060.6503	3.6148
8596.620	1055.3964	3.5600
8599.550	1052.5086	4.2232
8602.480	1055.2522	3.9314
8605.410	1066.2218	3.4036
8608.340	1075.7632	3.0991
8611.270	1084.1210	3.1957
8614.200	1094.3030	3.6446
8617.130	1099.2464	3.4472
8620.060	1094.5117	4.1995
8622.990	1089.1152	5.5026
8625.920	1089.9957	4.8117
8628.850	1092.4817	4.3174
8631.780	1089.9156	3.9104
8634.710	1083.2362	4.7295
8637.640	1077.7665	4.8229
8640.570	1074.6018	4.7674
8643.500	1072.0406	4.2966
8646.430	1067.3485	4.1153
8649.360	1055.3146	4.2788
8652.290	1044.3193	4.3491
8655.220	1039.1302	3.3215
8658.150	1039.9984	7.7332
8661.080	1041.6322	9.4216
8664.010	1030.5643	7.1503
8666.940	1017.7493	4.6820
8669.870	1017.7956	4.4205
8672.800	1025.4415	4.0977
8675.730	1035.3017	4.1231
8678.660	1045.5411	4.1507
8681.590	1053.9135	3.9417
8684.520	1062.5419	3.8706
8687.450	1068.4074	3.9132
8690.380	1068.5569	3.8434
8693.310	1068.9550	3.7408
8696.240	1068.5198	3.6456
8699.170	1066.8873	3.8072
8702.100	1066.9170	3.8476
8705.030	1064.4246	3.9526
8707.960	1063.3421	3.9357
8710.890	1067.1142	3.8684
8713.820	1064.4360	3.8352
8716.750	1056.4096	3.4606
8719.680	1048.4097	3.5741
8722.610	1040.8923	3.7779
8725.540	1037.4314	3.2764
8728.470	1038.1939	3.0760
8731.400	1038.1686	3.0640
8734.330	1030.9384	3.3743
8737.260	1017.9798	3.5341
8740.190	1000.0655	3.3315
8743.120	983.7913	3.3485
8746.050	974.1451	3.2801
8748.980	970.8339	3.1284
8751.910	970.9475	3.4893
8754.840	975.4005	3.3269
8757.770	986.2658	3.3237
8760.700	997.3722	3.5846
8763.630	1008.3081	3.7656
8766.560	1013.3755	4.0141
8769.490	1016.6795	4.1676
8772.420	1014.5303	4.1225
8775.350	1008.1733	4.1254
8778.280	1007.7098	3.8344
8781.210	1009.1719	4.1828
8784.140	1009.1964	4.2204
8787.070	1012.6881	4.3287
8790.000	1019.0980	3.6902
8792.930	1024.0173	3.3625
8795.860	1021.7273	3.2025
8798.790	1017.8325	3.3622
8801.720	1019.1074	3.8579
8804.650	1025.8464	4.6379
8807.580	1026.1030	4.2506
8810.510	1019.3528	4.3085
8813.440	1015.8759	4.5514
8816.370	1011.4283	4.3798
8819.300	1008.2803	4.0870
8822.230	1007.2539	4.0551
8825.160	1001.3339	4.2861
8828.090	1002.7587	3.6656
8831.020	1003.1619	3.6244
8833.950	996.0683	3.6779
8836.880	993.2541	3.4624
8839.810	992.4376	3.0912
8842.740	987.6030	3.2350
8845.670	976.3337	3.6738
8848.600	960.1121	4.4702
8851.530	947.0721	4.2903
8854.460	933.2907	3.9265
8857.390	921.5016	3.6246
8860.320	917.7841	3.0186
8863.250	911.1533	3.3551
8866.180	909.3873	3.6774
8869.110	918.5462	3.5964
8872.040	937.5996	3.2902
8874.970	955.0576	3.3864
8877.900	967.4746	2.7789
8880.830	971.7213	3.1373
8883.760	970.9896	3.7160
8886.690	976.3141	3.3417
8889.620	980.7367	2.7355
8892.550	980.4281	3.2427
8895.480	978.4009	4.0351
8898.410	976.7361	4.1439
8901.340	972.6032	4.0039
8904.270	972.7083	3.7875
8907.200	974.1615	3.7174
8910.130	975.5602	3.2341
8913.060	976.7383	3.7643
8915.990	971.0416	3.5270
8918.920	973.4717	3.3705
8921.850	977.1021	3.8587
8924.780	973.9501	4.2243
8927.710	968.6377	4.0537
8930.640	964.0820	3.4373
8933.570	960.0707	3.3384
8936.500	956.9546	3.5075
8939.430	956.2559	4.0164
8942.360	956.7483	3.8438
8945.290	960.6943	3.5260
8948.220	962.0046	3.4952
8951.150	965.5117	3.3135
8954.080	963.4047	3.6660
8957.010	959.9142	3.6275
8959.940	961.5145	2.9507
8962.870	961.9574	2.9776
8965.800	961.2800	3.4985
8968.730	956.6065	3.7098
8971.660	946.5386	4.2433
8974.590	942.2986	4.0102
8977.520	941.5468	3.8409
8980.450	941.5874	3.4818
8983.380	938.1653	3.2354
8986.310	933.1887	3.4968
8989.240	932.5473	3.7242
8992.170	930.1639	3.6221
8995.100	921.1529	3.9621
8998.030	908.5820	4.0901
9000.960	894.4967	3.6682
9003.890	881.7036	3.2157
9006.820	866.5855	3.3214
9009.750	857.2136	3.4269
9012.680	852.6189	4.1740
9015.610	852.3368	4.1944
9018.540	856.3776	3.4220
9021.470	863.8667	3.4915
9024.400	878.6653	3.7869
9027.330	892.9092	3.8533
9030.260	904.9824	3.2846
9033.190	914.0971	2.6042
9036.120	916.0484	2.7483
9039.050	915.6186	2.7566
9041.980	917.3863	3.5170
9044.910	916.9708	3.6417
9047.840	913.3662	4.1354
9050.770	907.3729	3.9844
9053.700	903.4918	3.4837
9056.630	902.5143	2.8163
9059.560	900.7450	3.1443
9062.490	897.5254	3.4041
9065.420	895.2855	3.8243
9068.350	896.6374	4.0458
9071.280	902.5430	3.8229
9074.210	912.5163	3.5677
9077.140	916.0100	3.4896
9080.070	914.2025	4.0357
9083.000	911.1246	3.4158
9085.930	907.7975	3.3807
9088.860	905.7687	3.6022
9091.790	901.5500	3.7669
9094.720	896.9171	3.2146
9097.650	897.1556	3.2845
9100.580	895.9752	3.6782
9103.510	895.7473	3.6446
9106.440	898.7540	3.5371
9109.370	901.9211	3.8410
9112.300	899.8316	3.9244
9115.230	895.3735	4.2550
9118.160	892.1782	4.2533
9121.090	888.5660	3.5837
9124.020	888.0354	3.2366
9126.950	887.0993	3.1879
9129.880	884.6331	3.6986
9132.810	885.6836	4.0459
9135.740	885.1965	3.6338
9138.670	885.6462	3.7103
9141.600	888.1928	3.5781
9144.530	890.3567	3.5507
9147.460	890.5075	3.2164
9150.390	890.9539	3.2392
9153.320	888.3098	3.6536
9156.250	887.7839	3.6135
9159.180	883.7554	3.6916
9162.110	880.3480	3.6240
9165.040	876.7187	3.7588
9167.970	872.4478	3.6326
9170.900	870.2232	3.4050
9173.830	867.1813	3.7864
9176.760	868.0236	3.7120
9179.690	867.1745	3.7208
9182.620	869.4039	3.8261
9185.550	871.4258	3.2456
9188.480	873.3199	3.3351
9191.410	873.2213	3.3013
9194.340	870.4930	3.2910
9197.270	862.6106	3.6133
9200.200	854.6255	3.2994
9203.130	847.6929	3.8032
9206.060	840.8438	3.5708
9208.990	836.4446	3.4707
9211.920	826.3299	3.4079
9214.850	812.9288	3.4143
9217.780	797.1218	3.5039
9220.710	783.4694	3.2927
9223.640	775.6227	2.9258
9226.570	771.3735	3.1687
9229.500	771.5934	3.1501
9232.430	776.4513	3.3795
9235.360	783.4126	3.1047
9238.290	796.9655	2.8922
9241.220	810.2207	3.1112
9244.150	823.2056	3.5219
9247.080	830.5788	4.0004
9250.010	832.3994	4.0450
9252.940	837.3499	3.5485
9255.870	842.7690	3.2605
9258.800	842.4964	3.3904
9261.730	841.7619	3.6169
9264.660	841.7317	3.7195
9267.590	841.2005	3.6452
9270.520	840.5622	3.9008
9273.450	837.0594	3.9352
9276.380	832.3125	4.1249
9279.310	831.0491	4.4004
9282.240	829.9201	3.6121
9285.170	835.2553	3.2754
9288.100	837.2203	3.3006
9291.030	837.8913	2.9555
9293.960	840.5408	2.8189
9296.890	840.5791	3.0851
9299.820	841.2155	3.5395
9302.750	835.5632	3.9973
9305.680	830.2248	3.4130
9308.610	825.8872	3.4491
9311.540	817.9260	3.3480
9314.470	812.2738	4.0986
9317.400	814.0489	3.6664
9320.330	813.2405	4.0817
9323.260	816.1516	4.6183
9326.190	821.6160	4.1608
9329.120	823.1674	3.6917
9332.050	820.8534	4.1358
9334.980	810.1639	4.6989
9337.910	801.1502	5.2368
9340.840	800.2116	4.9367
9343.770	800.4153	4.7123
9346.700	797.0304	4.3185
9349.630	792.2824	4.0026
9352.560	792.7044	4.4604
9355.490	798.9495	4.3597
9358.420	805.4161	3.7021
9361.350	808.5601	3.8115
9364.280	808.6312	3.8292
9367.210	805.8977	4.1104
9370.140	802.9716	3.8400
9373.070	798.6563	3.7153
9376.000	799.2543	3.7990
9378.930	805.3158	4.2308
9381.860	805.2524	4.0564
9384.790	806.3927	3.0727
9387.720	805.7574	3.0545
9390.650	803.1610	3.4495
9393.580	800.1647	4.1515
9396.510	800.7588	3.7989
9399.440	801.3862	3.7662
9402.370	802.4133	3.7555
9405.300	805.4053	4.2663
9408.230	803.6267	4.2247
9411.160	801.1839	5.2278
9414.090	797.4275	4.9875
9417.020	791.4102	3.8556
9419.950	788.9848	4.0394
9422.880	788.2537	4.0324
9425.810	790.7902	3.8497
9428.740	798.1003	3.7370
9431.670	797.9227	3.3941
9434.600	792.0080	3.3209
9437.530	787.0670	4.1491
9440.460	785.5081	4.7618
9443.390	784.7669	4.1475
9446.320	786.2963	3.5980
9449.250	784.1111	3.5100
9452.180	780.2390	3.7265
9455.110	772.1109	3.7667
9458.040	768.8089	3.4393
9460.970	768.7475	3.1749
9463.900	772.2322	3.0040
9466.830	772.9193	2.9524
9469.760	775.0059	3.2640
9472.690	776.3562	3.5705
9475.620	776.8135	3.8575
9478.550	773.3554	3.9668
9481.480	770.7179	3.7094
9484.410	772.2736	3.3226
9487.340	768.0107	3.8351
9490.270	762.8798	3.6372
9493.200	764.8336	3.5067
9496.130	768.8058	3.9044
9499.060	766.5147	4.1815
9501.990	761.1749	3.7899
9504.920	758.3681	3.3380
9507.850	756.4138	3.3896
9510.780	751.3655	3.8368
9513.710	743.9792	4.3432
9516.640	733.8745	4.6224
9519.570	724.5981	3.9992
9522.500	720.2299	3.0989
9525.430	716.8652	2.8748
9528.360	713.5284	2.9733
9531.290	704.1700	3.0093
9534.220	694.4422	3.2369
9537.150	684.5953	3.5550
9540.080	677.5534	3.6785
9543.010	678.8473	3.9446
9545.940	680.3984	3.9653
9548.870	680.7229	3.9532
9551.800	682.5694	3.9113
9554.730	697.0023	3.6404
9557.660	712.5450	3.8653
9560.590	723.7205	3.8621
9563.520	729.6865	4.1958
9566.450	734.2633	4.8645
9569.380	743.6968	4.4062
9572.310	750.0434	3.9242
9575.240	748.5579	3.6247
9578.170	746.1368	3.8589
9581.100	744.1457	3.8157
9584.030	744.8217	4.1539
9586.960	742.9066	4.8696
9589.890	742.0162	5.0116
9592.820	743.8626	4.7491
9595.750	741.1417	4.6739
9598.680	741.1116	4.3662
9601.610	743.0285	4.7387
9604.540	741.5865	5.2613
9607.470	744.0496	5.8398
9610.400	746.4457	6.2038
9613.330	742.7174	6.1561
9616.260	733.2358	5.3663
9619.190	733.6946	6.5513
9622.120	738.0080	6.8812
9625.050	737.0820	6.9172
9627.980	739.0798	6.3990
9630.910	737.8320	5.9785
9633.840	740.1963	6.2494
9636.770	741.3495	6.5930
9639.700	740.4511	6.2175
9642.630	737.3403	6.5791
9645.560	732.8177	6.9415
9648.490	733.3985	6.6562
9651.420	735.4452	7.0125
9654.350	734.8400	6.7391
9657.280	742.2841	6.8240
9660.210	741.6581	7.6866
9663.140	739.6760	7.6224
9666.070	734.3598	7.5677
9669.000	731.5093	7.1666
9671.930	732.0756	7.8025
9674.860	731.8774	7.7476
9677.790	735.4274	8.1057
9680.720	735.0718	7.8529
9683.650	738.3803	8.4473
9686.580	738.0081	8.3762
9689.510	731.6549	8.3031
9692.440	729.8287	8.3786
9695.370	734.8195	8.4825
9698.300	738.9698	8.3014
9701.230	743.0566	8.8821
