3298.680	432.6314	2.7163
3301.060	428.5496	3.1451
3303.440	427.4109	2.9082
3305.820	432.4062	2.5467
3308.200	435.2550	2.4689
3310.580	433.9923	2.7305
3312.960	432.7436	2.6668
3315.340	432.5825	2.6261
3317.720	432.6371	2.7695
3320.100	431.8196	3.2401
3322.480	431.9281	2.6568
3324.860	431.0141	2.4415
3327.240	428.9466	2.4486
3329.620	428.8879	2.4222
3332.000	427.8204	2.6387
3334.380	429.4528	2.5477
3336.760	430.9826	2.4337
3339.140	431.1108	2.3987
3341.520	431.2286	2.3105
3343.900	428.6509	2.3640
3346.280	429.6303	2.1067
3348.660	431.7534	2.4193
3351.040	428.5811	2.2632
3353.420	422.0743	2.4665
3355.800	418.1327	2.9324
3358.180	420.2868	2.6537
3360.560	429.6809	2.8414
3362.940	427.2575	2.4112
3365.320	423.5037	2.5112
3367.700	423.5760	2.3778
3370.080	424.2913	2.4521
3372.460	425.7861	2.4381
3374.840	425.0465	2.4393
3377.220	419.0519	2.8821
3379.600	421.2451	1.9675
3381.980	420.4996	1.9939
3384.360	418.4923	2.0531
3386.740	418.7132	2.5146
3389.120	420.2359	2.2397
3391.500	420.9485	2.1063
3393.880	422.0061	2.4562
3396.260	420.8510	2.0954
3398.640	417.5816	2.5633
3401.020	416.6443	2.7144
3403.400	416.5883	2.1746
3405.780	416.0409	2.0267
3408.160	416.5785	1.8383
3410.540	418.1767	1.9491
3412.920	417.1369	2.2543
3415.300	416.8347	2.0466
3417.680	414.2169	2.2947
3420.060	413.3636	2.5152
3422.440	414.3860	2.2214
3424.820	416.1044	1.8256
3427.200	415.3003	1.8107
3429.580	413.0168	2.2864
3431.960	411.1928	2.4829
3434.340	410.7486	2.4375
3436.720	409.3779	2.5194
3439.100	410.9952	2.2670
3441.480	414.0216	2.3923
3443.860	410.5746	2.2601
3446.240	406.1702	1.8973
3448.620	402.4379	2.4212
3451.000	405.5275	2.3842
3453.380	407.6539	2.2785
3455.760	408.3258	2.0870
3458.140	410.4479	1.8630
3460.520	410.1874	1.9506
3462.900	410.4536	1.9336
3465.280	407.3957	2.5456
3467.660	405.7415	2.3420
3470.040	404.7420	2.4847
3472.420	407.3527	2.0909
3474.800	409.3602	1.9900
3477.180	407.0406	2.3196
3479.560	404.3253	2.6896
3481.940	404.4363	2.3877
3484.320	403.0522	2.1063
3486.700	400.0857	2.1732
3489.080	402.5010	1.9900
3491.460	404.7286	2.0944
3493.840	404.1029	1.8422
3496.220	402.1650	1.9122
3498.600	399.2737	1.8095
3500.980	397.8366	2.2669
3503.360	399.1015	2.3881
3505.740	401.7686	2.2322
3508.120	400.8767	1.9392
3510.500	399.5621	1.8353
3512.880	397.5875	1.9228
3515.260	397.1139	1.8963
3517.640	400.0978	1.6435
3520.020	400.2781	1.7112
3522.400	402.0142	1.9041
3524.780	402.6908	2.5915
3527.160	396.5835	1.7641
3529.540	390.4573	1.7031
3531.920	390.7578	1.8093
3534.300	395.0919	1.6828
3536.680	397.4286	1.7141
3539.060	397.7666	1.7666
3541.440	399.4676	1.9042
3543.820	399.0739	1.9902
3546.200	396.9415	2.1999
3548.580	396.3759	1.9498
3550.960	391.3087	2.0411
3553.340	384.3605	2.0085
3555.720	381.1039	2.1139
3558.100	385.6743	2.1773
3560.480	391.2454	2.0098
3562.860	393.6779	1.7621
3565.240	394.1058	1.8240
3567.620	395.5211	1.6485
3570.000	393.4003	2.1680
3572.380	392.7369	1.8263
3574.760	392.9873	1.8259
3577.140	391.9935	1.9289
3579.520	394.2808	2.0261
3581.900	391.6116	1.9583
3584.280	383.0597	1.9802
3586.660	372.5070	1.8219
3589.040	374.0318	1.7360
3591.420	382.2120	1.9000
3593.800	385.3211	2.3462
3596.180	385.2861	2.5037
3598.560	384.4223	2.2710
3600.940	383.8123	1.8062
3603.320	384.4770	1.7385
3605.700	388.1091	1.8313
3608.080	387.3691	1.6725
3610.460	383.4269	1.9822
3612.840	375.8942	2.4212
3615.220	377.1864	2.1837
3617.600	385.5975	1.6415
3619.980	386.3179	2.0529
3622.360	385.5083	1.8627
3624.740	382.8035	2.5297
3627.120	382.1297	2.4255
3629.500	379.3618	2.0074
3631.880	370.8117	2.1243
3634.260	361.7990	1.9641
3636.640	366.4073	1.9483
3639.020	377.3209	1.8172
3641.400	384.1105	1.8073
3643.780	383.9704	1.8371
3646.160	383.4924	1.7454
3648.540	382.1204	1.8119
3650.920	378.9478	1.5176
3653.300	378.8725	1.8864
3655.680	379.7016	1.8954
3658.060	379.7327	1.8156
3660.440	380.9488	1.5851
3662.820	380.6273	1.5522
3665.200	380.5856	1.5676
3667.580	379.9200	1.5898
3669.960	377.9631	1.8380
3672.340	376.4123	2.1279
3674.720	376.9778	1.9004
3677.100	376.9041	1.7553
3679.480	377.5225	1.6254
3681.860	377.4025	1.6431
3684.240	377.4885	1.7391
3686.620	377.2856	1.8096
3689.000	375.2570	1.8355
3691.380	375.2229	1.8020
3693.760	373.5660	1.8734
3696.140	373.7244	1.8088
3698.520	372.1142	1.7785
3700.900	366.7899	2.3658
3703.280	353.7563	1.8901
3705.660	350.0454	1.7003
3708.040	361.3960	1.5458
3710.420	364.4584	1.7079
3712.800	363.7628	1.9141
3715.180	372.3664	2.1981
3717.560	378.2415	1.7553
3719.940	370.6199	2.1027
3722.320	362.2236	1.6172
3724.700	371.7779	1.8189
3727.080	387.2274	2.1911
3729.460	388.9463	2.0597
3731.840	368.7324	2.1454
3734.220	350.8767	1.9619
3736.600	362.9463	1.6448
3738.980	389.5501	2.4947
3741.360	410.2630	2.4732
3743.740	410.9495	1.7307
3746.120	385.4205	1.8209
3748.500	347.7266	1.7729
3750.880	335.3229	1.8219
3753.260	362.3566	2.9169
3755.640	400.9453	2.3327
3758.020	431.0409	1.7701
3760.400	441.3949	1.8236
3762.780	431.9035	2.0317
3765.160	406.9101	1.8817
3767.540	366.4424	1.6753
3769.920	327.7310	1.5743
3772.300	332.2795	1.5218
3774.680	375.3997	1.6391
3777.060	417.5124	1.7078
3779.440	443.4192	1.7446
3781.820	454.7406	1.9021
3784.200	457.3232	1.9230
3786.580	453.6788	2.2448
3788.960	445.3345	1.9036
3791.340	421.7796	1.8967
3793.720	381.5690	1.7526
3796.100	334.7891	1.6651
3798.480	313.2705	1.5121
3800.860	343.6959	1.5175
3803.240	387.3494	1.7111
3805.620	418.8712	2.0643
3808.000	440.4593	1.8282
3810.380	456.6461	2.1419
3812.760	465.0854	2.2096
3815.140	454.2772	2.7231
3817.520	420.3110	2.4797
3819.900	393.9580	2.3460
3822.280	414.1919	2.0336
3824.660	439.6319	1.8063
3827.040	437.3424	1.7690
3829.420	410.4422	1.6615
3831.800	365.4305	1.5488
3834.180	318.2056	1.5626
3836.560	310.8418	1.4203
3838.940	350.3858	1.7130
3841.320	397.6670	1.6984
3843.700	429.5615	2.5401
3846.080	448.4389	2.6000
3848.460	460.2404	2.2193
3850.840	465.7796	2.1106
3853.220	468.9360	1.8977
3855.600	471.6451	1.8014
3857.980	475.0312	2.0674
3860.360	474.9936	1.9744
3862.740	465.5326	2.9640
3865.120	456.6116	2.9950
3867.500	449.0811	2.0643
3869.880	444.5198	2.1367
3872.260	442.7044	1.7234
3874.640	443.4912	1.8700
3877.020	441.9238	1.7939
3879.400	435.2494	1.8886
3881.780	418.8694	1.9279
3884.160	385.8910	1.8450
3886.540	339.3158	1.7568
3888.920	301.4332	1.5910
3891.300	317.1075	1.2913
3893.680	364.9248	1.5636
3896.060	407.9096	1.9137
3898.440	434.5083	1.7429
3900.820	449.5410	1.6806
3903.200	457.5183	1.6836
3905.580	460.8405	1.7337
3907.960	463.1667	1.8298
3910.340	460.3131	2.3179
3912.720	459.5018	2.4551
3915.100	458.8871	2.2995
3917.480	455.7534	2.1397
3919.860	448.0728	2.1258
3922.240	440.6984	2.1471
3924.620	432.7911	2.1400
3927.000	428.4904	2.4611
3929.380	438.2892	2.4071
3931.760	442.5614	4.0752
3934.140	443.8730	4.1951
3936.520	448.2198	3.0117
3938.900	454.7514	2.5498
3941.280	455.8680	2.2685
3943.660	452.8782	2.6514
3946.040	451.4209	1.9311
3948.420	449.5348	2.2154
3950.800	447.8597	2.3183
3953.180	444.5018	2.4965
3955.560	438.0195	2.2638
3957.940	432.5015	2.3815
3960.320	422.8237	2.4873
3962.700	399.9340	2.1447
3965.080	363.8056	2.5382
3967.460	318.7492	2.9131
3969.840	286.1856	2.7429
3972.220	300.4732	1.6662
3974.600	345.7854	1.9577
3976.980	385.6443	2.2055
3979.360	407.6771	2.6827
3981.740	419.9277	2.7970
3984.120	429.0863	2.0555
3986.500	436.1345	1.9938
3988.880	440.2078	2.1442
3991.260	441.5954	2.0846
3993.640	440.3909	1.9674
3996.020	439.5916	1.9748
3998.400	442.0510	1.9719
4000.780	442.1311	2.0579
4003.160	438.3530	2.1437
4005.540	426.8580	1.9150
4007.920	408.5338	1.6916
4010.300	402.8288	1.7638
4012.680	418.4559	1.7863
4015.060	433.3300	1.8221
4017.440	437.2747	1.7047
4019.820	435.3102	1.8329
4022.200	416.0150	2.1020
4024.580	377.8771	2.1491
4026.960	361.3897	1.6062
4029.340	391.7420	1.5510
4031.720	421.2157	1.5108
4034.100	429.8762	1.5485
4036.480	430.4197	1.6516
4038.860	430.5205	1.7792
4041.240	430.8284	1.7017
4043.620	432.0964	1.8738
4046.000	432.3236	1.6488
4048.380	434.3044	1.7128
4050.760	434.0498	1.8062
4053.140	433.6897	1.8005
4055.520	432.7336	1.6769
4057.900	431.0364	1.7092
4060.280	428.5610	1.6829
4062.660	429.4126	1.6078
4065.040	428.9843	1.6731
4067.420	425.1776	1.7209
4069.800	417.5174	1.7398
4072.180	413.7989	1.7230
4074.560	413.3353	1.7557
4076.940	415.0821	1.8093
4079.320	417.6774	1.7484
4081.700	418.3555	1.6894
4084.080	415.2899	1.6833
4086.460	411.7935	1.7959
4088.840	405.8729	1.9114
4091.220	398.5396	1.8379
4093.600	385.8536	1.8491
4095.980	363.1133	1.9888
4098.360	326.8244	2.1690
4100.740	284.9107	1.9683
4103.120	278.3074	1.4715
4105.500	313.4895	1.4162
4107.880	352.6564	1.4296
4110.260	379.2071	1.5378
4112.640	394.5221	1.5455
4115.020	402.0011	1.6195
4117.400	402.8769	1.5989
4119.780	395.2064	1.6344
4122.160	395.0771	1.5424
4124.540	408.2235	1.7712
4126.920	416.0302	1.7570
4129.300	415.2997	1.6311
4131.680	415.5125	1.7624
4134.060	416.2343	1.8189
4136.440	414.0724	1.8069
4138.820	407.5551	1.7475
4141.200	391.0035	1.8179
4143.580	373.0006	1.6597
4145.960	377.6967	1.4642
4148.340	399.0672	1.6377
4150.720	410.0022	1.7514
4153.100	411.9555	1.6955
4155.480	413.8341	1.7579
4157.860	415.0552	1.6980
4160.240	415.1604	1.7354
4162.620	412.5107	1.8254
4165.000	410.0335	1.6810
4167.380	405.5825	1.7036
4169.760	405.0923	1.4471
4172.140	407.0030	1.6182
4174.520	408.7049	1.7269
4176.900	406.7440	1.5372
4179.280	405.9688	1.5779
4181.660	407.2637	1.4755
4184.040	406.7701	1.4820
4186.420	405.2869	1.6092
4188.800	404.3037	1.7621
4191.180	403.7285	1.9688
4193.560	405.5779	1.7254
4195.940	406.2157	1.7965
4198.320	407.3382	1.9807
4200.700	405.9987	1.8209
4203.080	403.9697	1.5783
4205.460	402.7665	1.6295
4207.840	402.9298	1.5119
4210.220	402.4990	1.5834
4212.600	403.4436	1.6233
4214.980	404.1971	1.6336
4217.360	402.4586	1.4946
4219.740	399.1180	1.5875
4222.120	399.6022	1.4308
4224.500	401.7819	2.0122
4226.880	400.0238	1.4864
4229.260	398.3776	1.4870
4231.640	396.8395	1.9202
4234.020	397.1178	1.5909
4236.400	396.6030	1.4615
4238.780	395.0032	1.4442
4241.160	394.2554	1.5115
4243.540	394.1666	1.5401
4245.920	395.2954	1.4888
4248.300	395.8249	1.5555
4250.680	394.4055	1.5996
4253.060	390.8439	1.5354
4255.440	389.1655	1.5703
4257.820	392.7849	1.4972
4260.200	393.4942	1.5086
4262.580	392.1458	1.5218
4264.960	386.1906	1.6227
4267.340	380.7514	1.5796
4269.720	383.5176	1.5670
4272.100	388.7696	1.7560
4274.480	385.9307	1.5007
4276.860	382.3816	1.4976
4279.240	383.0545	1.5020
4281.620	383.6001	1.4830
4284.000	381.9814	1.5475
4286.380	382.2489	1.5406
4288.760	383.4446	1.7093
4291.140	382.5598	1.5300
4293.520	381.3479	1.6225
4295.900	381.5407	1.6750
4298.280	382.0807	1.6719
4300.660	382.9572	1.6029
4303.040	382.1660	1.5613
4305.420	380.5065	1.4412
4307.800	382.2414	1.8030
4310.180	381.6052	2.0053
4312.560	377.7678	1.6145
4314.940	374.6311	1.8001
4317.320	368.1763	2.3032
4319.700	367.5820	1.8804
4322.080	370.2533	1.6251
4324.460	370.5512	1.9203
4326.840	364.4631	1.5870
4329.220	357.0501	1.6224
4331.600	346.4285	1.8297
4333.980	330.4906	1.7089
4336.360	305.1858	1.7462
4338.740	272.6538	2.0367
4341.120	252.5562	1.6710
4343.500	268.6289	1.2007
4345.880	301.4244	1.2570
4348.260	326.1877	1.2560
4350.640	342.4976	1.3212
4353.020	353.6626	1.2970
4355.400	362.1514	1.2610
4357.780	366.2748	1.2861
4360.160	367.5493	1.3983
4362.540	368.1175	1.4438
4364.920	367.2708	1.4173
4367.300	365.4736	1.4996
4369.680	364.7421	1.5663
4372.060	364.8182	1.4939
4374.440	366.5997	1.4803
4376.820	369.4294	1.5972
4379.200	370.5317	1.6829
4381.580	368.2358	1.6318
4383.960	359.0131	1.6185
4386.340	341.2630	1.6969
4388.720	330.0126	1.4599
4391.100	343.0880	1.2890
4393.480	360.0051	1.4723
4395.860	365.8072	1.4020
4398.240	367.6461	1.3530
4400.620	369.1982	1.3267
4403.000	369.1176	1.5761
4405.380	368.2899	1.3470
4407.760	366.7774	1.3574
4410.140	363.5972	1.4467
4412.520	360.1777	1.4045
4414.900	356.1285	1.3193
4417.280	353.4290	1.4066
4419.660	353.3709	1.3503
4422.040	353.6881	1.4000
4424.420	352.4977	1.4092
4426.800	350.1731	1.3293
4429.180	347.9906	1.3183
4431.560	348.2658	1.3777
4433.940	349.3484	1.3426
4436.320	348.5289	1.3851
4438.700	349.2942	1.3073
4441.080	351.8120	1.4562
4443.460	356.1204	1.2853
4445.840	356.3947	1.3501
4448.220	354.6920	1.4451
4450.600	356.6568	1.4034
4452.980	359.6935	1.3825
4455.360	362.0416	1.3867
4457.740	361.5630	1.4524
4460.120	359.8090	1.3254
4462.500	358.2566	1.3106
4464.880	353.1936	1.5236
4467.260	338.3628	1.9154
4469.640	313.7677	1.7561
4472.020	301.0024	1.2945
4474.400	318.3044	1.1314
4476.780	340.6932	1.2558
4479.160	347.2457	1.2591
4481.540	347.7785	1.2493
4483.920	351.3039	1.2703
4486.300	354.9981	1.2908
4488.680	355.2241	1.3170
4491.060	355.3822	1.3018
4493.440	356.6149	1.5191
4495.820	356.8607	1.4439
4498.200	356.7734	1.4582
4500.580	354.3867	1.4697
4502.960	353.2613	1.4577
4505.340	353.0087	1.5249
4507.720	353.2422	1.4536
4510.100	354.1996	1.4000
4512.480	353.2892	1.3481
4514.860	353.5696	1.3043
4517.240	354.3206	1.3765
4519.620	355.0036	1.3560
4522.000	353.5285	1.4878
4524.380	352.8362	1.3030
4526.760	350.9505	1.3653
4529.140	348.5426	1.4336
4531.520	348.4151	1.5982
4533.900	351.1298	1.6308
4536.280	352.9118	1.7334
4538.660	352.2150	1.8600
4541.040	350.9119	1.5638
4543.420	350.2531	1.4402
4545.800	349.3057	1.4650
4548.180	347.7299	1.3363
4550.560	343.6416	1.2816
4552.940	340.4401	1.2494
4555.320	342.9662	1.2115
4557.700	346.5395	1.2056
4560.080	347.8695	1.2760
4562.460	347.3259	1.2857
4564.840	344.9031	1.2097
4567.220	342.1504	1.2690
4569.600	341.1208	1.2453
4571.980	342.8148	1.3640
4574.360	343.0703	1.3166
4576.740	342.8939	1.3103
4579.120	343.6312	1.3866
4581.500	343.5974	1.3632
4583.880	344.1902	1.3130
4586.260	343.1038	1.4029
4588.640	340.9200	1.4729
4591.020	339.3985	1.3730
4593.400	338.2131	1.2355
4595.780	338.4313	1.3340
4598.160	338.4966	1.2176
4600.540	338.6660	1.2788
4602.920	337.3567	1.3554
4605.300	337.1643	1.4793
4607.680	335.7338	1.4280
4610.060	334.6406	1.3618
4612.440	336.0033	1.3258
4614.820	335.5263	1.2592
4617.200	334.7486	1.3031
4619.580	333.9346	1.2678
4621.960	333.4772	1.2632
4624.340	335.1995	1.3091
4626.720	336.3009	1.3087
4629.100	334.5600	1.3273
4631.480	332.8095	1.3743
4633.860	334.9536	1.2483
4636.240	334.6797	1.1683
4638.620	331.5470	1.3252
4641.000	327.7158	1.4475
4643.380	326.0958	1.2887
4645.760	327.4387	1.2233
4648.140	326.8765	1.1954
4650.520	324.2011	1.3653
4652.900	327.4133	1.3795
4655.280	331.7977	1.2934
4657.660	331.2004	1.3481
4660.040	329.2544	1.2989
4662.420	329.5713	1.2749
4664.800	330.6200	1.3676
4667.180	330.9994	1.3810
4669.560	330.9523	1.3736
4671.940	328.8442	1.3025
4674.320	327.0910	1.4352
4676.700	325.8218	1.5142
4679.080	327.7755	1.6130
4681.460	331.0451	1.9992
4683.840	331.9075	2.0582
4686.220	329.5222	2.0925
4688.600	327.3804	1.7599
4690.980	326.3573	1.1691
4693.360	325.4397	1.1285
4695.740	324.1132	1.1076
4698.120	323.2687	1.1058
4700.500	322.8936	1.1276
4702.880	322.6647	1.2946
4705.260	322.5449	1.3656
4707.640	321.9834	1.1872
4710.020	320.5306	1.3237
4712.400	313.9135	1.3974
4714.780	311.2936	1.2327
4717.160	316.2679	1.2137
4719.540	321.8963	1.2180
4721.920	321.5481	1.2840
4724.300	319.7668	1.2801
4726.680	319.1462	1.3312
4729.060	320.0356	1.3833
4731.440	320.8892	1.4282
4733.820	320.7955	1.3077
4736.200	320.6628	1.2957
4738.580	320.5971	1.1660
4740.960	320.4530	1.2702
4743.340	320.4923	1.2657
4745.720	320.3215	1.3900
4748.100	319.8480	1.3043
4750.480	318.6939	1.3209
4752.860	317.2471	1.3203
4755.240	316.4038	1.3630
4757.620	315.9136	1.2020
4760.000	313.7822	1.2619
4762.380	313.0250	1.3136
4764.760	314.0654	1.2958
4767.140	314.6817	1.2988
4769.520	314.4855	1.4231
4771.900	314.2256	1.2884
4774.280	314.2348	1.2184
4776.660	313.1074	1.2183
4779.040	311.6168	1.1889
4781.420	311.5999	1.2011
4783.800	312.5523	1.2064
4786.180	313.1577	1.1536
4788.560	312.2811	1.1659
4790.940	310.9863	1.1754
4793.320	311.5242	1.1802
4795.700	311.9380	1.2337
4798.080	310.6867	1.2284
4800.460	309.4550	1.2157
4802.840	308.2957	1.2407
4805.220	308.3438	1.2653
4807.600	308.7837	1.2886
4809.980	308.8670	1.3132
4812.360	308.6245	1.1643
4814.740	306.9877	1.1323
4817.120	305.9541	1.2071
4819.500	304.9462	1.2813
4821.880	305.9113	1.3205
4824.260	307.3863	1.2205
4826.640	307.7056	1.2469
4829.020	306.0044	1.3179
4831.400	305.2993	1.3447
4833.780	305.6762	1.3021
4836.160	304.2998	1.3146
4838.540	303.9710	1.2499
4840.920	303.2394	1.2499
4843.300	300.5001	1.3862
4845.680	296.6784	1.4568
4848.060	293.3790	1.3496
4850.440	288.8263	1.3272
4852.820	279.4952	1.4030
4855.200	264.1353	1.4269
4857.580	242.5388	1.5721
4859.960	219.1224	1.4865
4862.340	210.0317	1.2970
4864.720	224.5620	0.8805
4867.100	248.5297	0.9008
4869.480	267.7336	0.9631
4871.860	278.1794	1.0070
4874.240	284.3599	1.0557
4876.620	287.2431	1.1501
4879.000	289.7001	1.1679
4881.380	291.6164	1.2024
4883.760	291.9176	1.2658
4886.140	294.0990	1.1741
4888.520	295.5142	1.2663
4890.900	295.2999	1.2012
4893.280	295.0493	1.1946
4895.660	295.0331	1.2385
4898.040	295.4920	1.3378
4900.420	296.4674	1.1802
4902.800	296.9468	1.1966
4905.180	296.8808	1.2467
4907.560	296.2925	1.2271
4909.940	296.5606	1.1865
4912.320	296.5363	1.2123
4914.700	295.5818	1.2221
4917.080	290.5136	1.4723
4919.460	278.2444	1.6163
4921.840	266.1903	1.3593
4924.220	269.3819	1.0977
4926.600	284.1338	1.1419
4928.980	292.9565	1.1663
4931.360	295.9977	1.0985
4933.740	297.6060	1.1947
4936.120	298.5870	1.4004
4938.500	298.5782	1.2799
4940.880	294.9109	1.2696
4943.260	293.4743	1.2159
4945.640	295.0203	1.1070
4948.020	297.3363	1.1766
4950.400	296.5386	1.3246
4952.780	296.3645	1.2505
4955.160	296.6275	1.2544
4957.540	295.7634	1.2684
4959.920	295.2315	1.2015
4962.300	294.5651	1.1963
4964.680	293.3513	1.2251
4967.060	293.5001	1.1716
4969.440	294.0462	1.2034
4971.820	294.8716	1.2009
4974.200	294.6694	1.2421
4976.580	294.8815	1.3067
4978.960	294.4338	1.3677
4981.340	293.8588	1.3391
4983.720	292.6004	1.2761
4986.100	291.7432	1.2772
4988.480	291.6815	1.2993
4990.860	291.8751	1.1740
4993.240	291.1526	1.2288
4995.620	290.2432	1.2394
4998.000	289.5497	1.2617
5000.380	287.1397	1.2355
5002.760	285.6155	1.2945
5005.140	285.3764	1.3059
5007.520	286.0366	1.2565
5009.900	286.6712	1.3558
5012.280	283.5669	1.3017
5014.660	278.9644	1.2584
5017.040	277.3254	1.1813
5019.420	283.1624	1.2156
5021.800	288.8512	1.2744
5024.180	289.3321	1.3097
5026.560	288.4186	1.2644
5028.940	288.3274	1.2546
5031.320	287.6753	1.3096
5033.700	288.0969	1.3174
5036.080	288.1195	1.3671
5038.460	287.6320	1.3528
5040.840	286.3382	1.3221
5043.220	285.5114	1.2648
5045.600	281.8710	1.2840
5047.980	279.2413	1.2703
5050.360	282.0004	1.1693
5052.740	286.0683	1.2281
5055.120	287.2835	1.2555
5057.500	286.5338	1.2700
5059.880	285.6706	1.2689
5062.260	285.9050	1.1671
5064.640	286.1173	1.1781
5067.020	286.5323	1.3004
5069.400	286.6879	1.2544
5071.780	285.5151	1.2522
5074.160	284.9889	1.2864
5076.540	284.8369	1.2337
5078.920	285.9870	1.2587
5081.300	285.5188	1.1992
5083.680	285.1842	1.2046
5086.060	284.7774	1.2294
5088.440	283.6884	1.2572
5090.820	282.7143	1.2505
5093.200	282.1833	1.2575
5095.580	282.4599	1.2864
5097.960	282.8693	1.3474
5098.200	277.9343	1.1738
5100.340	282.6310	1.3228
5101.130	278.7190	1.3204
5102.720	281.1909	1.2879
5104.060	277.3050	1.2489
5105.100	280.7048	1.2127
5106.990	277.3908	1.0824
5107.480	280.6203	1.1349
5109.860	280.3350	1.1728
5109.920	275.9440	1.1349
5112.240	279.5474	1.1100
5112.850	276.1320	1.1297
5114.620	278.6331	1.2470
5115.780	275.5386	1.2346
5117.000	278.6350	1.2519
5118.710	274.7996	1.2405
5119.380	279.1235	1.2452
5121.640	274.9442	1.1727
5121.760	278.6860	1.3317
5124.140	278.1423	1.2346
5124.570	273.1762	1.3458
5126.520	277.7874	1.2170
5127.500	274.1790	1.0540
5128.900	277.5908	1.1212
5130.430	274.6825	1.0850
5131.280	277.0096	1.2833
5133.360	274.4483	1.1854
5133.660	277.0173	1.2684
5136.040	276.7185	1.2928
5136.290	273.2373	1.1796
5138.420	277.0059	1.3354
5139.220	271.9687	1.1854
5140.800	276.8454	1.3927
5142.150	272.2926	1.1851
5143.180	275.9871	1.3838
5145.080	272.2354	1.2246
5145.560	274.7251	1.4292
5147.940	274.8283	1.4820
5148.010	271.4133	1.2368
5150.320	275.3735	1.4291
5150.940	272.2332	1.0742
5153.870	272.3002	1.1663
5156.800	271.9483	1.1260
5159.730	271.0527	1.1913
5162.660	271.9312	1.2236
5165.590	270.0280	1.7709
5168.520	271.4718	1.4405
5171.450	271.8438	1.1705
5174.380	273.9410	1.2717
5177.310	274.5519	1.3918
5180.240	271.1284	1.2045
5183.170	270.3910	1.4899
5186.100	272.4676	1.2629
5189.030	271.5464	1.2259
5191.960	270.3942	1.1574
5194.890	270.2943	1.1072
5197.820	270.8132	1.0895
5200.750	270.2289	1.1269
5203.680	269.4191	1.0262
5206.610	269.2885	1.1686
5209.540	269.6934	1.0651
5212.470	269.6396	1.2190
5215.400	267.6339	1.0603
5218.330	267.1580	1.0433
5221.260	267.6590	1.0193
5224.190	266.8789	1.0079
5227.120	268.0156	1.1263
5230.050	268.4230	1.0268
5232.980	267.4905	1.0168
5235.910	266.6606	1.0546
5238.840	267.1669	1.1577
5241.770	265.2485	1.0772
5244.700	264.8539	0.9752
5247.630	265.7390	0.9744
5250.560	265.2493	1.0358
5253.490	265.4871	1.0265
5256.420	265.7100	0.9647
5259.350	265.3434	0.9304
5262.280	263.3984	1.1160
5265.210	263.5602	1.0537
5268.140	264.2285	0.9614
5271.070	264.4013	1.0891
5274.000	263.6044	1.0744
5276.930	263.1358	1.0216
5279.860	261.9185	0.8766
5282.790	261.4738	0.9136
5285.720	261.9609	0.9994
5288.650	262.0288	0.9414
5291.580	261.8390	0.9511
5294.510	261.1362	0.9614
5297.440	260.7490	0.9684
5300.370	261.0081	0.9363
5303.300	260.8480	0.9899
5306.230	260.9299	0.9276
5309.160	260.3259	0.9276
5312.090	260.0339	0.8939
5315.020	259.7134	0.9460
5317.950	259.9180	1.0187
5320.880	259.4861	1.0138
5323.810	259.0712	1.0602
5326.740	257.5325	1.0851
5329.670	258.4593	1.0325
5332.600	258.9481	1.0185
5335.530	258.1504	0.9453
5338.460	257.9421	0.9982
5341.390	257.1859	0.9634
5344.320	256.8867	0.9540
5347.250	256.6972	0.9254
5350.180	256.9458	0.9220
5353.110	255.9072	1.0419
5356.040	255.7751	0.9779
5358.970	255.4897	0.8955
5361.900	254.8412	1.0050
5364.830	254.8123	0.9950
5367.760	254.3363	0.8789
5370.690	253.1870	0.9213
5373.620	253.9898	0.9873
5376.550	254.9256	1.0334
5379.480	253.3649	0.8828
5382.410	253.0281	0.9398
5385.340	252.7635	0.8666
5388.270	252.6243	0.8590
5391.200	252.5027	0.9381
5394.130	251.8965	0.8904
5397.060	251.5159	0.8937
5399.990	250.2048	0.9066
5402.920	249.9043	0.9758
5405.850	250.5273	1.0033
5408.780	250.4099	0.9886
5411.710	250.8579	0.9557
5414.640	250.7326	0.9759
5417.570	250.3254	0.8518
5420.500	249.5063	0.8722
5423.430	249.4091	0.8461
5426.360	249.0955	0.9254
5429.290	248.7930	0.8460
5432.220	248.5369	0.8300
5435.150	248.5266	0.8941
5438.080	247.4591	0.8983
5441.010	247.3339	0.9155
5443.940	246.5338	0.9504
5446.870	245.9684	0.8231
5449.800	244.8459	0.8280
5452.730	243.2710	0.7764
5455.660	243.4763	0.7472
5458.590	244.5131	0.7554
5461.520	244.8816	0.7520
5464.450	244.7782	0.7525
5467.380	245.4677	0.7943
5470.310	245.3460	0.8313
5473.240	245.4483	0.8337
5476.170	245.0174	0.8563
5479.100	243.8977	0.8564
5482.030	242.9638	0.8116
5484.960	241.8923	0.7928
5487.890	241.8326	0.7478
5490.820	242.1389	0.8082
5493.750	242.2465	0.8213
5496.680	242.9820	0.8187
5499.610	243.4127	0.7832
5502.540	242.7363	0.7793
5505.470	242.0056	0.8088
5508.400	241.1660	0.8670
5511.330	240.7361	0.9055
5514.260	240.6435	0.8453
5517.190	240.9776	0.8170
5520.120	241.1099	0.8317
5523.050	240.9068	0.8350
5525.980	240.8223	0.7767
5528.910	239.6668	0.8245
5531.840	238.5976	0.8992
5534.770	237.8267	0.9088
5537.700	237.9026	0.8981
5540.630	238.1023	0.8178
5543.560	237.8767	0.7803
5546.490	237.9409	0.8015
5549.420	238.7026	0.8053
5552.350	238.6465	0.8210
5555.280	238.2984	0.8291
5558.210	237.8896	0.8447
5561.140	238.1138	0.8789
5564.070	238.0870	0.8842
5567.000	237.8644	0.8059
5569.930	237.9089	0.7903
5572.860	237.2496	0.8426
5575.790	235.9215	0.9499
5578.720	235.8374	0.8902
5581.650	236.0815	0.8561
5584.580	236.8425	0.8985
5587.510	236.8744	0.9136
5590.440	236.0647	0.8579
5593.370	235.3706	0.8450
5596.300	235.0895	0.8396
5599.230	235.2272	0.8045
5602.160	234.7086	0.7733
5605.090	233.8157	0.8407
5608.020	233.5247	0.8914
5610.950	233.1620	0.8335
5613.880	233.6142	0.8066
5616.810	233.5387	0.8277
5619.740	233.7960	0.8026
5622.670	233.7368	0.7922
5625.600	233.5001	0.8054
5628.530	232.4086	0.8897
5631.460	232.6078	0.8396
5634.390	232.0878	0.8404
5637.320	230.7027	0.8523
5640.250	229.2665	0.9417
5643.180	228.6863	0.8193
5646.110	228.8687	0.8202
5649.040	229.2174	0.8333
5651.970	229.9171	0.7822
5654.900	230.0367	0.7660
5657.830	229.7087	0.8297
5660.760	229.0224	0.7866
5663.690	228.3021	0.7732
5666.620	227.0772	0.7834
5669.550	226.7678	0.7882
5672.480	226.3799	0.8088
5675.410	225.6088	0.8626
5678.340	224.6218	0.8709
5681.270	224.7259	0.8955
5684.200	225.5755	0.8038
5687.130	226.5317	0.8037
5690.060	226.9063	0.7734
5692.990	225.9040	0.8152
5695.920	224.4591	0.7908
5698.850	224.3805	0.7828
5701.780	224.5878	0.7522
5704.710	224.3592	0.8008
5707.640	224.0844	0.9311
5710.570	223.8987	0.8668
5713.500	223.2685	0.8540
5716.430	223.3403	0.8385
5719.360	222.8058	0.8152
5722.290	222.6635	0.7511
5725.220	222.7932	0.7539
5728.150	223.1803	0.7402
5731.080	223.1567	0.7598
5734.010	222.7069	0.6932
5736.940	221.6044	0.7271
5739.870	220.6196	0.7045
5742.800	220.2038	0.7530
5745.730	220.7265	0.7409
5748.660	221.2442	0.7758
5751.590	221.7096	0.7723
5754.520	221.1857	0.8145
5757.450	220.5366	0.8235
5760.380	220.4638	0.8202
5763.310	220.4083	0.7616
5766.240	218.9669	0.7842
5769.170	218.1903	0.7846
5772.100	217.1132	0.7169
5775.030	215.7622	0.7073
5777.960	213.3921	0.6921
5780.890	211.9389	0.7182
5783.820	213.0603	0.7611
5786.750	214.9956	0.7594
5789.680	215.6316	0.7797
5792.610	215.1267	0.7401
5795.540	213.9645	0.7405
5798.470	213.7743	0.7330
5801.400	215.1815	0.7912
5804.330	215.3791	0.8149
5807.260	215.4483	0.8426
5810.190	214.9189	0.7966
5813.120	215.5572	0.7554
5816.050	215.6708	0.7530
5818.980	215.8736	0.7241
5821.910	215.0481	0.7125
5824.840	214.5617	0.7256
5827.770	214.3401	0.7610
5830.700	213.9052	0.7682
5833.630	213.4100	0.7084
5836.560	212.8529	0.7126
5839.490	212.2482	0.7592
5842.420	212.1747	0.7198
5845.350	212.0237	0.7187
5848.280	211.2241	0.7157
5851.210	210.7923	0.7713
5854.140	210.8440	0.8219
5857.070	211.1915	0.8306
5860.000	210.4545	0.8089
5862.930	210.2210	0.7959
5865.860	209.7389	0.8039
5868.790	208.2713	0.8610
5871.720	203.5818	1.3675
5874.650	198.2810	1.4516
5877.580	196.6860	1.0178
5880.510	201.1778	0.6690
5883.440	203.3904	0.6545
5886.370	198.9850	0.8159
5889.300	192.5763	1.0363
5892.230	189.8103	0.9367
5895.160	191.4346	0.8032
5898.090	196.5044	0.7092
5901.020	202.2190	0.7475
5903.950	205.6371	0.7713
5906.880	206.3754	0.7578
5909.810	206.5128	0.7498
5912.740	206.5292	0.7155
5915.670	206.2772	0.6864
5918.600	205.3769	0.7147
5921.530	204.8139	0.7845
5924.460	204.5007	0.7998
5927.390	204.8106	0.8026
5930.320	204.5391	0.7672
5933.250	204.5727	0.7334
5936.180	204.3264	0.6971
5939.110	203.7596	0.6564
5942.040	203.0874	0.7723
5944.970	202.8116	0.8075
5947.900	203.5183	0.7559
5950.830	203.5082	0.7306
5953.760	203.3790	0.7231
5956.690	202.8595	0.7464
5959.620	202.5086	0.6660
5962.550	202.7149	0.6787
5965.480	201.8982	0.6789
5968.410	201.6452	0.7334
5971.340	201.0742	0.7657
5974.270	201.5030	0.7793
5977.200	201.2659	0.7840
5980.130	201.0645	0.7440
5983.060	200.4688	0.7334
5985.990	200.0944	0.7543
5988.920	199.8982	0.7135
5991.850	199.3368	0.7326
5994.780	198.9986	0.7304
5997.710	198.7427	0.7529
6000.640	198.5946	0.8262
6003.570	198.1052	0.8236
6006.500	198.2077	0.8056
6009.430	197.6320	0.7936
6012.360	197.6776	0.7122
6015.290	197.7524	0.6829
6018.220	197.5186	0.7034
6021.150	197.7585	0.6860
6024.080	197.5961	0.7268
6027.010	197.2295	0.6641
6029.940	196.2333	0.7019
6032.870	195.8714	0.6965
6035.800	195.5141	0.7270
6038.730	195.8428	0.6288
6041.660	195.7812	0.6603
6044.590	195.1306	0.7021
6047.520	195.1093	0.7018
6050.450	195.3115	0.7298
6053.380	194.8325	0.7675
6056.310	194.6157	0.7570
6059.240	194.4099	0.7464
6062.170	194.4147	0.7359
6065.100	194.5844	0.6915
6068.030	194.1136	0.6674
6070.960	194.0436	0.6715
6073.890	193.5428	0.6414
6076.820	193.6302	0.6837
6079.750	193.4649	0.6705
6082.680	193.0664	0.6793
6085.610	192.5275	0.7374
6088.540	192.5450	0.6661
6091.470	191.5810	0.7143
6094.400	190.9003	0.6938
6097.330	190.9878	0.6716
6100.260	191.3615	0.6879
6103.190	191.6335	0.6778
6106.120	191.0641	0.6481
6109.050	190.3271	0.6648
6111.980	190.0342	0.6821
6114.910	189.9147	0.6907
6117.840	190.0751	0.6989
6120.770	189.9237	0.6683
6123.700	189.6638	0.6654
6126.630	189.2125	0.6923
6129.560	189.2693	0.6856
6132.490	189.7571	0.6434
6135.420	189.6914	0.6715
6138.350	188.9373	0.7010
6141.280	188.1540	0.6626
6144.210	187.6312	0.6334
6147.140	187.3930	0.6592
6150.070	187.2091	0.6308
6153.000	187.0391	0.6134
6155.930	186.4942	0.6305
6158.860	185.9959	0.7156
6161.790	185.7907	0.7912
6164.720	184.9221	0.7584
6167.650	184.3319	0.7140
6170.580	184.1246	0.6286
6173.510	183.5890	0.6343
6176.440	182.9728	0.6114
6179.370	182.8070	0.6180
6182.300	182.9475	0.6140
6185.230	182.9457	0.5989
6188.160	183.2886	0.6341
6191.090	183.2113	0.6922
6194.020	182.8519	0.6612
6196.950	182.2659	0.6697
6199.880	181.8426	0.6441
6202.810	181.2396	0.6103
6205.740	181.2412	0.6055
6208.670	181.5523	0.6099
6211.600	181.9315	0.6297
6214.530	182.1460	0.6562
6217.460	181.4775	0.6662
6220.390	181.1043	0.6224
6223.320	181.3767	0.6187
6226.250	181.2963	0.6592
6229.180	181.4524	0.6751
6232.110	181.3299	0.6429
6235.040	180.8599	0.6201
6237.970	180.4038	0.6841
6240.900	180.6205	0.6646
6243.830	180.4635	0.6556
6246.760	180.1013	0.6478
6249.690	179.6890	0.6504
6252.620	179.6871	0.6211
6255.550	179.8009	0.6296
6258.480	179.6017	0.6004
6261.410	178.8000	0.6192
6264.340	177.9901	0.6800
6267.270	177.0632	0.6353
6270.200	176.4895	0.6600
6273.130	175.9436	0.6233
6276.060	175.4527	0.5969
6278.990	173.8270	0.6133
6281.920	171.5363	0.6400
6284.850	170.6295	0.6916
6287.780	172.5326	0.6307
6290.710	175.0431	0.5896
6293.640	176.7244	0.5866
6296.570	177.1995	0.6200
6299.500	177.1463	0.6222
6302.430	176.2613	0.5982
6305.360	175.6833	0.6416
6308.290	175.3523	0.6933
6311.220	175.1078	0.6847
6314.150	174.7864	0.7352
6317.080	174.0237	0.6756
6320.010	173.4284	0.6189
6322.940	173.0818	0.6568
6325.870	172.5206	0.6689
6328.800	172.2031	0.6536
6331.730	172.1229	0.5586
6334.660	171.9812	0.5759
6337.590	172.2275	0.5673
6340.520	172.2100	0.5496
6343.450	171.7687	0.5587
6346.380	171.6431	0.5165
6349.310	171.7008	0.5424
6352.240	171.8253	0.5516
6355.170	171.8958	0.5749
6358.100	172.2721	0.5838
6361.030	172.0082	0.5467
6363.960	171.2487	0.5641
6366.890	170.6492	0.5905
6369.820	170.3043	0.6294
6372.750	169.9683	0.6180
6375.680	169.6018	0.6167
6378.610	169.3870	0.5997
6381.540	169.3881	0.5823
6384.470	170.0600	0.5622
6387.400	170.7102	0.6561
6390.330	170.4718	0.5845
6393.260	170.3434	0.5538
6396.190	169.6994	0.5971
6399.120	168.9258	0.5618
6402.050	168.3576	0.5726
6404.980	168.0458	0.5948
6407.910	168.0393	0.6414
6410.840	168.1140	0.6322
6413.770	168.1477	0.5979
6416.700	168.0498	0.5866
6419.630	168.0015	0.5668
6422.560	168.0505	0.5261
6425.490	167.8394	0.5814
6428.420	167.5018	0.5898
6431.350	167.2801	0.5615
6434.280	166.9819	0.5881
6437.210	166.6317	0.6375
6440.140	166.0800	0.6795
6443.070	165.3908	0.6076
6446.000	165.1447	0.6066
6448.930	165.0358	0.6155
6451.860	164.8508	0.6120
6454.790	164.4946	0.5873
6457.720	164.3966	0.6284
6460.650	164.4084	0.6120
6463.580	164.4444	0.5641
6466.510	164.3658	0.5601
6469.440	163.9813	0.5708
6472.370	164.0644	0.5742
6475.300	163.4760	0.5607
6478.230	163.1435	0.5507
6481.160	163.0076	0.5718
6484.090	163.1536	0.5755
6487.020	163.1996	0.5842
6489.950	163.2808	0.5755
6492.880	163.4409	0.6313
6495.810	163.6546	0.6713
6498.740	163.2689	0.6202
6501.670	162.7186	0.6075
6504.600	161.9198	0.6393
6507.530	162.0196	0.6200
6510.460	161.7862	0.6217
6513.390	161.8631	0.5993
6516.320	161.4355	0.6320
6519.250	160.6295	0.6427
6522.180	160.2048	0.6429
6525.110	160.0799	0.5927
6528.040	159.9338	0.5856
6530.970	159.3303	0.5828
6533.900	158.8897	0.5491
6536.830	158.9506	0.5688
6539.760	158.6734	0.5772
6542.690	158.1844	0.6620
6545.620	157.0397	0.6672
6548.550	155.2585	0.7078
6551.480	152.6828	0.8286
6554.410	149.0432	0.8686
6557.340	143.4007	0.8298
6560.270	135.8820	0.9474
6563.200	129.7048	0.9824
6566.130	131.6755	0.6905
6569.060	138.4904	0.7319
6571.990	144.7918	0.4969
6574.920	148.1877	0.4827
6577.850	149.9991	0.4914
6580.780	151.4988	0.4966
6583.710	153.3867	0.4861
6586.640	154.7147	0.5244
6589.570	155.3531	0.6055
6592.500	156.1760	0.6410
6595.430	156.5017	0.5622
6598.360	157.0125	0.5467
6601.290	157.2239	0.5477
6604.220	157.2937	0.5290
6607.150	157.0835	0.5533
6610.080	155.9919	0.5491
6613.010	155.0638	0.5439
6615.940	155.4037	0.5625
6618.870	156.0941	0.5351
6621.800	156.4256	0.5184
6624.730	156.1358	0.5518
6627.660	156.0561	0.5440
6630.590	155.8601	0.5708
6633.520	155.5701	0.5939
6636.450	155.4656	0.5708
6639.380	154.9881	0.5663
6642.310	154.4604	0.5800
6645.240	154.1649	0.5957
6648.170	154.2896	0.5475
6651.100	154.3118	0.5304
6654.030	154.0394	0.5585
6656.960	154.0185	0.5220
6659.890	153.7332	0.5542
6662.820	153.3767	0.5833
6665.750	153.1734	0.6265
6668.680	152.9969	0.5261
6671.610	152.0478	0.5615
6674.540	149.3704	0.8298
6677.470	145.5401	0.9118
6680.400	144.7929	0.6813
6683.330	147.8143	0.5605
6686.260	150.9468	0.5470
6689.190	152.3879	0.5031
6692.120	152.4671	0.4929
6695.050	152.1049	0.5530
6697.980	151.9031	0.5820
6700.910	152.0101	0.5597
6703.840	151.8885	0.5578
6706.770	151.8138	0.5346
6709.700	151.5089	0.5670
6712.630	151.6028	0.5338
6715.560	151.3445	0.5275
6718.490	150.8259	0.5534
6721.420	150.5775	0.6152
6724.350	150.2626	0.5916
6727.280	150.0750	0.5783
6730.210	150.0933	0.5868
6733.140	149.9584	0.5513
6736.070	149.9945	0.5580
6739.000	150.0071	0.5129
6741.930	150.0260	0.5129
6744.860	149.9785	0.5482
6747.790	149.7751	0.5568
6750.720	149.7636	0.5559
6753.650	149.4474	0.5655
6756.580	149.1489	0.5178
6759.510	149.1210	0.4907
6762.440	148.7940	0.4902
6765.370	148.5666	0.5251
6768.300	148.3493	0.5119
6771.230	148.0531	0.5100
6774.160	147.6837	0.5559
6777.090	147.4451	0.5246
6780.020	147.2830	0.5087
6782.950	147.1303	0.4797
6785.880	146.7533	0.4710
6788.810	146.7736	0.5092
6791.740	146.8090	0.5210
6794.670	147.0309	0.4932
6797.600	146.8212	0.4904
6800.530	146.5706	0.5040
6803.460	146.4466	0.4688
6806.390	146.5147	0.5105
6809.320	146.6389	0.4942
6812.250	146.6300	0.4562
6815.180	146.2931	0.4671
6818.110	146.0602	0.4690
6821.040	145.7318	0.4874
6823.970	145.4015	0.5269
6826.900	145.3355	0.5424
6829.830	145.1076	0.5429
6832.760	144.9309	0.5266
6835.690	144.8483	0.5190
6838.620	144.6430	0.5205
6841.550	144.3539	0.4800
6844.480	143.9734	0.4964
6847.410	143.7160	0.5020
6850.340	143.4791	0.5163
6853.270	143.1790	0.5404
6856.200	142.8443	0.5341
6859.130	142.5033	0.5585
6862.060	142.4380	0.5125
6864.990	142.6851	0.5226
6867.920	142.7102	0.5439
6870.850	142.3954	0.4983
6873.780	142.4314	0.4721
6876.710	142.5905	0.4783
6879.640	142.5628	0.4970
6882.570	142.1372	0.5367
6885.500	141.7750	0.6052
6888.430	141.8253	0.5485
6891.360	141.9835	0.5144
6894.290	141.8205	0.4893
6897.220	141.7113	0.4755
6900.150	141.6472	0.4536
6903.080	141.4847	0.4637
6906.010	141.4409	0.4633
6908.940	141.2699	0.5019
6911.870	141.0798	0.5005
6914.800	141.0530	0.4831
6917.730	140.3926	0.4736
6920.660	140.2598	0.4787
6923.590	140.2415	0.4672
6926.520	140.0523	0.4594
6929.450	139.5213	0.4591
6932.380	139.3156	0.4557
6935.310	139.1893	0.4397
6938.240	139.1041	0.4568
6941.170	138.9340	0.4549
6944.100	139.0574	0.4510
6947.030	138.7908	0.4761
6949.960	138.5433	0.4933
6952.890	138.4890	0.4740
6955.820	138.3093	0.4637
6958.750	138.1561	0.4545
6961.680	138.3709	0.4635
6964.610	138.1729	0.4873
6967.540	137.8897	0.4864
6970.470	137.8436	0.4854
6973.400	137.9430	0.4698
6976.330	138.1398	0.4707
6979.260	137.8402	0.4844
6982.190	137.5701	0.4669
6985.120	137.2162	0.4742
6988.050	137.0890	0.4794
6990.980	136.6719	0.5095
6993.910	136.2126	0.5059
6996.840	136.2153	0.4803
6999.770	136.3447	0.4956
7002.700	136.2895	0.5031
7005.630	136.2271	0.4917
7008.560	135.8892	0.4862
7011.490	135.6623	0.4701
7014.420	135.8708	0.4338
7017.350	135.6010	0.4473
7020.280	135.4491	0.4586
7023.210	135.4441	0.4719
7026.140	135.2097	0.4797
7029.070	135.0072	0.4587
7032.000	135.0934	0.4211
7034.930	135.1768	0.4190
7037.860	135.0289	0.4160
7040.790	134.6682	0.4171
7043.720	134.4380	0.4494
7046.650	134.3411	0.4491
7049.580	134.1443	0.4255
7052.510	134.0852	0.4313
7055.440	133.7841	0.4546
7058.370	133.0925	0.5021
7061.300	131.2727	0.5668
7064.230	128.8092	0.6901
7067.160	127.7829	0.5624
7070.090	129.2665	0.4257
7073.020	131.3295	0.4371
7075.950	132.3346	0.4513
7078.880	132.6803	0.4345
7081.810	132.3799	0.4247
7084.740	132.0920	0.4376
7087.670	132.0462	0.4270
7090.600	131.9599	0.4114
7093.530	132.0177	0.4269
7096.460	131.9194	0.4114
7099.390	131.8107	0.4230
7102.320	131.8406	0.4483
7105.250	131.7800	0.4811
7108.180	131.5090	0.4754
7111.110	131.1568	0.4629
7114.040	130.9550	0.4320
7116.970	130.7189	0.4466
7119.900	130.5570	0.4722
7122.830	130.5647	0.4728
7125.760	130.5703	0.4599
7128.690	130.6735	0.4262
7131.620	130.4736	0.4225
7134.550	130.2768	0.4348
7137.480	130.0067	0.4174
7140.410	130.1788	0.4218
7143.340	130.4131	0.4746
7146.270	130.3564	0.4517
7149.200	129.8066	0.4643
7152.130	129.3002	0.4651
7155.060	128.6860	0.4485
7157.990	128.5262	0.4493
7160.920	128.5140	0.4449
7163.850	128.5347	0.4893
7166.780	128.6118	0.4864
7169.710	128.7106	0.5334
7172.640	128.6637	0.5418
7175.570	128.5127	0.5190
7178.500	128.1008	0.4949
7181.430	128.0441	0.4668
7184.360	128.1052	0.4546
7187.290	128.0681	0.4398
7190.220	127.8660	0.4320
7193.150	127.6546	0.4252
7196.080	127.5434	0.4291
7199.010	127.4623	0.4777
7201.940	127.1439	0.4554
7204.870	127.1166	0.4411
7207.800	127.1544	0.4331
7210.730	127.1804	0.4166
7213.660	126.7477	0.4185
7216.590	126.5913	0.4134
7219.520	126.5797	0.4412
7222.450	125.7541	0.5615
7225.380	125.1668	0.5357
7228.310	124.8927	0.4608
7231.240	124.6501	0.4419
7234.170	124.3950	0.4318
7237.100	124.3320	0.4374
7240.030	124.7399	0.4420
7242.960	125.2998	0.4572
7245.890	125.4390	0.4789
7248.820	125.5142	0.4712
7251.750	125.3475	0.4679
7254.680	125.0046	0.4497
7257.610	124.7417	0.4260
7260.540	124.5795	0.4057
7263.470	124.3906	0.4331
7266.400	124.1021	0.4254
7269.330	123.6196	0.4690
7272.260	123.3638	0.4708
7275.190	122.8420	0.4594
7278.120	121.8341	0.4916
7281.050	120.8663	0.4989
7283.980	120.9767	0.4438
7286.910	121.9600	0.4621
7289.840	122.6511	0.4837
7292.770	122.6097	0.4596
7295.700	122.3976	0.4478
7298.630	122.1277	0.4516
7301.560	122.2377	0.4433
7304.490	122.2933	0.4395
7307.420	122.0517	0.4442
7310.350	122.0017	0.4201
7313.280	121.8949	0.4289
7316.210	121.6745	0.4305
7319.140	121.4783	0.4062
7322.070	121.4425	0.4034
7325.000	121.4225	0.4203
7327.930	121.2821	0.4262
7330.860	121.1669	0.4288
7333.790	120.8372	0.4658
7336.720	120.4012	0.4884
7339.650	120.2958	0.4473
7342.580	120.3599	0.4197
7345.510	120.5394	0.3969
7348.440	120.5125	0.3974
7351.370	120.1534	0.4573
7354.300	119.8927	0.4699
7357.230	119.6257	0.4244
7360.160	119.4695	0.4161
7363.090	119.2042	0.4236
7366.020	119.1284	0.4197
7368.950	119.4139	0.3994
7371.880	119.7035	0.4013
7374.810	119.6092	0.3930
7377.740	119.5032	0.4164
7380.670	119.2444	0.4076
7383.600	119.1757	0.4306
7386.530	119.1772	0.4287
7389.460	119.1877	0.4241
7392.390	119.0525	0.4085
7395.320	118.7946	0.3994
7398.250	118.2587	0.3954
7401.180	118.0056	0.3939
7404.110	117.9105	0.3975
7407.040	117.8957	0.4120
7409.970	117.7413	0.4413
7412.900	117.3940	0.4598
7415.830	117.2437	0.4305
7418.760	117.2989	0.4012
7421.690	117.0577	0.4228
7424.620	116.8972	0.4172
7427.550	116.7213	0.3896
7430.480	116.5823	0.4048
7433.410	116.4384	0.3979
7436.340	116.0137	0.3897
7439.270	116.0602	0.4147
7442.200	116.2524	0.3879
7445.130	116.3509	0.4056
7448.060	116.4386	0.4180
7450.990	116.1822	0.4381
7453.920	115.9158	0.4501
7456.850	115.8340	0.4306
7459.780	115.6987	0.4301
7462.710	115.4118	0.4309
7465.640	115.3387	0.4426
7468.570	115.3676	0.4287
7471.500	115.1664	0.4411
7474.430	114.9350	0.4670
7477.360	114.6493	0.4464
7480.290	114.3868	0.4452
7483.220	114.5361	0.4246
7486.150	114.3773	0.4115
7489.080	114.3304	0.4085
7492.010	114.2321	0.4274
7494.940	114.0502	0.4347
7497.870	113.4019	0.4477
7500.800	113.1636	0.4309
7503.730	113.3856	0.4230
7506.660	113.7551	0.4131
7509.590	114.0180	0.4155
7512.520	113.9822	0.4184
7515.450	113.8666	0.3864
7518.380	113.7970	0.4048
7521.310	113.5482	0.4205
7524.240	113.2221	0.4417
7527.170	113.1461	0.4203
7530.100	113.0312	0.4198
7533.030	112.7085	0.4251
7535.960	112.5193	0.3828
7538.890	112.4792	0.4073
7541.820	112.3014	0.4269
7544.750	112.1965	0.4121
7547.680	111.8627	0.3696
7550.610	111.8603	0.3782
7553.540	112.0837	0.3650
7556.470	111.9657	0.3733
7559.400	111.4095	0.3919
7562.330	111.3093	0.4142
7565.260	111.1367	0.4656
7568.190	111.2580	0.4752
7571.120	111.3521	0.4309
7574.050	111.2683	0.3848
7576.980	111.0747	0.3791
7579.910	110.8796	0.4071
7582.840	110.7982	0.4357
7585.770	110.6650	0.4774
7588.700	110.5085	0.4970
7591.630	110.6156	0.5543
7594.560	110.6278	0.6188
7597.490	110.7551	0.6371
7600.420	110.4774	0.5602
7603.350	110.3966	0.5021
7606.280	109.7778	0.4374
7609.210	108.9443	0.4500
7612.140	108.6230	0.4480
7615.070	109.0535	0.4584
7618.000	109.1260	0.4051
7620.930	108.9707	0.4203
7623.860	109.1901	0.5069
7626.790	108.7312	0.4548
7629.720	108.2953	0.4399
7632.650	108.0286	0.3983
7635.580	107.8779	0.3621
7638.510	107.6966	0.3806
7641.440	107.5742	0.4427
7644.370	107.4160	0.4070
7647.300	107.3789	0.3916
7650.230	107.2169	0.4204
7653.160	107.3122	0.4050
7656.090	107.3785	0.4332
7659.020	107.0669	0.4556
7661.950	106.3054	0.4431
7664.880	105.4765	0.4150
7667.810	105.5613	0.3540
7670.740	106.3037	0.3632
7673.670	106.7006	0.3952
7676.600	106.4810	0.3958
7679.530	106.3074	0.4070
7682.460	105.9536	0.3930
7685.390	105.5658	0.4289
7688.320	105.3499	0.4224
7691.250	105.3018	0.4104
7694.180	104.8286	0.3869
7697.110	104.0221	0.3701
7700.040	103.7810	0.3747
7702.970	104.1304	0.3702
7705.900	104.4749	0.3699
7708.830	104.6609	0.3740
7711.760	104.7122	0.3883
7714.690	104.6418	0.3840
7717.620	104.6878	0.3653
7720.550	104.6537	0.4054
7723.480	104.6759	0.4232
7726.410	104.7858	0.3991
7729.340	104.8441	0.4108
7732.270	104.7181	0.4126
7735.200	104.4164	0.3730
7738.130	104.4916	0.3800
7741.060	104.3874	0.3606
7743.990	104.0441	0.3854
7746.920	103.9761	0.3696
7749.850	103.9608	0.3494
7752.780	104.0517	0.3566
7755.710	104.0399	0.3826
7758.640	103.8309	0.3572
7761.570	103.4496	0.3711
7764.500	103.1226	0.3650
7767.430	103.0987	0.3557
7770.360	102.1760	0.3911
7773.290	101.1995	0.4021
7776.220	101.2837	0.3772
7779.150	101.9646	0.3870
7782.080	102.8474	0.3568
7785.010	102.9474	0.3751
7787.940	102.9877	0.3686
7790.870	102.8978	0.3528
7793.800	102.7512	0.3591
7796.730	102.9457	0.3584
7799.660	103.1598	0.3600
7802.590	102.9031	0.3889
7805.520	102.6907	0.4300
7808.450	102.5588	0.3971
7811.380	102.4137	0.3802
7814.310	101.9711	0.3656
7817.240	101.6040	0.3713
7820.170	101.7905	0.3663
7823.100	102.0795	0.3646
7826.030	102.1006	0.3699
7828.960	102.1092	0.3926
7831.890	101.9805	0.4128
7834.820	101.7876	0.3844
7837.750	101.7040	0.3734
7840.680	101.5019	0.3630
7843.610	101.2428	0.3528
7846.540	101.4302	0.3877
7849.470	101.6330	0.4170
7852.400	101.6774	0.4039
7855.330	101.4544	0.4141
7858.260	101.3118	0.3793
7861.190	101.1915	0.3676
7864.120	101.4177	0.3774
7867.050	101.0743	0.3816
7869.980	100.5812	0.4062
7872.910	100.4115	0.3880
7875.840	100.0325	0.3910
7878.770	99.9433	0.3747
7881.700	99.8577	0.3725
7884.630	99.6372	0.3941
7887.560	99.8612	0.3834
7890.490	99.9031	0.3520
7893.420	100.2816	0.3522
7896.350	100.0437	0.3695
7899.280	100.0288	0.4075
7902.210	100.1827	0.3970
7905.140	99.9820	0.4096
7908.070	99.6052	0.4067
7911.000	99.1718	0.4255
7913.930	98.9543	0.4064
7916.860	98.8682	0.3956
7919.790	98.7952	0.3697
7922.720	98.5574	0.4096
7925.650	98.2948	0.3774
7928.580	98.3421	0.3650
7931.510	98.4716	0.3755
7934.440	98.3792	0.3705
7937.370	98.4356	0.3701
7940.300	98.5862	0.3503
7943.230	98.5117	0.3386
7946.160	98.2602	0.3480
7949.090	97.6766	0.3551
7952.020	97.3841	0.3463
7954.950	97.7173	0.3641
7957.880	97.6459	0.3776
7960.810	97.4235	0.4004
7963.740	97.3649	0.4173
7966.670	97.3769	0.3939
7969.600	97.1637	0.3761
7972.530	97.3643	0.3966
7975.460	97.5219	0.3800
7978.390	97.5728	0.3815
7981.320	97.5180	0.3711
7984.250	97.1759	0.3637
7987.180	97.0537	0.3983
7990.110	96.9485	0.4034
7993.040	96.8526	0.3669
7995.970	96.9370	0.3665
7998.900	96.6477	0.3566
8001.830	96.3877	0.3469
8004.760	96.4624	0.3251
8007.690	96.4635	0.3103
8010.620	96.6975	0.3137
8013.550	96.5746	0.3210
8016.480	96.7758	0.3665
8019.410	96.6853	0.3786
8022.340	96.5354	0.3780
8025.270	96.3648	0.3600
8028.200	96.2668	0.3959
8031.130	95.6592	0.3624
8034.060	95.2642	0.3445
8036.990	95.0155	0.3453
8039.920	94.9778	0.3500
8042.850	95.1646	0.3497
8045.780	95.1435	0.3523
8048.710	94.9244	0.3694
8051.640	94.5619	0.3643
8054.570	94.2675	0.4136
8057.500	94.2035	0.3737
8060.430	94.4470	0.3505
8063.360	94.6643	0.3469
8066.290	94.9733	0.3273
8069.220	94.8866	0.3651
8072.150	94.8371	0.3605
8075.080	94.5535	0.3596
8078.010	94.4777	0.3827
8080.940	93.9744	0.3999
8083.870	93.9857	0.3711
8086.800	93.6290	0.3509
8089.730	93.5560	0.3482
8092.660	93.5631	0.3475
8095.590	93.4299	0.3423
8098.520	93.1824	0.3491
8101.450	93.1225	0.3649
8104.380	93.1392	0.3657
8107.310	93.0608	0.3746
8110.240	92.9540	0.3511
8113.170	92.9250	0.3731
8116.100	92.9316	0.3916
8119.030	92.9173	0.3823
8121.960	92.8143	0.3652
8124.890	93.0002	0.3438
8127.820	93.1397	0.3296
8130.750	93.0685	0.3404
8133.680	92.8586	0.3223
8136.610	92.4388	0.3493
8139.540	92.1543	0.3507
8142.470	91.9393	0.3600
8145.400	91.9840	0.3171
8148.330	92.1020	0.3199
8151.260	92.1556	0.3390
8154.190	91.9944	0.3454
8157.120	91.8916	0.3722
8160.050	91.8613	0.3714
8162.980	91.7744	0.3822
8165.910	91.4500	0.4025
8168.840	91.1644	0.4384
8171.770	91.1884	0.4237
8174.700	91.3898	0.3955
8177.630	91.4657	0.4000
8180.560	90.9550	0.4151
8183.490	90.5043	0.4305
8186.420	90.4422	0.3870
8189.350	90.6199	0.3751
8192.280	90.6888	0.3674
8195.210	90.4311	0.3727
8198.140	90.2168	0.3408
8201.070	90.3063	0.3294
8204.000	89.8732	0.3335
8206.930	89.8044	0.3420
8209.860	89.9039	0.3268
8212.790	90.1073	0.3181
8215.720	90.0244	0.3028
8218.650	90.1207	0.3363
8221.580	89.8324	0.3615
8224.510	89.5162	0.4009
8227.440	89.5058	0.4672
8230.370	89.1968	0.5366
8233.300	89.4024	0.4746
8236.230	89.4787	0.4024
8239.160	89.1700	0.3635
8242.090	89.0878	0.3055
8245.020	89.1574	0.2995
8247.950	89.0002	0.3235
8250.880	88.8863	0.3104
8253.810	88.6277	0.3273
8256.740	88.4692	0.3670
8259.670	88.1968	0.3368
8262.600	87.8895	0.3314
8265.530	87.6041	0.3311
8268.460	87.7259	0.3298
8271.390	88.0684	0.3170
8274.320	88.3273	0.3121
8277.250	88.3677	0.3063
8280.180	87.8606	0.3302
8283.110	87.7168	0.3192
8286.040	87.6747	0.3180
8288.970	87.7507	0.3320
8291.900	87.6078	0.3525
8294.830	87.2272	0.3449
8297.760	86.7155	0.3479
8300.690	86.6120	0.3175
8303.620	86.9497	0.2998
8306.550	86.9534	0.3275
8309.480	87.1274	0.3525
8312.410	86.9861	0.3394
8315.340	86.8890	0.3669
8318.270	86.8863	0.3598
8321.200	86.8539	0.3524
8324.130	86.8680	0.3402
8327.060	86.6628	0.3833
8329.990	86.3520	0.3898
8332.920	86.2680	0.3814
8335.850	85.8855	0.3719
8338.780	85.2537	0.3655
8341.710	84.8325	0.3774
8344.640	84.9878	0.3624
8347.570	85.3018	0.3211
8350.500	85.2298	0.3476
8353.430	84.8550	0.3572
8356.360	85.0090	0.3243
8359.290	84.8154	0.3228
8362.220	84.1628	0.3638
8365.150	84.0826	0.3641
8368.080	84.4183	0.3190
8371.010	85.1573	0.3042
8373.940	85.3032	0.2917
8376.870	85.0821	0.3417
8379.800	84.9104	0.3762
8382.730	84.8148	0.3945
8385.660	85.2506	0.3418
8388.590	85.1588	0.3221
8391.520	84.8229	0.3223
8394.450	84.5120	0.3484
8397.380	84.5550	0.3613
8400.310	84.4944	0.3271
8403.240	84.4844	0.2859
8406.170	84.2989	0.2785
8409.100	84.1971	0.3085
8412.030	84.0559	0.3535
8414.960	83.9102	0.3808
8417.890	83.9731	0.3144
8420.820	84.2174	0.2895
8423.750	84.0397	0.2982
8426.680	83.4356	0.3372
8429.610	83.4246	0.4058
8432.540	83.7052	0.3475
8435.470	83.5814	0.3533
8438.400	82.8687	0.3464
8441.330	82.5287	0.3165
8444.260	81.9428	0.2965
8447.190	81.6829	0.3054
8450.120	82.0993	0.4059
8453.050	82.6769	0.3320
8455.980	82.7979	0.3157
8458.910	82.6553	0.3672
8461.840	82.4701	0.3709
8464.770	82.6473	0.3732
8467.700	82.7121	0.3545
8470.630	82.7483	0.3261
8473.560	82.7089	0.3265
8476.490	82.8706	0.3497
8479.420	82.9467	0.3444
8482.350	82.9685	0.3401
8485.280	82.7021	0.3918
8488.210	82.6620	0.3811
8491.140	82.5289	0.3738
8494.070	82.7186	0.4539
8497.000	82.4887	0.5963
8499.930	81.3425	0.4589
8502.860	80.5365	0.3706
8505.790	80.5516	0.3740
8508.720	80.9277	0.3574
8511.650	81.4359	0.3272
8514.580	81.6420	0.3675
8517.510	81.7499	0.3466
8520.440	81.5859	0.3321
8523.370	81.5748	0.3349
8526.300	81.5030	0.3669
8529.230	81.3011	0.4144
8532.160	81.1902	0.3751
8535.090	81.2999	0.3698
8538.020	81.9158	0.6841
8540.950	81.4932	0.8364
8543.880	80.2128	0.6112
8546.810	78.9852	0.3768
8549.740	79.0640	0.4222
8552.670	79.3499	0.3711
8555.600	80.0140	0.3162
8558.530	80.7801	0.3125
8561.460	81.4066	0.3174
8564.390	81.7947	0.3269
8567.320	81.8457	0.3195
8570.250	81.6701	0.3261
8573.180	81.3801	0.3404
8576.110	81.0262	0.3503
8579.040	80.5158	0.3604
8581.970	79.6213	0.3916
8584.900	78.8133	0.3661
8587.830	78.1848	0.3559
8590.760	77.6997	0.2989
8593.690	77.0793	0.2869
8596.620	76.0810	0.2841
8599.550	75.9670	0.3277
8602.480	76.7587	0.3208
8605.410	77.8022	0.2758
8608.340	78.7485	0.2630
8611.270	79.4261	0.2705
8614.200	80.0005	0.2995
8617.130	80.2797	0.2922
8620.060	80.0863	0.3375
8622.990	80.1823	0.4290
8625.920	80.7313	0.3838
8628.850	81.0122	0.3504
8631.780	80.7790	0.3279
8634.710	80.0544	0.3754
8637.640	79.7168	0.3874
8640.570	79.6434	0.3761
8643.500	79.4369	0.3477
8646.430	79.0733	0.3358
8649.360	78.0572	0.3502
8652.290	76.8923	0.3541
8655.220	76.4403	0.2821
8658.150	76.2126	0.5915
8661.080	75.6681	0.7037
8664.010	74.1617	0.5328
8666.940	73.0410	0.3643
8669.870	73.6321	0.3457
8672.800	74.9053	0.3301
8675.730	76.1189	0.3327
8678.660	77.2606	0.3333
8681.590	78.3745	0.3201
8684.520	79.2097	0.3145
8687.450	79.9151	0.3208
8690.380	80.1718	0.3238
8693.310	80.2865	0.3136
8696.240	80.4870	0.3074
8699.170	80.5590	0.3163
8702.100	80.7017	0.3204
8705.030	80.8021	0.3332
8707.960	80.8346	0.3305
8710.890	80.7861	0.3218
8713.820	80.5424	0.3218
8716.750	80.0039	0.2982
8719.680	79.3624	0.3078
8722.610	78.8840	0.3212
8725.540	78.6563	0.2854
8728.470	78.2568	0.2788
8731.400	77.5589	0.2587
8734.330	76.6159	0.2799
8737.260	75.6418	0.2933
8740.190	74.4682	0.2782
8743.120	72.8938	0.2816
8746.050	71.0154	0.2690
8748.980	69.4906	0.2671
8751.910	69.1120	0.2845
8754.840	70.1528	0.2726
8757.770	72.0555	0.2812
8760.700	73.6003	0.2947
8763.630	75.0018	0.3084
8766.560	75.9061	0.3280
8769.490	76.3774	0.3479
8772.420	76.3028	0.3377
8775.350	75.8423	0.3420
8778.280	75.8152	0.3248
8781.210	76.3172	0.3444
8784.140	77.0126	0.3594
8787.070	77.6443	0.3656
8790.000	78.1855	0.3182
8792.930	78.3396	0.2941
8795.860	78.2684	0.2781
8798.790	78.4721	0.2884
8801.720	78.7939	0.3319
8804.650	79.1998	0.3851
8807.580	79.2079	0.3674
8810.510	78.6664	0.3689
8813.440	78.3403	0.3764
8816.370	77.9769	0.3685
8819.300	77.4635	0.3472
8822.230	77.2599	0.3441
8825.160	77.2925	0.3638
8828.090	77.1841	0.3203
8831.020	76.7840	0.3224
8833.950	76.4307	0.3178
8836.880	76.3216	0.3042
8839.810	75.9106	0.2705
8842.740	75.3066	0.2736
8845.670	74.0882	0.3125
8848.600	72.7486	0.3616
8851.530	71.4306	0.3484
8854.460	69.6762	0.3210
8857.390	67.6115	0.2915
8860.320	65.5449	0.2531
8863.250	64.2309	0.2690
8866.180	64.9250	0.2949
8869.110	67.0951	0.2878
8872.040	69.5095	0.2686
8874.970	71.4024	0.2786
8877.900	72.9258	0.2461
8880.830	73.8040	0.2790
8883.760	74.5305	0.3135
8886.690	74.8241	0.2938
8889.620	75.2570	0.2591
8892.550	75.6773	0.2855
8895.480	75.9615	0.3420
8898.410	76.0670	0.3524
8901.340	75.9571	0.3476
8904.270	75.9687	0.3309
8907.200	75.9710	0.3269
8910.130	75.9940	0.2969
8913.060	75.9745	0.3280
8915.990	75.9186	0.3067
8918.920	76.3819	0.3053
8921.850	76.7596	0.3356
8924.780	76.9055	0.3553
8927.710	76.4228	0.3511
8930.640	75.7693	0.3088
8933.570	75.1814	0.3044
8936.500	74.9066	0.3037
8939.430	75.2556	0.3437
8942.360	75.8096	0.3426
8945.290	76.1021	0.3186
8948.220	75.9804	0.3185
8951.150	75.9279	0.2971
8954.080	75.5955	0.3270
8957.010	75.3284	0.3233
8959.940	75.0990	0.2836
8962.870	75.1886	0.2892
8965.800	75.5869	0.3089
8968.730	75.6087	0.3342
8971.660	75.0496	0.3696
8974.590	74.3786	0.3515
8977.520	73.7272	0.3393
8980.450	73.3206	0.3131
8983.380	72.9474	0.2940
8986.310	72.9472	0.3199
8989.240	72.9480	0.3402
8992.170	72.6919	0.3371
8995.100	71.5547	0.3502
8998.030	70.3108	0.3491
9000.960	68.7010	0.3230
9003.890	67.2138	0.2910
9006.820	65.6010	0.2922
9009.750	63.6433	0.2895
9012.680	61.5386	0.3298
9015.610	60.6144	0.3280
9018.540	61.7723	0.2838
9021.470	63.9070	0.2822
9024.400	65.7895	0.3170
9027.330	67.4852	0.3262
9030.260	68.9225	0.2850
9033.190	70.1371	0.2417
9036.120	71.2188	0.2622
9039.050	71.6091	0.2593
9041.980	71.8685	0.3019
9044.910	71.9147	0.3067
9047.840	71.7691	0.3524
9050.770	71.5529	0.3493
9053.700	71.3880	0.3105
9056.630	71.3478	0.2585
9059.560	70.7644	0.2897
9062.490	70.2929	0.3074
9065.420	70.1126	0.3314
9068.350	70.6712	0.3550
9071.280	72.0000	0.3385
9074.210	73.0238	0.3183
9077.140	73.2833	0.3199
9080.070	72.9031	0.3536
9083.000	72.8693	0.3098
9085.930	72.6657	0.3048
9088.860	72.5293	0.3283
9091.790	72.4269	0.3416
9094.720	72.2963	0.3082
9097.650	72.2293	0.3025
9100.580	71.9618	0.3224
9103.510	71.7843	0.3221
9106.440	72.1249	0.3227
9109.370	72.6588	0.3422
9112.300	72.6356	0.3533
9115.230	72.3912	0.3761
9118.160	71.6647	0.3778
9121.090	70.9220	0.3215
9124.020	70.6912	0.2925
9126.950	70.9088	0.2970
9129.880	71.3738	0.3431
9132.810	71.6436	0.3671
9135.740	71.7868	0.3406
9138.670	71.9331	0.3419
9141.600	71.8509	0.3247
9144.530	71.4938	0.3214
9147.460	71.2230	0.2970
9150.390	71.0682	0.2993
9153.320	71.1493	0.3364
9156.250	71.6272	0.3379
9159.180	71.5899	0.3441
9162.110	71.5121	0.3359
9165.040	70.7415	0.3442
9167.970	70.2632	0.3324
9170.900	69.8013	0.3062
9173.830	69.2680	0.3349
9176.760	69.2660	0.3340
9179.690	69.7800	0.3355
9182.620	70.0362	0.3446
9185.550	70.3455	0.3018
9188.480	70.3021	0.3015
9191.410	70.3930	0.3141
9194.340	69.8844	0.3112
9197.270	68.8247	0.3237
9200.200	68.1041	0.3088
9203.130	67.5994	0.3389
9206.060	66.9198	0.3224
9208.990	65.9126	0.3108
9211.920	64.5845	0.2983
9214.850	63.7354	0.3009
9217.780	62.7378	0.3057
9220.710	61.1795	0.2858
9223.640	59.0929	0.2591
9226.570	56.6663	0.2617
9229.500	55.3203	0.2580
9232.430	56.1135	0.2691
9235.360	58.5495	0.2614
9238.290	60.8529	0.2550
9241.220	62.6376	0.2689
9244.150	64.1645	0.3038
9247.080	65.3253	0.3460
9250.010	66.0576	0.3555
9252.940	66.8806	0.3134
9255.870	67.5056	0.2946
9258.800	67.1441	0.3079
9261.730	66.3074	0.3121
9264.660	66.0178	0.3217
9267.590	66.5527	0.3146
9270.520	67.1656	0.3368
9273.450	67.6188	0.3461
9276.380	67.8397	0.3752
9279.310	68.0628	0.3906
9282.240	67.9779	0.3361
9285.170	68.1082	0.3126
9288.100	68.1140	0.3122
9291.030	68.3722	0.2930
9293.960	68.5376	0.2820
9296.890	68.6761	0.3151
9299.820	68.6849	0.3369
9302.750	68.2175	0.3738
9305.680	67.6871	0.3323
9308.610	67.2788	0.3349
9311.540	67.1977	0.3377
9314.470	67.1079	0.3852
9317.400	67.0722	0.3663
9320.330	67.2678	0.4042
9323.260	67.5691	0.4461
9326.190	67.5222	0.4106
9329.120	67.7171	0.3793
9332.050	67.4667	0.4043
9334.980	67.1132	0.4625
9337.910	66.8828	0.5006
9340.840	67.0939	0.4899
9343.770	67.4228	0.4767
9346.700	67.1745	0.4311
9349.630	66.3847	0.4018
9352.560	66.1444	0.4366
9355.490	66.2476	0.4341
9358.420	66.2214	0.3895
9361.350	66.0894	0.3705
9364.280	66.3615	0.3841
9367.210	66.7774	0.4195
9370.140	66.6158	0.4039
9373.070	66.2744	0.3830
9376.000	66.1647	0.3923
9378.930	66.2262	0.4242
9381.860	66.1807	0.4028
9384.790	66.4021	0.3244
9387.720	66.3843	0.3100
9390.650	66.2225	0.3390
9393.580	66.2730	0.3793
9396.510	66.3822	0.3630
9399.440	66.0476	0.3534
9402.370	65.6565	0.3569
9405.300	65.8586	0.3926
9408.230	65.8831	0.3935
9411.160	65.7189	0.4622
9414.090	65.6276	0.4405
9417.020	65.3787	0.3647
9419.950	65.2845	0.3878
9422.880	65.5042	0.3875
9425.810	65.6369	0.3865
9428.740	65.6994	0.3787
9431.670	65.4149	0.3415
9434.600	65.3793	0.3247
9437.530	65.4399	0.4114
9440.460	65.0498	0.4519
9443.390	64.9788	0.3978
9446.320	65.1873	0.3522
9449.250	65.1157	0.3459
9452.180	64.8076	0.3615
9455.110	64.2022	0.3753
9458.040	63.6259	0.3462
9460.970	63.0525	0.3331
9463.900	62.7891	0.3065
9466.830	63.3089	0.3010
9469.760	63.8759	0.3255
9472.690	64.1373	0.3504
9475.620	64.0985	0.3708
9478.550	63.8390	0.3801
9481.480	63.4096	0.3651
9484.410	63.2790	0.3382
9487.340	63.0895	0.3550
9490.270	62.8992	0.3436
9493.200	63.0103	0.3451
9496.130	63.2682	0.3794
9499.060	63.1399	0.4054
9501.990	63.1743	0.3757
9504.920	62.7577	0.3341
9507.850	62.4860	0.3203
9510.780	61.7711	0.3573
9513.710	60.1870	0.3929
9516.640	58.3401	0.4141
9519.570	57.3097	0.3630
9522.500	57.4749	0.3105
9525.430	57.5191	0.3029
9528.360	57.4412	0.2982
9531.290	57.2633	0.3035
9534.220	56.8877	0.3152
9537.150	55.6700	0.3261
9540.080	53.6746	0.3279
9543.010	50.8883	0.3388
9545.940	48.6348	0.3167
9548.870	48.8311	0.3166
9551.800	51.0269	0.3333
9554.730	53.7666	0.3321
9557.660	55.9488	0.3519
9560.590	57.6015	0.3566
9563.520	58.7155	0.3895
9566.450	59.2061	0.4336
9569.380	59.6781	0.3980
9572.310	60.1271	0.3672
9575.240	60.1165	0.3307
9578.170	59.8230	0.3507
9581.100	59.5826	0.3491
9584.030	59.8721	0.3802
9586.960	60.2964	0.4473
9589.890	60.3507	0.4567
9592.820	60.4188	0.4392
9595.750	60.2937	0.4364
9598.680	59.9698	0.4052
9601.610	59.7102	0.4233
9604.540	59.5387	0.4577
9607.470	59.9109	0.5101
9610.400	60.3683	0.5420
9613.330	60.2578	0.5355
9616.260	59.8412	0.4780
9619.190	59.5602	0.5720
9622.120	59.2047	0.5984
9625.050	58.6285	0.5904
9627.980	58.1347	0.5370
9630.910	58.0280	0.5055
9633.840	58.4580	0.5313
9636.770	58.6466	0.5694
9639.700	58.8592	0.5515
9642.630	59.0884	0.5770
9645.560	59.1523	0.6144
9648.490	59.1435	0.5852
9651.420	58.7401	0.6031
9654.350	58.2281	0.5795
9657.280	57.8840	0.5762
9660.210	57.6457	0.6435
9663.140	57.6086	0.6463
9666.070	57.6303	0.6369
9669.000	57.9648	0.6313
9671.930	57.9487	0.6693
9674.860	57.9740	0.6699
9677.790	57.8367	0.6985
9680.720	57.0999	0.6658
9683.650	56.8843	0.7057
9686.580	56.6403	0.6930
9689.510	56.4891	0.7002
9692.440	56.3487	0.6965
9695.370	56.5929	0.7062
9698.300	56.4301	0.7028
9701.230	55.9735	0.7302
