3298.680	61233.4535	330.2540
3301.060	61013.9627	403.6150
3303.440	60557.5722	363.6574
3305.820	60435.6838	299.2887
3308.200	60273.9856	291.0402
3310.580	59886.2648	333.5055
3312.960	59713.1875	311.2640
3315.340	59887.3597	311.3736
3317.720	60139.8129	334.8015
3320.100	59737.7097	405.8313
3322.480	59219.7865	317.0439
3324.860	59171.3333	278.1777
3327.240	59362.9578	285.5641
3329.620	59629.8785	284.9285
3332.000	59561.3585	327.4303
3334.380	59300.2623	304.5759
3336.760	59004.1089	282.6312
3339.140	59041.6541	273.8705
3341.520	59222.3886	275.1699
3343.900	59258.1488	281.7473
3346.280	59102.1269	240.6736
3348.660	58852.2836	290.1718
3351.040	58937.2721	269.2251
3353.420	59319.3322	308.7860
3355.800	58913.2745	382.3026
3358.180	58398.1092	326.9109
3360.560	59070.1842	358.1250
3362.940	59002.0735	291.4894
3365.320	58699.0113	308.2701
3367.700	58564.9465	280.8114
3370.080	58522.1532	297.1870
3372.460	58852.8850	299.2975
3374.840	59063.3297	309.2624
3377.220	58105.9044	371.0394
3379.600	57842.0929	223.5936
3381.980	58210.5102	233.1030
3384.360	58776.1051	249.1028
3386.740	58914.4127	321.2287
3389.120	58780.4513	274.5248
3391.500	58311.8856	248.3692
3393.880	58437.7416	309.1365
3396.260	58930.9826	248.8796
3398.640	59062.2068	329.8807
3401.020	58653.1769	353.3437
3403.400	58307.9799	266.0015
3405.780	58273.1273	237.1224
3408.160	58387.8997	216.4191
3410.540	58827.8887	234.2334
3412.920	58845.6264	279.5841
3415.300	58804.1633	251.8619
3417.680	58588.6066	292.8489
3420.060	58327.7870	323.2006
3422.440	58276.7707	275.0242
3424.820	58681.3442	217.7019
3427.200	58989.1327	212.6553
3429.580	58842.4933	292.2784
3431.960	58442.7224	329.6578
3434.340	58228.3502	316.6191
3436.720	57925.6710	328.9625
3439.100	57678.8460	282.3123
3441.480	57594.5023	304.9129
3443.860	57497.1933	287.3089
3446.240	58202.2709	234.3514
3448.620	58324.7775	327.5156
3451.000	58186.6262	308.9966
3453.380	57778.4985	293.4871
3455.760	57538.4099	258.2777
3458.140	57435.6661	220.3918
3460.520	57309.1381	238.7103
3462.900	57515.2660	240.5681
3465.280	57538.5316	336.2641
3467.660	57601.8554	301.6451
3470.040	57341.4187	321.5962
3472.420	57142.9085	264.0053
3474.800	56968.2905	249.0027
3477.180	56928.8322	294.4856
3479.560	57014.8430	358.1688
3481.940	57160.5609	308.8553
3484.320	57236.2632	258.1067
3486.700	56902.5125	276.9163
3489.080	56829.2369	243.0265
3491.460	56481.2845	259.6058
3493.840	55926.3644	217.2772
3496.220	56077.0387	234.1883
3498.600	56684.8827	217.5964
3500.980	56952.1269	295.8786
3503.360	56811.7497	312.0559
3505.740	56879.1414	283.4223
3508.120	56904.6966	241.9308
3510.500	56873.6333	225.8759
3512.880	56900.9798	233.6539
3515.260	56861.2841	234.1840
3517.640	57096.4552	191.1486
3520.020	56917.6067	205.1100
3522.400	56992.8904	233.8383
3524.780	57181.4894	345.0361
3527.160	56983.6008	218.7537
3529.540	57071.0563	210.3426
3531.920	57171.9533	233.7783
3534.300	57031.3263	203.6231
3536.680	57032.4973	207.1783
3539.060	57165.7186	220.3523
3541.440	57344.4500	242.5786
3543.820	57251.2114	256.3479
3546.200	57157.5479	288.0026
3548.580	57326.7212	249.2011
3550.960	57328.5172	270.2051
3553.340	57078.0979	273.6847
3555.720	56390.6043	285.6128
3558.100	56199.3746	287.5135
3560.480	56463.0887	264.5708
3562.860	56515.2276	219.1514
3565.240	56128.5985	223.6266
3567.620	55873.9884	195.8879
3570.000	55521.8450	278.9280
3572.380	55588.4377	223.1769
3574.760	55825.1849	231.1726
3577.140	55892.1274	244.6288
3579.520	56246.4482	261.6822
3581.900	56001.6128	251.1013
3584.280	55571.5898	255.0017
3586.660	55396.6236	239.5968
3589.040	55705.9092	228.7417
3591.420	55900.1848	250.2595
3593.800	55763.7728	318.2214
3596.180	55791.8834	341.2864
3598.560	56110.3279	302.7454
3600.940	56092.3635	231.2200
3603.320	55592.5706	215.7508
3605.700	55634.7472	228.2342
3608.080	55411.7394	202.8538
3610.460	55207.1147	260.3939
3612.840	54896.0410	329.8432
3615.220	54994.3469	291.0818
3617.600	55527.4785	198.3422
3619.980	55478.0127	266.0070
3622.360	55532.9759	242.3309
3624.740	55454.2134	340.7162
3627.120	55536.0308	326.2031
3629.500	55441.3831	267.6405
3631.880	55610.7687	293.0705
3634.260	55759.8641	275.1438
3636.640	55671.2514	267.3008
3639.020	55659.5494	236.6765
3641.400	55742.1886	230.3843
3643.780	55504.5474	234.0529
3646.160	55423.5845	219.2443
3648.540	55401.9034	232.5286
3650.920	55410.4493	188.9339
3653.300	55749.8795	250.3092
3655.680	55841.9847	247.0460
3658.060	55673.8633	234.7554
3660.440	55612.1293	196.0092
3662.820	55635.2958	189.8982
3665.200	55692.4993	197.3201
3667.580	55770.8932	197.1440
3669.960	55622.4955	236.2158
3672.340	55383.7882	286.6634
3674.720	55249.5975	251.2612
3677.100	54928.7443	225.8754
3679.480	55036.3662	202.4525
3681.860	55212.9369	214.3817
3684.240	55327.4171	223.3430
3686.620	55611.0270	239.1982
3689.000	55870.5506	239.1328
3691.380	56327.3472	240.8011
3693.760	56363.2795	251.1511
3696.140	56787.9823	243.5307
3698.520	57395.0989	239.0323
3700.900	57382.4152	347.8037
3703.280	57006.6279	276.7512
3705.660	57948.0637	250.2100
3708.040	58930.9347	215.2059
3710.420	57699.9318	234.2159
3712.800	58606.5974	281.6422
3715.180	63298.3932	344.6695
3717.560	65191.3358	263.8676
3719.940	61677.4397	318.7892
3722.320	59919.3057	232.6080
3724.700	65686.9934	288.5545
3727.080	72842.9959	375.1503
3729.460	72816.1419	343.8952
3731.840	64984.3438	343.0098
3734.220	59199.4269	294.3516
3736.600	64407.6291	261.4174
3738.980	75807.7622	457.6042
3741.360	84376.3927	468.7121
3743.740	83138.8739	287.0267
3746.120	72760.9224	312.4347
3748.500	61308.1453	281.3049
3750.880	60040.9647	291.8794
3753.260	70676.6858	549.8093
3755.640	84819.4213	462.2810
3758.020	95916.5579	333.5475
3760.400	99965.4773	359.0934
3762.780	96070.4216	395.2550
3765.160	85067.9856	363.8102
3767.540	70704.1919	298.2097
3769.920	60724.3043	258.4122
3772.300	64169.1822	269.7971
3774.680	79619.8521	324.4201
3777.060	97831.7279	349.4863
3779.440	113030.2576	369.9513
3781.820	122285.9481	437.3234
3784.200	124925.9710	447.3208
3786.580	121373.8447	547.5472
3788.960	112898.9432	411.1699
3791.340	98486.9060	392.0897
3793.720	80593.9115	354.2807
3796.100	65142.5649	306.4383
3798.480	60990.5392	260.3595
3800.860	71947.5810	298.2887
3803.240	89942.4011	359.8966
3805.620	107850.1447	477.8813
3808.000	122338.1364	444.0547
3810.380	131851.1458	550.1411
3812.760	137115.9326	562.4460
3815.140	140088.3948	779.5942
3817.520	141263.3748	773.9625
3819.900	138250.9001	769.8708
3822.280	131576.6775	582.9157
3824.660	121087.7300	433.0072
3827.040	107842.8995	378.2526
3829.420	91650.7730	328.6046
3831.800	74256.6381	298.3262
3834.180	61303.1285	262.6604
3836.560	60982.9731	247.6482
3838.940	73656.3026	335.8416
3841.320	92146.7402	352.5187
3843.700	109740.2615	609.4012
3846.080	124055.3823	675.1661
3848.460	135005.0165	575.2144
3850.840	142223.5961	558.5013
3853.220	146890.8102	505.5493
3855.600	149868.6917	489.2304
3857.980	152333.4109	574.3707
3860.360	153749.0484	542.1517
3862.740	152717.6293	913.2548
3865.120	153025.1705	937.2944
3867.500	153712.5662	614.8269
3869.880	151764.8628	647.2848
3872.260	147024.1088	468.0967
3874.640	140524.0285	504.2886
3877.020	130865.9342	452.2075
3879.400	118631.6389	447.8659
3881.780	103759.2322	415.7896
3884.160	86218.1650	384.1546
3886.540	69369.4104	336.0927
3888.920	60616.2037	284.3189
3891.300	66522.8936	248.0620
3893.680	81911.7050	317.9987
3896.060	99056.3716	430.3142
3898.440	113844.7412	395.6482
3900.820	125535.2040	392.3349
3903.200	134739.0773	404.0890
3905.580	142059.2004	450.3100
3907.960	148881.8488	504.1938
3910.340	152410.8184	686.8113
3912.720	153771.3209	750.9562
3915.100	154280.7803	705.2911
3917.480	155898.6884	653.0107
3919.860	156986.4438	664.6313
3922.240	156859.1627	665.9627
3924.620	156769.0779	629.6184
3927.000	153952.6340	722.1177
3929.380	147157.5251	684.5769
3931.760	138106.2124	1166.8266
3934.140	135042.4590	1209.9063
3936.520	139709.3235	863.0758
3938.900	147569.0584	751.0914
3941.280	151916.4633	671.5452
3943.660	151869.1210	811.2049
3946.040	150557.1650	549.6495
3948.420	147871.0367	667.3955
3950.800	144945.5113	673.7958
3953.180	141312.6997	725.9101
3955.560	134843.4724	619.1631
3957.940	125873.7302	617.2307
3960.320	114303.9332	579.8634
3962.700	99842.6545	432.7827
3965.080	83014.9294	534.8710
3967.460	66623.7842	574.5031
3969.840	58121.6747	527.5420
3972.220	63336.2783	309.0388
3974.600	78381.5639	404.1839
3976.980	95451.0054	500.3911
3979.360	109987.4845	670.2947
3981.740	122093.2937	754.8047
3984.120	131920.2107	550.4564
3986.500	138828.1604	529.0368
3988.880	143613.2538	586.9950
3991.260	147626.2305	585.7455
3993.640	150440.6975	547.6139
3996.020	151720.0483	571.5862
3998.400	152332.0655	571.5276
4000.780	152456.0604	607.1198
4003.160	152351.8523	638.4024
4005.540	152589.3107	561.7015
4007.920	153706.9596	490.4128
4010.300	154558.0668	535.1589
4012.680	154667.3074	518.5920
4015.060	154878.7853	499.4519
4017.440	155510.4420	461.2603
4019.820	156065.5440	529.0359
4022.200	155136.3640	677.2490
4024.580	153156.4004	779.3564
4026.960	151154.7171	565.7913
4029.340	150837.5377	474.2328
4031.720	151432.4940	407.0764
4034.100	152411.4931	416.7138
4036.480	153250.5690	455.2687
4038.860	153816.8416	515.4994
4041.240	153831.2959	483.3953
4043.620	153127.7934	564.3297
4046.000	151520.4022	469.2856
4048.380	151379.7093	475.3235
4050.760	151138.9296	530.0884
4053.140	150796.1596	503.0236
4055.520	150432.7855	462.0306
4057.900	149876.3678	477.9203
4060.280	149014.9415	478.2455
4062.660	148250.3044	455.0822
4065.040	146677.5322	479.6972
4067.420	145844.6388	491.2997
4069.800	145126.0213	504.5163
4072.180	143905.5217	504.1440
4074.560	142357.8957	518.7435
4076.940	140691.7759	534.0023
4079.320	138803.7320	502.7768
4081.700	136977.4202	466.0293
4084.080	133673.5289	444.7962
4086.460	128662.1762	487.4753
4088.840	121515.4573	502.9688
4091.220	112032.4376	451.2893
4093.600	100104.0415	414.8927
4095.980	85712.5650	419.8528
4098.360	70670.9848	441.6648
4100.740	59342.4880	381.5946
4103.120	59320.1256	284.6700
4105.500	69958.3171	290.9506
4107.880	84337.3388	287.0925
4110.260	98646.3578	344.0232
4112.640	110579.9460	354.4582
4115.020	119459.7695	395.5817
4117.400	126179.7928	408.0969
4119.780	130836.2368	440.3962
4122.160	133737.1654	421.6598
4124.540	135451.7653	496.1573
4126.920	135829.3123	478.8252
4129.300	135759.1231	434.6806
4131.680	137647.0493	487.4923
4134.060	140474.8671	531.5557
4136.440	142259.9941	531.6340
4138.820	143430.2213	518.5099
4141.200	143269.2656	583.2718
4143.580	143082.0907	550.6356
4145.960	142287.3682	452.2659
4148.340	142563.4887	488.0022
4150.720	143122.6191	511.0984
4153.100	143224.7761	496.2885
4155.480	143120.1707	526.8177
4157.860	142553.0007	506.8998
4160.240	142187.4852	508.6528
4162.620	141821.0263	546.4921
4165.000	141928.1305	501.2510
4167.380	141747.1411	511.5564
4169.760	140777.3970	403.6048
4172.140	138807.1679	467.7579
4174.520	137795.8126	506.2992
4176.900	137222.6665	423.9784
4179.280	137384.4106	438.4013
4181.660	138587.4197	412.2187
4184.040	139310.6873	415.6594
4186.420	139589.1134	463.9627
4188.800	139791.0876	536.7843
4191.180	140010.5102	601.8069
4193.560	140441.4783	519.2596
4195.940	139628.1767	535.1221
4198.320	138839.7921	608.3599
4200.700	137800.0276	539.4180
4203.080	137428.0435	455.2037
4205.460	137760.7769	478.9581
4207.840	138416.5677	426.6851
4210.220	138535.3351	464.5081
4212.600	138313.9825	471.1542
4214.980	138039.0815	478.3732
4217.360	137378.3771	422.2679
4219.740	136548.1173	453.4076
4222.120	136269.3984	383.2386
4224.500	136022.2849	615.6669
4226.880	135028.9903	422.5125
4229.260	134827.4861	412.7859
4231.640	134117.5768	586.0807
4234.020	134144.7052	458.8817
4236.400	134992.4022	415.2866
4238.780	135430.2996	411.4703
4241.160	135378.7367	433.2149
4243.540	134680.3916	432.3882
4245.920	133958.4984	416.0926
4248.300	133398.8987	444.4600
4250.680	133280.0276	457.5292
4253.060	133187.4255	450.0043
4255.440	133063.2238	458.9050
4257.820	133348.4383	439.2609
4260.200	132907.5568	427.8639
4262.580	133074.8770	447.7926
4264.960	133098.5057	479.3299
4267.340	132660.0508	470.8623
4269.720	131419.7846	472.5281
4272.100	130557.2144	525.1905
4274.480	130094.2490	428.3880
4276.860	130646.0254	435.4570
4279.240	131237.0155	434.9236
4281.620	131026.2873	431.3815
4284.000	130243.3497	446.6592
4286.380	129343.7993	453.8864
4288.760	128069.7335	495.4149
4291.140	126923.2684	430.8006
4293.520	126417.3115	462.4125
4295.900	125870.5783	482.9508
4298.280	124643.8476	479.8524
4300.660	123649.2468	442.9565
4303.040	123458.3824	437.2444
4305.420	123532.9144	391.5405
4307.800	124057.6535	528.3263
4310.180	123175.4678	597.5887
4312.560	120723.7104	450.8564
4314.940	118971.5052	509.5657
4317.320	116997.6913	695.4239
4319.700	115816.1339	546.1410
4322.080	113454.9640	440.6228
4324.460	109570.9813	518.0094
4326.840	103827.3267	396.1041
4329.220	97210.5174	389.6308
4331.600	88916.7201	422.3809
4333.980	78609.7045	359.2796
4336.360	67223.1073	353.2071
4338.740	57493.3802	409.6655
4341.120	53821.9259	334.2834
4343.500	59327.1092	238.1244
4345.880	70361.1643	254.8738
4348.260	81726.9997	268.9230
4350.640	91261.9638	297.1394
4353.020	98850.3888	295.8823
4355.400	105370.0291	301.3528
4357.780	110319.7390	312.1623
4360.160	113866.9294	365.9245
4362.540	116372.4187	381.1642
4364.920	117983.6548	381.3351
4367.300	118671.2596	424.4907
4369.680	119234.5447	453.4518
4372.060	119813.0649	423.8312
4374.440	120643.2868	423.8174
4376.820	121857.0270	464.3521
4379.200	122402.8254	496.1483
4381.580	121398.9011	470.6734
4383.960	119959.0857	480.8872
4386.340	119933.4898	551.6876
4388.720	120370.4485	469.0174
4391.100	120723.8699	367.8119
4393.480	120569.0321	402.3272
4395.860	120172.6939	385.7090
4398.240	120354.0991	361.0698
4400.620	120845.7914	364.4415
4403.000	121238.6721	455.9031
4405.380	121442.3401	373.3916
4407.760	121717.3429	372.5376
4410.140	121305.8571	413.7435
4412.520	120480.9529	397.6080
4414.900	119323.6355	365.5761
4417.280	118643.2154	410.7219
4419.660	119284.6049	385.2500
4422.040	120401.6131	413.2426
4424.420	121153.6539	411.5114
4426.800	121265.6588	382.4695
4429.180	120949.4600	379.9213
4431.560	120835.8662	413.2028
4433.940	120671.6579	388.9476
4436.320	120306.1229	401.2078
4438.700	120068.5362	373.6153
4441.080	118907.8875	433.3409
4443.460	118492.2392	357.9489
4445.840	118241.2314	384.5217
4448.220	117933.0916	403.8530
4450.600	118256.3829	398.2053
4452.980	118683.5422	386.2987
4455.360	119064.8717	384.8569
4457.740	118702.3003	411.6482
4460.120	118264.3989	359.1418
4462.500	117999.5974	352.2620
4464.880	117575.7125	433.9098
4467.260	116928.0969	608.4014
4469.640	116244.6443	597.1526
4472.020	115691.5533	438.2164
4474.400	115759.0051	321.8009
4476.780	115138.0144	347.9715
4479.160	112978.6527	336.8762
4481.540	111691.1305	324.9649
4483.920	112737.8959	329.8459
4486.300	114260.3919	340.4032
4488.680	114631.3147	349.6577
4491.060	114858.3886	350.7357
4493.440	115456.7186	430.1833
4495.820	116079.7475	404.3411
4498.200	116401.7901	407.5745
4500.580	115932.9437	411.2379
4502.960	115680.2493	410.2436
4505.340	115356.4512	437.5306
4507.720	114984.3389	417.7715
4510.100	115048.6236	386.3086
4512.480	114687.7999	370.4410
4514.860	114401.0653	353.8408
4517.240	113738.0963	379.1848
4519.620	113087.1275	359.5132
4522.000	112385.8305	403.0754
4524.380	112575.2651	348.2537
4526.760	112896.8054	372.8500
4529.140	112721.0645	400.5979
4531.520	112188.1775	455.3601
4533.900	112099.3154	456.9286
4536.280	112666.0434	499.0757
4538.660	112826.3759	538.2692
4541.040	112664.7662	438.5578
4543.420	112287.1797	393.9716
4545.800	111279.9973	401.5741
4548.180	109786.6847	353.1541
4550.560	108932.1144	333.0189
4552.940	108640.2544	334.9942
4555.320	108923.4299	315.2626
4557.700	109283.3957	309.8215
4560.080	109923.3736	336.2970
4562.460	110354.2801	338.2237
4564.840	110553.1561	320.4576
4567.220	110999.0458	341.9794
4569.600	110688.5246	333.2486
4571.980	110420.8739	367.1226
4574.360	110295.2465	361.3938
4576.740	110102.5557	356.3310
4579.120	109444.1506	381.6134
4581.500	108399.3074	371.2371
4583.880	107757.5013	350.2020
4586.260	107581.2275	367.9105
4588.640	107696.5644	403.4239
4591.020	108247.1305	367.2483
4593.400	108736.2217	326.6999
4595.780	109262.2824	357.6072
4598.160	109576.6650	324.3680
4600.540	109794.3911	347.2621
4602.920	109667.0049	375.0933
4605.300	109639.8514	422.8202
4607.680	109389.4881	406.0770
4610.060	109092.6738	384.8446
4612.440	108814.5672	349.9497
4614.820	107949.5474	338.8405
4617.200	107195.6878	343.5769
4619.580	106934.7530	326.6475
4621.960	107041.6484	338.2798
4624.340	107279.6981	352.6607
4626.720	107180.3834	348.2953
4629.100	106769.3188	360.2019
4631.480	106204.2110	373.3315
4633.860	106298.5850	323.7495
4636.240	106479.3694	306.9964
4638.620	106883.6212	359.4659
4641.000	107030.9126	403.2102
4643.380	106459.1269	351.6280
4645.760	106250.7451	323.0447
4648.140	106452.7122	312.8200
4650.520	106083.8387	388.7558
4652.900	105659.6698	374.7729
4655.280	105626.4318	343.4252
4657.660	105180.4572	355.6725
4660.040	104880.5937	341.2858
4662.420	105118.6122	332.3914
4664.800	104828.8253	373.1216
4667.180	104465.7045	367.5732
4669.560	104362.0247	369.2067
4671.940	104277.3018	347.9894
4674.320	104600.1968	402.6855
4676.700	104904.5830	430.0629
4679.080	105136.3040	455.7471
4681.460	105461.1251	594.8906
4683.840	105557.2773	613.2355
4686.220	104847.4137	617.3645
4688.600	103929.9087	511.0714
4690.980	103528.6070	293.8333
4693.360	103465.7504	292.3909
4695.740	103239.8894	286.3929
4698.120	103130.7317	272.3042
4700.500	102778.4584	289.6821
4702.880	102511.6785	339.8525
4705.260	102372.8598	375.0266
4707.640	102389.9537	311.5280
4710.020	102830.4736	366.6731
4712.400	102734.0025	406.9077
4714.780	102400.0264	339.6316
4717.160	102133.4716	312.3923
4719.540	102224.1889	320.6082
4721.920	101933.5074	334.5599
4724.300	101677.2865	336.6940
4726.680	101447.6369	355.0573
4729.060	101285.0489	378.3485
4731.440	100812.9752	391.9838
4733.820	100474.6471	342.7781
4736.200	100436.1014	345.2080
4738.580	100438.4991	295.2193
4740.960	100520.7686	335.9646
4743.340	100652.1262	340.6583
4745.720	100672.2714	380.3158
4748.100	100657.9073	349.8524
4750.480	100421.2234	355.6149
4752.860	99926.7167	348.4330
4755.240	99548.4355	371.9930
4757.620	99264.1175	311.8533
4760.000	98718.0432	333.0015
4762.380	98387.4808	361.0223
4764.760	98415.9599	343.2901
4767.140	98341.1342	337.3431
4769.520	98010.5590	391.6496
4771.900	97838.9518	343.9638
4774.280	97939.6358	318.5959
4776.660	97826.1185	306.2156
4779.040	97628.6286	306.3992
4781.420	97520.6004	308.5971
4783.800	97508.6966	311.7041
4786.180	97684.7692	296.0707
4788.560	97502.7646	299.4667
4790.940	96962.2119	304.7430
4793.320	96876.5233	291.8165
4795.700	96822.4094	318.3440
4798.080	96285.1312	321.5584
4800.460	95915.2823	311.2381
4802.840	95617.4401	327.0940
4805.220	95315.5399	338.5416
4807.600	95116.0747	336.7297
4809.980	95038.3729	352.4480
4812.360	95064.5561	297.3998
4814.740	94679.7769	283.3313
4817.120	94214.4863	311.3355
4819.500	93527.9142	332.2595
4821.880	92965.0757	347.7233
4824.260	92572.2504	313.2030
4826.640	92468.2251	314.9253
4829.020	91861.8449	352.0210
4831.400	91118.7089	352.0247
4833.780	90121.6841	326.7431
4836.160	88673.3854	336.5586
4838.540	87414.2493	310.6856
4840.920	85696.9485	302.5095
4843.300	83143.7717	338.6270
4845.680	79736.1418	355.2796
4848.060	75886.9560	308.8177
4850.440	71352.4201	293.0453
4852.820	65591.6014	289.4550
4855.200	58822.6538	284.8806
4857.580	51885.4885	311.8280
4859.960	46596.1529	294.2714
4862.340	45596.3463	258.4022
4864.720	49483.7169	160.9700
4867.100	56079.3103	158.8553
4869.480	62934.6868	176.3623
4871.860	68579.8068	195.4671
4874.240	73214.7312	218.4990
4876.620	76821.7741	254.6856
4879.000	80064.5194	265.3557
4881.380	82489.4544	283.7991
4883.760	83817.4214	315.1009
4886.140	85263.0743	285.6268
4888.520	86390.5900	320.6739
4890.900	86924.0974	287.1337
4893.280	87425.6337	292.3014
4895.660	87998.5264	313.8023
4898.040	88591.1917	341.9832
4900.420	89078.0683	298.7597
4902.800	89479.5380	304.8060
4905.180	89680.9581	314.3809
4907.560	89567.2049	313.0750
4909.940	89352.5049	300.7591
4912.320	89201.2048	296.6301
4914.700	89298.5601	302.9392
4917.080	89115.1355	404.7896
4919.460	88844.6303	470.0360
4921.840	88368.3069	409.3357
4924.220	87778.5825	278.5527
4926.600	88254.0213	283.1440
4928.980	88802.2813	287.8175
4931.360	88944.3844	255.4283
4933.740	89171.6744	293.9498
4936.120	89281.5405	360.9844
4938.500	89587.2951	318.3249
4940.880	89169.1841	322.8106
4943.260	89050.2471	303.9609
4945.640	89152.7054	265.1917
4948.020	89212.7395	285.9877
4950.400	88854.3639	330.8252
4952.780	88551.6641	305.3838
4955.160	88395.3397	306.7562
4957.540	88006.8071	307.5292
4959.920	87923.4580	279.2993
4962.300	87994.2726	286.9560
4964.680	88022.0344	291.0816
4967.060	87908.6679	277.9851
4969.440	87922.5823	284.2636
4971.820	88110.7017	288.9719
4974.200	87981.5345	298.7194
4976.580	87931.9916	313.9957
4978.960	87609.2520	342.1752
4981.340	87105.3804	331.4743
4983.720	86537.1685	301.9967
4986.100	86223.4236	302.7523
4988.480	86439.8529	307.2202
4990.860	86634.0238	274.1724
4993.240	86534.0933	288.9950
4995.620	86434.0780	280.3323
4998.000	86168.0163	289.8856
5000.380	85780.7410	284.4216
5002.760	85487.1798	304.4830
5005.140	85130.9516	317.7884
5007.520	84911.7762	306.2162
5009.900	85173.3522	332.2246
5012.280	85045.7332	322.8875
5014.660	84583.8530	306.6906
5017.040	83657.1032	266.7229
5019.420	83274.9706	272.8223
5021.800	83760.3730	286.0670
5024.180	84153.7632	308.8638
5026.560	84292.4969	286.1326
5028.940	84427.1819	278.7241
5031.320	84143.9605	306.2526
5033.700	84158.3832	313.5508
5036.080	83791.2532	326.6387
5038.460	83329.8274	315.6725
5040.840	83022.3002	307.8329
5043.220	83252.1728	296.8828
5045.600	83500.5845	313.0477
5047.980	83598.7378	311.7111
5050.360	83310.2740	272.1824
5052.740	82989.1301	279.8296
5055.120	82770.3351	295.1128
5057.500	82668.3603	293.4685
5059.880	82950.1008	296.2558
5062.260	83129.7358	269.1031
5064.640	83189.0342	265.0164
5067.020	83114.7835	314.1535
5069.400	82854.2956	294.1170
5071.780	82530.0480	291.6539
5074.160	82459.4130	304.2339
5076.540	82441.5681	287.1932
5078.920	82573.8586	294.1211
5081.300	82326.2028	273.6686
5083.680	82220.9889	279.9046
5086.060	82317.9912	280.8878
5088.440	82213.0175	292.5696
5090.820	81909.2466	290.5518
5093.200	81690.3432	290.8611
5095.580	81592.6900	304.3839
5097.960	81298.7957	317.6095
5098.200	81992.4354	253.9854
5100.340	81251.9366	310.1950
5101.130	82145.7637	319.8472
5102.720	81240.2322	295.2021
5104.060	81926.7745	294.8507
5105.100	81333.0357	273.9228
5106.990	82072.4462	242.7995
5107.480	81369.7988	251.3789
5109.860	81306.2680	257.6866
5109.920	82098.0122	253.6536
5112.240	81266.7457	236.4763
5112.850	82173.8509	242.5758
5114.620	81092.9370	284.7806
5115.780	82017.9731	288.3283
5117.000	80945.5059	288.9030
5118.710	81589.4556	291.6847
5119.380	80795.3272	283.7675
5121.640	81527.7686	272.5158
5121.760	80663.2431	306.7631
5124.140	80305.1922	273.1368
5124.570	80963.9176	339.4989
5126.520	79945.7040	263.2957
5127.500	80899.2132	230.6019
5128.900	79771.7581	234.6377
5130.430	80565.5612	236.0304
5131.280	79567.6056	294.5915
5133.360	80326.6731	268.2030
5133.660	79413.6915	285.1292
5136.040	79206.4802	283.3622
5136.290	79926.3319	266.2069
5138.420	79049.2227	287.1282
5139.220	79594.6994	276.5655
5140.800	78983.0397	302.8153
5142.150	79775.6706	274.1259
5143.180	79001.6000	299.7720
5145.080	79763.7732	275.4862
5145.560	78992.0633	305.8711
5147.940	78929.2806	315.4796
5148.010	79552.8100	281.6869
5150.320	78829.7607	271.5574
5150.940	79383.2754	219.0509
5153.870	79360.8354	258.3745
5156.800	79375.9550	244.0089
5159.730	79032.1065	255.1666
5162.660	78592.7355	275.1401
5165.590	77094.8690	457.7966
5168.520	76655.9610	344.1022
5171.450	76645.6131	242.0754
5174.380	77620.6355	282.7428
5177.310	78190.9618	334.8408
5180.240	77462.1516	275.3105
5183.170	76973.2311	372.2074
5186.100	77034.8817	292.2505
5189.030	76741.3930	280.7716
5191.960	76572.3335	260.8089
5194.890	76677.0151	243.1625
5197.820	76901.5959	245.3420
5200.750	76799.7325	264.2535
5203.680	76821.5087	237.6099
5206.610	76880.0751	277.2068
5209.540	77065.1446	250.3523
5212.470	76908.7467	302.0849
5215.400	76337.5773	249.7011
5218.330	76250.0370	236.5321
5221.260	76263.8867	232.9990
5224.190	75576.8465	235.5990
5227.120	75451.2105	273.7941
5230.050	75162.2755	241.3957
5232.980	74666.1757	234.7059
5235.910	74637.4346	251.6819
5238.840	75208.9455	277.5114
5241.770	75383.1368	256.9604
5244.700	75490.6453	219.7446
5247.630	75578.6386	224.3494
5250.560	75312.7458	246.6047
5253.490	75135.5354	242.5061
5256.420	75138.3059	221.8614
5259.350	74752.5821	207.5833
5262.280	73739.5683	265.6278
5265.210	73349.1454	247.5232
5268.140	73219.9531	214.5909
5271.070	73266.0356	251.8691
5274.000	73253.9014	254.7415
5276.930	73166.0419	242.6112
5279.860	73056.1352	192.8021
5282.790	73271.7068	203.9220
5285.720	73725.2040	231.1569
5288.650	73950.8028	214.5984
5291.580	73914.0778	222.7558
5294.510	73805.0844	226.6215
5297.440	73806.2007	226.3656
5300.370	73614.7577	224.2061
5303.300	73474.1077	241.0340
5306.230	73326.1446	210.6932
5309.160	72847.2255	211.5997
5312.090	72344.4646	200.8559
5315.020	71893.3634	213.1825
5317.950	71799.9861	236.0997
5320.880	71804.1886	236.8109
5323.810	71766.7760	244.9589
5326.740	71211.3667	263.5164
5329.670	71265.5386	249.0936
5332.600	71419.5977	239.7621
5335.530	71360.9323	216.2120
5338.460	71270.7953	232.1612
5341.390	71258.8628	230.3264
5344.320	71587.8257	228.6424
5347.250	71768.8726	217.0841
5350.180	71800.8949	213.8090
5353.110	71448.2038	251.9149
5356.040	71513.1550	237.6706
5358.970	71263.3936	202.4572
5361.900	70826.7180	242.5649
5364.830	70620.5417	230.5870
5367.760	70488.9034	200.7606
5370.690	70141.9034	215.3663
5373.620	70464.8267	237.3671
5376.550	70696.7050	248.5498
5379.480	70235.0983	197.2696
5382.410	69942.1104	219.1047
5385.340	69925.6991	199.9711
5388.270	69969.0668	193.2405
5391.200	69791.3706	216.2472
5394.130	69436.1409	204.2557
5397.060	69204.2889	203.3489
5399.990	68809.5260	210.9116
5402.920	68561.3422	232.0593
5405.850	68593.7202	242.4491
5408.780	68571.4112	233.1508
5411.710	68637.8293	228.5837
5414.640	68790.1319	230.1412
5417.570	68876.7112	197.8919
5420.500	68609.2487	202.9117
5423.430	68386.0552	190.1878
5426.360	68275.7306	214.9298
5429.290	68111.8739	194.1917
5432.220	68119.6484	188.3314
5435.150	68240.3190	207.1159
5438.080	68054.6333	208.5002
5441.010	68174.3105	212.2637
5443.940	67941.6753	223.0315
5446.870	67897.5517	189.7654
5449.800	67764.6314	195.6191
5452.730	67496.7718	172.1402
5455.660	67348.4082	160.4081
5458.590	67295.9307	169.7414
5461.520	67163.6395	165.5458
5464.450	66982.4815	162.4421
5467.380	66971.5248	176.9688
5470.310	66938.4095	182.1959
5473.240	66948.3634	186.1904
5476.170	66779.5011	194.5743
5479.100	66517.9342	193.4410
5482.030	66395.1739	183.2604
5484.960	66348.8063	172.4520
5487.890	66333.2822	159.1180
5490.820	66288.5736	183.3645
5493.750	66305.3392	183.8530
5496.680	66340.1003	182.8521
5499.610	66104.5942	170.8714
5502.540	65728.9063	172.1409
5505.470	65508.9125	179.9484
5508.400	65387.5797	200.4460
5511.330	65334.3550	212.5545
5514.260	65427.7541	187.8880
5517.190	65533.6527	182.8203
5520.120	65465.7027	186.3829
5523.050	65258.3783	189.4995
5525.980	65006.8506	174.2505
5528.910	64570.0349	183.8468
5531.840	64297.3871	212.9425
5534.770	64314.2307	209.4710
5537.700	64427.6123	208.5986
5540.630	64514.9457	188.1147
5543.560	64479.9843	171.1690
5546.490	64394.9725	179.8351
5549.420	64382.2215	185.8370
5552.350	64327.8746	180.4164
5555.280	64138.1801	190.7782
5558.210	64089.5953	192.6445
5561.140	63933.6293	202.7969
5564.070	63821.1636	196.9499
5567.000	63774.8885	174.5195
5569.930	63630.8161	173.2208
5572.860	63420.9037	188.4787
5575.790	63189.6086	222.0341
5578.720	63131.1587	205.3755
5581.650	63076.5635	190.6582
5584.580	63042.4675	205.9288
5587.510	62862.9605	207.8675
5590.440	62740.2627	197.4984
5593.370	62630.2312	188.2806
5596.300	62543.6948	190.8390
5599.230	62524.1043	183.3799
5602.160	62509.2401	174.1504
5605.090	62391.9580	186.1500
5608.020	62343.5712	203.4575
5610.950	62256.3108	194.2791
5613.880	62178.2514	177.8415
5616.810	62083.0954	190.6662
5619.740	62073.8147	176.0489
5622.670	62090.7341	174.1271
5625.600	61970.7246	181.2703
5628.530	61711.9710	204.5526
5631.460	61672.6031	191.2829
5634.390	61670.1685	189.3953
5637.320	61453.6189	196.7767
5640.250	61098.5507	222.7942
5643.180	61019.6015	185.8892
5646.110	60995.9019	185.0318
5649.040	61001.3289	190.2912
5651.970	60933.4270	173.0787
5654.900	60821.2855	170.2338
5657.830	60623.0755	188.6108
5660.760	60574.4815	177.8510
5663.690	60672.6864	171.5850
5666.620	60498.8892	169.4639
5669.550	60396.2744	175.6306
5672.480	60304.3409	186.9821
5675.410	60245.8709	204.3249
5678.340	60080.8120	205.1095
5681.270	59993.2770	212.0210
5684.200	59933.0872	182.5565
5687.130	59990.0744	187.1882
5690.060	60002.4210	174.0233
5692.990	59863.5305	184.8571
5695.920	59712.4860	180.5769
5698.850	59677.9936	175.6956
5701.780	59595.4664	174.2449
5704.710	59478.9567	183.7612
5707.640	59388.1317	217.3318
5710.570	59332.7109	201.3991
5713.500	59065.7738	198.6386
5716.430	59026.6482	192.4959
5719.360	58956.6889	190.4114
5722.290	58870.8551	175.3129
5725.220	58976.1488	174.5701
5728.150	58934.5142	160.5426
5731.080	58792.0265	163.1185
5734.010	58704.7277	155.8276
5736.940	58642.2682	160.6176
5739.870	58512.9702	149.0824
5742.800	58377.2044	171.0060
5745.730	58276.6998	164.9673
5748.660	58206.4469	177.1692
5751.590	58189.6834	172.5273
5754.520	57932.7155	184.7909
5757.450	57772.7837	188.6300
5760.380	57812.6406	182.4649
5763.310	57818.9457	172.6986
5766.240	57625.9121	179.1048
5769.170	57503.7920	173.5350
5772.100	57530.4483	163.3824
5775.030	57464.5470	157.6085
5777.960	57445.1028	154.6599
5780.890	57326.4885	164.1771
5783.820	57164.8482	175.4635
5786.750	57027.0131	172.3597
5789.680	56897.5855	177.2456
5792.610	56745.4116	166.7121
5795.540	56652.8952	170.4940
5798.470	56601.2039	171.1448
5801.400	56551.6993	182.9710
5804.330	56418.2887	185.7309
5807.260	56355.1510	194.8413
5810.190	56272.1460	183.9603
5813.120	56254.1446	169.4942
5816.050	56183.6755	165.4800
5818.980	56263.6239	158.9415
5821.910	56148.0409	161.3585
5824.840	56018.0489	159.0848
5827.770	55910.3082	168.8706
5830.700	55760.8481	172.3786
5833.630	55773.4109	156.5262
5836.560	55689.5267	160.3517
5839.490	55516.1581	171.0903
5842.420	55452.7681	159.9349
5845.350	55432.2845	161.5043
5848.280	55247.8820	162.9119
5851.210	55059.9336	175.9532
5854.140	55037.8907	190.7355
5857.070	54933.3443	194.7546
5860.000	54764.0975	186.0038
5862.930	54674.1535	178.8387
5865.860	54744.0260	183.3538
5868.790	54854.0615	200.3664
5871.720	55102.2056	354.7852
5874.650	55208.9186	392.8257
5877.580	54758.9627	260.4993
5880.510	54347.1005	148.7095
5883.440	54067.2902	143.2303
5886.370	53858.4590	201.3442
5889.300	53578.8466	269.3656
5892.230	53472.9025	245.7891
5895.160	53425.2095	203.6903
5898.090	53471.8040	168.1639
5901.020	53461.9875	173.9684
5903.950	53608.6545	179.8609
5906.880	53588.1448	177.1770
5909.810	53534.8077	169.7640
5912.740	53493.4572	159.7219
5915.670	53429.5927	153.3888
5918.600	53348.7663	161.5445
5921.530	53235.7611	184.4990
5924.460	53240.6389	184.4678
5927.390	53169.1043	184.5064
5930.320	53125.8188	174.0036
5933.250	53079.0851	164.8598
5936.180	53006.1128	154.5282
5939.110	52927.2506	143.9149
5942.040	52702.2210	177.2622
5944.970	52556.1405	184.2189
5947.900	52529.9472	169.8318
5950.830	52483.7565	168.8067
5953.760	52388.0964	162.5284
5956.690	52174.9515	168.2310
5959.620	52083.9996	149.1584
5962.550	52144.8491	147.1576
5965.480	52108.9904	153.6388
5968.410	52095.4892	166.5512
5971.340	51987.0760	179.4280
5974.270	51927.1509	179.9034
5977.200	51756.1940	181.7408
5980.130	51601.3709	169.2586
5983.060	51501.2025	166.9211
5985.990	51457.2575	174.5582
5988.920	51441.8064	162.6590
5991.850	51366.3650	170.7292
5994.780	51298.3661	168.8914
5997.710	51259.0426	175.8975
6000.640	51151.4510	193.8346
6003.570	51010.9234	190.8495
6006.500	50997.9732	186.7288
6009.430	50877.6646	184.0168
6012.360	50829.4244	163.0229
6015.290	50729.6173	155.1421
6018.220	50635.5021	158.7958
6021.150	50662.0928	155.3399
6024.080	50640.3671	165.6078
6027.010	50570.2045	147.5896
6029.940	50442.2245	159.6662
6032.870	50409.1143	156.1860
6035.800	50273.4340	163.8244
6038.730	50328.3790	137.3899
6041.660	50280.3904	147.4388
6044.590	50088.1409	159.3064
6047.520	49985.2608	163.3926
6050.450	49924.1108	167.4093
6053.380	49840.4663	178.2479
6056.310	49795.4781	174.2098
6059.240	49694.3983	170.5861
6062.170	49688.9544	168.7114
6065.100	49700.5636	156.9805
6068.030	49579.1590	149.6593
6070.960	49481.7848	146.6931
6073.890	49395.4355	143.5338
6076.820	49349.4853	157.0990
6079.750	49256.8723	148.6973
6082.680	49101.7623	150.7351
6085.610	48962.2347	170.8642
6088.540	48977.3275	147.1738
6091.470	48921.4136	159.3790
6094.400	48755.4240	155.6706
6097.330	48706.1268	152.2313
6100.260	48768.6396	154.8584
6103.190	48707.5178	150.4942
6106.120	48537.8846	143.0030
6109.050	48406.4242	149.5562
6111.980	48357.2227	153.1873
6114.910	48270.8944	154.4266
6117.840	48229.7387	158.0461
6120.770	48213.6242	148.1910
6123.700	48083.8156	148.6974
6126.630	47944.7908	154.7505
6129.560	47995.8938	153.2980
6132.490	48003.6875	143.6013
6135.420	48025.1904	150.7056
6138.350	47795.5708	158.9510
6141.280	47595.1410	147.4230
6144.210	47393.0675	142.2525
6147.140	47219.4405	148.0202
6150.070	47016.6081	138.6706
6153.000	46856.7607	132.5860
6155.930	46689.9904	137.2810
6158.860	46661.7843	164.1475
6161.790	46868.8938	186.0141
6164.720	47008.4707	178.6513
6167.650	47090.2401	168.6334
6170.580	47093.2500	142.8937
6173.510	46986.0821	143.1683
6176.440	46848.6876	139.3891
6179.370	46784.0997	137.9220
6182.300	46777.1025	136.8608
6185.230	46752.0392	134.6099
6188.160	46795.8869	144.5611
6191.090	46719.7483	160.7720
6194.020	46638.6688	152.8115
6196.950	46557.8386	151.0450
6199.880	46577.0908	143.2734
6202.810	46544.4736	133.5770
6205.740	46443.9998	133.3914
6208.670	46345.1585	141.0718
6211.600	46266.0759	142.2864
6214.530	46166.0649	147.0561
6217.460	46072.6753	157.0669
6220.390	45958.8860	140.6366
6223.320	45887.2193	137.9726
6226.250	45841.7795	147.9730
6229.180	45790.8422	153.9600
6232.110	45587.5437	143.8515
6235.040	45399.3162	135.9367
6237.970	45200.8622	156.1983
6240.900	45149.2053	148.8762
6243.830	45082.3874	144.5517
6246.760	44977.7230	143.7105
6249.690	44984.6132	143.3211
6252.620	45127.7732	138.9419
6255.550	45236.1225	138.6945
6258.480	45267.3963	131.8074
6261.410	45167.7757	139.1931
6264.340	45010.5513	155.2236
6267.270	44926.7593	144.5412
6270.200	44925.3801	157.4567
6273.130	44849.5432	143.0718
6276.060	44857.5357	136.1990
6278.990	44916.1749	140.9789
6281.920	44986.4249	148.3377
6284.850	44878.2167	164.3209
6287.780	44828.3866	145.3730
6290.710	44743.2585	133.2319
6293.640	44681.5382	130.0567
6296.570	44623.3926	134.8216
6299.500	44498.0861	135.0977
6302.430	44381.2532	136.4363
6305.360	44310.0154	145.6152
6308.290	44237.3509	158.7772
6311.220	44184.7589	153.8766
6314.150	44066.3465	171.1252
6317.080	43802.8913	155.2561
6320.010	43630.7248	138.7301
6322.940	43484.0299	147.6747
6325.870	43333.0790	153.3651
6328.800	43266.1808	149.0633
6331.730	43169.8087	123.2384
6334.660	43077.5240	127.5936
6337.590	43097.7358	124.3933
6340.520	43048.6226	124.1429
6343.450	42766.4873	120.5838
6346.380	42577.5364	109.5685
6349.310	42636.7811	115.1289
6352.240	42872.2736	119.5296
6355.170	43076.3345	126.8982
6358.100	43230.8659	127.6506
6361.030	43091.1858	120.8293
6363.960	42813.8455	127.1214
6366.890	42539.0007	130.9966
6369.820	42291.1387	143.8795
6372.750	42268.4639	141.6846
6375.680	42406.9456	136.1309
6378.610	42541.9819	136.8485
6381.540	42569.9235	129.3284
6384.470	42560.7145	126.0197
6387.400	42558.2864	148.1188
6390.330	42457.1402	126.2192
6393.260	42409.2448	126.1896
6396.190	42323.2453	134.1842
6399.120	42212.0355	124.3004
6402.050	42063.8331	128.3863
6404.980	41942.5430	129.7439
6407.910	41856.9250	144.5492
6410.840	41736.6287	140.0213
6413.770	41650.3123	132.8059
6416.700	41633.7598	128.7872
6419.630	41660.8108	126.5197
6422.560	41684.5599	113.8945
6425.490	41670.5850	128.9380
6428.420	41609.4437	132.1886
6431.350	41470.6057	124.2414
6434.280	41392.7528	127.0391
6437.210	41288.6466	145.4097
6440.140	41193.5122	154.7348
6443.070	41074.1471	138.3657
6446.000	41054.0579	136.6163
6448.930	40944.2433	134.8580
6451.860	40761.0340	139.6670
6454.790	40536.8572	129.2476
6457.720	40434.1006	141.5425
6460.650	40553.0603	136.6756
6463.580	40682.7138	126.1870
6466.510	40781.6565	122.9178
6469.440	40724.3830	126.3918
6472.370	40632.0884	126.7208
6475.300	40483.1081	123.3083
6478.230	40446.8615	121.8200
6481.160	40442.0204	128.6076
6484.090	40415.9285	126.3969
6487.020	40291.8980	128.7813
6489.950	40211.9324	124.7286
6492.880	40201.8792	142.2020
6495.810	40156.5970	153.2484
6498.740	40038.7070	137.4027
6501.670	39887.1688	135.1168
6504.600	39800.1646	142.7051
6507.530	39748.5033	139.9384
6510.460	39653.6502	139.4531
6513.390	39503.8835	133.8807
6516.320	39317.1020	140.6215
6519.250	39110.2043	140.0013
6522.180	38984.2534	143.8803
6525.110	38922.2267	132.6359
6528.040	38781.7204	131.6976
6530.970	38475.2778	127.8307
6533.900	38135.9466	117.9731
6536.830	37721.6710	121.6641
6539.760	37198.4967	124.9063
6542.690	36423.7610	142.9079
6545.620	35391.5556	141.4888
6548.550	34155.3978	146.6983
6551.480	32762.6630	168.5196
6554.410	31534.6869	176.2490
6557.340	30591.7578	170.9899
6560.270	29877.2105	199.8590
6563.200	29252.0263	213.8416
6566.130	29367.9350	147.5379
6569.060	30089.6356	151.5923
6571.990	31159.2525	94.0756
6574.920	32509.8339	93.3264
6577.850	33773.8067	96.6254
6580.780	34813.1662	99.8474
6583.710	35656.8873	99.1131
6586.640	36296.7682	108.8682
6589.570	36680.0812	130.3721
6592.500	37046.6978	142.4050
6595.430	37320.9009	120.0581
6598.360	37539.2476	119.3056
6601.290	37670.5585	121.7583
6604.220	37781.7070	114.2145
6607.150	37856.1350	117.0443
6610.080	37859.5049	119.7091
6613.010	37857.1056	120.7750
6615.940	37905.9039	123.8077
6618.870	37936.1688	116.2026
6621.800	37935.2557	113.4426
6624.730	37891.9265	122.5424
6627.660	37844.2429	117.5507
6630.590	37816.4201	125.3695
6633.520	37796.2678	131.7727
6636.450	37767.4949	126.9980
6639.380	37700.0717	125.2956
6642.310	37652.2946	130.8868
6645.240	37562.6001	134.1084
6648.170	37519.7940	119.9330
6651.100	37510.8318	116.5924
6654.030	37466.4156	124.0950
6656.960	37450.9118	112.5270
6659.890	37394.3859	121.8186
6662.820	37338.5685	127.8748
6665.750	37245.5652	143.3286
6668.680	37225.3931	116.4902
6671.610	37329.2042	123.7618
6674.540	37479.2174	197.7468
6677.470	37471.7924	227.4347
6680.400	37243.0818	165.5963
6683.330	37039.2462	128.9472
6686.260	36999.3870	119.7226
6689.190	37001.9010	108.5379
6692.120	36942.3461	108.3682
6695.050	36886.0849	121.6277
6697.980	36846.5760	130.6463
6700.910	36810.8849	123.4059
6703.840	36737.3028	123.3197
6706.770	36682.3209	116.7862
6709.700	36633.0600	129.1940
6712.630	36616.6028	116.4962
6715.560	36557.7184	115.9504
6718.490	36443.5856	121.9986
6721.420	36362.9530	140.5315
6724.350	36353.7151	132.3479
6727.280	36279.4163	128.6490
6730.210	36222.1038	132.5273
6733.140	36179.8561	124.3379
6736.070	36184.7648	122.0965
6739.000	36189.5103	110.3013
6741.930	36154.6753	110.4496
6744.860	36110.0968	121.0674
6747.790	36051.1919	126.4107
6750.720	36019.1309	123.2488
6753.650	35921.0113	126.4074
6756.580	35831.9829	108.9761
6759.510	35801.4056	103.6845
6762.440	35752.9102	106.3647
6765.370	35740.3404	116.7079
6768.300	35703.9886	111.9724
6771.230	35663.3954	113.1201
6774.160	35588.2297	122.8409
6777.090	35531.0349	115.8598
6780.020	35529.8600	113.2491
6782.950	35519.6061	107.7612
6785.880	35452.6281	102.4519
6788.810	35369.9403	111.0337
6791.740	35277.5966	114.7910
6794.670	35297.5846	109.7507
6797.600	35242.6329	106.4277
6800.530	35209.8617	109.3240
6803.460	35172.6145	100.4787
6806.390	35121.4609	110.2082
6809.320	35121.4962	107.6445
6812.250	35136.6501	96.5315
6815.180	35035.8822	98.8222
6818.110	34931.7510	101.8928
6821.040	34848.8432	104.8364
6823.970	34768.3352	113.9660
6826.900	34742.8313	119.9268
6829.830	34687.5410	118.1931
6832.760	34685.6246	115.9168
6835.690	34673.1586	114.4052
6838.620	34636.9274	112.7189
6841.550	34603.0936	101.6890
6844.480	34501.6296	105.6660
6847.410	34397.2373	110.9156
6850.340	34349.5260	114.9981
6853.270	34313.1546	118.6178
6856.200	34269.1320	119.3573
6859.130	34165.2640	123.1966
6862.060	34148.2375	113.4572
6864.990	34136.3714	114.5620
6867.920	34059.7862	118.2805
6870.850	34000.3511	107.5205
6873.780	34041.2559	100.6332
6876.710	34101.8399	100.2586
6879.640	34032.9086	108.3873
6882.570	33907.3873	120.7852
6885.500	33871.4362	134.8223
6888.430	33874.4585	123.4581
6891.360	33852.0211	113.1996
6894.290	33822.9274	106.4943
6897.220	33826.6802	102.9520
6900.150	33821.9782	96.0681
6903.080	33742.1349	101.4421
6906.010	33686.4671	100.7638
6908.940	33631.2067	107.3745
6911.870	33566.4652	109.8264
6914.800	33536.5447	106.0948
6917.730	33434.2420	102.2580
6920.660	33365.7685	105.7329
6923.590	33343.1440	101.7246
6926.520	33330.6288	97.7051
6929.450	33249.6460	97.0890
6932.380	33216.9071	99.1207
6935.310	33215.1676	92.5573
6938.240	33146.1044	97.6836
6941.170	33114.7950	97.2819
6944.100	33100.5346	98.7655
6947.030	33036.1263	101.9376
6949.960	32950.5740	106.7802
6952.890	32879.4154	104.1451
6955.820	32820.3748	100.3244
6958.750	32776.1581	97.5153
6961.680	32752.1931	98.9497
6964.610	32705.3830	105.4915
6967.540	32666.7846	103.6124
6970.470	32643.1874	105.4630
6973.400	32652.9247	100.6051
6976.330	32667.8003	100.9825
6979.260	32630.6447	106.2008
6982.190	32541.9709	98.3373
6985.120	32446.6711	99.3168
6988.050	32392.6766	102.9911
6990.980	32332.5927	110.4728
6993.910	32226.7792	110.3717
6996.840	32158.0120	104.2678
6999.770	32082.1879	107.7039
7002.700	32017.2394	108.0901
7005.630	31967.9923	107.7420
7008.560	31925.1828	105.8142
7011.490	31942.0461	101.7518
7014.420	31994.5742	92.5700
7017.350	31944.6068	95.3988
7020.280	31911.9868	97.6476
7023.210	31915.2139	101.8090
7026.140	31867.5533	101.6648
7029.070	31817.7469	97.7111
7032.000	31830.2298	90.1279
7034.930	31785.0795	87.5596
7037.860	31704.6919	85.6425
7040.790	31650.2891	87.9351
7043.720	31599.1764	97.7984
7046.650	31585.6985	95.6017
7049.580	31567.1343	89.7616
7052.510	31537.6501	91.0965
7055.440	31505.9726	97.2223
7058.370	31517.9026	110.3498
7061.300	31542.2177	130.8792
7064.230	31551.9043	164.3395
7067.160	31388.7098	132.7318
7070.090	31218.2618	92.4194
7073.020	31123.8990	94.3372
7075.950	31127.3042	98.0550
7078.880	31131.0498	92.4229
7081.810	31041.0757	86.4323
7084.740	30950.3673	91.9307
7087.670	30965.3610	89.0604
7090.600	30913.7796	88.0879
7093.530	30854.0758	91.0112
7096.460	30778.7800	87.8019
7099.390	30788.3306	88.0321
7102.320	30788.1555	96.0502
7105.250	30734.2869	103.8827
7108.180	30604.4292	101.7882
7111.110	30467.0317	97.6500
7114.040	30377.1011	90.4556
7116.970	30351.6866	94.9372
7119.900	30391.9523	100.0538
7122.830	30441.9494	101.9280
7125.760	30482.4484	96.1318
7128.690	30480.3321	90.2965
7131.620	30450.3225	90.9626
7134.550	30418.2957	91.1950
7137.480	30403.5528	88.7733
7140.410	30392.3044	89.8845
7143.340	30400.1608	102.0983
7146.270	30348.8717	96.4987
7149.200	30207.7133	97.8160
7152.130	30097.0296	99.7384
7155.060	30061.9362	94.8424
7157.990	30048.7608	95.2685
7160.920	30021.9958	93.5745
7163.850	29973.6195	103.2006
7166.780	29935.3767	104.8472
7169.710	29936.3237	115.9985
7172.640	29927.1793	117.5467
7175.570	29898.5360	109.9036
7178.500	29814.9420	105.7084
7181.430	29761.8294	98.4976
7184.360	29725.6953	96.1258
7187.290	29695.5845	90.6477
7190.220	29632.4905	90.2161
7193.150	29563.8631	86.8124
7196.080	29580.3541	86.8327
7199.010	29595.9638	97.3530
7201.940	29515.6352	95.6028
7204.870	29511.4756	91.0508
7207.800	29483.6637	87.1664
7210.730	29439.5485	86.3834
7213.660	29391.4274	89.4421
7216.590	29330.4847	87.3111
7219.520	29359.6751	94.2530
7222.450	29340.5882	125.7430
7225.380	29270.3951	117.7465
7228.310	29179.2987	97.8178
7231.240	29130.1202	91.6708
7234.170	29163.9082	89.2017
7237.100	29149.6882	89.4296
7240.030	29095.3452	91.8035
7242.960	29061.3685	96.9162
7245.890	29033.1218	102.1849
7248.820	29030.0757	96.9106
7251.750	28974.1438	95.8530
7254.680	28914.0782	93.1457
7257.610	28863.0144	87.8909
7260.540	28823.7245	81.6135
7263.470	28767.6556	89.8554
7266.400	28691.4825	89.1810
7269.330	28591.5216	99.4847
7272.260	28564.4418	98.6519
7275.190	28581.8386	96.1191
7278.120	28641.4194	105.3779
7281.050	28636.0468	111.6958
7283.980	28535.5829	96.7797
7286.910	28414.4497	98.6534
7289.840	28347.8580	103.7292
7292.770	28315.8505	95.4597
7295.700	28305.4172	97.8279
7298.630	28301.9932	95.8686
7301.560	28260.9611	93.9834
7304.490	28236.7724	93.5543
7307.420	28160.3165	90.9283
7310.350	28121.3953	86.8879
7313.280	28098.4752	91.2641
7316.210	28077.8026	90.6967
7319.140	28077.0725	84.3620
7322.070	28080.8375	85.6006
7325.000	28034.8906	90.4323
7327.930	28011.2225	91.7197
7330.860	28011.9973	89.6380
7333.790	27918.3197	98.3707
7336.720	27813.0532	105.6183
7339.650	27815.6023	97.1583
7342.580	27840.9597	89.5245
7345.510	27847.1419	82.2586
7348.440	27801.3569	84.2054
7351.370	27725.3839	97.2057
7354.300	27666.3807	100.7789
7357.230	27663.0906	90.4225
7360.160	27616.2726	88.8217
7363.090	27543.5620	90.4960
7366.020	27503.3817	90.1698
7368.950	27542.9896	84.5552
7371.880	27562.4432	85.9294
7374.810	27527.2794	83.4216
7377.740	27486.2699	87.8212
7380.670	27429.1510	85.7963
7383.600	27355.2421	92.1578
7386.530	27298.9008	91.9151
7389.460	27328.9021	87.6195
7392.390	27285.8094	83.9250
7395.320	27201.2301	83.9549
7398.250	27129.5569	82.8781
7401.180	27091.0367	82.7821
7404.110	27053.6774	84.0880
7407.040	27015.2982	86.7783
7409.970	26973.7057	92.4353
7412.900	26921.5448	98.2250
7415.830	26883.3367	91.7778
7418.760	26902.4727	82.8086
7421.690	26912.6240	89.4822
7424.620	26878.6545	90.5797
7427.550	26840.2901	83.1539
7430.480	26845.3723	84.7765
7433.410	26808.8442	83.3851
7436.340	26719.7736	82.7867
7439.270	26644.8013	88.1106
7442.200	26622.2603	81.5625
7445.130	26643.6359	85.9436
7448.060	26593.3899	88.5755
7450.990	26511.6748	90.8586
7453.920	26454.8264	96.5597
7456.850	26447.7720	88.8903
7459.780	26399.1885	90.9029
7462.710	26343.5424	90.8491
7465.640	26299.4699	94.1843
7468.570	26274.6583	91.5290
7471.500	26244.7663	93.3234
7474.430	26237.1870	101.1423
7477.360	26194.5659	97.1531
7480.290	26172.4670	95.9866
7483.220	26183.9490	90.9067
7486.150	26170.0231	87.8209
7489.080	26121.6829	87.5237
7492.010	26060.6342	92.3350
7494.940	26026.1021	92.3563
7497.870	25946.7890	96.6411
7500.800	25939.5475	93.5894
7503.730	25962.3369	90.6422
7506.660	25940.0716	85.8444
7509.590	25917.7154	86.0420
7512.520	25878.4825	87.3693
7515.450	25870.8336	78.6091
7518.380	25825.8942	85.6264
7521.310	25829.3890	89.2686
7524.240	25801.8546	92.8559
7527.170	25746.3956	89.6191
7530.100	25708.0865	89.4209
7533.030	25687.7541	89.2098
7535.960	25643.2677	78.4820
7538.890	25620.6972	85.3847
7541.820	25579.4482	90.9282
7544.750	25572.9918	86.8000
7547.680	25525.8509	76.8551
7550.610	25501.5729	81.0170
7553.540	25519.1779	77.6134
7556.470	25530.0037	78.1428
7559.400	25470.1871	83.4202
7562.330	25419.7617	90.8299
7565.260	25346.0341	99.2135
7568.190	25314.4867	102.5654
7571.120	25326.5866	89.0546
7574.050	25289.2427	80.1762
7576.980	25244.3007	77.6713
7579.910	25195.0669	85.1796
7582.840	25186.5133	93.0184
7585.770	25131.8388	103.3614
7588.700	25035.9427	106.8195
7591.630	24947.1342	116.0910
7594.560	24846.1374	121.8742
7597.490	24887.1152	118.6472
7600.420	24896.4794	110.0856
7603.350	24992.0589	99.6778
7606.280	25046.6497	83.9793
7609.210	25033.7444	84.1601
7612.140	24970.1975	76.2842
7615.070	24971.6932	80.1163
7618.000	24843.9141	80.0586
7620.930	24736.4333	86.7750
7623.860	24705.3659	102.8447
7626.790	24689.0772	96.0907
7629.720	24675.8254	91.6823
7632.650	24704.8759	82.2944
7635.580	24673.0957	72.6656
7638.510	24636.4939	77.8805
7641.440	24584.3727	92.8932
7644.370	24598.5133	83.8351
7647.300	24599.1333	77.8622
7650.230	24526.4806	86.5857
7653.160	24459.4442	82.3053
7656.090	24440.5637	91.5621
7659.020	24388.3005	96.9958
7661.950	24387.0306	93.9507
7664.880	24382.6473	87.7192
7667.810	24377.0261	73.3622
7670.740	24332.4578	76.3666
7673.670	24328.5132	80.1409
7676.600	24311.7696	83.4958
7679.530	24234.0533	87.6391
7682.460	24161.2125	83.1735
7685.390	24115.2618	90.9735
7688.320	24033.4281	88.4165
7691.250	24032.7773	87.2554
7694.180	24025.0100	79.4315
7697.110	24023.7181	78.3982
7700.040	24013.8548	79.7819
7702.970	23966.7682	77.7890
7705.900	23885.6952	76.9814
7708.830	23844.1856	78.1741
7711.760	23828.3527	82.6808
7714.690	23833.9713	81.0578
7717.620	23850.1926	74.4062
7720.550	23860.9597	85.7604
7723.480	23857.9855	89.6870
7726.410	23849.3877	82.6625
7729.340	23823.2325	85.9060
7732.270	23770.2158	87.1746
7735.200	23683.5868	77.3944
7738.130	23675.8751	79.7798
7741.060	23671.8778	73.1473
7743.990	23589.6527	81.7669
7746.920	23576.5562	74.4823
7749.850	23566.0924	71.1642
7752.780	23536.0027	71.9614
7755.710	23550.4375	79.0204
7758.640	23508.3386	71.9221
7761.570	23381.3818	77.4113
7764.500	23199.7913	76.0951
7767.430	22906.2574	69.2116
7770.360	22462.0379	79.5736
7773.290	22147.6825	82.7519
7776.220	22210.2266	75.6631
7779.150	22529.3063	79.5963
7782.080	22912.4792	73.9861
7785.010	23113.8442	77.7342
7787.940	23146.8750	75.4237
7790.870	23140.1568	70.3468
7793.800	23093.8827	71.7669
7796.730	23093.7824	72.0226
7799.660	23137.2730	73.6483
7802.590	23108.5637	80.9329
7805.520	23029.4986	89.8724
7808.450	22988.7384	83.3198
7811.380	22986.2508	77.5938
7814.310	22969.5996	73.7582
7817.240	22941.5088	75.6955
7820.170	22916.7064	75.4493
7823.100	22891.0463	74.2447
7826.030	22880.5261	76.1512
7828.960	22880.9616	81.8124
7831.890	22799.3380	88.5095
7834.820	22760.4377	79.9958
7837.750	22723.7192	76.8382
7840.680	22688.9454	75.1933
7843.610	22623.1809	73.4270
7846.540	22575.0526	78.8299
7849.470	22579.7752	85.7625
7852.400	22589.5532	82.1958
7855.330	22570.6771	84.9766
7858.260	22559.9474	77.3190
7861.190	22549.4723	75.3157
7864.120	22560.5393	78.2449
7867.050	22509.7725	79.2921
7869.980	22374.8321	86.1583
7872.910	22286.2561	80.2113
7875.840	22223.1414	78.0889
7878.770	22212.5693	74.7762
7881.700	22205.2805	75.9576
7884.630	22184.3411	80.2812
7887.560	22177.5814	78.7820
7890.490	22168.9978	71.3690
7893.420	22146.2711	70.9603
7896.350	22135.7495	72.9344
7899.280	22122.2031	83.2861
7902.210	22162.7941	80.4302
7905.140	22163.1491	82.9453
7908.070	22157.3836	83.6366
7911.000	22099.6345	87.7883
7913.930	21994.8617	84.9549
7916.860	21948.7088	81.9736
7919.790	21936.3426	75.4166
7922.720	21870.8984	85.1724
7925.650	21844.7298	77.4934
7928.580	21867.3495	72.8206
7931.510	21828.4551	76.1708
7934.440	21802.2758	75.5733
7937.370	21809.0667	73.5893
7940.300	21776.2037	69.1763
7943.230	21751.9403	67.3104
7946.160	21715.2471	68.4925
7949.090	21655.2225	69.7976
7952.020	21584.7864	71.4379
7954.950	21618.3209	72.0586
7957.880	21612.2644	78.0457
7960.810	21616.5286	80.8634
7963.740	21610.2037	84.1134
7966.670	21581.3023	80.8190
7969.600	21558.7713	76.5941
7972.530	21611.0543	82.5852
7975.460	21616.1243	76.0936
7978.390	21612.0606	79.2231
7981.320	21563.0119	74.4152
7984.250	21527.7645	74.0537
7987.180	21475.8065	80.5652
7990.110	21403.1562	82.0602
7993.040	21391.0780	73.9163
7995.970	21366.1363	75.9456
7998.900	21349.3938	71.3457
8001.830	21257.0327	69.3803
8004.760	21259.9936	63.1961
8007.690	21294.5414	61.2869
8010.620	21311.7361	60.1621
8013.550	21303.5585	64.7204
8016.480	21333.3119	73.0112
8019.410	21333.1736	76.4572
8022.340	21312.2846	75.7967
8025.270	21295.5267	71.2508
8028.200	21257.1697	80.5617
8031.130	21145.4249	73.8744
8034.060	21062.9862	69.0795
8036.990	21000.3559	70.8891
8039.920	20970.0354	71.2601
8042.850	20938.0722	69.8282
8045.780	20914.0179	69.0919
8048.710	20849.2410	73.5265
8051.640	20770.5713	74.9754
8054.570	20768.0681	84.5640
8057.500	20778.3919	75.5863
8060.430	20780.7838	68.9848
8063.360	20838.1137	69.5543
8066.290	20887.0172	63.7768
8069.220	20847.1453	74.0874
8072.150	20847.0119	71.6135
8075.080	20820.6187	72.4677
8078.010	20759.7992	78.5968
8080.940	20665.5741	82.7623
8083.870	20632.9833	75.3501
8086.800	20586.8394	69.8239
8089.730	20555.6643	68.6400
8092.660	20591.9397	69.7136
8095.590	20569.5961	69.5638
8098.520	20484.5642	69.7063
8101.450	20456.9202	73.0647
8104.380	20466.8384	72.9945
8107.310	20434.6016	76.4105
8110.240	20425.0571	71.5097
8113.170	20448.3578	75.7678
8116.100	20454.5866	81.3745
8119.030	20421.8515	75.6572
8121.960	20438.7775	72.6887
8124.890	20445.6604	66.9498
8127.820	20459.9626	63.3039
8130.750	20412.1480	68.0471
8133.680	20345.2735	62.6402
8136.610	20226.7738	69.6723
8139.540	20186.6078	68.9551
8142.470	20176.7848	72.6522
8145.400	20163.7483	62.5844
8148.330	20169.8047	61.6713
8151.260	20198.6435	63.7099
8154.190	20198.3841	66.4388
8157.120	20174.1591	73.2807
8160.050	20114.9441	71.6186
8162.980	20100.7916	74.3898
8165.910	20071.3981	79.8435
8168.840	19985.7202	90.8517
8171.770	19934.9351	85.9551
8174.700	19940.1860	78.1741
8177.630	19901.0011	77.8716
8180.560	19792.6844	82.1417
8183.490	19650.8726	86.6391
8186.420	19606.1153	75.4461
8189.350	19600.7342	75.3169
8192.280	19659.1942	71.1532
8195.210	19607.7295	73.2238
8198.140	19552.3804	63.4506
8201.070	19558.0316	62.7987
8204.000	19515.7692	65.2445
8206.930	19491.9782	69.4223
8209.860	19481.6054	64.1748
8212.790	19477.2631	61.5785
8215.720	19431.3379	57.1257
8218.650	19387.7471	64.3087
8221.580	19382.3923	73.1006
8224.510	19392.5943	78.7712
8227.440	19390.8431	91.4656
8230.370	19422.2054	109.0780
8233.300	19460.3814	95.0037
8236.230	19421.6639	81.8042
8239.160	19377.9520	72.9185
8242.090	19288.8855	57.6327
8245.020	19301.6085	56.8209
8247.950	19286.9622	62.7144
8250.880	19212.8255	60.6780
8253.810	19220.8129	64.7225
8256.740	19204.3916	74.0441
8259.670	19223.8943	66.5896
8262.600	19208.5940	65.9546
8265.530	19194.8542	64.1935
8268.460	19161.1112	65.8730
8271.390	19206.5387	61.3070
8274.320	19263.3811	57.7159
8277.250	19231.6872	55.9538
8280.180	19167.2052	62.0867
8283.110	19130.4215	58.9749
8286.040	19069.3226	60.6377
8288.970	19048.0769	63.8210
8291.900	19041.9569	68.0676
8294.830	18960.3267	67.7420
8297.760	18880.8986	68.8561
8300.690	18884.2155	61.1882
8303.620	18961.2531	55.8579
8306.550	18959.8105	61.5792
8309.480	18943.0232	68.2699
8312.410	18925.0517	65.6054
8315.340	18937.7533	73.8075
8318.270	18932.4165	71.8280
8321.200	18916.1831	69.1642
8324.130	18886.8696	68.0003
8327.060	18797.4740	75.9829
8329.990	18690.9352	76.9218
8332.920	18655.6280	75.5818
8335.850	18597.7970	73.8714
8338.780	18551.6084	72.3387
8341.710	18481.3854	73.5842
8344.640	18491.8510	69.9531
8347.570	18589.4238	60.4774
8350.500	18559.2353	67.2762
8353.430	18479.2499	70.9581
8356.360	18527.1701	62.5656
8359.290	18556.0612	63.7985
8362.220	18521.0377	72.6806
8365.150	18483.2648	72.7708
8368.080	18437.9518	63.9253
8371.010	18530.6511	58.9553
8373.940	18569.6413	57.7200
8376.870	18551.9908	67.4152
8379.800	18497.1965	75.8613
8382.730	18471.9442	78.5083
8385.660	18515.6104	68.2473
8388.590	18424.9825	61.4766
8391.520	18369.6819	61.0395
8394.450	18350.3146	67.4392
8397.380	18339.1828	70.8390
8400.310	18356.4897	64.1777
8403.240	18378.4121	55.9048
8406.170	18305.1988	52.3927
8409.100	18225.8284	58.2816
8412.030	18126.1252	68.7515
8414.960	18098.1260	76.3512
8417.890	18207.7892	59.7561
8420.820	18350.3962	54.3502
8423.750	18373.1276	56.5587
8426.680	18213.7652	66.4834
8429.610	18079.6213	81.0080
8432.540	18045.8274	68.3869
8435.470	17950.7994	68.2870
8438.400	17742.5183	65.8270
8441.330	17595.9925	60.8293
8444.260	17482.6302	58.0069
8447.190	17511.9860	60.0819
8450.120	17705.0172	82.0559
8453.050	17928.5299	64.8610
8455.980	18010.7847	60.4750
8458.910	17891.9754	74.9808
8461.840	17661.7149	73.6469
8464.770	17543.2310	73.4471
8467.700	17540.3281	69.6869
8470.630	17621.0629	62.1304
8473.560	17784.0317	63.5067
8476.490	18034.2206	67.7794
8479.420	18259.8234	67.8378
8482.350	18365.1712	67.4290
8485.280	18330.7421	79.8777
8488.210	18242.5254	79.2020
8491.140	18097.0064	76.0277
8494.070	17863.9596	92.6263
8497.000	17462.6822	122.5890
8499.930	17024.8354	90.4083
8502.860	16875.9243	71.6173
8505.790	17038.2579	75.2639
8508.720	17286.4329	71.2606
8511.650	17633.3620	65.6934
8514.580	17943.6957	74.8884
8517.510	18132.1126	71.1024
8520.440	18212.6927	68.3543
8523.370	18242.9190	68.2045
8526.300	18199.5898	75.0549
8529.230	18034.6263	86.3590
8532.160	17864.7228	76.5234
8535.090	17626.2167	73.7538
8538.020	17291.4286	139.2390
8540.950	16780.5871	168.7681
8543.880	16327.4811	119.8776
8546.810	16206.6935	72.0403
8549.740	16520.0971	84.1511
8552.670	16915.4556	74.4935
8555.600	17385.0979	63.6581
8558.530	17814.8895	61.0785
8561.460	18170.5007	63.7760
8564.390	18408.8049	66.2302
8567.320	18540.8345	66.3164
8570.250	18548.1815	68.4922
8573.180	18517.5610	71.5545
8576.110	18416.8499	74.4282
8579.040	18267.5153	76.4809
8581.970	17948.1992	82.0780
8584.900	17501.9305	76.0613
8587.830	16957.5668	72.0551
8590.760	16374.6406	57.5794
8593.690	15833.5657	55.9460
8596.620	15466.3431	53.0416
8599.550	15367.8193	62.5789
8602.480	15665.1328	59.4120
8605.410	16242.3928	52.9736
8608.340	16846.5216	50.0521
8611.270	17355.1905	52.3998
8614.200	17815.1087	60.2357
8617.130	18156.8764	57.7921
8620.060	18306.9985	71.3117
8622.990	18397.3999	92.7646
8625.920	18442.0413	81.2303
8628.850	18511.0382	72.5348
8631.780	18494.6264	67.6235
8634.710	18398.5983	80.0701
8637.640	18297.2468	83.2560
8640.570	18223.4048	80.8783
8643.500	18038.0609	73.0968
8646.430	17756.8783	68.5729
8649.360	17252.7778	71.8277
8652.290	16735.1011	69.4061
8655.220	16312.5771	53.2632
8658.150	15730.7085	117.8010
8661.080	15115.1720	137.0248
8664.010	14638.9229	101.9374
8666.940	14575.9322	67.1047
8669.870	14945.8542	66.0636
8672.800	15498.3754	61.9121
8675.730	16032.1880	64.5515
8678.660	16528.1946	65.8014
8681.590	16952.5405	64.4906
8684.520	17353.4156	63.2090
8687.450	17699.7674	65.1341
8690.380	17957.0266	65.8960
8693.310	18215.0077	64.8428
8696.240	18401.6179	63.5256
8699.170	18474.9080	66.1816
8702.100	18534.7043	69.0805
8705.030	18534.4779	70.2254
8707.960	18547.6146	68.6589
8710.890	18541.9936	67.3667
8713.820	18465.7957	66.5489
8716.750	18323.1826	59.6375
8719.680	18151.5279	61.8613
8722.610	17969.9936	66.3850
8725.540	17833.2387	57.7837
8728.470	17637.0316	52.8990
8731.400	17371.9212	52.7044
8734.330	16940.4878	54.3974
8737.260	16390.8118	57.4827
8740.190	15729.3133	54.4027
8743.120	14959.4425	54.4148
8746.050	14266.6992	49.7074
8748.980	13853.4418	45.9231
8751.910	13786.9462	50.7007
8754.840	14139.2466	48.8771
8757.770	14810.4047	50.5523
8760.700	15537.7353	57.3466
8763.630	16192.4651	61.9057
8766.560	16702.1953	66.5831
8769.490	17113.7107	72.2718
8772.420	17430.4311	71.5551
8775.350	17588.5679	72.1627
8778.280	17737.0642	67.4895
8781.210	17865.9370	73.0605
8784.140	17970.3283	74.9621
8787.070	18069.6094	77.4302
8790.000	18200.0735	66.8883
8792.930	18313.5770	61.5950
8795.860	18349.9719	57.8870
8798.790	18312.7858	59.9004
8801.720	18316.3406	68.9646
8804.650	18397.6744	84.2960
8807.580	18399.7875	77.2962
8810.510	18299.6428	79.1892
8813.440	18235.3029	81.7774
8816.370	18132.4941	78.2159
8819.300	18083.9837	74.2912
8822.230	18018.8145	72.4505
8825.160	17842.1312	77.2638
8828.090	17759.8079	65.7822
8831.020	17689.0410	64.4732
8833.950	17490.9006	63.9737
8836.880	17335.3102	61.2669
8839.810	17144.2121	53.0363
8842.740	16848.9996	55.5418
8845.670	16422.0740	61.6509
8848.600	15904.5724	73.4987
8851.530	15291.3648	70.9916
8854.460	14539.6138	62.1847
8857.390	13723.4729	53.9520
8860.320	13136.2417	44.3101
8863.250	12869.0430	47.2723
8866.180	13060.1195	54.1235
8869.110	13692.2894	54.5593
8872.040	14504.4224	52.0669
8874.970	15211.1198	53.6470
8877.900	15793.9301	47.4352
8880.830	16194.6787	51.9925
8883.760	16430.0299	61.9557
8886.690	16669.4057	56.3554
8889.620	16965.1314	48.8554
8892.550	17183.0060	58.2795
8895.480	17360.3472	73.5488
8898.410	17472.9029	74.7937
8901.340	17514.9873	74.0011
8904.270	17551.3704	68.2886
8907.200	17531.7804	66.4389
8910.130	17546.7280	58.4203
8913.060	17623.1711	67.1441
8915.990	17660.5474	64.6840
8918.920	17749.7733	60.8652
8921.850	17823.8543	70.3493
8924.780	17818.8508	78.0888
8927.710	17719.3634	74.1320
8930.640	17590.8068	63.5153
8933.570	17535.1367	61.2044
8936.500	17555.8706	64.4109
8939.430	17625.2838	73.5710
8942.360	17712.9657	71.5911
8945.290	17801.0573	66.7693
8948.220	17812.7341	65.0186
8951.150	17828.3583	61.2356
8954.080	17738.3949	67.8495
8957.010	17609.7102	67.2669
8959.940	17552.7804	54.7234
8962.870	17538.2847	55.6711
8965.800	17582.1762	63.2286
8968.730	17548.0081	67.9933
8971.660	17362.0135	77.4442
8974.590	17196.4671	72.6465
8977.520	17022.0735	70.6092
8980.450	16902.9037	61.8159
8983.380	16726.5493	58.0097
8986.310	16546.8788	62.1721
8989.240	16442.9335	66.9423
8992.170	16283.1282	63.7733
8995.100	15979.7590	68.2512
8998.030	15524.3631	69.4668
9000.960	14933.3573	59.6649
9003.890	14302.3554	53.7231
9006.820	13565.7595	52.4087
9009.750	12860.2224	53.3243
9012.680	12396.3424	60.5691
9015.610	12294.6064	59.9287
9018.540	12594.2266	51.5156
9021.470	13154.0292	54.3459
9024.400	13808.5707	61.5730
9027.330	14400.2759	63.9413
9030.260	14861.2238	55.2091
9033.190	15263.6202	44.9682
9036.120	15610.0795	48.0364
9039.050	15876.0549	48.7404
9041.980	16105.7170	61.8437
9044.910	16283.6266	64.3840
9047.840	16409.4402	74.6756
9050.770	16424.7505	72.5612
9053.700	16392.3816	62.5415
9056.630	16307.8143	49.7675
9059.560	16228.3964	57.1011
9062.490	16238.1707	62.4896
9065.420	16341.5672	69.8313
9068.350	16536.8468	74.3315
9071.280	16782.6776	70.8521
9074.210	16939.5487	64.7088
9077.140	16925.7392	63.6948
9080.070	16787.7190	72.7672
9083.000	16669.0617	63.0728
9085.930	16574.1928	62.0866
9088.860	16487.2716	66.7136
9091.790	16362.2551	68.7522
9094.720	16322.9649	59.4311
9097.650	16415.4804	59.4745
9100.580	16504.2701	67.2319
9103.510	16604.6740	68.1761
9106.440	16683.2167	65.3724
9109.370	16723.0358	72.2995
9112.300	16707.3231	73.8502
9115.230	16669.5273	79.0191
9118.160	16633.9842	79.7901
9121.090	16563.0189	65.6909
9124.020	16514.0844	59.5786
9126.950	16501.9340	59.7211
9129.880	16545.9559	68.6682
9132.810	16613.6055	74.2506
9135.740	16690.3421	69.1121
9138.670	16750.5362	71.0793
9141.600	16767.9831	68.1647
9144.530	16708.0138	67.2859
9147.460	16644.2097	60.4307
9150.390	16607.8763	61.7412
9153.320	16596.3546	68.4896
9156.250	16647.9287	67.4155
9159.180	16620.4894	70.0279
9162.110	16536.0280	67.7665
9165.040	16394.8152	69.6227
9167.970	16301.3596	68.3929
9170.900	16210.1856	63.7302
9173.830	16131.7424	69.6813
9176.760	16144.2548	68.3449
9179.690	16113.3648	68.1055
9182.620	16087.4019	69.8899
9185.550	16125.8242	59.7255
9188.480	16065.6938	61.0291
9191.410	15971.4854	61.7098
9194.340	15802.5307	59.1972
9197.270	15574.1979	65.2502
9200.200	15386.6482	61.1250
9203.130	15198.7496	68.6713
9206.060	14913.8172	63.4620
9208.990	14561.4727	60.2259
9211.920	14085.9840	57.1080
9214.850	13544.9689	55.9498
9217.780	12957.1429	56.9867
9220.710	12369.1240	51.6999
9223.640	11840.7111	45.6331
9226.570	11432.3261	46.9627
9229.500	11315.4715	46.2377
9232.430	11497.7663	49.8418
9235.360	11915.3906	47.8027
9238.290	12475.1157	45.1817
9241.220	13020.1092	50.5744
9244.150	13507.7957	56.8714
9247.080	13903.7107	67.3619
9250.010	14219.0256	69.1665
9252.940	14511.6890	62.1051
9255.870	14659.9311	56.5305
9258.800	14611.7693	59.1927
9261.730	14548.8148	61.6635
9264.660	14595.8778	63.0120
9267.590	14786.5727	63.4234
9270.520	15066.2902	70.4713
9273.450	15295.8618	71.8685
9276.380	15442.3773	75.9064
9279.310	15516.6683	80.6859
9282.240	15530.9276	67.1900
9285.170	15598.6081	61.1067
9288.100	15667.8377	62.6046
9291.030	15767.3240	54.6449
9293.960	15854.0742	52.9214
9296.890	15934.9342	59.5768
9299.820	15961.6601	65.5411
9302.750	15877.2164	75.7605
9305.680	15764.8758	64.3656
9308.610	15649.4578	64.8060
9311.540	15536.3881	62.3800
9314.470	15419.9874	76.9354
9317.400	15430.6918	67.9584
9320.330	15489.1322	76.6528
9323.260	15588.3276	86.7794
9326.190	15692.9542	78.6108
9329.120	15756.9024	70.4997
9332.050	15718.3160	77.9151
9334.980	15581.3565	89.0149
9337.910	15468.4774	98.8469
9340.840	15457.8652	93.8086
9343.770	15514.9657	88.8318
9346.700	15502.0292	82.0083
9349.630	15423.0802	77.3059
9352.560	15394.2229	86.2280
9355.490	15427.0695	81.7427
9358.420	15461.9011	70.1300
9361.350	15447.4275	71.1915
9364.280	15413.9461	71.7336
9367.210	15363.8290	76.2842
9370.140	15325.7984	71.0998
9373.070	15279.2364	68.9807
9376.000	15289.8757	70.7294
9378.930	15352.5673	78.0443
9381.860	15350.4056	76.2550
9384.790	15315.6228	56.6830
9387.720	15224.6998	57.5527
9390.650	15104.3464	64.4055
9393.580	15009.1394	75.2800
9396.510	14971.6143	69.5211
9399.440	14926.5674	67.8468
9402.370	14942.9781	68.8509
9405.300	14995.1256	77.3214
9408.230	14951.3135	78.2377
9411.160	14869.9915	97.2734
9414.090	14806.1877	91.3678
9417.020	14755.3752	71.5701
9419.950	14770.0237	74.6844
9422.880	14864.5495	74.8055
9425.810	14908.1488	71.6247
9428.740	15047.3806	68.6961
9431.670	15072.1455	61.8989
9434.600	15011.5254	62.3307
9437.530	14921.1028	77.5486
9440.460	14880.0462	87.0083
9443.390	14923.2831	76.3216
9446.320	14992.5963	68.1076
9449.250	14965.5240	65.2781
9452.180	14932.3900	71.9274
9455.110	14825.3423	71.8361
9458.040	14693.7645	64.5926
9460.970	14717.1236	58.6134
9463.900	14792.9803	54.9612
9466.830	14794.4899	53.3866
9469.760	14770.5652	60.0029
9472.690	14720.7981	65.9953
9475.620	14681.2790	70.9983
9478.550	14583.4437	72.4225
9481.480	14544.9503	67.3407
9484.410	14593.2912	61.4877
9487.340	14475.4557	71.1462
9490.270	14352.9503	67.4575
9493.200	14354.4234	62.4520
9496.130	14361.3746	69.6006
9499.060	14323.0271	75.4385
9501.990	14288.3591	68.7806
9504.920	14317.2678	62.8128
9507.850	14297.7478	61.3857
9510.780	14192.0244	70.7331
9513.710	14010.8449	79.2454
9516.640	13784.6413	83.2239
9519.570	13501.7188	71.4043
9522.500	13286.2384	54.0830
9525.430	13062.0539	49.9179
9528.360	12822.6426	51.6241
9531.290	12431.7972	50.8704
9534.220	12017.7063	54.5673
9537.150	11540.4184	57.8510
9540.080	11024.7010	58.5399
9543.010	10619.4514	59.6862
9545.940	10376.0582	57.8527
9548.870	10367.4124	57.4625
9551.800	10623.1407	59.1818
9554.730	11183.8350	56.7901
9557.660	11818.1217	62.6644
9560.590	12292.8355	64.4485
9563.520	12653.6016	71.2358
9566.450	12952.2887	82.2629
9569.380	13202.1148	75.6716
9572.310	13380.6763	67.5314
9575.240	13420.5812	61.8743
9578.170	13406.7007	66.2307
9581.100	13463.7753	66.8515
9584.030	13608.7130	73.7260
9586.960	13738.5073	89.4260
9589.890	13805.3182	91.1752
9592.820	13854.6486	85.5841
9595.750	13841.2886	85.1781
9598.680	13763.1610	79.1867
9601.610	13737.3888	85.5274
9604.540	13711.6231	95.0032
9607.470	13824.3971	105.8876
9610.400	13932.5590	114.8930
9613.330	13899.1919	113.1198
9616.260	13702.6738	97.7720
9619.190	13619.2458	121.4682
9622.120	13619.6594	124.9479
9625.050	13585.8989	126.2948
9627.980	13655.8440	116.2401
9630.910	13676.8976	109.6604
9633.840	13695.8964	113.3882
9636.770	13720.0603	121.1706
9639.700	13734.0349	114.6531
9642.630	13700.4800	120.5954
9645.560	13674.3402	128.8549
9648.490	13641.9894	122.2882
9651.420	13611.7568	127.2172
9654.350	13481.8326	122.1486
9657.280	13475.2957	121.7568
9660.210	13443.1925	137.7189
9663.140	13428.8042	136.4317
9666.070	13401.2419	135.1680
9669.000	13464.8476	131.3024
9671.930	13519.6944	142.0784
9674.860	13537.1208	142.3703
9677.790	13527.7747	147.8139
9680.720	13468.1173	142.5022
9683.650	13508.2274	153.0859
9686.580	13476.6331	152.0074
9689.510	13403.0317	152.2621
9692.440	13385.4189	151.5747
9695.370	13446.0182	154.4255
9698.300	13453.9962	150.1120
9701.230	13470.8452	158.6321
