3298.680	227102.0429	1347.5607
3301.060	226299.1484	1614.5590
3303.440	225687.4861	1461.4437
3305.820	226239.0979	1240.6809
3308.200	226145.7273	1232.3056
3310.580	224461.6161	1373.0756
3312.960	223877.1499	1287.8898
3315.340	223477.9912	1272.1525
3317.720	223480.9374	1348.6476
3320.100	222693.2346	1592.7680
3322.480	222629.4183	1304.4185
3324.860	222368.9966	1184.5179
3327.240	221396.8345	1200.7683
3329.620	220736.0092	1183.9028
3332.000	219848.7531	1318.3031
3334.380	219702.5681	1251.1332
3336.760	219817.6431	1189.8052
3339.140	219387.8334	1153.2543
3341.520	219094.2141	1154.2655
3343.900	218380.0300	1167.6705
3346.280	218165.5396	1010.3538
3348.660	218246.4394	1181.1011
3351.040	217139.0228	1104.8894
3353.420	215068.1969	1216.3310
3355.800	213153.0016	1471.4269
3358.180	212871.9910	1291.6202
3360.560	216413.4612	1402.0306
3362.940	215383.7325	1167.4995
3365.320	213185.0740	1238.6890
3367.700	212924.1932	1152.7448
3370.080	213527.4264	1189.6637
3372.460	214175.1256	1207.7922
3374.840	213402.3876	1209.1361
3377.220	209920.8350	1438.3284
3379.600	210437.1537	949.2514
3381.980	210792.4449	964.0436
3384.360	210448.4666	1009.5073
3386.740	209805.0088	1233.0481
3389.120	210123.3020	1099.3851
3391.500	210012.8473	1007.3179
3393.880	210141.7599	1212.1414
3396.260	209342.4143	997.6321
3398.640	207760.6154	1263.2283
3401.020	206717.6161	1329.1898
3403.400	206280.4348	1046.5048
3405.780	206297.9149	955.4910
3408.160	206194.4081	904.6765
3410.540	206672.1577	948.9341
3412.920	206123.5489	1079.1408
3415.300	205596.2902	996.2685
3417.680	203886.2667	1116.6229
3420.060	202758.1161	1213.8903
3422.440	203005.0196	1054.9685
3424.820	204064.6378	872.9227
3427.200	203772.9799	871.7907
3429.580	202634.6306	1095.4655
3431.960	201240.9868	1215.8755
3434.340	200997.9906	1197.9119
3436.720	200617.2658	1208.1719
3439.100	201330.3696	1093.3427
3441.480	202177.6283	1165.3996
3443.860	200654.5566	1100.7340
3446.240	200015.6398	924.6797
3448.620	198357.4052	1197.1052
3451.000	198179.0882	1151.3508
3453.380	198080.9405	1092.5087
3455.760	198138.5676	992.9383
3458.140	198778.5901	863.8059
3460.520	198360.8486	943.5654
3462.900	198124.6826	918.2588
3465.280	196631.0540	1229.7419
3467.660	195900.4519	1118.6471
3470.040	195226.5711	1174.0560
3472.420	196033.1248	995.5209
3474.800	196822.0824	951.3645
3477.180	195566.5578	1109.4809
3479.560	194577.1094	1283.7656
3481.940	193947.9136	1118.3999
3484.320	193247.1659	974.1612
3486.700	192571.0481	1034.4350
3489.080	193455.3127	934.9722
3491.460	193276.4926	977.7628
3493.840	192282.6223	851.3443
3496.220	192202.5503	893.2143
3498.600	191789.3824	846.8601
3500.980	190225.2973	1070.4520
3503.360	189450.4958	1120.7648
3505.740	189944.3988	1040.8582
3508.120	189996.2939	897.1075
3510.500	189842.7433	871.8250
3512.880	189452.2124	890.0255
3515.260	188564.9722	880.1799
3517.640	188776.0459	747.5707
3520.020	188137.0315	782.2511
3522.400	188418.4608	864.7171
3524.780	188744.8329	1200.6987
3527.160	186892.6744	811.4899
3529.540	185684.7583	781.3585
3531.920	185809.6793	845.3173
3534.300	185942.5812	767.4006
3536.680	186068.9836	787.0854
3539.060	185864.0970	814.9695
3541.440	185844.1909	885.1239
3543.820	185582.2987	918.9384
3546.200	184812.4479	1014.7786
3548.580	184406.9569	889.4211
3550.960	183789.1792	945.3495
3553.340	182601.1150	950.0069
3555.720	181105.9110	975.1691
3558.100	181116.4532	1017.6021
3560.480	181880.9830	939.6557
3562.860	182499.5672	798.9572
3565.240	182290.1779	825.9825
3567.620	182262.3973	743.9769
3570.000	181043.1692	989.8812
3572.380	180750.7272	819.3896
3574.760	180741.0868	834.5353
3577.140	180375.0976	885.0249
3579.520	181246.2938	915.7425
3581.900	180434.2743	878.1305
3584.280	178597.7120	892.3510
3586.660	176957.2934	838.6489
3589.040	177311.0047	809.8202
3591.420	177890.0129	859.4280
3593.800	177053.3504	1075.7871
3596.180	176361.2625	1131.8334
3598.560	176631.9549	1022.1332
3600.940	177023.4008	816.1488
3603.320	176503.9726	774.8061
3605.700	177108.2737	820.8954
3608.080	176130.3886	725.2265
3610.460	174891.4183	892.2293
3612.840	173160.6345	1105.3212
3615.220	173426.9707	988.1232
3617.600	175464.2269	721.4304
3619.980	175024.6152	907.3604
3622.360	174427.4842	842.5922
3624.740	173268.4883	1131.8570
3627.120	172826.2072	1082.8350
3629.500	172249.1917	899.9476
3631.880	171548.6369	973.4273
3634.260	170388.7549	894.3679
3636.640	170045.2077	885.5549
3639.020	171217.4565	802.4227
3641.400	172692.2181	796.2706
3643.780	172398.9290	809.4598
3646.160	171730.6256	765.2080
3648.540	170922.6024	794.9334
3650.920	170075.7993	661.6180
3653.300	169973.4840	832.3909
3655.680	169690.7255	830.6907
3658.060	169352.4215	794.9879
3660.440	169366.3423	677.7441
3662.820	169259.2123	663.7404
3665.200	168900.6573	665.5463
3667.580	168606.5842	686.6158
3669.960	167695.4108	780.6078
3672.340	166954.2567	919.3246
3674.720	167113.7706	828.9559
3677.100	166946.0128	755.5759
3679.480	167153.8808	693.1486
3681.860	166976.8637	733.9243
3684.240	166661.9255	753.7756
3686.620	166551.5915	787.9280
3689.000	165898.8932	794.3571
3691.380	165861.5940	780.8996
3693.760	164924.5160	807.0189
3696.140	164906.5888	779.8598
3698.520	164581.5723	760.1570
3700.900	162938.4587	1033.2565
3703.280	161243.2161	848.3469
3705.660	162458.3656	776.5268
3708.040	163909.0489	679.3711
3710.420	160996.4806	731.1089
3712.800	161094.2510	830.6283
3715.180	167009.2292	956.9610
3717.560	168291.9535	760.3369
3719.940	161836.2855	896.6336
3722.320	158864.0226	691.3164
3724.700	167301.0690	830.4417
3727.080	177036.9825	1006.9139
3729.460	175306.1071	911.6725
3731.840	161953.0564	945.4822
3734.220	153458.3389	833.6891
3736.600	162822.9782	758.4267
3738.980	179089.5366	1150.4334
3741.360	190077.2027	1130.3672
3743.740	187654.1414	761.7558
3746.120	171217.5842	854.4057
3748.500	151447.1921	780.6461
3750.880	148448.6278	802.6801
3753.260	165109.7635	1348.8734
3755.640	186158.0423	1110.8101
3758.020	201606.8488	820.3664
3760.400	206499.3834	843.1594
3762.780	200031.4970	942.5315
3765.160	183369.5384	902.4423
3767.540	160577.9549	801.8632
3769.920	143339.8882	687.2093
3772.300	149729.3416	729.2628
3774.680	173122.0994	810.5824
3777.060	195202.8380	842.8591
3779.440	209456.8386	825.5617
3781.820	215941.7402	906.5360
3784.200	217363.7096	910.6766
3786.580	214575.0799	1080.7273
3788.960	207690.7771	885.0135
3791.340	191930.9702	887.3091
3793.720	168582.9380	880.2835
3796.100	145642.5556	758.2447
3798.480	139392.5966	674.7055
3800.860	156874.2533	783.8142
3803.240	180104.2928	847.5288
3805.620	198190.1310	986.1393
3808.000	209948.5319	886.9512
3810.380	217325.9638	1007.8494
3812.760	220324.2704	1041.5528
3815.140	216049.8768	1310.1376
3817.520	205194.3437	1219.9323
3819.900	198238.1599	1187.3615
3822.280	203160.9032	1020.5339
3824.660	206624.8664	876.4687
3827.040	200174.6728	851.8066
3829.420	183100.1769	811.5234
3831.800	159034.8827	761.4311
3834.180	137882.9373	684.5040
3836.560	138733.0913	655.3171
3838.940	159287.3942	849.6846
3841.320	182609.0532	823.6752
3843.700	198724.3197	1183.7275
3846.080	208720.9775	1221.2493
3848.460	215505.0751	1039.5635
3850.840	218015.9046	975.3381
3853.220	218727.6321	864.8567
3855.600	219775.9261	827.0410
3857.980	221948.9098	953.1020
3860.360	221884.9257	924.4882
3862.740	217672.8617	1366.0286
3865.120	215110.5070	1397.5927
3867.500	213820.5434	976.3486
3869.880	212283.5823	991.3219
3872.260	211102.4938	795.3125
3874.640	209972.6859	882.7196
3877.020	206432.2167	840.6451
3879.400	199761.4414	885.8115
3881.780	187562.0514	869.5757
3884.160	167721.5971	862.8399
3886.540	144289.3449	806.9534
3888.920	130341.6131	671.1479
3891.300	141064.7489	644.7492
3893.680	163857.9277	761.5989
3896.060	184395.9176	905.5951
3898.440	198123.8380	808.3299
3900.820	206351.7054	766.7854
3903.200	210924.2464	763.4016
3905.580	212968.6443	779.7909
3907.960	215006.0250	840.4459
3910.340	214815.9163	1069.7944
3912.720	214507.9182	1146.2191
3915.100	213537.7525	1058.2684
3917.480	211935.8608	994.8292
3919.860	209326.2432	987.8066
3922.240	206489.2849	974.3604
3924.620	204802.5879	933.9312
3927.000	204980.6015	1056.9237
3929.380	208810.1763	1063.5134
3931.760	213058.0475	1843.3295
3934.140	215449.9400	1986.6363
3936.520	213045.2521	1373.5991
3938.900	211389.7275	1140.8933
3941.280	210728.4130	1016.6046
3943.660	209517.2784	1206.0157
3946.040	208857.3172	874.3521
3948.420	207117.4507	1029.5418
3950.800	205549.1567	1037.7781
3953.180	203780.3403	1116.3343
3955.560	200300.1916	1010.2994
3957.940	195719.4956	1043.6158
3960.320	188251.5397	1039.3650
3962.700	175735.4634	857.4466
3965.080	158012.4712	1095.8660
3967.460	137847.4589	1248.5007
3969.840	125223.4730	1167.2231
3972.220	133143.9520	734.5640
3974.600	153403.8788	860.5945
3976.980	171889.7444	961.3259
3979.360	183341.1658	1177.7694
3981.740	191077.2049	1246.8585
3984.120	196546.5450	899.9890
3986.500	199034.2658	854.6390
3988.880	199692.4224	909.2104
3991.260	200007.5071	892.4004
3993.640	200240.1649	826.0555
3996.020	200610.0508	842.7903
3998.400	201270.1463	855.7557
4000.780	201227.1596	902.5180
4003.160	199458.4226	928.7829
4005.540	195279.6803	834.0194
4007.920	190619.1922	706.2825
4010.300	190144.9097	765.1726
4012.680	193926.1338	758.2511
4015.060	197241.0988	744.5671
4017.440	197876.2413	720.6251
4019.820	196007.0460	772.9358
4022.200	187947.5417	908.6720
4024.580	175953.8837	949.2734
4026.960	172712.7750	735.5047
4029.340	182180.4545	679.7953
4031.720	191370.5585	639.7673
4034.100	194808.4935	650.3908
4036.480	195259.7605	699.6421
4038.860	195021.0234	748.3292
4041.240	195122.3591	739.5389
4043.620	195595.6458	831.0092
4046.000	194995.2443	704.5221
4048.380	194980.9765	715.6831
4050.760	194634.9144	775.5985
4053.140	194615.0112	761.4526
4055.520	194162.3886	702.0078
4057.900	193205.3624	724.2825
4060.280	192427.9166	727.0640
4062.660	192662.6068	704.8018
4065.040	191650.4553	721.0807
4067.420	190585.5848	746.0066
4069.800	189512.6647	768.2970
4072.180	188208.9732	754.3552
4074.560	187325.3532	781.5458
4076.940	187049.6348	788.6672
4079.320	186817.8471	748.4944
4081.700	186538.2761	736.6053
4084.080	185067.6699	719.6794
4086.460	182757.4381	777.9098
4088.840	178738.3231	810.9036
4091.220	172852.6196	787.6905
4093.600	164166.4437	758.2285
4095.980	150380.3778	817.0295
4098.360	131963.8340	888.0429
4100.740	114829.9031	776.4426
4103.120	115853.7601	619.9063
4105.500	132364.0591	625.3102
4107.880	149857.9283	591.2289
4110.260	162722.2304	641.0744
4112.640	170954.3484	642.2228
4115.020	174999.3312	666.5778
4117.400	176506.9602	661.8951
4119.780	176031.4928	675.0046
4122.160	176742.7101	643.5237
4124.540	179081.7544	730.0298
4126.920	179605.2375	720.6557
4129.300	178431.5423	662.4558
4131.680	179413.6475	720.0087
4134.060	180834.0840	768.2126
4136.440	180266.6379	761.3591
4138.820	177598.1912	727.7373
4141.200	172129.5973	783.0263
4143.580	168103.4302	715.8518
4145.960	169843.7990	636.6392
4148.340	175277.0194	685.5849
4150.720	178338.7464	719.7500
4153.100	179375.7091	715.6956
4155.480	179827.7100	754.7514
4157.860	179352.2919	714.2978
4160.240	178901.4903	736.2066
4162.620	177899.0699	783.1234
4165.000	177286.1260	710.5307
4167.380	176264.7034	714.7256
4169.760	176212.2237	609.5733
4172.140	176197.4227	682.6589
4174.520	176633.8587	736.1439
4176.900	175900.9243	640.7919
4179.280	175535.1759	660.0108
4181.660	175691.3623	621.2100
4184.040	175328.2456	626.5819
4186.420	174879.8966	669.1254
4188.800	174555.0796	745.6248
4191.180	174037.0640	824.9000
4193.560	174352.9138	721.8313
4195.940	174123.8474	751.1807
4198.320	173992.9456	830.3984
4200.700	173080.0046	767.4065
4203.080	172115.6609	660.6379
4205.460	171677.5301	692.1045
4207.840	171504.6726	617.3108
4210.220	171353.5179	662.5072
4212.600	171272.3204	683.3929
4214.980	171383.6794	690.9293
4217.360	170609.5767	620.5783
4219.740	169406.8090	650.8737
4222.120	169548.5412	579.1942
4224.500	170382.5494	852.9948
4226.880	169531.2827	631.2450
4229.260	168872.4089	612.6244
4231.640	167822.9779	810.5834
4234.020	167810.4192	656.5602
4236.400	167970.3612	609.3641
4238.780	167406.7488	606.0351
4241.160	166861.7837	631.0479
4243.540	166454.8158	625.3674
4245.920	166715.5092	613.0798
4248.300	166596.2360	640.3448
4250.680	166240.2353	667.4494
4253.060	165189.0873	640.4883
4255.440	164792.6595	653.3028
4257.820	165313.2953	637.4697
4260.200	164886.7022	615.3954
4262.580	163860.5559	636.6569
4264.960	161187.7556	672.6978
4267.340	159266.2764	639.7676
4269.720	160538.8896	653.5671
4272.100	162773.9884	728.2835
4274.480	162359.0143	621.7346
4276.860	161662.1253	631.1810
4279.240	161447.1742	630.0006
4281.620	161107.4435	611.0777
4284.000	160792.6809	635.0237
4286.380	160724.8403	656.3397
4288.760	160421.2805	706.7847
4291.140	159520.9507	624.1987
4293.520	159252.2883	675.8049
4295.900	159105.5445	698.1064
4298.280	158964.8332	694.6333
4300.660	159076.1621	657.5242
4303.040	158804.4895	649.3213
4305.420	158033.3733	593.5830
4307.800	158158.4051	751.8626
4310.180	157791.7554	830.4009
4312.560	156231.9802	664.7808
4314.940	155042.3823	721.5193
4317.320	152971.4750	962.7278
4319.700	152558.8977	783.2414
4322.080	152235.3274	657.9926
4324.460	151014.9664	775.6897
4326.840	147689.0053	626.9547
4329.220	143408.5304	647.0338
4331.600	137198.5963	711.2755
4333.980	128187.6329	649.3067
4336.360	115678.8572	677.7123
4338.740	102639.8113	772.7365
4341.120	97180.0634	633.4067
4343.500	105906.8446	493.8433
4345.880	120140.0559	501.6356
4348.260	131699.5335	502.7383
4350.640	139194.1610	531.2348
4353.020	143491.8684	519.6308
4355.400	146392.6614	513.6416
4357.780	147843.3290	512.9800
4360.160	148640.3108	559.1366
4362.540	149371.2700	584.4815
4364.920	149612.2806	571.6593
4367.300	149290.4471	613.7260
4369.680	149144.7820	648.7470
4372.060	148983.8876	613.4135
4374.440	149021.5756	599.9162
4376.820	149706.9814	667.6462
4379.200	149862.7778	679.6271
4381.580	148517.4451	664.5641
4383.960	145200.3923	658.7735
4386.340	140765.9467	717.3813
4388.720	138384.3154	607.6377
4391.100	141874.4208	527.2948
4393.480	146204.0660	590.3362
4395.860	147559.0127	564.5248
4398.240	147984.6330	545.9589
4400.620	148377.1368	533.3054
4403.000	148356.5680	635.6194
4405.380	148094.2851	553.3834
4407.760	147670.0229	548.0405
4410.140	146813.7050	585.1124
4412.520	146305.5884	580.1457
4414.900	145820.9461	545.0845
4417.280	145249.5508	588.5455
4419.660	145047.0132	557.1172
4422.040	144984.5764	577.4658
4424.420	144950.2868	588.9933
4426.800	144753.2557	555.0080
4429.180	144140.2734	550.9233
4431.560	143730.8176	580.3523
4433.940	143226.2122	551.0506
4436.320	142372.0830	563.1363
4438.700	142266.8461	537.7154
4441.080	142236.2799	592.0680
4443.460	142893.0687	532.8160
4445.840	142509.9904	561.2876
4448.220	141621.0196	572.3455
4450.600	142033.9501	578.0795
4452.980	142622.9033	561.1978
4455.360	142850.3878	556.7770
4457.740	142239.4451	577.4448
4460.120	141389.6552	519.1459
4462.500	140525.3066	507.7810
4464.880	138664.7781	597.1001
4467.260	134018.4271	739.7157
4469.640	127068.4520	710.8537
4472.020	124267.3640	549.5455
4474.400	129017.5297	465.8335
4476.780	134240.2708	498.3389
4479.160	134979.9531	482.6125
4481.540	134585.7591	484.7029
4483.920	136091.1954	495.7317
4486.300	137683.9144	496.4112
4488.680	137927.7372	503.7943
4491.060	138037.5810	501.9725
4493.440	138166.7588	586.5517
4495.820	138086.8673	559.2680
4498.200	138197.9728	565.5430
4500.580	137841.5893	578.4665
4502.960	137438.4810	560.0265
4505.340	136917.9631	586.1706
4507.720	136375.2509	573.4105
4510.100	136290.8149	534.8507
4512.480	135937.0241	545.5497
4514.860	136086.8486	512.0068
4517.240	136004.7067	529.1749
4519.620	135806.0148	514.4400
4522.000	135111.1386	548.7029
4524.380	134892.7211	496.8328
4526.760	134662.8484	514.0801
4529.140	134177.4021	564.5077
4531.520	133947.6034	604.6355
4533.900	134077.6754	614.8885
4536.280	134275.5748	651.6274
4538.660	133680.8046	706.8099
4541.040	133182.0717	600.1186
4543.420	132959.1593	549.5101
4545.800	132456.3768	557.4458
4548.180	131705.6787	511.5996
4550.560	130637.1690	482.7228
4552.940	129844.5712	481.8743
4555.320	130408.0817	480.6050
4557.700	131094.4382	460.8157
4560.080	131311.3814	481.5538
4562.460	131006.5339	489.4602
4564.840	130275.9187	458.4812
4567.220	129652.6885	476.9788
4569.600	129300.1684	471.0989
4571.980	129533.6994	494.1309
4574.360	129603.6911	496.5697
4576.740	129558.7793	490.2399
4579.120	129587.7772	522.3384
4581.500	129298.9072	518.2782
4583.880	129135.3590	498.6518
4586.260	128764.4974	509.0446
4588.640	128379.0485	543.2266
4591.020	128334.5161	508.1504
4593.400	128119.2705	458.5318
4595.780	127892.5374	482.6066
4598.160	127680.1340	450.4978
4600.540	127479.7887	468.9327
4602.920	127013.0542	499.6802
4605.300	126811.1226	542.7364
4607.680	126412.8463	530.8419
4610.060	126181.4603	513.2304
4612.440	126135.5561	473.1483
4614.820	125729.2496	467.8647
4617.200	125272.9993	463.4515
4619.580	124822.9820	456.5471
4621.960	124587.7200	468.7800
4624.340	124842.2969	484.1180
4626.720	124939.0845	473.0056
4629.100	124503.0063	478.8151
4631.480	124025.1758	503.0860
4633.860	124395.4324	443.0863
4636.240	124235.2894	431.2484
4638.620	123838.0421	478.3831
4641.000	123090.6645	528.8482
4643.380	122172.5205	470.8499
4645.760	122216.0526	447.0831
4648.140	122546.9916	428.7138
4650.520	122152.9130	507.5146
4652.900	122228.8760	492.7349
4655.280	122584.9534	466.1565
4657.660	122065.1027	475.4885
4660.040	121517.6210	463.0092
4662.420	121904.7835	458.4274
4664.800	122092.5515	500.6358
4667.180	121866.0797	493.4543
4669.560	121741.7719	490.2165
4671.940	120967.5395	456.5140
4674.320	120578.2370	515.6199
4676.700	120487.0555	542.9899
4679.080	120792.4381	576.4504
4681.460	121153.4997	726.8747
4683.840	121247.7929	748.6507
4686.220	120411.4064	748.6288
4688.600	119317.0045	629.5281
4690.980	118897.9936	418.3709
4693.360	118717.4245	409.7670
4695.740	118459.3275	396.4738
4698.120	118590.2162	383.7904
4700.500	118464.2163	397.0583
4702.880	118351.2838	461.3151
4705.260	118172.3686	499.9232
4707.640	117568.3579	432.9198
4710.020	116807.6784	474.8506
4712.400	115152.5926	506.9482
4714.780	114645.5335	438.0747
4717.160	115718.1427	423.2603
4719.540	116766.5555	426.2511
4721.920	116623.6112	450.5346
4724.300	116338.4779	452.8480
4726.680	116303.0615	469.5261
4729.060	116440.4069	492.4759
4731.440	116235.2752	502.9972
4733.820	115739.7515	464.5611
4736.200	115282.4050	455.9838
4738.580	114995.2505	406.2939
4740.960	114963.2168	439.1993
4743.340	115001.1237	451.4456
4745.720	114898.5224	485.5938
4748.100	114839.1478	448.3525
4750.480	114630.8266	455.5597
4752.860	114122.5510	457.9388
4755.240	113680.2033	479.0439
4757.620	113515.5971	420.8854
4760.000	113221.0747	444.5366
4762.380	113117.8018	471.4093
4764.760	113233.2411	450.5822
4767.140	113018.6301	453.8196
4769.520	112520.9648	492.8275
4771.900	112273.4134	445.8138
4774.280	112260.3006	417.0775
4776.660	111967.4498	418.9380
4779.040	111652.4823	409.1149
4781.420	111473.2440	416.2685
4783.800	111400.1677	417.6426
4786.180	111442.9580	407.3368
4788.560	111083.9423	404.4673
4790.940	110262.8048	407.0290
4793.320	110087.0556	394.8259
4795.700	110138.7818	429.2642
4798.080	109773.8925	425.4516
4800.460	109651.4948	415.3385
4802.840	109463.5438	433.8578
4805.220	109247.9868	446.9403
4807.600	109003.8204	440.7180
4809.980	108681.4572	447.4443
4812.360	108628.2505	402.2298
4814.740	108193.8548	387.8980
4817.120	107798.6265	419.7371
4819.500	107438.9300	439.6113
4821.880	107583.6311	453.7614
4824.260	107899.2272	423.0050
4826.640	108052.0108	424.5633
4829.020	107418.1313	465.2230
4831.400	106969.2896	469.5925
4833.780	106581.5525	446.2126
4836.160	105836.5810	456.9175
4838.540	105491.7714	431.9912
4840.920	104903.5693	429.0675
4843.300	103756.6801	481.3345
4845.680	102060.9957	501.8382
4848.060	100177.8012	457.0587
4850.440	97598.7066	451.8190
4852.820	93273.6253	457.6318
4855.200	86832.7245	463.5885
4857.580	78646.7803	510.2854
4859.960	71396.0076	470.4418
4862.340	70347.1412	427.9969
4864.720	76283.0442	304.1164
4867.100	84475.9179	301.6776
4869.480	91245.4520	316.1443
4871.860	95376.9863	342.3387
4874.240	98017.8065	356.5335
4876.620	99472.4294	389.8042
4879.000	100809.2691	396.3707
4881.380	101571.9786	408.4394
4883.760	101498.2431	433.6167
4886.140	102054.9366	398.3286
4888.520	102609.7833	434.2272
4890.900	102385.5747	402.3195
4893.280	102034.1164	401.0428
4895.660	101872.5445	426.0081
4898.040	101934.0695	444.8975
4900.420	102047.7256	402.3212
4902.800	102191.6003	405.7916
4905.180	102176.8607	419.2622
4907.560	101982.4396	416.1210
4909.940	101731.6872	406.8441
4912.320	101274.8848	400.6321
4914.700	100847.8541	405.8630
4917.080	99300.0867	495.0546
4919.460	96660.7049	548.7933
4921.840	94462.7046	479.7079
4924.220	95174.5326	361.8303
4926.600	98043.3506	375.6957
4928.980	99704.6737	387.0008
4931.360	100253.1664	350.5886
4933.740	100634.7142	389.9389
4936.120	100761.7911	450.6861
4938.500	100924.0887	419.2306
4940.880	99958.2503	420.3002
4943.260	99615.8692	392.1594
4945.640	99703.3364	358.6215
4948.020	99832.9977	379.0413
4950.400	99634.5938	423.4999
4952.780	99582.2443	398.8876
4955.160	99656.7114	399.2139
4957.540	99182.5901	399.8359
4959.920	98919.9702	367.8073
4962.300	98656.6669	369.9365
4964.680	98410.8124	378.6767
4967.060	98153.2204	368.1440
4969.440	98263.0014	375.3736
4971.820	98370.2220	370.5006
4974.200	98078.4821	387.3334
4976.580	98172.1505	406.3184
4978.960	97934.9423	429.2929
4981.340	97719.3231	412.9491
4983.720	97217.5153	390.4473
4986.100	96651.6045	392.0707
4988.480	96661.1135	396.2950
4990.860	96622.8120	364.0080
4993.240	96280.1906	379.0972
4995.620	96051.2357	363.9589
4998.000	95765.2400	375.6000
5000.380	95457.6426	365.7934
5002.760	95174.2924	386.0640
5005.140	94850.9077	397.6343
5007.520	94570.1795	381.1853
5009.900	94560.3278	411.3612
5012.280	93677.4432	399.4797
5014.660	92551.1447	388.6802
5017.040	92058.3609	338.3889
5019.420	92952.5428	354.7879
5021.800	94036.1563	368.8749
5024.180	94056.6764	391.2693
5026.560	93728.3498	366.0963
5028.940	93621.3026	357.2585
5031.320	93340.2137	378.7796
5033.700	93446.4004	396.3527
5036.080	93145.4064	402.7147
5038.460	92741.2588	394.8547
5040.840	92322.5706	383.9240
5043.220	92109.9634	374.3209
5045.600	91741.9395	389.0228
5047.980	91490.5247	381.4201
5050.360	91675.1248	343.6889
5052.740	91947.7582	360.3583
5055.120	91892.4737	369.4073
5057.500	91677.6224	366.9233
5059.880	91710.2184	374.4428
5062.260	91652.6674	349.2584
5064.640	91645.0752	340.7610
5067.020	91682.6087	389.9495
5069.400	91528.6447	368.0151
5071.780	91112.8757	366.7605
5074.160	90949.9830	385.0669
5076.540	90896.2508	366.8554
5078.920	90993.7421	373.1857
5081.300	90628.3737	352.9390
5083.680	90501.6376	354.6755
5086.060	90400.2871	357.4403
5088.440	90144.6019	372.0217
5090.820	89834.6547	365.9893
5093.200	89684.7134	366.8053
5095.580	89686.1463	375.7106
5097.960	89595.8441	395.4374
5098.200	90063.5421	335.0765
5100.340	89485.3930	387.1065
5101.130	90079.7733	387.6983
5102.720	89235.6889	369.2296
5104.060	89816.1778	360.5328
5105.100	89073.6304	344.1830
5106.990	89588.7418	322.2999
5107.480	89020.1833	321.0081
5109.860	88892.6983	334.2906
5109.920	89354.8107	321.6095
5112.240	88738.2743	316.0734
5112.850	89282.6559	321.5062
5114.620	88487.8657	358.9316
5115.780	89117.1117	355.1248
5117.000	88285.4136	358.4948
5118.710	88725.2791	363.1760
5119.380	88168.7976	352.5271
5121.640	88551.4116	341.2152
5121.760	88036.1064	376.7598
5124.140	87788.2247	349.6777
5124.570	88087.0076	408.2336
5126.520	87507.0291	335.0960
5127.500	88272.2297	306.6624
5128.900	87484.4924	312.2718
5130.430	87975.7976	305.3113
5131.280	87308.5002	370.5304
5133.360	87694.2011	341.9015
5133.660	87214.1537	359.0874
5136.040	87002.0380	354.7529
5136.290	87408.2530	339.4345
5138.420	86766.5215	359.1854
5139.220	87066.6957	350.8444
5140.800	86604.7733	373.9237
5142.150	87134.0368	348.5225
5143.180	86486.8517	385.0897
5145.080	87006.8414	351.7477
5145.560	86397.4540	380.8368
5147.940	86395.2785	392.4351
5148.010	86750.0784	349.0264
5150.320	86482.5527	366.3176
5150.940	86858.8532	296.9477
5153.870	86673.1509	326.8436
5156.800	86558.2562	312.9391
5159.730	86392.1355	330.2464
5162.660	86290.7917	351.8287
5165.590	85410.4853	533.5357
5168.520	85564.3384	425.2703
5171.450	85836.5347	322.0446
5174.380	86428.6288	356.3475
5177.310	86353.9822	411.8686
5180.240	85420.9614	353.1753
5183.170	85097.3007	447.7607
5186.100	85355.2285	370.4005
5189.030	85021.8865	356.0723
5191.960	84595.6148	335.1876
5194.890	84488.9642	317.3956
5197.820	84527.5009	327.3882
5200.750	84184.9760	331.3922
5203.680	84042.5979	309.6639
5206.610	84081.6063	348.5203
5209.540	84174.1292	321.2360
5212.470	84038.6358	370.3752
5215.400	83196.0229	313.3077
5218.330	82982.3904	301.7707
5221.260	83032.4146	305.5810
5224.190	82703.9955	306.4038
5227.120	82975.9871	341.5618
5230.050	83081.0798	313.7090
5232.980	82590.6195	308.1779
5235.910	82387.1988	314.2010
5238.840	82601.5331	341.4961
5241.770	82179.0386	317.9809
5244.700	81903.7948	282.5801
5247.630	81880.5269	288.9250
5250.560	81648.6310	309.8717
5253.490	81528.7704	306.2859
5256.420	81586.0233	284.2430
5259.350	81451.9687	273.1623
5262.280	80630.3012	334.9919
5265.210	80562.2618	315.4130
5268.140	80605.6413	282.2579
5271.070	80708.7152	318.4703
5274.000	80629.3076	321.2001
5276.930	80388.3500	310.9748
5279.860	79895.5484	267.1161
5282.790	79784.5799	269.9522
5285.720	79887.0403	295.4115
5288.650	79808.1506	278.7233
5291.580	79507.3890	283.1927
5294.510	79208.0335	286.6707
5297.440	79264.3843	288.8811
5300.370	79050.9477	286.7648
5303.300	78976.7401	300.4903
5306.230	78976.9749	271.7479
5309.160	78551.5817	274.7070
5312.090	78225.7305	268.3417
5315.020	77959.3558	275.0777
5317.950	78005.2204	298.8925
5320.880	77902.6079	297.0047
5323.810	77795.0741	306.7706
5326.740	77257.6784	324.4651
5329.670	77489.1827	306.6374
5332.600	77438.0993	301.4781
5335.530	77271.3156	281.7652
5338.460	77020.9595	298.6012
5341.390	76740.8076	293.1549
5344.320	76705.4695	296.8002
5347.250	76709.2957	275.6673
5350.180	76701.4904	274.7763
5353.110	76184.4391	311.0235
5356.040	76199.0460	293.8186
5358.970	76212.8463	266.3969
5361.900	76052.5654	297.5635
5364.830	75985.9518	287.3862
5367.760	75832.2956	266.3529
5370.690	75374.4531	271.4349
5373.620	75496.2633	293.4691
5376.550	75608.2468	302.9198
5379.480	75142.0427	256.5483
5382.410	74778.9682	276.6545
5385.340	74804.0607	263.3584
5388.270	74708.1148	253.7593
5391.200	74340.4058	272.5461
5394.130	74161.0771	260.3023
5397.060	73981.7199	259.0514
5399.990	73690.3256	271.8358
5402.920	73510.5954	285.8601
5405.850	73503.7499	298.2992
5408.780	73453.3118	288.9343
5411.710	73539.5643	283.6309
5414.640	73596.5831	281.5822
5417.570	73477.6405	252.9773
5420.500	73153.9837	262.0522
5423.430	73013.7307	248.5709
5426.360	72853.6519	267.4442
5429.290	72612.0280	244.3638
5432.220	72480.9411	241.1282
5435.150	72508.9882	259.4258
5438.080	72101.8665	263.1692
5441.010	72105.1136	262.1997
5443.940	71911.0677	275.0600
5446.870	71889.1114	245.5719
5449.800	71529.3928	245.9252
5452.730	71215.8656	227.7350
5455.660	70978.0994	216.6639
5458.590	70978.5035	225.8394
5461.520	70959.7494	225.0012
5464.450	70738.6954	223.6359
5467.380	70739.8672	230.9733
5470.310	70668.1230	237.8840
5473.240	70651.5260	235.4995
5476.170	70613.4275	248.1269
5479.100	70273.1442	243.0463
5482.030	70112.6441	236.6796
5484.960	70013.4525	224.0251
5487.890	69932.8849	217.7715
5490.820	69851.1216	235.8750
5493.750	69811.7302	234.1634
5496.680	69885.8970	240.8493
5499.610	69683.2240	222.7640
5502.540	69498.2798	226.1927
5505.470	69311.1740	229.2877
5508.400	69074.4630	256.0629
5511.330	68902.5227	263.7335
5514.260	68731.1610	243.2454
5517.190	68716.7598	231.5896
5520.120	68707.0418	234.9340
5523.050	68653.0614	244.1008
5525.980	68635.1653	224.3592
5528.910	68348.8122	236.5963
5531.840	68041.2219	261.9166
5534.770	67915.2942	256.8052
5537.700	67785.7069	253.7045
5540.630	67668.2561	240.8217
5543.560	67566.8913	223.7637
5546.490	67448.7766	224.8025
5549.420	67405.2258	230.4676
5552.350	67323.3216	225.4472
5555.280	67130.5288	235.8266
5558.210	66966.2807	242.4982
5561.140	66901.1693	245.9583
5564.070	66742.7717	243.2038
5567.000	66774.9895	227.1454
5569.930	66662.4712	217.8179
5572.860	66432.2592	228.9079
5575.790	66050.1469	263.7114
5578.720	65987.2399	249.7030
5581.650	65967.6735	237.7610
5584.580	66050.8206	247.8830
5587.510	65935.8678	251.2675
5590.440	65828.6173	242.1747
5593.370	65574.8098	237.7599
5596.300	65519.6966	233.1357
5599.230	65359.2070	229.0978
5602.160	65209.6328	220.2034
5605.090	65007.2422	230.0047
5608.020	64785.5385	244.9836
5610.950	64710.0925	240.5527
5613.880	64727.3648	219.7070
5616.810	64667.3491	238.2523
5619.740	64650.3499	221.9705
5622.670	64540.6699	220.1966
5625.600	64329.7473	226.4162
5628.530	64077.6907	241.8427
5631.460	64017.2169	234.1047
5634.390	63879.0332	235.5424
5637.320	63608.1358	235.2908
5640.250	63202.9385	261.8267
5643.180	63109.6463	228.0624
5646.110	63026.3589	225.2687
5649.040	63055.9609	233.0231
5651.970	63142.8120	221.5320
5654.900	63109.2550	212.9668
5657.830	62983.5619	232.0615
5660.760	62862.4017	223.0454
5663.690	62726.0672	217.6752
5666.620	62407.6616	216.4363
5669.550	62313.0678	215.9237
5672.480	62168.1962	231.5527
5675.410	61986.3285	243.1799
5678.340	61697.8293	245.1127
5681.270	61682.9726	248.0555
5684.200	61803.4247	220.7258
5687.130	61972.6209	225.5326
5690.060	62004.4961	219.2919
5692.990	61805.1714	223.4723
5695.920	61465.0843	218.9032
5698.850	61411.5472	216.6363
5701.780	61427.4585	214.1450
5704.710	61316.3166	223.5190
5707.640	61198.2534	252.3020
5710.570	61034.9433	239.4523
5713.500	60726.4722	235.7949
5716.430	60582.1809	231.2900
5719.360	60522.6799	227.4162
5722.290	60450.1011	216.8617
5725.220	60496.7975	213.3515
5728.150	60417.1830	203.8522
5731.080	60290.1598	204.2506
5734.010	60027.3587	203.1428
5736.940	59850.0357	204.3610
5739.870	59634.8869	193.7894
5742.800	59554.6053	210.1433
5745.730	59563.5736	205.0655
5748.660	59594.8158	217.2728
5751.590	59577.2083	208.6611
5754.520	59413.1339	221.0628
5757.450	59206.8790	225.8950
5760.380	59180.9854	218.6349
5763.310	59083.2077	208.4507
5766.240	58896.3870	218.5598
5769.170	58724.8150	211.2272
5772.100	58752.8652	204.6760
5775.030	58665.5406	194.6017
5777.960	58681.2630	193.4658
5780.890	58664.9384	203.4010
5783.820	58503.7774	213.0321
5786.750	58258.6480	207.0225
5789.680	58068.3268	213.8495
5792.610	57869.0314	206.8124
5795.540	57775.7133	208.6883
5798.470	57697.3912	209.0662
5801.400	57608.4162	219.3774
5804.330	57471.1054	219.8165
5807.260	57445.2416	225.2447
5810.190	57314.5674	217.3342
5813.120	57296.1897	204.4598
5816.050	57219.9621	204.2897
5818.980	57243.8010	200.5515
5821.910	57105.6804	197.6387
5824.840	56947.7709	198.2893
5827.770	56797.4540	208.4114
5830.700	56594.4757	208.5124
5833.630	56513.7287	194.4432
5836.560	56487.9435	198.2204
5839.490	56248.8092	207.9163
5842.420	56234.9945	196.2031
5845.350	56145.1132	197.0497
5848.280	55944.3270	196.1597
5851.210	55810.8455	208.4228
5854.140	55824.8286	222.6886
5857.070	55748.0653	222.8065
5860.000	55589.8967	220.8510
5862.930	55418.8324	211.9783
5865.860	55214.9354	214.5008
5868.790	54819.6682	230.7246
5871.720	53913.7111	362.9313
5874.650	53020.8446	391.0166
5877.580	52827.4712	270.3845
5880.510	53628.3020	181.4940
5883.440	54320.1226	179.7119
5886.370	54518.9009	228.7571
5889.300	54452.8857	295.5370
5892.230	54483.5088	273.5116
5895.160	54460.3281	232.6171
5898.090	54417.9141	202.7244
5901.020	54221.2020	208.7443
5903.950	54194.0799	210.7645
5906.880	54136.0458	212.1832
5909.810	54044.2267	202.1773
5912.740	53951.2940	193.3137
5915.670	53852.4370	191.5770
5918.600	53742.1636	194.3559
5921.530	53578.8547	212.4652
5924.460	53526.5917	214.5940
5927.390	53498.5524	213.3613
5930.320	53432.3458	203.8511
5933.250	53396.3373	198.1601
5936.180	53242.8659	186.6898
5939.110	53064.6478	177.2322
5942.040	52849.5861	206.7954
5944.970	52715.7251	214.8162
5947.900	52744.2604	201.7997
5950.830	52773.9087	197.9623
5953.760	52717.7523	193.5969
5956.690	52578.5694	197.2037
5959.620	52471.4473	184.0874
5962.550	52470.7058	180.3071
5965.480	52330.8571	180.8527
5968.410	52251.7768	194.0184
5971.340	52105.0128	207.0478
5974.270	52056.4079	207.5068
5977.200	51941.2209	209.5449
5980.130	51852.0150	196.7201
5983.060	51764.8753	197.4234
5985.990	51683.4693	200.2792
5988.920	51579.4294	190.4525
5991.850	51472.8529	196.5282
5994.780	51394.4513	196.0941
5997.710	51324.4964	206.6981
6000.640	51195.4182	216.4709
6003.570	51054.3347	215.7809
6006.500	51079.6473	213.0439
6009.430	51007.0647	212.9293
6012.360	50937.0504	192.7481
6015.290	50825.4489	184.0907
6018.220	50742.8216	185.0520
6021.150	50712.2041	183.3841
6024.080	50636.9849	194.9284
6027.010	50494.6923	178.0034
6029.940	50243.1870	186.8507
6032.870	50165.8088	184.5648
6035.800	50115.3804	194.1679
6038.730	50151.3271	171.3333
6041.660	50061.1031	180.7428
6044.590	49957.9619	185.8978
6047.520	49875.2210	190.7198
6050.450	49804.5678	195.7881
6053.380	49620.8766	204.2985
6056.310	49545.6807	197.9339
6059.240	49447.6941	192.4384
6062.170	49400.8560	196.4816
6065.100	49406.0872	186.7019
6068.030	49275.8594	176.5850
6070.960	49112.7889	178.3200
6073.890	49005.0057	172.5249
6076.820	48953.0766	184.0355
6079.750	48909.1498	180.5601
6082.680	48785.0608	179.5062
6085.610	48629.2379	192.1071
6088.540	48573.7784	176.1181
6091.470	48470.5027	185.4800
6094.400	48192.7924	184.5719
6097.330	48189.5736	176.0748
6100.260	48296.7946	179.7782
6103.190	48323.1471	177.7160
6106.120	48144.8730	170.9076
6109.050	47967.4189	175.7205
6111.980	47896.0803	180.3866
6114.910	47865.0022	180.8346
6117.840	47833.9800	186.1031
6120.770	47785.0709	180.1118
6123.700	47707.7252	176.1753
6126.630	47528.9796	179.9306
6129.560	47597.6786	183.2450
6132.490	47613.9349	172.7668
6135.420	47591.6974	175.2664
6138.350	47329.7079	183.8587
6141.280	47159.5319	175.2579
6144.210	47003.8397	169.6228
6147.140	46915.0724	174.7522
6150.070	46846.5556	170.0796
6153.000	46776.3537	163.2102
6155.930	46719.0255	164.1680
6158.860	46671.6787	184.0582
6161.790	46666.9362	206.4923
6164.720	46596.5635	197.1202
6167.650	46541.7116	190.4595
6170.580	46513.0172	170.5526
6173.510	46357.2687	170.7505
6176.440	46178.0421	164.6384
6179.370	46108.7650	159.1389
6182.300	46080.1712	161.4575
6185.230	46035.4007	161.1859
6188.160	46073.6853	169.3234
6191.090	45988.7680	184.4352
6194.020	45893.8073	174.9816
6196.950	45758.6616	177.2247
6199.880	45713.8743	165.1525
6202.810	45699.9971	159.7913
6205.740	45606.2307	161.4833
6208.670	45424.0962	164.1284
6211.600	45404.2104	166.7755
6214.530	45285.6201	171.4381
6217.460	45151.8799	177.4886
6220.390	45038.4913	167.2148
6223.320	44995.3141	164.6828
6226.250	44980.7134	168.3028
6229.180	44963.3306	173.7804
6232.110	44893.5799	167.9284
6235.040	44793.4862	162.5467
6237.970	44712.9295	177.8055
6240.900	44719.6110	172.9839
6243.830	44644.8040	169.3656
6246.760	44527.4036	165.7744
6249.690	44412.4187	165.3833
6252.620	44387.5146	160.5966
6255.550	44375.8833	163.9652
6258.480	44262.5578	155.5628
6261.410	44085.4119	161.7416
6264.340	43879.6003	176.1379
6267.270	43825.3282	167.4416
6270.200	43758.6320	175.0061
6273.130	43727.9273	166.0401
6276.060	43743.5495	160.1624
6278.990	43818.8837	162.7707
6281.920	43809.5554	173.1781
6284.850	43720.7797	183.4740
6287.780	43671.0224	169.7952
6290.710	43640.0122	157.5519
6293.640	43537.0583	158.1618
6296.570	43512.9917	155.5707
6299.500	43390.2920	158.3477
6302.430	43252.2134	159.0278
6305.360	43131.0876	168.6864
6308.290	43072.1469	179.0372
6311.220	43018.5265	173.3445
6314.150	42937.5826	187.8291
6317.080	42718.5553	175.9541
6320.010	42542.8015	161.0786
6322.940	42346.2240	167.7207
6325.870	42110.5791	172.7505
6328.800	41990.3707	169.0283
6331.730	41847.1640	149.3728
6334.660	41783.4479	150.3056
6337.590	41844.5940	147.3695
6340.520	41801.6320	146.9276
6343.450	41524.4468	145.4987
6346.380	41286.4694	137.1268
6349.310	41340.2681	143.4517
6352.240	41659.9446	141.7714
6355.170	41811.7919	149.9367
6358.100	41906.1780	153.2745
6361.030	41749.2135	145.7876
6363.960	41536.2148	151.7220
6366.890	41297.1314	153.1610
6369.820	41002.9655	164.1136
6372.750	40975.4973	161.6774
6375.680	41122.2103	156.9836
6378.610	41189.3357	159.2097
6381.540	41087.4043	151.4820
6384.470	41108.6410	146.5749
6387.400	41129.2255	163.8111
6390.330	41099.5917	149.5047
6393.260	41030.7267	148.9879
6396.190	40854.9592	154.5617
6399.120	40675.6137	145.2091
6402.050	40432.7817	149.0443
6404.980	40355.4652	149.9708
6407.910	40455.2745	163.7237
6410.840	40423.7481	160.6874
6413.770	40378.9589	153.7211
6416.700	40367.3774	149.6253
6419.630	40376.3628	151.0077
6422.560	40358.2394	137.8427
6425.490	40273.3098	149.7008
6428.420	40212.0778	154.5025
6431.350	40145.6917	146.2746
6434.280	40051.9425	145.0294
6437.210	39969.8596	161.2652
6440.140	39867.6815	170.5181
6443.070	39733.6934	158.9715
6446.000	39711.4636	155.4706
6448.930	39708.6865	155.2027
6451.860	39646.4756	157.0322
6454.790	39587.6062	151.5627
6457.720	39446.4662	161.4693
6460.650	39415.9610	155.6238
6463.580	39429.2327	146.8297
6466.510	39399.5512	146.9731
6469.440	39219.2671	145.8669
6472.370	39096.2192	149.9714
6475.300	38992.8439	144.2149
6478.230	38926.1869	143.9851
6481.160	38924.7988	148.5096
6484.090	38930.9563	146.9051
6487.020	38919.7160	145.3480
6489.950	38912.8960	144.9312
6492.880	38965.8388	160.0395
6495.810	38922.6837	167.1974
6498.740	38724.2481	152.6273
6501.670	38498.0086	154.3142
6504.600	38290.7512	159.2647
6507.530	38247.8953	153.2382
6510.460	38269.2637	157.2184
6513.390	38261.7229	152.2065
6516.320	38196.7729	159.6996
6519.250	37993.9538	159.2301
6522.180	37907.6470	158.5549
6525.110	37890.8517	152.4168
6528.040	37878.4133	149.9451
6530.970	37753.7189	147.5063
6533.900	37591.8068	140.9425
6536.830	37471.2691	141.8055
6539.760	37263.7625	146.0161
6542.690	36947.0400	165.8402
6545.620	36458.7455	164.3103
6548.550	35834.0945	170.8416
6551.480	34977.4160	194.1938
6554.410	33861.1871	205.8498
6557.340	32199.0087	194.4258
6560.270	30487.1328	214.2752
6563.200	29619.5141	225.8750
6566.130	30517.7258	165.9970
6569.060	32153.4558	177.1677
6571.990	33512.7351	122.4243
6574.920	34309.9139	120.7014
6577.850	34776.5690	125.2278
6580.780	35215.7564	125.8952
6583.710	35695.2945	123.4673
6586.640	36094.6703	130.6675
6589.570	36320.8320	150.4716
6592.500	36420.0808	158.9586
6595.430	36480.7009	138.8996
6598.360	36453.3764	138.0832
6601.290	36434.6085	140.2578
6604.220	36448.8846	131.5726
6607.150	36486.2807	134.7214
6610.080	36369.8797	137.2461
6613.010	36267.3584	137.3976
6615.940	36292.6528	139.4383
6618.870	36237.7389	132.6039
6621.800	36210.5669	134.6748
6624.730	36142.7858	140.3545
6627.660	36067.6321	136.7201
6630.590	36024.6715	142.2809
6633.520	35944.8223	145.5939
6636.450	35883.5261	141.1627
6639.380	35816.5983	141.8177
6642.310	35743.2437	143.5541
6645.240	35625.0924	147.8129
6648.170	35573.9200	136.1042
6651.100	35554.0093	131.6623
6654.030	35495.0921	137.4755
6656.960	35474.5076	132.3151
6659.890	35366.6994	134.8375
6662.820	35277.7985	142.1283
6665.750	35158.1252	152.4225
6668.680	35059.9835	132.2638
6671.610	34875.2076	136.2385
6674.540	34452.0414	199.3029
6677.470	34008.0224	217.7001
6680.400	34000.4725	169.1611
6683.330	34357.3261	137.9844
6686.260	34705.2896	130.7701
6689.190	34826.7539	123.6240
6692.120	34798.2214	124.1515
6695.050	34751.0638	134.5685
6697.980	34666.0397	140.1085
6700.910	34642.8632	135.5914
6703.840	34594.5685	136.9975
6706.770	34546.7120	133.0849
6709.700	34472.8798	143.3407
6712.630	34451.4231	132.4742
6715.560	34387.0310	131.5380
6718.490	34288.4970	134.8910
6721.420	34214.3677	149.0820
6724.350	34170.0030	143.5534
6727.280	34113.0841	141.4675
6730.210	34040.9940	141.5903
6733.140	33985.3712	137.6718
6736.070	33958.4120	130.9563
6739.000	34000.7940	123.7350
6741.930	33993.4812	125.8008
6744.860	33949.8656	134.1668
6747.790	33866.0351	138.6965
6750.720	33855.0050	136.5507
6753.650	33759.4454	136.0833
6756.580	33640.3025	123.3562
6759.510	33606.2221	120.9008
6762.440	33555.1630	122.1653
6765.370	33492.8595	129.7766
6768.300	33459.1744	127.5292
6771.230	33391.6016	127.0129
6774.160	33259.3137	134.5810
6777.090	33202.2104	128.6588
6780.020	33185.9255	126.0626
6782.950	33159.8956	121.6904
6785.880	33073.3997	115.7134
6788.810	33010.5447	124.0853
6791.740	32948.0459	126.4738
6794.670	32951.6371	123.8624
6797.600	32932.2624	122.0872
6800.530	32891.9343	122.7193
6803.460	32838.1615	115.4032
6806.390	32810.1348	122.1301
6809.320	32788.3324	122.7894
6812.250	32807.2024	111.3907
6815.180	32749.7979	115.2636
6818.110	32637.6964	117.7003
6821.040	32533.0018	117.2228
6823.970	32492.8051	127.4917
6826.900	32494.0567	129.4187
6829.830	32425.3500	131.6967
6832.760	32380.0634	128.0740
6835.690	32368.2814	125.1151
6838.620	32321.5783	125.8237
6841.550	32276.0669	117.7330
6844.480	32148.6252	120.3490
6847.410	32047.0342	123.2559
6850.340	32003.1770	126.6334
6853.270	31980.6912	131.0046
6856.200	31894.4350	131.9002
6859.130	31810.9982	135.7516
6862.060	31818.2065	127.1335
6864.990	31740.3304	128.6024
6867.920	31673.2439	128.5930
6870.850	31652.2872	120.9015
6873.780	31632.2358	116.8796
6876.710	31644.2380	112.1600
6879.640	31592.5356	121.7854
6882.570	31482.4492	132.6101
6885.500	31427.6066	144.5776
6888.430	31419.7441	131.9904
6891.360	31417.4363	124.1693
6894.290	31382.9739	120.9522
6897.220	31343.5494	116.8988
6900.150	31339.2137	110.1818
6903.080	31247.1466	114.3578
6906.010	31190.4489	114.6186
6908.940	31147.8632	118.7302
6911.870	31097.6394	123.1557
6914.800	31062.6164	119.9376
6917.730	30967.0051	115.8750
6920.660	30899.5081	119.4262
6923.590	30855.3808	114.2197
6926.520	30787.3766	112.4336
6929.450	30686.2596	112.5158
6932.380	30661.2493	112.0619
6935.310	30673.0877	107.6152
6938.240	30641.9485	111.4498
6941.170	30630.0639	112.4798
6944.100	30625.7103	112.9918
6947.030	30545.5457	117.0370
6949.960	30445.3147	117.5087
6952.890	30370.7400	114.0460
6955.820	30305.3706	112.8637
6958.750	30245.9478	109.8101
6961.680	30254.2484	113.6002
6964.610	30207.7909	118.1407
6967.540	30150.3909	115.8896
6970.470	30134.2581	116.8425
6973.400	30156.2921	113.7861
6976.330	30143.3062	115.3636
6979.260	30093.8614	118.0795
6982.190	30009.4327	112.6784
6985.120	29922.7807	113.7286
6988.050	29835.6563	115.2610
6990.980	29786.2278	120.8964
6993.910	29719.8018	119.6498
6996.840	29699.8626	115.8289
6999.770	29675.7027	116.4965
7002.700	29625.2666	119.6060
7005.630	29548.7787	119.3747
7008.560	29472.2610	118.2588
7011.490	29440.0292	114.5559
7014.420	29456.1927	107.5090
7017.350	29393.7726	106.3688
7020.280	29351.6162	110.3982
7023.210	29329.8521	114.3738
7026.140	29271.9858	114.9105
7029.070	29203.2775	110.6203
7032.000	29167.0137	104.5510
7034.930	29118.0677	101.4633
7037.860	29117.2316	100.7758
7040.790	29092.4346	102.8641
7043.720	29012.5556	109.5033
7046.650	28980.0279	108.6750
7049.580	28953.3717	104.3049
7052.510	28918.9137	104.2637
7055.440	28852.0693	110.4241
7058.370	28767.1918	121.8188
7061.300	28493.3507	135.4755
7064.230	28209.9969	157.1843
7067.160	28113.1560	133.7039
7070.090	28244.3967	105.2618
7073.020	28395.5291	106.9044
7075.950	28492.7422	109.2711
7078.880	28500.8965	107.0735
7081.810	28444.9688	102.3005
7084.740	28354.6298	104.1410
7087.670	28353.6380	102.6148
7090.600	28313.3433	102.3669
7093.530	28266.2617	105.7738
7096.460	28185.8216	101.7756
7099.390	28176.4391	100.0858
7102.320	28177.3536	107.1060
7105.250	28149.8855	113.2107
7108.180	28069.9964	112.4933
7111.110	27997.0652	109.9144
7114.040	27993.2056	104.5119
7116.970	27965.6578	105.9404
7119.900	27941.6508	111.3433
7122.830	27916.7731	112.5296
7125.760	27902.0134	107.1840
7128.690	27886.2365	104.9369
7131.620	27833.3708	101.8084
7134.550	27751.0584	104.7937
7137.480	27709.8561	102.3084
7140.410	27694.0187	101.6150
7143.340	27747.4658	113.2849
7146.270	27696.3792	106.2357
7149.200	27561.2531	110.1291
7152.130	27437.2082	111.1134
7155.060	27356.4374	105.4235
7157.990	27338.7623	105.6817
7160.920	27328.5043	107.3190
7163.850	27290.8486	115.1245
7166.780	27238.2096	114.2873
7169.710	27223.3587	123.7720
7172.640	27214.8699	127.6482
7175.570	27181.4460	119.0660
7178.500	27121.4686	113.9712
7181.430	27092.3152	112.8212
7184.360	27051.6186	107.2332
7187.290	26994.6706	106.6679
7190.220	26958.3091	105.3184
7193.150	26885.2808	101.1619
7196.080	26876.6163	103.2446
7199.010	26878.7486	110.3019
7201.940	26798.9063	107.9117
7204.870	26791.7849	102.2657
7207.800	26772.3490	99.8439
7210.730	26730.9109	98.9158
7213.660	26659.9328	100.9783
7216.590	26613.1833	100.2302
7219.520	26676.7373	105.8573
7222.450	26646.6282	128.0754
7225.380	26569.9015	123.4287
7228.310	26405.6700	105.2037
7231.240	26229.9461	102.6699
7234.170	26183.7593	100.0433
7237.100	26178.9865	100.2796
7240.030	26186.4965	103.2998
7242.960	26213.3577	107.9954
7245.890	26260.6213	112.1672
7248.820	26282.0679	108.6989
7251.750	26203.5085	110.3258
7254.680	26148.6703	105.5100
7257.610	26085.6899	103.1126
7260.540	26016.7612	98.3894
7263.470	25962.7625	102.3940
7266.400	25887.5492	101.9880
7269.330	25772.8824	109.5963
7272.260	25726.3111	108.4132
7275.190	25701.9530	106.4946
7278.120	25629.1699	111.7332
7281.050	25548.2895	118.5661
7283.980	25517.9409	106.1692
7286.910	25538.0818	108.0291
7289.840	25551.5542	112.1204
7292.770	25558.4567	107.3687
7295.700	25534.7284	110.0923
7298.630	25523.2271	106.9115
7301.560	25506.3681	106.5911
7304.490	25494.4356	104.9647
7307.420	25436.8213	103.0032
7310.350	25411.3872	101.4482
7313.280	25359.3013	102.8036
7316.210	25318.0687	105.0457
7319.140	25301.9584	97.8300
7322.070	25279.4132	98.3445
7325.000	25243.6418	104.2201
7327.930	25218.4923	104.2531
7330.860	25187.5383	101.2815
7333.790	25102.3505	109.0190
7336.720	25007.7817	113.7215
7339.650	25008.8379	105.9717
7342.580	25016.2549	100.3471
7345.510	25005.3940	96.5914
7348.440	24983.3690	97.1350
7351.370	24916.0498	104.5710
7354.300	24841.2068	108.8992
7357.230	24833.3449	99.2352
7360.160	24801.4785	100.6396
7363.090	24713.6273	100.8850
7366.020	24670.7054	101.8138
7368.950	24728.2792	99.1641
7371.880	24746.2417	100.4685
7374.810	24704.5308	96.8453
7377.740	24662.4718	102.0311
7380.670	24587.8637	100.3144
7383.600	24539.4208	103.0682
7386.530	24521.9953	102.0309
7389.460	24525.0137	97.3164
7392.390	24505.8467	97.3923
7395.320	24425.6184	96.9648
7398.250	24319.7273	96.2789
7401.180	24251.8015	94.1079
7404.110	24219.2452	98.0250
7407.040	24208.6879	100.7857
7409.970	24188.7214	104.9893
7412.900	24154.1191	107.9008
7415.830	24146.4782	101.6456
7418.760	24157.0612	96.8348
7421.690	24115.0128	100.1535
7424.620	24060.8186	98.9796
7427.550	24024.3659	96.0139
7430.480	23998.4919	98.7370
7433.410	23949.8631	94.5193
7436.340	23886.4109	97.6886
7439.270	23824.2252	100.9277
7442.200	23812.5625	93.5171
7445.130	23834.2039	96.7473
7448.060	23804.2149	99.2696
7450.990	23721.1800	100.3175
7453.920	23663.4501	105.4026
7456.850	23648.4129	98.7857
7459.780	23607.8242	101.0741
7462.710	23564.9298	101.7748
7465.640	23538.8153	104.0667
7468.570	23501.6307	102.5141
7471.500	23454.8780	101.3324
7474.430	23402.4408	107.6606
7477.360	23372.4829	105.2404
7480.290	23315.1619	104.4014
7483.220	23304.1874	97.2926
7486.150	23265.1659	96.2542
7489.080	23212.8797	95.5956
7492.010	23191.3583	99.4316
7494.940	23178.7320	102.8550
7497.870	23058.1186	103.1201
7500.800	23031.0834	102.7000
7503.730	23093.4326	98.0200
7506.660	23116.1071	99.6346
7509.590	23131.4347	98.0805
7512.520	23144.5571	99.3121
7515.450	23106.0190	92.3822
7518.380	23001.6043	94.3112
7521.310	22947.4389	98.8987
7524.240	22913.8303	103.3206
7527.170	22840.3410	99.0181
7530.100	22806.1916	99.7084
7533.030	22801.3750	99.2691
7535.960	22735.9671	91.7979
7538.890	22701.5548	95.3806
7541.820	22673.4055	101.5507
7544.750	22662.1931	97.3200
7547.680	22600.5637	89.9975
7550.610	22586.7739	94.5120
7553.540	22589.2058	91.0662
7556.470	22589.2059	91.1804
7559.400	22546.0269	92.6571
7562.330	22502.8051	94.4172
7565.260	22437.3337	106.4017
7568.190	22385.2613	109.3120
7571.120	22380.7021	96.8940
7574.050	22367.3210	92.4606
7576.980	22335.4564	88.9048
7579.910	22287.7143	96.3660
7582.840	22260.2507	101.0651
7585.770	22215.9849	108.3599
7588.700	22125.8548	107.8986
7591.630	22059.8624	118.3771
7594.560	21995.7330	120.2402
7597.490	22019.1175	118.0475
7600.420	21984.8783	107.8494
7603.350	22050.3771	102.4204
7606.280	22055.2923	94.4208
7609.210	21974.7075	89.8723
7612.140	21881.9145	81.9380
7615.070	21896.6172	87.8469
7618.000	21879.1451	86.7773
7620.930	21866.3017	96.5126
7623.860	21814.7098	106.0359
7626.790	21757.5719	101.4093
7629.720	21720.2167	98.8420
7632.650	21703.4705	91.0946
7635.580	21670.6479	83.7109
7638.510	21659.2191	84.7365
7641.440	21611.7235	96.9232
7644.370	21618.7294	90.3665
7647.300	21628.7072	88.2583
7650.230	21571.9893	97.1989
7653.160	21555.9847	93.9371
7656.090	21549.5512	96.9182
7659.020	21539.4901	101.5972
7661.950	21554.3823	98.6955
7664.880	21525.3458	94.4233
7667.810	21477.7397	86.4032
7670.740	21380.7744	84.6209
7673.670	21364.5131	87.5905
7676.600	21344.6035	92.9870
7679.530	21276.4269	94.3744
7682.460	21227.8700	92.4093
7685.390	21196.3001	97.4745
7688.320	21169.7397	92.9170
7691.250	21167.5383	93.4115
7694.180	21124.7217	89.7337
7697.110	21096.6249	88.0375
7700.040	21088.4811	89.5282
7702.970	21049.2603	88.9442
7705.900	20982.7618	86.5912
7708.830	20931.6877	83.5490
7711.760	20927.7400	89.6182
7714.690	20921.1874	89.1657
7717.620	20927.2383	84.6662
7720.550	20927.4060	94.0977
7723.480	20923.9463	95.4361
7726.410	20889.2328	91.5320
7729.340	20878.5407	94.8712
7732.270	20834.2400	95.0198
7735.200	20757.5584	87.8582
7738.130	20712.4584	88.7456
7741.060	20701.7429	84.0439
7743.990	20642.2600	87.9895
7746.920	20644.6328	84.2786
7749.850	20632.5222	81.4367
7752.780	20583.0394	82.4745
7755.710	20565.4764	87.9543
7758.640	20529.2365	82.2647
7761.570	20438.9605	85.3741
7764.500	20366.7346	84.4953
7767.430	20292.9463	80.1840
7770.360	20141.2949	86.3297
7773.290	20021.7768	88.2180
7776.220	20051.8441	84.5120
7779.150	20133.9643	84.5873
7782.080	20221.9962	81.6398
7785.010	20239.6257	85.6393
7787.940	20194.1034	84.1568
7790.870	20161.7213	79.8941
7793.800	20106.4798	78.2016
7796.730	20118.5319	80.3042
7799.660	20132.4741	80.4628
7802.590	20114.0185	86.3296
7805.520	20056.7829	93.7490
7808.450	19984.9482	87.3538
7811.380	19973.0908	84.4070
7814.310	19945.8594	80.2760
7817.240	19916.0373	84.3030
7820.170	19892.3696	82.5402
7823.100	19918.4704	84.5098
7826.030	19888.1308	82.2329
7828.960	19874.5190	85.8711
7831.890	19832.5608	90.1281
7834.820	19805.1850	87.5580
7837.750	19763.8712	81.6588
7840.680	19737.5652	80.1090
7843.610	19692.2058	79.1822
7846.540	19693.7655	83.4829
7849.470	19751.8042	90.9769
7852.400	19709.2215	84.9496
7855.330	19625.9283	87.0767
7858.260	19579.2345	81.5344
7861.190	19567.4776	81.5075
7864.120	19590.7852	85.9663
7867.050	19546.7963	85.6296
7869.980	19408.0232	87.9861
7872.910	19334.7478	84.1910
7875.840	19290.6774	85.5939
7878.770	19295.1069	82.9634
7881.700	19261.7890	81.3528
7884.630	19224.3828	83.7541
7887.560	19249.4257	84.3266
7890.490	19233.5085	79.9846
7893.420	19228.9922	76.1314
7896.350	19211.9106	79.7834
7899.280	19256.1534	88.0396
7902.210	19257.9481	88.1874
7905.140	19224.7134	89.0258
7908.070	19177.8393	87.5402
7911.000	19100.8385	89.4539
7913.930	19021.0192	86.9497
7916.860	18976.4242	85.2333
7919.790	18988.1463	82.4576
7922.720	18933.2337	88.4260
7925.650	18911.0081	82.1402
7928.580	18910.0798	76.7499
7931.510	18924.7940	81.1677
7934.440	18880.5209	82.4077
7937.370	18863.6032	78.8168
7940.300	18872.1680	76.4454
7943.230	18860.9074	76.2484
7946.160	18828.4043	73.6805
7949.090	18751.7101	74.3884
7952.020	18673.1770	79.8533
7954.950	18685.6947	77.9422
7957.880	18658.0008	80.9286
7960.810	18626.3917	82.6505
7963.740	18600.5324	87.6396
7966.670	18569.5732	81.7233
7969.600	18558.8970	79.2412
7972.530	18616.9865	87.3535
7975.460	18586.6170	79.4711
7978.390	18590.1201	82.6348
7981.320	18581.5038	81.7496
7984.250	18529.5846	79.7018
7987.180	18467.2116	82.7461
7990.110	18410.0769	83.7154
7993.040	18391.8715	79.3893
7995.970	18375.5946	78.8304
7998.900	18388.7685	79.9817
8001.830	18323.7179	77.2806
8004.760	18304.2609	71.3981
8007.690	18290.2338	66.5470
8010.620	18322.6731	68.9695
8013.550	18313.3706	74.8819
8016.480	18328.3838	75.4914
8019.410	18333.2620	77.9710
8022.340	18289.5075	78.8284
8025.270	18283.5200	78.5140
8028.200	18232.1512	82.9554
8031.130	18146.2912	76.2144
8034.060	18080.5188	76.9214
8036.990	18005.5444	76.0094
8039.920	17981.3854	75.9870
8042.850	17974.2293	73.0507
8045.780	17974.5056	75.7615
8048.710	17935.0991	76.7759
8051.640	17850.0969	77.1753
8054.570	17809.5829	85.2840
8057.500	17807.3592	77.6826
8060.430	17820.3071	72.6578
8063.360	17872.7465	74.9381
8066.290	17914.6933	68.4134
8069.220	17875.7532	77.0089
8072.150	17849.4305	76.2717
8075.080	17813.2746	73.8051
8078.010	17767.8349	78.1957
8080.940	17709.4332	82.9552
8083.870	17670.1308	77.6987
8086.800	17642.6151	76.1942
8089.730	17622.1343	75.2138
8092.660	17622.8097	75.2240
8095.590	17587.6868	73.5169
8098.520	17544.3096	72.5955
8101.450	17487.6294	75.5093
8104.380	17504.6816	75.9913
8107.310	17473.0842	78.9195
8110.240	17445.8176	73.8173
8113.170	17452.4433	77.1637
8116.100	17469.3539	80.7758
8119.030	17443.3216	80.0795
8121.960	17441.8506	77.5390
8124.890	17447.0890	73.4311
8127.820	17478.0581	72.1320
8130.750	17433.8754	74.5869
8133.680	17368.0095	69.6323
8136.610	17273.6939	73.4919
8139.540	17213.2886	72.8728
8142.470	17195.7683	78.4236
8145.400	17190.6156	69.1425
8148.330	17179.9544	69.8271
8151.260	17210.1081	71.4761
8154.190	17195.8859	72.2097
8157.120	17169.0443	76.3547
8160.050	17158.9644	77.9952
8162.980	17127.1692	78.2630
8165.910	17064.6011	82.0406
8168.840	17019.2212	90.4333
8171.770	16983.2807	85.5811
8174.700	16986.6952	81.1860
8177.630	16979.3475	79.0526
8180.560	16926.2187	83.8002
8183.490	16839.7691	85.9597
8186.420	16795.0799	78.6183
8189.350	16837.0117	81.8101
8192.280	16882.9546	74.9656
8195.210	16823.9151	77.8239
8198.140	16751.9998	67.2173
8201.070	16771.2673	65.7278
8204.000	16727.8301	70.4128
8206.930	16678.0803	71.1313
8209.860	16691.0814	66.3071
8212.790	16669.4179	66.0060
8215.720	16657.9153	62.5366
8218.650	16659.8623	68.8664
8221.580	16615.1084	77.9844
8224.510	16592.0059	81.0244
8227.440	16579.6877	90.8831
8230.370	16557.2512	105.5090
8233.300	16533.6484	92.7306
8236.230	16524.6363	81.0062
8239.160	16518.2236	74.4927
8242.090	16456.8898	62.6332
8245.020	16486.8164	66.1657
8247.950	16488.3529	67.1442
8250.880	16422.8292	65.2486
8253.810	16400.1322	70.7548
8256.740	16344.2667	76.9142
8259.670	16297.2588	70.4101
8262.600	16269.2113	67.6122
8265.530	16219.9958	69.2550
8268.460	16216.0099	70.7696
8271.390	16237.7469	66.2811
8274.320	16278.4764	65.4747
8277.250	16265.0082	65.6412
8280.180	16218.4303	66.6781
8283.110	16193.8258	62.7348
8286.040	16205.3178	66.5678
8288.970	16201.1560	68.9584
8291.900	16156.2953	72.2338
8294.830	16062.0713	71.4400
8297.760	15978.0468	72.4911
8300.690	15945.4160	63.1927
8303.620	16039.8943	62.1003
8306.550	16038.5736	65.4795
8309.480	16020.2457	70.9187
8312.410	15996.6227	69.1538
8315.340	15960.9722	72.8755
8318.270	15949.4746	70.9357
8321.200	15962.2095	71.3893
8324.130	15949.8380	67.8659
8327.060	15927.5886	76.2569
8329.990	15876.1571	77.0944
8332.920	15851.8388	74.8851
8335.850	15821.3509	75.7134
8338.780	15747.3186	73.4586
8341.710	15650.3555	75.8762
8344.640	15593.1977	69.7119
8347.570	15658.6745	62.0441
8350.500	15640.7509	68.2037
8353.430	15568.6340	71.3278
8356.360	15590.8038	63.7808
8359.290	15586.8827	64.7476
8362.220	15530.1782	71.7207
8365.150	15505.9167	72.2853
8368.080	15505.2983	64.4952
8371.010	15581.5247	61.3678
8373.940	15552.3785	61.0461
8376.870	15530.1016	67.8412
8379.800	15499.9062	74.0776
8382.730	15515.1211	76.9169
8385.660	15586.6004	68.0143
8388.590	15535.9724	64.5824
8391.520	15453.7108	62.9687
8394.450	15407.5122	66.1676
8397.380	15369.0718	69.5684
8400.310	15371.3373	66.1986
8403.240	15395.8439	58.2690
8406.170	15351.3859	56.2194
8409.100	15320.6544	61.4701
8412.030	15270.8018	69.4091
8414.960	15216.8696	73.2084
8417.890	15269.5894	61.8904
8420.820	15353.0381	57.4351
8423.750	15311.9707	58.9288
8426.680	15206.3751	66.8109
8429.610	15116.5667	78.7392
8432.540	15160.7864	67.8688
8435.470	15171.5405	68.9557
8438.400	15076.6993	67.0265
8441.330	15013.6545	62.6275
8444.260	14949.2487	60.0786
8447.190	14916.9133	64.3312
8450.120	14971.7387	78.8805
8453.050	15022.3569	65.3448
8455.980	15017.1743	61.4323
8458.910	14949.1853	71.9786
8461.840	14867.1558	72.0521
8464.770	14859.1754	72.0606
8467.700	14892.7637	68.6768
8470.630	14938.5439	65.2869
8473.560	14919.2123	64.3558
8476.490	14969.7858	66.5608
8479.420	15027.8483	67.4473
8482.350	15033.5642	65.9708
8485.280	15013.5061	74.6363
8488.210	14967.3566	72.6699
8491.140	14883.3903	71.7133
8494.070	14911.3723	85.4938
8497.000	14839.8746	110.6002
8499.930	14580.2630	85.8172
8502.860	14375.6150	68.8507
8505.790	14418.4526	73.7067
8508.720	14538.6741	70.8186
8511.650	14673.5791	66.1247
8514.580	14733.0244	69.7290
8517.510	14749.7635	66.1862
8520.440	14771.0671	67.7999
8523.370	14762.2733	66.4610
8526.300	14727.6441	69.4435
8529.230	14654.1858	78.6477
8532.160	14583.4670	71.3214
8535.090	14540.0031	68.7018
8538.020	14579.9936	124.2840
8540.950	14493.3066	150.0331
8543.880	14228.0322	110.2565
8546.810	13997.1347	70.5682
8549.740	14079.7458	78.5095
8552.670	14207.5760	71.5391
8555.600	14382.7999	61.2025
8558.530	14547.5530	59.9624
8561.460	14689.7713	61.9971
8564.390	14789.4876	62.7711
8567.320	14837.3139	65.0206
8570.250	14807.1064	66.5930
8573.180	14753.4224	68.9968
8576.110	14660.0880	67.3902
8579.040	14581.7576	68.0301
8581.970	14439.4646	73.5726
8584.900	14229.6792	70.0906
8587.830	14022.1411	66.9142
8590.760	13796.2959	59.3817
8593.690	13567.9080	59.3796
8596.620	13377.7815	56.9174
8599.550	13329.2352	61.3416
8602.480	13494.2434	58.6370
8605.410	13765.1649	54.1887
8608.340	14011.0949	53.1275
8611.270	14208.9221	53.9235
8614.200	14386.1081	61.3934
8617.130	14495.5225	57.7052
8620.060	14512.7387	66.8604
8622.990	14543.6682	81.5622
8625.920	14559.8595	72.6766
8628.850	14596.5886	65.8656
8631.780	14562.8495	64.7755
8634.710	14471.0175	71.3996
8637.640	14418.3595	75.7537
8640.570	14388.4075	72.4905
8643.500	14292.3322	67.8928
8646.430	14140.5575	65.0019
8649.360	13872.0136	64.8395
8652.290	13604.4440	64.6286
8655.220	13445.2092	54.4200
8658.150	13291.6995	105.0913
8661.080	13117.7600	122.8380
8664.010	12811.5212	94.2693
8666.940	12678.2430	66.3490
8669.870	12849.5695	64.0005
8672.800	13142.6520	61.6557
8675.730	13409.7579	62.9831
8678.660	13620.9648	62.7462
8681.590	13815.0670	62.8951
8684.520	14042.0207	62.7312
8687.450	14194.6864	63.5108
8690.380	14258.8348	62.6173
8693.310	14336.3807	61.7281
8696.240	14381.7471	60.1485
8699.170	14372.4547	62.5734
8702.100	14376.2203	62.5582
8705.030	14380.0183	63.7206
8707.960	14384.7274	63.5721
8710.890	14389.0353	64.0460
8713.820	14334.9450	61.5219
8716.750	14253.9696	57.2055
8719.680	14136.9236	58.3812
8722.610	14012.9570	61.3345
8725.540	13970.0703	56.2382
8728.470	13904.5349	52.4594
8731.400	13795.1282	51.7226
8734.330	13589.6488	54.4783
8737.260	13302.0889	56.7858
8740.190	12989.3105	52.7745
8743.120	12598.4645	53.7084
8746.050	12202.9845	50.8610
8748.980	11921.6429	49.2664
8751.910	11873.8886	51.8808
8754.840	12137.9675	50.8991
8757.770	12532.8773	51.7215
8760.700	12882.1022	56.3648
8763.630	13173.7446	58.3699
8766.560	13382.7368	63.5709
8769.490	13521.6499	65.6040
8772.420	13620.4229	65.9366
8775.350	13619.0682	64.7175
8778.280	13640.1661	61.4989
8781.210	13689.8781	64.3244
8784.140	13739.3511	65.7823
8787.070	13788.8634	67.3895
8790.000	13841.9568	59.8281
8792.930	13885.9384	58.0665
8795.860	13912.3700	56.0194
8798.790	13905.5820	57.8212
8801.720	13943.4166	63.6751
8804.650	13996.5243	74.0950
8807.580	14006.3560	66.5591
8810.510	13909.6457	67.4780
8813.440	13848.4222	68.9878
8816.370	13779.7604	67.9162
8819.300	13721.0462	64.5067
8822.230	13706.6270	64.5337
8825.160	13617.8753	68.2125
8828.090	13613.4372	60.2194
8831.020	13591.5267	58.6034
8833.950	13446.9804	58.6590
8836.880	13388.5355	56.0492
8839.810	13343.1858	51.1337
8842.740	13227.1923	53.6968
8845.670	13009.4892	58.4991
8848.600	12740.5165	67.4378
8851.530	12425.6009	65.2234
8854.460	12025.6922	58.2291
8857.390	11532.3706	53.0790
8860.320	11127.1690	44.5226
8863.250	10948.4441	47.9359
8866.180	11133.2051	54.2236
8869.110	11596.5882	55.8662
8872.040	12058.2904	52.7599
8874.970	12394.3925	53.5428
8877.900	12681.9586	50.3017
8880.830	12873.1144	52.0483
8883.760	12933.8056	57.6921
8886.690	13018.9557	54.0059
8889.620	13141.9728	47.3386
8892.550	13213.6782	55.4887
8895.480	13257.3770	64.2285
8898.410	13281.5141	66.2094
8901.340	13283.0918	64.0003
8904.270	13311.8135	59.2480
8907.200	13295.4989	57.9136
8910.130	13323.0692	53.5064
8913.060	13362.1424	58.6544
8915.990	13327.6839	59.4104
8918.920	13357.6192	58.6393
8921.850	13413.7017	64.1776
8924.780	13431.4962	69.2159
8927.710	13354.3285	63.5031
8930.640	13229.0432	56.0386
8933.570	13155.5337	54.2312
8936.500	13123.5254	57.2170
8939.430	13124.3833	63.7760
8942.360	13174.5694	61.8615
8945.290	13222.7481	59.1704
8948.220	13218.5867	58.9754
8951.150	13234.1959	57.8280
8954.080	13179.4824	61.0950
8957.010	13113.0813	59.7291
8959.940	13111.7677	50.6598
8962.870	13117.1025	51.4034
8965.800	13137.6857	58.6154
8968.730	13095.0509	61.2850
8971.660	12976.3534	65.5798
8974.590	12875.3864	64.3644
8977.520	12784.6034	60.8522
8980.450	12744.4285	56.6164
8983.380	12668.2511	54.2101
8986.310	12598.7426	56.9724
8989.240	12588.9387	60.9457
8992.170	12552.1235	58.3502
8995.100	12408.4589	61.8521
8998.030	12165.0622	62.4398
9000.960	11843.2000	57.2575
9003.890	11515.0553	51.6159
9006.820	11106.2202	51.1619
9009.750	10656.6989	51.5365
9012.680	10291.5404	56.0203
9015.610	10219.0411	55.1262
9018.540	10504.5927	50.3515
9021.470	10919.1696	52.9959
9024.400	11295.1791	57.8961
9027.330	11602.9067	61.0364
9030.260	11813.4433	52.8494
9033.190	12005.3831	45.6803
9036.120	12160.8990	47.6807
9039.050	12259.6965	46.6794
9041.980	12351.0712	55.1006
9044.910	12414.0408	58.5831
9047.840	12447.6033	66.1762
9050.770	12417.0937	62.2545
9053.700	12418.3135	55.6249
9056.630	12455.7548	48.4358
9059.560	12412.3795	53.7274
9062.490	12402.0812	55.7576
9065.420	12407.8346	59.4973
9068.350	12455.3142	62.8469
9071.280	12590.6641	62.0391
9074.210	12736.3062	59.7331
9077.140	12730.4962	58.6750
9080.070	12616.9279	63.2823
9083.000	12567.8168	57.5571
9085.930	12524.5977	56.2510
9088.860	12530.6435	58.9266
9091.790	12503.1051	63.3254
9094.720	12452.6043	55.8370
9097.650	12415.3477	55.2385
9100.580	12334.7338	60.7653
9103.510	12330.6335	63.0831
9106.440	12383.5363	59.0456
9109.370	12467.8610	62.6594
9112.300	12484.8912	63.8177
9115.230	12452.6322	66.9568
9118.160	12371.9101	66.3934
9121.090	12248.3088	57.9500
9124.020	12195.0186	53.4778
9126.950	12181.5238	54.2413
9129.880	12213.4877	60.8614
9132.810	12261.4256	65.6112
9135.740	12268.1740	59.3236
9138.670	12278.7158	61.6441
9141.600	12295.4312	59.1381
9144.530	12248.2941	57.6335
9147.460	12167.4848	55.2561
9150.390	12130.0939	55.8877
9153.320	12158.6332	61.6407
9156.250	12251.1579	59.7314
9159.180	12239.8011	61.4480
9162.110	12177.1992	58.9680
9165.040	12068.9826	59.4738
9167.970	11993.3233	59.5115
9170.900	11913.3422	56.2653
9173.830	11895.8566	60.6642
9176.760	11993.5033	60.1892
9179.690	12023.6085	59.5703
9182.620	12004.9822	60.1908
9185.550	12027.3744	52.8236
9188.480	12007.7443	53.3557
9191.410	11949.0986	54.2705
9194.340	11837.3584	52.3292
9197.270	11715.6127	57.2245
9200.200	11672.5608	56.1128
9203.130	11637.2774	60.2552
9206.060	11527.8896	57.4083
9208.990	11378.0028	54.6534
9211.920	11145.7959	52.7958
9214.850	10864.9453	52.6651
9217.780	10531.9484	53.6007
9220.710	10169.2693	49.5880
9223.640	9756.3038	45.2843
9226.570	9362.9653	47.0804
9229.500	9240.0617	46.3275
9232.430	9458.4406	48.8093
9235.360	9833.5696	46.6376
9238.290	10207.5382	44.8568
9241.220	10518.5436	48.0591
9244.150	10778.0289	52.5775
9247.080	10970.7805	58.9191
9250.010	11135.1259	60.7366
9252.940	11282.4031	56.2217
9255.870	11363.4086	53.8397
9258.800	11310.7137	55.0063
9261.730	11232.3552	56.1219
9264.660	11230.1548	57.6718
9267.590	11305.1685	56.6606
9270.520	11401.7591	60.4168
9273.450	11438.2635	62.5324
9276.380	11443.3275	64.1171
9279.310	11429.3947	66.1443
9282.240	11398.4067	57.6373
9285.170	11420.8530	52.9274
9288.100	11452.6927	54.7459
9291.030	11484.2620	50.4947
9293.960	11565.7273	49.3137
9296.890	11627.6416	53.4793
9299.820	11639.6043	57.4759
9302.750	11592.1077	64.2163
9305.680	11467.2904	54.6541
9308.610	11356.1563	55.3066
9311.540	11254.6190	56.0669
9314.470	11144.0950	62.4166
9317.400	11157.5146	57.6469
9320.330	11199.9107	62.2725
9323.260	11250.4218	69.0865
9326.190	11303.7039	62.5546
9329.120	11363.1614	57.5436
9332.050	11342.7381	61.9099
9334.980	11252.4402	70.1912
9337.910	11179.8143	77.1928
9340.840	11162.1478	73.9708
9343.770	11181.9398	71.0417
9346.700	11169.3651	66.2393
9349.630	11096.1028	62.1415
9352.560	11055.0489	67.5765
9355.490	11109.0662	65.2925
9358.420	11161.6255	57.4214
9361.350	11168.0769	58.6076
9364.280	11163.1338	59.4955
9367.210	11124.2122	61.5556
9370.140	11077.1639	58.4234
9373.070	11027.8903	56.9369
9376.000	11022.7722	57.5521
9378.930	11065.7445	62.5252
9381.860	11088.1961	61.8063
9384.790	11134.4128	51.0846
9387.720	11137.4978	50.6483
9390.650	11096.0924	55.0836
9393.580	11027.9102	62.8824
9396.510	10991.2600	58.1946
9399.440	10962.0998	57.0330
9402.370	11029.1615	56.3407
9405.300	11140.8235	63.6264
9408.230	11167.7877	65.5522
9411.160	11127.3657	77.8845
9414.090	11039.5320	72.5805
9417.020	10901.0509	59.4073
9419.950	10798.4389	60.2775
9422.880	10810.8152	59.9976
9425.810	10844.4021	57.9669
9428.740	10943.5370	56.7888
9431.670	10993.8855	53.0077
9434.600	10970.2688	52.4728
9437.530	10894.5167	63.2599
9440.460	10823.7320	68.9804
9443.390	10798.0711	61.8857
9446.320	10811.4505	55.8240
9449.250	10798.3447	53.8111
9452.180	10766.4877	57.7011
9455.110	10693.9544	57.5552
9458.040	10629.3207	52.4040
9460.970	10615.4104	50.5247
9463.900	10634.5796	47.1099
9466.830	10647.0072	46.4733
9469.760	10654.1161	49.9562
9472.690	10649.1290	54.6684
9475.620	10639.6996	57.7969
9478.550	10599.2631	59.5445
9481.480	10561.8150	56.8987
9484.410	10598.2495	53.0796
9487.340	10524.0372	58.0913
9490.270	10469.1649	55.6884
9493.200	10456.8455	51.9137
9496.130	10480.9982	57.6724
9499.060	10462.2709	60.9362
9501.990	10465.6571	55.3389
9504.920	10489.6424	53.8538
9507.850	10523.3394	53.4825
9510.780	10468.3030	60.6772
9513.710	10314.9658	64.2998
9516.640	10141.7894	67.3421
9519.570	9980.1758	58.9577
9522.500	9908.2347	47.1560
9525.430	9847.2232	44.6980
9528.360	9778.4683	46.8976
9531.290	9611.7396	46.7417
9534.220	9416.3467	48.1024
9537.150	9142.1254	51.1556
9540.080	8776.0789	51.4398
9543.010	8396.7507	51.8013
9545.940	8162.6600	49.7926
9548.870	8263.2665	49.7368
9551.800	8567.0732	52.1414
9554.730	8973.8701	50.8781
9557.660	9340.5423	55.4014
9560.590	9595.3501	55.5926
9563.520	9763.2595	59.8571
9566.450	9917.2285	68.5895
9569.380	10021.9984	62.8806
9572.310	10105.8088	56.7486
9575.240	10073.7037	52.3204
9578.170	10022.1479	55.5046
9581.100	10017.6535	55.3120
9584.030	10083.3935	60.0721
9586.960	10150.8826	71.1372
9589.890	10189.3168	72.4363
9592.820	10242.5862	68.2085
9595.750	10222.5331	66.7539
9598.680	10160.5340	63.1401
9601.610	10144.4066	67.6362
9604.540	10105.7032	74.6287
9607.470	10178.9315	82.0668
9610.400	10266.0713	88.3444
9613.330	10259.7128	87.0535
9616.260	10160.3415	77.4996
9619.190	10141.4760	93.8701
9622.120	10136.2325	97.4852
9625.050	10075.7250	97.9029
9627.980	10071.4456	89.4560
9630.910	10036.4873	83.7533
9633.840	10062.8822	86.8220
9636.770	10088.0368	92.0849
9639.700	10113.9203	88.2563
9642.630	10102.3009	92.6969
9645.560	10096.4701	98.2924
9648.490	10088.1145	94.7074
9651.420	10099.5765	98.1585
9654.350	10065.5609	95.3032
9657.280	10068.0071	94.2107
9660.210	10023.8400	106.5160
9663.140	10006.7923	105.2186
9666.070	9985.0476	104.2836
9669.000	10022.1232	101.8296
9671.930	10042.8410	109.4450
9674.860	10057.5511	109.1067
9677.790	10071.4991	113.5650
9680.720	10000.9087	109.5867
9683.650	10010.1141	117.2167
9686.580	9973.3874	115.2845
9689.510	9914.4407	115.8822
9692.440	9920.2663	116.4327
9695.370	9992.7350	118.3958
9698.300	10024.4397	115.5450
9701.230	10020.7305	121.3547
