3298.680	63031.7124	407.9658
3301.060	62984.2969	473.0552
3303.440	62690.2783	438.1913
3305.820	62854.4322	376.5639
3308.200	62825.6083	380.3268
3310.580	62277.4142	410.1744
3312.960	62138.7296	383.3092
3315.340	62086.3405	381.4713
3317.720	62168.9490	406.2580
3320.100	61784.1881	465.8375
3322.480	61361.4173	383.5230
3324.860	61448.6220	356.3441
3327.240	61625.3814	368.2174
3329.620	61708.0373	359.2400
3332.000	61404.9546	401.0864
3334.380	61024.1238	371.0289
3336.760	60850.8460	353.6226
3339.140	60659.4715	345.0427
3341.520	60656.6799	340.9705
3343.900	60709.8707	348.0461
3346.280	60695.6473	315.7531
3348.660	60369.0830	353.1091
3351.040	60524.6872	335.0600
3353.420	60580.7288	364.3566
3355.800	60114.8719	426.6562
3358.180	59574.2683	378.6406
3360.560	60399.1363	409.6192
3362.940	60519.7321	348.0014
3365.320	60196.9809	367.4050
3367.700	60082.5041	347.3359
3370.080	60177.7369	359.1703
3372.460	60532.7433	360.4033
3374.840	60648.7608	363.0998
3377.220	59587.2358	420.9913
3379.600	59317.1990	289.2600
3381.980	59414.8175	290.1785
3384.360	59751.9845	307.4903
3386.740	59807.7146	370.3459
3389.120	59827.8773	331.4318
3391.500	59494.0705	309.5815
3393.880	59699.2705	359.5529
3396.260	59969.4740	309.2920
3398.640	59757.0423	379.4404
3401.020	59298.1929	395.9586
3403.400	59084.7830	321.9859
3405.780	59269.9926	291.4443
3408.160	59334.3910	278.9608
3410.540	59745.7183	298.0570
3412.920	59711.6830	334.1333
3415.300	59643.3327	307.9228
3417.680	59191.3649	340.1683
3420.060	58668.4437	366.2528
3422.440	58665.6889	321.5445
3424.820	59180.5838	276.8910
3427.200	59443.9926	274.1980
3429.580	59256.7569	343.3968
3431.960	58731.0943	368.1736
3434.340	58526.6464	360.6473
3436.720	58445.0533	367.6288
3439.100	58337.3404	335.6451
3441.480	58303.1586	347.4867
3443.860	58285.6015	332.2087
3446.240	58744.9106	285.9854
3448.620	58640.8474	367.6309
3451.000	58512.6297	350.5780
3453.380	58282.1900	335.4942
3455.760	58204.1095	313.2721
3458.140	58146.5462	272.6976
3460.520	58036.8623	290.4928
3462.900	58183.6294	288.8412
3465.280	57947.9388	377.6319
3467.660	57913.9179	344.4394
3470.040	57566.5366	362.6490
3472.420	57492.9049	310.5326
3474.800	57523.9407	296.2942
3477.180	57534.0907	340.0183
3479.560	57498.5819	392.4750
3481.940	57282.0319	346.8177
3484.320	57194.2248	308.6535
3486.700	57066.5844	324.0402
3489.080	57348.2004	293.1930
3491.460	57080.2280	304.3620
3493.840	56526.5469	271.0826
3496.220	56583.5615	281.5540
3498.600	57035.7322	267.7957
3500.980	57006.1602	331.7437
3503.360	56754.9477	348.8729
3505.740	56868.1599	326.3500
3508.120	56870.1685	288.5654
3510.500	56874.1416	281.6859
3512.880	56820.1473	280.8792
3515.260	56658.9835	278.9258
3517.640	56832.2683	241.5656
3520.020	56659.4510	252.2849
3522.400	56831.6817	278.9844
3524.780	57129.6651	371.9212
3527.160	56898.4063	262.4287
3529.540	56827.2216	252.6353
3531.920	56790.7866	266.9552
3534.300	56665.8044	250.3314
3536.680	56647.5406	250.9588
3539.060	56710.4403	258.0613
3541.440	56705.3656	281.8047
3543.820	56642.7936	291.8211
3546.200	56474.1022	323.7626
3548.580	56569.3960	291.3947
3550.960	56623.1564	306.5052
3553.340	56451.2348	310.8606
3555.720	55975.5837	318.6952
3558.100	55761.7036	324.7415
3560.480	55900.1104	306.3003
3562.860	55969.7956	264.5527
3565.240	55752.7576	267.0715
3567.620	55545.7285	241.9043
3570.000	55245.0008	311.8077
3572.380	55303.7443	263.9855
3574.760	55361.4570	266.6317
3577.140	55267.8447	277.3702
3579.520	55536.6502	292.5903
3581.900	55326.1402	287.7154
3584.280	55071.3122	289.6096
3586.660	54956.9100	279.1649
3589.040	55222.1926	265.7424
3591.420	55271.2765	283.4951
3593.800	54909.1159	346.5659
3596.180	54776.8379	368.0114
3598.560	55005.5285	329.9529
3600.940	55118.9592	267.7309
3603.320	54730.5807	255.3049
3605.700	54881.1555	269.2327
3608.080	54701.0014	244.7367
3610.460	54550.6748	289.3904
3612.840	54155.7948	349.6687
3615.220	54198.9355	316.5890
3617.600	54697.7133	240.8352
3619.980	54587.7110	291.7374
3622.360	54517.7680	278.3365
3624.740	54201.3311	362.0846
3627.120	54195.7511	343.8488
3629.500	54233.7729	298.1018
3631.880	54478.1814	323.8831
3634.260	54544.2444	301.7589
3636.640	54351.4360	293.5818
3639.020	54202.3577	267.7642
3641.400	54393.3235	260.8409
3643.780	54283.7045	267.1183
3646.160	54172.3511	250.6731
3648.540	54052.0159	264.5399
3650.920	53903.3810	224.3803
3653.300	53969.1987	275.5986
3655.680	53896.2338	277.1633
3658.060	53671.4303	263.6280
3660.440	53680.7526	228.5924
3662.820	53605.9116	222.7032
3665.200	53589.7355	226.8130
3667.580	53632.3821	230.8959
3669.960	53505.6006	259.5729
3672.340	53293.0767	308.0404
3674.720	53211.7321	277.9220
3677.100	53080.0064	253.3221
3679.480	53213.0454	234.6358
3681.860	53221.0133	244.1931
3684.240	53048.5993	250.7328
3686.620	53174.7711	264.5806
3689.000	53334.0653	262.5516
3691.380	53664.4261	265.6627
3693.760	53581.1203	272.6188
3696.140	53629.0463	267.3107
3698.520	53916.3804	260.1918
3700.900	53806.5823	351.8687
3703.280	53554.4705	292.5094
3705.660	54766.6992	269.1487
3708.040	55497.6251	242.7187
3710.420	53581.7518	257.2118
3712.800	53872.9966	292.0701
3715.180	58178.4390	342.7161
3717.560	59615.8893	285.3894
3719.940	55801.9918	322.3810
3722.320	54087.3273	247.7885
3724.700	59901.0676	306.5340
3727.080	66922.5737	381.3268
3729.460	66538.2197	362.4830
3731.840	58465.3953	357.5669
3734.220	52964.8872	297.2234
3736.600	58508.5767	285.6068
3738.980	69841.5280	458.9275
3741.360	78143.8924	476.1745
3743.740	77072.8286	341.3496
3746.120	66619.8654	355.8475
3748.500	54834.3664	291.4609
3750.880	53085.4711	297.0131
3753.260	63434.8993	527.8475
3755.640	77437.7805	470.7595
3758.020	88513.0571	371.5683
3760.400	92451.7001	396.3190
3762.780	88505.8906	429.8788
3765.160	77495.4849	402.7608
3767.540	62857.0041	330.0180
3769.920	52657.0800	261.0313
3772.300	56125.6559	290.6342
3774.680	71100.3616	350.1510
3777.060	87927.8386	387.9621
3779.440	101397.6556	418.1405
3781.820	109313.9668	467.8754
3784.200	111910.5606	479.9275
3786.580	109526.9052	568.2444
3788.960	102177.1666	457.7093
3791.340	88695.5353	445.3603
3793.720	71461.5610	398.8329
3796.100	56405.3985	316.6038
3798.480	52457.7564	263.3474
3800.860	63035.0642	328.1480
3803.240	80057.5902	387.3429
3805.620	96390.0240	496.2760
3808.000	108999.5024	471.8079
3810.380	116948.9405	558.9797
3812.760	121221.1265	575.5818
3815.140	123412.8339	747.7889
3817.520	123339.4817	739.0460
3819.900	120683.9751	732.4665
3822.280	116435.3791	595.3401
3824.660	108951.4184	481.9975
3827.040	97909.0235	448.3028
3829.420	82928.5114	401.6544
3831.800	66060.2260	342.5096
3834.180	53003.3162	275.6764
3836.560	52848.0093	262.6013
3838.940	65415.0861	365.6759
3841.320	82548.0745	394.6043
3843.700	97847.9559	599.3748
3846.080	109344.3927	649.6677
3848.460	117713.7118	570.2476
3850.840	122737.3642	561.9972
3853.220	125578.9886	510.7419
3855.600	127690.5257	493.0133
3857.980	129733.0205	575.6865
3860.360	130721.2160	546.1221
3862.740	129083.6049	833.3173
3865.120	128972.9767	846.1973
3867.500	129675.4254	595.5565
3869.880	128593.7211	622.3549
3872.260	125640.1549	496.3291
3874.640	121431.6173	528.5969
3877.020	114398.4539	484.6664
3879.400	104728.5709	486.7425
3881.780	91811.3521	464.0285
3884.160	75468.0563	419.4108
3886.540	59513.3438	347.8859
3888.920	51139.9368	272.8848
3891.300	57080.1307	276.0243
3893.680	72012.7470	348.7866
3896.060	87987.0785	448.4964
3898.440	101054.0714	429.2785
3900.820	110607.7497	430.0281
3903.200	117388.2740	433.9708
3905.580	122095.7038	466.5512
3907.960	126368.8101	512.5485
3910.340	128382.5958	649.0606
3912.720	129057.2300	693.0243
3915.100	129432.9065	650.7980
3917.480	130546.0032	620.1682
3919.860	130880.8393	616.3848
3922.240	130626.7484	631.8832
3924.620	131175.5253	598.2307
3927.000	130937.5640	673.6372
3929.380	128878.5368	660.4259
3931.760	125804.7463	1106.7379
3934.140	124985.8596	1161.8589
3936.520	125920.1603	825.3935
3938.900	127667.5244	708.1778
3941.280	128051.8886	639.8479
3943.660	127302.6106	740.3210
3946.040	126304.5248	535.2851
3948.420	124445.4501	625.7220
3950.800	122468.7953	635.0878
3953.180	119982.4630	669.2133
3955.560	115299.6821	596.9616
3957.940	108603.3235	590.9782
3960.320	99751.0446	570.8269
3962.700	87886.6766	442.5414
3965.080	72940.5183	530.2664
3967.460	57964.7730	534.1824
3969.840	49775.1404	466.2559
3972.220	54537.8014	311.5308
3974.600	68346.5582	397.6842
3976.980	83589.4715	487.8024
3979.360	95730.1843	626.1834
3981.740	105302.2785	695.8643
3984.120	112514.8673	534.2506
3986.500	117011.4200	509.4581
3988.880	119832.1686	565.1468
3991.260	122033.0755	562.3459
3993.640	123801.8355	526.5766
3996.020	124619.5531	541.6924
3998.400	125158.7880	540.4132
4000.780	125029.1849	578.2957
4003.160	124637.7310	598.4110
4005.540	124415.0170	548.2554
4007.920	124866.9703	495.3581
4010.300	125165.8371	526.2577
4012.680	125105.7951	515.6275
4015.060	125011.4114	508.6680
4017.440	125059.4350	467.0666
4019.820	124938.8635	507.4896
4022.200	123390.6043	609.9925
4024.580	121240.7296	678.1677
4026.960	120095.1834	517.6001
4029.340	121316.1752	470.0225
4031.720	122827.1653	430.7708
4034.100	123741.2083	431.7504
4036.480	123894.0742	461.5660
4038.860	124028.3347	497.2425
4041.240	123949.2885	486.7496
4043.620	123761.0049	538.4583
4046.000	122709.3513	459.8548
4048.380	122479.3109	465.7514
4050.760	122214.2241	501.3300
4053.140	122109.1044	478.4334
4055.520	121881.9474	457.0804
4057.900	121212.2398	474.2910
4060.280	120592.3979	470.4200
4062.660	120303.8922	449.6021
4065.040	119493.9323	465.8338
4067.420	118890.6908	475.6246
4069.800	118550.4347	495.1893
4072.180	117852.6102	494.4998
4074.560	116989.3807	498.1378
4076.940	116047.4020	515.8835
4079.320	114757.6230	479.5508
4081.700	113373.4408	461.3227
4084.080	110976.2508	442.2167
4086.460	107360.2805	466.4828
4088.840	102014.0899	476.7369
4091.220	94823.8166	444.3988
4093.600	85066.0533	408.6284
4095.980	72584.0394	414.7170
4098.360	58715.2044	414.8368
4100.740	48187.5140	333.9200
4103.120	48517.3271	267.7433
4105.500	58728.7912	291.3884
4107.880	71877.9806	302.2358
4110.260	84057.0182	351.6496
4112.640	93529.2811	370.1755
4115.020	100024.2392	391.9612
4117.400	104624.7252	405.6818
4119.780	107720.4578	430.6318
4122.160	109489.5233	416.2868
4124.540	110493.9027	471.3910
4126.920	110382.3067	460.2536
4129.300	109767.1657	423.0649
4131.680	111127.9034	461.7439
4134.060	113335.1553	498.1057
4136.440	114351.9335	496.5299
4138.820	114528.0657	484.6401
4141.200	113999.2737	516.6096
4143.580	113859.9934	507.2004
4145.960	113520.6498	440.3903
4148.340	113892.5122	463.0184
4150.720	114527.7743	477.5400
4153.100	114846.0814	471.7328
4155.480	114849.8984	491.0551
4157.860	114500.2318	474.9408
4160.240	114093.5722	481.3038
4162.620	113560.6390	507.5402
4165.000	113488.9343	471.2418
4167.380	113383.9307	475.9747
4169.760	113084.5591	406.5522
4172.140	112100.0351	451.9418
4174.520	111555.1269	470.0729
4176.900	111086.0218	418.0387
4179.280	110851.3721	424.1431
4181.660	111529.7391	408.9908
4184.040	111828.6912	407.3081
4186.420	111835.2682	437.3446
4188.800	111741.7571	491.7434
4191.180	111495.2235	536.2080
4193.560	111759.0532	470.6036
4195.940	111287.9818	488.6486
4198.320	111002.5069	537.9351
4200.700	110277.5111	497.8896
4203.080	109984.4577	431.5099
4205.460	109850.5797	446.7555
4207.840	110182.0490	418.4078
4210.220	110075.4749	439.7002
4212.600	109975.1838	445.5487
4214.980	110138.7411	451.5650
4217.360	109636.9866	403.6724
4219.740	108780.4840	420.9901
4222.120	108667.5418	385.0998
4224.500	109015.2847	547.6376
4226.880	108534.0178	408.9526
4229.260	107981.4303	400.7399
4231.640	106801.4752	518.6473
4234.020	106797.2988	437.7697
4236.400	107541.1450	405.3698
4238.780	107847.3522	400.1070
4241.160	107529.4626	417.9459
4243.540	106922.0309	410.1784
4245.920	106849.7539	402.4319
4248.300	106767.4544	425.6391
4250.680	106493.2836	428.8065
4253.060	106125.6283	418.7586
4255.440	105829.5936	426.4258
4257.820	105973.7619	409.1154
4260.200	105597.3254	407.5799
4262.580	105421.7231	422.4408
4264.960	104909.1036	443.2371
4267.340	104700.6264	426.4460
4269.720	104423.5804	436.9636
4272.100	104251.1336	466.8701
4274.480	103899.5131	409.8627
4276.860	103854.0952	409.9949
4279.240	103878.1058	410.8386
4281.620	103781.6074	402.2528
4284.000	103315.4910	413.4465
4286.380	103083.6279	418.5041
4288.760	102597.8359	448.7182
4291.140	101872.5245	407.5649
4293.520	101428.9435	425.0117
4295.900	100970.9355	447.2329
4298.280	100475.8761	441.1977
4300.660	100173.9757	424.3384
4303.040	100063.9519	416.2830
4305.420	99849.4944	378.4406
4307.800	100047.3102	479.0066
4310.180	99574.3749	535.7642
4312.560	97922.8800	426.3842
4314.940	96770.4827	467.0475
4317.320	95146.9783	601.9876
4319.700	94209.6488	494.3185
4322.080	92856.8795	406.8887
4324.460	90302.5689	469.2001
4326.840	86071.7855	376.1687
4329.220	80850.8396	371.1171
4331.600	73901.4262	391.1428
4333.980	65015.9485	336.1868
4336.360	54804.5487	329.6802
4338.740	45808.4320	350.5871
4341.120	42618.3888	280.7535
4343.500	48042.6864	236.1610
4345.880	58211.7595	251.6028
4348.260	68122.4627	269.5403
4350.640	76023.6174	296.4610
4353.020	81937.9262	298.1343
4355.400	86496.5420	303.0099
4357.780	89601.0115	316.5435
4360.160	91677.2823	345.5618
4362.540	93259.9376	362.5749
4364.920	94269.7089	357.4583
4367.300	94721.1560	390.3910
4369.680	95135.5497	415.7649
4372.060	95579.1666	392.6283
4374.440	96132.7327	388.3369
4376.820	96747.8464	418.8565
4379.200	96840.7643	437.9475
4381.580	96096.3424	425.7680
4383.960	94938.0868	432.2792
4386.340	94641.2994	469.2688
4388.720	94580.2751	415.5813
4391.100	94867.1600	346.8803
4393.480	95221.4724	373.2166
4395.860	95423.0026	363.0494
4398.240	95664.9445	350.8162
4400.620	95933.0405	342.0934
4403.000	95882.7974	406.9980
4405.380	95771.8951	361.2479
4407.760	95867.1267	353.3042
4410.140	95632.8825	379.7089
4412.520	95319.8294	375.1051
4414.900	94782.7501	343.7741
4417.280	94207.0687	386.0716
4419.660	94271.2763	364.1186
4422.040	94541.4404	379.5728
4424.420	94766.1641	379.7532
4426.800	94713.2600	363.2270
4429.180	94442.5337	361.6220
4431.560	94331.9727	378.0070
4433.940	94189.5686	362.1195
4436.320	93905.5330	370.7535
4438.700	93928.6677	352.3349
4441.080	93355.3994	389.2146
4443.460	93221.0004	344.7341
4445.840	92987.3445	359.4250
4448.220	92554.7276	372.1840
4450.600	92692.7875	365.3308
4452.980	93108.0042	361.6123
4455.360	93419.1455	364.9807
4457.740	93176.7836	373.4558
4460.120	92750.9144	342.4397
4462.500	92457.8480	335.3852
4464.880	92118.5636	393.9203
4467.260	91250.7815	509.8923
4469.640	90037.2026	501.8734
4472.020	89151.6009	386.4086
4474.400	89541.0577	308.6946
4476.780	89608.2922	326.4562
4479.160	88013.1866	321.3671
4481.540	86866.1586	313.0928
4483.920	87886.8685	314.2067
4486.300	89368.1916	323.1492
4488.680	89748.2190	332.3712
4491.060	89744.9658	332.5351
4493.440	90084.2943	389.7305
4495.820	90441.3397	367.7759
4498.200	90529.3551	366.9943
4500.580	90126.5104	371.1684
4502.960	89841.9736	365.4285
4505.340	89450.5496	379.3563
4507.720	89058.4688	370.6080
4510.100	89025.3037	349.5708
4512.480	88978.4672	343.5155
4514.860	88844.9555	330.7325
4517.240	88578.7718	347.0301
4519.620	88218.6182	332.4342
4522.000	87556.3409	361.5413
4524.380	87834.6994	327.5034
4526.760	88305.7396	341.2560
4529.140	88318.1532	360.4120
4531.520	87804.6344	402.9410
4533.900	87531.0924	399.2132
4536.280	87740.8597	428.6254
4538.660	87637.8548	456.5883
4541.040	87407.2055	396.3570
4543.420	87329.4886	357.0389
4545.800	86811.4413	360.1507
4548.180	85749.3058	328.6120
4550.560	85254.5294	317.1813
4552.940	85302.0393	315.4515
4555.320	85532.6688	302.7333
4557.700	85457.9684	299.4266
4560.080	85706.1300	309.3980
4562.460	85927.8686	315.9479
4564.840	86004.9507	305.9082
4567.220	86185.3574	317.5281
4569.600	85850.5110	305.7163
4571.980	85657.1584	331.7245
4574.360	85572.6905	335.4577
4576.740	85361.6874	328.8615
4579.120	84983.5928	338.8354
4581.500	84352.8571	336.6467
4583.880	84005.2522	322.2516
4586.260	83824.1563	329.6108
4588.640	83898.4927	354.9274
4591.020	84149.0327	330.8890
4593.400	84268.5886	300.4840
4595.780	84334.8432	324.2911
4598.160	84557.0146	303.3012
4600.540	84641.5364	317.4486
4602.920	84498.8114	329.1701
4605.300	84422.5934	376.6014
4607.680	84119.5342	355.6710
4610.060	83943.2703	337.3800
4612.440	83839.7809	316.6691
4614.820	83324.0370	310.0378
4617.200	82827.9182	312.9732
4619.580	82534.4317	305.2191
4621.960	82499.0442	312.7089
4624.340	82562.6773	316.1303
4626.720	82541.3976	317.7453
4629.100	82265.0872	325.7531
4631.480	81817.8066	329.8895
4633.860	81924.8173	292.0605
4636.240	81937.2140	288.6231
4638.620	82133.7055	316.0737
4641.000	82116.0388	354.7390
4643.380	81685.1766	314.0405
4645.760	81634.7780	298.5491
4648.140	81879.9560	294.5458
4650.520	81586.2061	336.7368
4652.900	81307.8558	333.5240
4655.280	81277.2225	309.7394
4657.660	80844.5028	317.1563
4660.040	80648.9016	307.4734
4662.420	80713.5854	303.5244
4664.800	80598.7634	327.6686
4667.180	80586.5922	325.9508
4669.560	80515.9951	327.7492
4671.940	80229.6026	312.6110
4674.320	80173.7552	346.7360
4676.700	80308.2542	361.8231
4679.080	80347.1013	386.1059
4681.460	80509.9585	484.0666
4683.840	80654.5068	493.2040
4686.220	80294.9652	501.9105
4688.600	79698.3427	421.9999
4690.980	79391.9734	274.6352
4693.360	79334.8459	275.0659
4695.740	79154.9155	265.4038
4698.120	79153.9355	256.4559
4700.500	79001.0423	270.7806
4702.880	78896.3689	308.6641
4705.260	78771.2021	328.7880
4707.640	78595.5791	290.0126
4710.020	78820.3744	322.6073
4712.400	78505.6074	349.1781
4714.780	78187.3548	302.6689
4717.160	78015.3114	289.7882
4719.540	78105.4538	287.8792
4721.920	77905.5514	305.9575
4724.300	77634.2975	301.6292
4726.680	77523.2344	314.4413
4729.060	77494.7834	326.7734
4731.440	77198.9371	336.4356
4733.820	76976.7291	310.3313
4736.200	76833.6098	307.6972
4738.580	76679.6393	272.3554
4740.960	76647.6183	295.4858
4743.340	76712.1071	305.8329
4745.720	76796.1611	330.3070
4748.100	76853.1507	307.7012
4750.480	76677.7680	313.7322
4752.860	76287.6788	309.7811
4755.240	76012.8418	325.2232
4757.620	75880.9054	285.2000
4760.000	75640.1358	302.1303
4762.380	75540.7673	315.1012
4764.760	75584.0925	305.7306
4767.140	75388.6613	303.8750
4769.520	75098.0110	335.7911
4771.900	74890.7894	305.9050
4774.280	74875.8518	283.9472
4776.660	74801.1549	277.8612
4779.040	74663.2623	274.0389
4781.420	74554.3154	289.0426
4783.800	74471.8938	287.1298
4786.180	74543.5274	271.2220
4788.560	74350.7149	275.4724
4790.940	73883.0675	280.6723
4793.320	73743.8184	268.1324
4795.700	73666.7225	285.8843
4798.080	73353.0615	286.6091
4800.460	73258.0833	282.5293
4802.840	73153.7462	293.7903
4805.220	72973.7542	299.7687
4807.600	72789.9151	303.8350
4809.980	72614.8726	306.5838
4812.360	72546.7895	267.9821
4814.740	72188.6173	262.6250
4817.120	71880.2978	282.8580
4819.500	71505.4542	294.9325
4821.880	71274.9835	303.3257
4824.260	71181.2257	276.1781
4826.640	71177.8324	282.5610
4829.020	70693.4752	310.0160
4831.400	70175.8983	305.5654
4833.780	69529.2947	289.8512
4836.160	68580.0368	294.3949
4838.540	67808.0806	278.2616
4840.920	66759.0180	274.9934
4843.300	65070.7920	300.2618
4845.680	62685.7316	308.0472
4848.060	59844.9298	274.7658
4850.440	56431.4871	261.3276
4852.820	51824.4027	256.1524
4855.200	45961.9807	246.6275
4857.580	39666.1922	262.1831
4859.960	34833.4989	235.1066
4862.340	34089.5511	210.8356
4864.720	37934.5367	155.0514
4867.100	44002.6473	164.9048
4869.480	50018.2074	179.7139
4871.860	54684.2091	196.6547
4874.240	58272.0182	215.1585
4876.620	60834.6022	240.8926
4879.000	63014.4467	253.4592
4881.380	64558.8762	259.0879
4883.760	65411.7646	283.6679
4886.140	66357.4971	262.7619
4888.520	67064.0349	284.3617
4890.900	67283.3885	266.0921
4893.280	67431.8305	266.6478
4895.660	67632.4511	276.1016
4898.040	67833.8142	299.3217
4900.420	68079.0451	271.8968
4902.800	68329.7868	270.9323
4905.180	68419.0545	277.1711
4907.560	68323.2884	276.9747
4909.940	68170.9222	266.6993
4912.320	68037.2482	268.8145
4914.700	68129.2823	274.2978
4917.080	67892.4092	340.8806
4919.460	67536.9384	386.0850
4921.840	66993.3991	342.6779
4924.220	66535.5797	254.4289
4926.600	67036.1827	258.8455
4928.980	67485.7376	262.9810
4931.360	67741.1397	240.5134
4933.740	68021.5851	262.2034
4936.120	68118.6739	317.4298
4938.500	68228.6766	280.6663
4940.880	67606.0812	284.6156
4943.260	67449.6048	272.4749
4945.640	67534.6558	247.3789
4948.020	67462.5488	261.3935
4950.400	67279.3237	288.1497
4952.780	67048.4336	269.9898
4955.160	67155.4883	270.8249
4957.540	66995.3572	273.7034
4959.920	66875.2537	252.5658
4962.300	66774.3698	258.6951
4964.680	66739.4827	259.9533
4967.060	66462.2345	255.0295
4969.440	66448.5554	258.4819
4971.820	66625.6021	260.2924
4974.200	66511.2777	267.3356
4976.580	66486.8748	277.6238
4978.960	66235.0472	295.7745
4981.340	66249.4812	290.5597
4983.720	65901.7940	276.9087
4986.100	65457.0146	272.1776
4988.480	65441.6350	271.1605
4990.860	65486.2017	251.3961
4993.240	65475.6637	265.3424
4995.620	65433.3303	257.3667
4998.000	65171.0872	264.5477
5000.380	64987.6225	259.1887
5002.760	64762.7899	269.2528
5005.140	64616.8539	282.9343
5007.520	64431.6584	269.8297
5009.900	64510.6466	292.6897
5012.280	64384.6917	283.5865
5014.660	64025.0625	276.1049
5017.040	63418.4014	243.0172
5019.420	63162.2411	247.2512
5021.800	63436.7978	254.3735
5024.180	63633.3984	273.1730
5026.560	63667.6897	253.5835
5028.940	63770.8125	247.9899
5031.320	63619.3635	267.3452
5033.700	63517.4299	272.8989
5036.080	63184.4062	278.1098
5038.460	62832.0254	270.2806
5040.840	62536.4656	263.0399
5043.220	62700.8088	259.6209
5045.600	62907.0413	269.4119
5047.980	62997.2205	266.8365
5050.360	62837.8491	242.0832
5052.740	62531.7620	244.7438
5055.120	62121.3436	251.2574
5057.500	61799.9979	258.5409
5059.880	62055.2518	259.2040
5062.260	62303.8261	238.9578
5064.640	62520.1747	242.9535
5067.020	62502.5786	268.1713
5069.400	62309.0368	252.9535
5071.780	62087.5221	252.8455
5074.160	62069.6878	264.7094
5076.540	62043.1245	255.4848
5078.920	62100.1499	260.6362
5081.300	61842.4626	241.9695
5083.680	61771.0787	246.0866
5086.060	61764.9267	246.1686
5088.440	61558.4428	253.4962
5090.820	61274.9982	254.4614
5093.200	61137.7899	259.6623
5095.580	61066.8602	259.2566
5097.960	60860.2799	271.7264
5098.200	61092.6540	222.3167
5100.340	60852.7745	268.2692
5101.130	61149.4798	266.5188
5102.720	60810.4025	257.5005
5104.060	61079.0656	249.9191
5105.100	60855.1532	241.6228
5106.990	61261.9531	216.2730
5107.480	60899.8585	228.9653
5109.860	60885.3900	235.5700
5109.920	61188.6155	223.6959
5112.240	60823.5480	218.9129
5112.850	61150.2386	217.6061
5114.620	60667.1517	253.0847
5115.780	60976.7339	247.5331
5117.000	60602.1842	254.3931
5118.710	60751.4170	250.2806
5119.380	60544.0797	254.1789
5121.640	60744.7057	233.5177
5121.760	60463.7600	265.1556
5124.140	60257.0916	246.0664
5124.570	60292.1804	280.6732
5126.520	60021.3145	236.9773
5127.500	60301.7419	210.3945
5128.900	59992.7693	220.6626
5130.430	60143.3623	211.1252
5131.280	59900.8945	254.2698
5133.360	59920.4386	231.6798
5133.660	59789.7916	251.7603
5136.040	59648.4622	248.3085
5136.290	59664.9570	232.5846
5138.420	59538.6479	252.3798
5139.220	59314.1054	239.3214
5140.800	59355.9126	265.1800
5142.150	59485.0608	237.5406
5143.180	59332.6048	268.2372
5145.080	59349.6233	236.3709
5145.560	59164.5225	267.1368
5147.940	58969.7423	275.1788
5148.010	58924.4304	241.1936
5150.320	58911.8236	246.6806
5150.940	58786.4458	200.2060
5153.870	58886.6854	227.2996
5156.800	58896.3238	216.4537
5159.730	58765.3302	231.9764
5162.660	58453.7355	234.8607
5165.590	57523.9871	362.4154
5168.520	57291.4359	285.2659
5171.450	57414.8889	221.0344
5174.380	57817.8972	241.1900
5177.310	58134.1572	271.6397
5180.240	57622.1269	238.9711
5183.170	57389.3144	302.5890
5186.100	57650.3677	250.2944
5189.030	57562.3539	238.8427
5191.960	57464.7912	227.3231
5194.890	57433.6054	217.5354
5197.820	57475.1138	213.6059
5200.750	57254.3243	227.6101
5203.680	57344.6183	206.6663
5206.610	57479.4347	234.9963
5209.540	57565.5256	215.7991
5212.470	57311.4698	250.9015
5215.400	56823.2736	210.2041
5218.330	56638.1877	200.7001
5221.260	56621.6273	205.4196
5224.190	56263.9581	207.3380
5227.120	56281.1768	230.5337
5230.050	56244.7250	209.3243
5232.980	55901.0106	204.4184
5235.910	55747.9666	212.8629
5238.840	56065.5721	231.1992
5241.770	56036.0792	218.5016
5244.700	55904.5720	195.3716
5247.630	55935.6707	191.6509
5250.560	55697.2674	212.7384
5253.490	55602.9252	206.4586
5256.420	55663.8092	191.3028
5259.350	55584.3417	184.9353
5262.280	54900.2782	221.7300
5265.210	54787.7143	209.5396
5268.140	54827.4186	189.8814
5271.070	54961.3311	215.3118
5274.000	54915.6873	212.7849
5276.930	54662.7231	205.3469
5279.860	54510.2410	175.0295
5282.790	54496.2319	181.3269
5285.720	54754.1390	200.3143
5288.650	54847.1209	188.3925
5291.580	54679.2703	192.6564
5294.510	54546.2940	193.7956
5297.440	54547.4434	193.6314
5300.370	54500.9927	191.8316
5303.300	54329.6417	202.9597
5306.230	54206.0890	186.3848
5309.160	53825.2276	184.9741
5312.090	53547.3726	178.3776
5315.020	53131.2189	188.1912
5317.950	53136.9134	199.9076
5320.880	53164.8619	199.2030
5323.810	53318.9136	205.8186
5326.740	52932.5429	217.7896
5329.670	52989.8167	209.0191
5332.600	53092.2628	201.3278
5335.530	53004.5285	185.3959
5338.460	52956.7361	199.8844
5341.390	52879.2331	196.4952
5344.320	52981.0920	196.9511
5347.250	52935.3151	186.5698
5350.180	52941.7330	187.2246
5353.110	52635.2656	209.3466
5356.040	52606.0153	198.2213
5358.970	52523.5749	177.8752
5361.900	52259.5126	200.7959
5364.830	52232.9563	193.3512
5367.760	52157.7420	175.1652
5370.690	51852.8043	182.6819
5373.620	52098.0760	199.9664
5376.550	52212.3568	205.2930
5379.480	51886.1468	171.8174
5382.410	51681.7733	188.0204
5385.340	51628.0410	176.7369
5388.270	51524.2271	171.8962
5391.200	51365.7717	182.2333
5394.130	51097.4419	175.4667
5397.060	50992.5411	174.5353
5399.990	50754.4593	180.7324
5402.920	50619.7659	194.3055
5405.850	50640.6993	202.4529
5408.780	50729.6495	194.7037
5411.710	50804.9124	191.0029
5414.640	50885.2259	192.6340
5417.570	50878.4008	170.7553
5420.500	50673.8557	174.9942
5423.430	50554.4530	170.0970
5426.360	50465.8027	183.4996
5429.290	50239.2310	167.1485
5432.220	50236.9268	165.0683
5435.150	50190.5358	174.2313
5438.080	49960.7894	177.3595
5441.010	50084.8281	178.3894
5443.940	49918.1795	187.8507
5446.870	49909.7636	162.5907
5449.800	49794.8394	170.1506
5452.730	49565.1697	155.6338
5455.660	49446.2381	147.2517
5458.590	49458.4119	150.7910
5461.520	49301.5901	148.4420
5464.450	49102.4680	148.1398
5467.380	49022.3995	154.4593
5470.310	49083.9688	157.8370
5473.240	49046.2027	158.3145
5476.170	49005.1887	167.8609
5479.100	48832.6831	166.7262
5482.030	48637.4001	158.8794
5484.960	48562.3833	150.4949
5487.890	48539.8409	149.5612
5490.820	48506.2753	160.0302
5493.750	48466.5243	159.7596
5496.680	48548.8529	159.6429
5499.610	48395.5875	152.3270
5502.540	48151.4073	149.6233
5505.470	47928.8544	156.9921
5508.400	47867.3386	170.0781
5511.330	47840.1880	178.5361
5514.260	47899.4843	162.4384
5517.190	47946.8371	160.6416
5520.120	47896.0290	159.0038
5523.050	47826.2787	163.8580
5525.980	47716.5255	153.0776
5528.910	47455.5956	159.1956
5531.840	47211.4070	177.7173
5534.770	47132.6719	174.9435
5537.700	47140.9292	173.1155
5540.630	47148.2604	160.3110
5543.560	47102.5562	150.1221
5546.490	46979.1122	153.1362
5549.420	46925.5756	157.7628
5552.350	46872.1205	151.6561
5555.280	46833.5709	163.2743
5558.210	46769.2734	166.2690
5561.140	46639.5585	166.2704
5564.070	46543.7482	166.1814
5567.000	46612.9309	147.1588
5569.930	46516.3930	148.2225
5572.860	46394.9884	159.5706
5575.790	46160.5973	180.8705
5578.720	46062.1723	171.8233
5581.650	46101.8833	163.6900
5584.580	46094.4325	173.2172
5587.510	46034.9448	174.3384
5590.440	45952.2851	167.5569
5593.370	45826.5305	161.0184
5596.300	45716.3392	160.4133
5599.230	45709.2028	156.9867
5602.160	45657.2716	152.2120
5605.090	45564.0343	156.5795
5608.020	45406.0750	169.7491
5610.950	45381.4165	164.4164
5613.880	45325.8689	151.8984
5616.810	45324.8158	162.5758
5619.740	45350.8358	152.6226
5622.670	45239.3290	153.0241
5625.600	45098.5128	155.1454
5628.530	44925.1281	167.1285
5631.460	44862.4982	161.9439
5634.390	44890.9468	160.1111
5637.320	44722.1731	161.2443
5640.250	44431.9062	178.3813
5643.180	44340.4565	157.4692
5646.110	44287.0363	155.6948
5649.040	44269.9924	159.0873
5651.970	44306.7592	150.4063
5654.900	44271.3362	146.5372
5657.830	44219.2055	157.6512
5660.760	44162.5040	152.6582
5663.690	44200.6964	151.9369
5666.620	44023.5690	147.7856
5669.550	43917.7004	147.4631
5672.480	43851.9021	156.8813
5675.410	43777.9533	165.5504
5678.340	43639.1222	167.7403
5681.270	43566.5780	172.6630
5684.200	43569.9254	155.3135
5687.130	43629.4790	158.5415
5690.060	43584.0790	147.2235
5692.990	43389.1304	152.8896
5695.920	43283.9876	147.7873
5698.850	43279.7915	152.1012
5701.780	43247.1128	145.9814
5704.710	43164.3735	154.8950
5707.640	43085.3092	175.6036
5710.570	43008.3532	165.0982
5713.500	42852.1682	162.7351
5716.430	42775.6420	160.3582
5719.360	42654.0309	158.0730
5722.290	42582.3443	149.7122
5725.220	42635.7292	149.7193
5728.150	42522.3884	142.4279
5731.080	42480.5315	141.5828
5734.010	42385.1043	137.3483
5736.940	42358.6976	141.9683
5739.870	42265.5522	134.8394
5742.800	42184.6665	144.5236
5745.730	42107.6922	144.2312
5748.660	42061.5929	146.7320
5751.590	42081.1690	144.2842
5754.520	41910.8391	155.0217
5757.450	41770.9101	152.9809
5760.380	41775.5944	154.5251
5763.310	41752.8792	142.8381
5766.240	41586.5871	150.2828
5769.170	41478.2452	144.7986
5772.100	41467.7642	135.8430
5775.030	41401.6698	136.0293
5777.960	41410.9731	134.8972
5780.890	41373.3815	144.0361
5783.820	41232.8370	147.4167
5786.750	41115.5327	144.3563
5789.680	41080.0889	149.0846
5792.610	40993.2757	139.7479
5795.540	40937.7497	145.3075
5798.470	40814.6335	144.8039
5801.400	40782.6457	151.3781
5804.330	40652.6220	151.9696
5807.260	40641.5641	158.8564
5810.190	40581.7937	150.2813
5813.120	40487.0176	144.7292
5816.050	40478.5494	140.2906
5818.980	40528.8622	135.1368
5821.910	40443.1735	138.2695
5824.840	40342.1092	136.4661
5827.770	40222.4470	144.4243
5830.700	40186.8424	144.1462
5833.630	40122.0236	134.5742
5836.560	40057.0815	133.8452
5839.490	39890.5513	141.1631
5842.420	39840.0502	135.3317
5845.350	39834.1148	135.9567
5848.280	39728.3932	136.8351
5851.210	39635.2229	145.1964
5854.140	39648.2906	156.7933
5857.070	39553.5907	158.2194
5860.000	39447.8034	150.4723
5862.930	39400.9156	146.3127
5865.860	39355.1024	152.2798
5868.790	39260.9968	162.0430
5871.720	39320.6370	265.8057
5874.650	39363.9594	290.5086
5877.580	39096.7898	198.3922
5880.510	38922.9491	127.2267
5883.440	38854.3346	125.9004
5886.370	38739.0230	161.4417
5889.300	38654.2578	205.2694
5892.230	38555.5598	188.5637
5895.160	38551.9570	163.1704
5898.090	38513.1464	138.9797
5901.020	38413.4795	142.7812
5903.950	38479.0374	146.0373
5906.880	38423.8006	146.5358
5909.810	38417.3441	139.0205
5912.740	38372.0997	134.5610
5915.670	38331.3902	131.2699
5918.600	38262.0073	136.5076
5921.530	38176.6123	147.9067
5924.460	38181.0016	148.9594
5927.390	38142.8734	149.0816
5930.320	38111.9680	142.2188
5933.250	38068.7086	135.0748
5936.180	37980.7371	130.5822
5939.110	37867.5413	123.7674
5942.040	37697.1287	144.8877
5944.970	37620.9859	149.9223
5947.900	37582.3319	140.0495
5950.830	37573.6137	140.0822
5953.760	37479.6267	135.5071
5956.690	37285.1505	139.0650
5959.620	37229.9755	128.7817
5962.550	37268.4292	125.5184
5965.480	37267.2199	128.6364
5968.410	37227.9170	137.7036
5971.340	37150.5205	144.1120
5974.270	37103.1338	145.4059
5977.200	36972.3858	147.2183
5980.130	36935.0566	138.4066
5983.060	36883.6345	139.9493
5985.990	36874.2576	141.3710
5988.920	36842.2440	135.1123
5991.850	36737.3785	139.0979
5994.780	36729.3298	137.4514
5997.710	36694.3307	143.0867
6000.640	36579.1483	151.9796
6003.570	36506.1327	152.3120
6006.500	36507.0953	150.6721
6009.430	36488.0148	151.1263
6012.360	36382.5828	131.4631
6015.290	36328.4335	130.2823
6018.220	36240.4034	129.6720
6021.150	36309.5708	128.2143
6024.080	36269.9684	135.8618
6027.010	36171.1486	125.8726
6029.940	36036.8415	131.2923
6032.870	35954.9135	129.3785
6035.800	35936.6076	134.5715
6038.730	35963.5967	119.6291
6041.660	35845.5501	125.2808
6044.590	35706.3972	131.2563
6047.520	35669.7806	132.6664
6050.450	35669.9152	135.1347
6053.380	35553.9999	144.0667
6056.310	35492.1382	141.4764
6059.240	35429.6461	134.9642
6062.170	35433.6596	135.7076
6065.100	35434.1800	127.8614
6068.030	35328.4425	126.1285
6070.960	35241.2402	124.1135
6073.890	35216.9257	121.4543
6076.820	35152.3852	126.1526
6079.750	35102.4118	123.6640
6082.680	35034.2251	125.4584
6085.610	34917.9054	137.6121
6088.540	34912.0721	125.3028
6091.470	34851.9620	131.0742
6094.400	34719.9177	130.4729
6097.330	34749.4370	126.5993
6100.260	34746.1435	128.7148
6103.190	34733.6122	126.4918
6106.120	34613.3097	120.6723
6109.050	34488.7326	126.0617
6111.980	34386.4399	127.9291
6114.910	34361.0275	125.9343
6117.840	34381.8342	130.5719
6120.770	34357.8196	125.5282
6123.700	34278.0561	122.1860
6126.630	34155.3354	130.2694
6129.560	34210.8886	127.6644
6132.490	34188.7811	120.1912
6135.420	34218.1056	126.0177
6138.350	34105.2025	132.4161
6141.280	33987.3573	124.5867
6144.210	33844.6336	119.2929
6147.140	33699.5078	123.5788
6150.070	33535.9217	118.6863
6153.000	33423.2727	115.1294
6155.930	33217.8629	116.1184
6158.860	33217.2652	135.1628
6161.790	33383.1670	145.7873
6164.720	33498.9222	144.3726
6167.650	33507.4577	134.1109
6170.580	33479.4061	121.4780
6173.510	33385.0638	121.6432
6176.440	33298.4333	116.1815
6179.370	33172.0359	115.7146
6182.300	33191.1706	115.9855
6185.230	33195.0292	113.9100
6188.160	33230.4052	122.3008
6191.090	33161.9872	131.1714
6194.020	33074.4179	126.0780
6196.950	32984.1057	124.0673
6199.880	33010.7769	123.2684
6202.810	32977.9039	113.5241
6205.740	32937.6887	114.1635
6208.670	32814.0262	118.8926
6211.600	32780.9414	116.6177
6214.530	32703.5272	121.0364
6217.460	32637.5601	127.5167
6220.390	32553.2361	117.4022
6223.320	32504.1001	115.9339
6226.250	32485.8092	124.2350
6229.180	32470.8387	126.1888
6232.110	32355.2631	118.4670
6235.040	32217.1592	113.3499
6237.970	32109.3674	127.7728
6240.900	32044.8246	121.4713
6243.830	32005.0256	122.0684
6246.760	31973.3170	120.3550
6249.690	31981.9626	119.4090
6252.620	32048.5484	117.3788
6255.550	32064.4122	116.3653
6258.480	32066.5452	111.2810
6261.410	31920.6512	118.8179
6264.340	31797.3225	125.8472
6267.270	31778.7595	118.5245
6270.200	31744.6044	125.4300
6273.130	31703.9093	119.0368
6276.060	31695.4972	115.3967
6278.990	31760.4355	118.1282
6281.920	31791.6228	123.7131
6284.850	31701.3559	131.8578
6287.780	31654.6468	122.6501
6290.710	31613.1098	114.9452
6293.640	31562.4635	110.3955
6296.570	31526.0783	114.4712
6299.500	31424.5972	112.8685
6302.430	31325.0531	114.8772
6305.360	31282.9983	119.8952
6308.290	31230.4558	130.6440
6311.220	31174.0219	123.6458
6314.150	31080.8371	135.6042
6317.080	30917.7083	125.4981
6320.010	30826.2719	118.4429
6322.940	30710.9718	120.8522
6325.870	30586.4011	123.9487
6328.800	30515.4501	119.3962
6331.730	30436.3035	104.9254
6334.660	30395.4397	107.2175
6337.590	30424.6294	106.3188
6340.520	30338.2854	106.6105
6343.450	30113.0401	102.8780
6346.380	29910.3724	95.6689
6349.310	29978.6414	100.3001
6352.240	30190.7541	100.6005
6355.170	30370.6984	108.0216
6358.100	30470.9292	108.9404
6361.030	30314.2444	102.9147
6363.960	30117.7490	108.4300
6366.890	29935.4496	108.9827
6369.820	29754.0866	113.9184
6372.750	29749.6597	114.7405
6375.680	29804.0142	111.9095
6378.610	29935.3981	112.5341
6381.540	29940.5266	108.4042
6384.470	29943.3452	107.3543
6387.400	29953.9374	119.3570
6390.330	29887.5890	108.3221
6393.260	29871.3273	106.5243
6396.190	29805.7916	110.5250
6399.120	29732.5579	104.7361
6402.050	29626.8488	107.3885
6404.980	29532.2638	107.5059
6407.910	29474.4479	116.6254
6410.840	29419.0889	113.9632
6413.770	29356.8383	108.8954
6416.700	29356.4125	107.9225
6419.630	29348.2093	103.3040
6422.560	29331.9244	97.6204
6425.490	29334.7598	106.9110
6428.420	29253.3278	108.1065
6431.350	29136.6442	102.7599
6434.280	29124.6420	105.1447
6437.210	29088.4167	117.5998
6440.140	29017.9623	123.7387
6443.070	28920.6894	112.4969
6446.000	28887.3332	111.8259
6448.930	28815.5225	109.7781
6451.860	28716.0955	113.2312
6454.790	28596.2587	106.6229
6457.720	28524.6297	115.1649
6460.650	28596.7745	111.5847
6463.580	28658.4833	104.0536
6466.510	28684.5042	103.5278
6469.440	28656.9480	105.4509
6472.370	28535.4241	105.9881
6475.300	28438.2124	102.4002
6478.230	28394.2769	101.7874
6481.160	28376.0133	106.3246
6484.090	28343.0273	105.3525
6487.020	28300.7699	105.7734
6489.950	28269.5209	104.4089
6492.880	28324.0300	115.7594
6495.810	28313.0899	120.6853
6498.740	28215.9211	113.4255
6501.670	28071.0738	109.4912
6504.600	27934.1652	113.6414
6507.530	27898.8347	111.1350
6510.460	27832.8825	112.4085
6513.390	27757.6333	107.6900
6516.320	27652.1670	112.8487
6519.250	27494.2029	111.5998
6522.180	27416.7588	113.8262
6525.110	27358.6592	107.8459
6528.040	27278.6992	105.4225
6530.970	27092.3484	104.9179
6533.900	26858.7661	97.2766
6536.830	26613.2003	98.0851
6539.760	26241.8461	99.8316
6542.690	25726.7358	110.8656
6545.620	24990.9775	110.6271
6548.550	24110.4407	113.4613
6551.480	22982.6941	125.6076
6554.410	21591.9288	127.1658
6557.340	19965.1236	117.9470
6560.270	18598.8105	130.7815
6563.200	17986.6883	135.8263
6566.130	18643.3770	101.9834
6569.060	20059.9879	109.8184
6571.990	21589.7559	78.5088
6574.920	22882.6624	79.1602
6577.850	23904.5422	83.2819
6580.780	24669.1047	86.9872
6583.710	25251.0490	85.1575
6586.640	25685.7672	91.6451
6589.570	25949.0836	106.7334
6592.500	26140.8743	113.0473
6595.430	26297.0206	97.6361
6598.360	26391.9055	97.6368
6601.290	26430.4921	98.5064
6604.220	26491.5911	93.6316
6607.150	26546.0382	96.8028
6610.080	26532.6875	100.1404
6613.010	26484.2424	99.2777
6615.940	26502.4487	100.6105
6618.870	26503.5473	95.0887
6621.800	26489.5064	94.5624
6624.730	26480.0800	98.8882
6627.660	26435.6180	99.2101
6630.590	26405.8164	103.4581
6633.520	26377.7108	105.3898
6636.450	26347.8943	102.3679
6639.380	26317.3504	102.4904
6642.310	26271.7405	104.8804
6645.240	26213.1830	107.5512
6648.170	26182.6957	99.0172
6651.100	26162.2976	96.1033
6654.030	26110.8167	99.9546
6656.960	26104.1417	94.1230
6659.890	26058.2090	97.5943
6662.820	26008.0670	101.9649
6665.750	25937.4589	110.6895
6668.680	25937.8328	95.9643
6671.610	25988.4029	99.5130
6674.540	26043.9990	146.5346
6677.470	26037.1507	166.3172
6680.400	25884.3205	126.6573
6683.330	25779.2700	102.9258
6686.260	25736.0943	97.6310
6689.190	25728.3624	90.8350
6692.120	25713.9966	89.0296
6695.050	25657.6025	98.9540
6697.980	25632.9865	102.1571
6700.910	25626.8143	98.2869
6703.840	25552.1373	97.4830
6706.770	25529.9438	94.3787
6709.700	25479.7817	103.3014
6712.630	25465.9021	97.0801
6715.560	25429.1616	95.6337
6718.490	25355.5699	98.7180
6721.420	25291.5682	108.1796
6724.350	25270.3443	103.4051
6727.280	25231.6590	102.3603
6730.210	25152.6558	104.4353
6733.140	25114.5397	98.8222
6736.070	25143.9809	98.4752
6739.000	25188.7675	91.6768
6741.930	25138.1841	91.6155
6744.860	25082.0468	97.5595
6747.790	25054.2733	100.0763
6750.720	25010.7593	98.1296
6753.650	24973.4035	100.2497
6756.580	24924.4803	91.0231
6759.510	24890.3868	87.2335
6762.440	24841.1967	89.7189
6765.370	24809.6993	94.6353
6768.300	24776.1938	92.4042
6771.230	24732.2732	93.9154
6774.160	24656.5279	98.2799
6777.090	24613.6266	94.2260
6780.020	24633.1477	91.3224
6782.950	24636.2433	89.7636
6785.880	24594.5537	88.4702
6788.810	24508.1847	90.8688
6791.740	24454.9234	92.3187
6794.670	24470.9159	88.4829
6797.600	24450.9910	89.4587
6800.530	24429.1192	89.8763
6803.460	24395.3589	84.0091
6806.390	24354.0140	90.0964
6809.320	24325.9971	89.2733
6812.250	24321.5743	83.1375
6815.180	24263.3665	83.2117
6818.110	24204.0837	84.8109
6821.040	24147.5483	87.2211
6823.970	24084.9690	93.1699
6826.900	24072.9352	95.6507
6829.830	24029.3936	95.7389
6832.760	24034.2440	93.8915
6835.690	24019.1040	91.8082
6838.620	23992.7566	91.0516
6841.550	23978.9041	85.3233
6844.480	23896.1725	87.0883
6847.410	23830.7019	90.7788
6850.340	23762.4433	92.1017
6853.270	23750.3404	95.6919
6856.200	23678.9753	94.8906
6859.130	23635.8876	96.7996
6862.060	23627.6054	94.2524
6864.990	23590.4669	93.6644
6867.920	23538.5038	94.5224
6870.850	23502.3419	88.5841
6873.780	23526.8440	83.0700
6876.710	23524.1243	81.9194
6879.640	23479.4661	87.7283
6882.570	23431.5794	96.3388
6885.500	23361.3913	104.3514
6888.430	23381.8733	96.3559
6891.360	23375.5951	91.7013
6894.290	23321.0171	88.1685
6897.220	23332.3510	85.4980
6900.150	23318.7971	81.4387
6903.080	23250.0943	84.2943
6906.010	23208.4167	85.0870
6908.940	23179.4658	88.0285
6911.870	23152.7604	89.4226
6914.800	23125.6883	86.1401
6917.730	23060.3803	84.6318
6920.660	23005.9045	86.1383
6923.590	22980.1593	84.8470
6926.520	22970.5835	82.0634
6929.450	22903.5791	81.7593
6932.380	22877.4013	81.1187
6935.310	22874.1533	80.0422
6938.240	22844.8395	82.8361
6941.170	22851.5489	82.0252
6944.100	22829.3607	82.3576
6947.030	22762.7487	86.9707
6949.960	22706.4646	85.5306
6952.890	22657.3939	83.3472
6955.820	22623.4876	83.4859
6958.750	22570.7214	81.0628
6961.680	22541.6876	83.3705
6964.610	22521.6114	86.6329
6967.540	22520.8876	86.2894
6970.470	22507.6912	86.0525
6973.400	22512.7220	83.9490
6976.330	22522.7107	82.9779
6979.260	22502.0917	85.6278
6982.190	22426.9155	81.2783
6985.120	22349.2518	82.7375
6988.050	22282.8936	84.3501
6990.980	22252.6834	88.8300
6993.910	22199.0404	88.2357
6996.840	22137.4337	86.5786
6999.770	22104.6154	86.1734
7002.700	22066.2483	87.8365
7005.630	22043.3472	85.7231
7008.560	22013.4583	85.3764
7011.490	22022.1719	84.0948
7014.420	22060.3019	80.0435
7017.350	22022.4926	81.5958
7020.280	21976.7825	81.3225
7023.210	21957.3769	82.0508
7026.140	21927.7898	81.4508
7029.070	21910.6763	80.0299
7032.000	21896.9458	76.0704
7034.930	21837.3189	73.8955
7037.860	21788.7859	72.9172
7040.790	21749.7739	75.2416
7043.720	21699.7058	81.6467
7046.650	21675.7266	78.9252
7049.580	21670.0435	76.5765
7052.510	21675.4163	77.8896
7055.440	21610.8608	80.0503
7058.370	21606.3850	89.2706
7061.300	21616.4001	98.8233
7064.230	21615.2373	123.1402
7067.160	21550.7849	100.0623
7070.090	21466.7684	79.2498
7073.020	21399.4652	79.1180
7075.950	21404.4102	79.6270
7078.880	21383.2130	76.7877
7081.810	21342.9493	75.6742
7084.740	21292.2301	78.3873
7087.670	21288.9805	76.2886
7090.600	21253.1663	75.1293
7093.530	21200.2778	76.9222
7096.460	21142.8282	73.6184
7099.390	21157.3685	75.5606
7102.320	21158.4450	79.6785
7105.250	21139.5365	82.7135
7108.180	21080.0602	83.2266
7111.110	21016.0708	81.8134
7114.040	20970.8720	77.1896
7116.970	20962.5859	78.7550
7119.900	20999.7278	83.1868
7122.830	21006.7332	82.9299
7125.760	20963.1735	78.9525
7128.690	20936.6398	76.8280
7131.620	20910.0104	76.5867
7134.550	20875.4006	75.4044
7137.480	20861.1857	74.0087
7140.410	20853.0429	75.1541
7143.340	20880.6775	83.9366
7146.270	20849.5241	78.0234
7149.200	20751.6573	81.3164
7152.130	20660.0808	80.6523
7155.060	20610.2867	77.8781
7157.990	20601.1789	78.2995
7160.920	20570.9202	77.7174
7163.850	20547.3885	83.0813
7166.780	20523.2713	83.6993
7169.710	20499.1652	90.8028
7172.640	20479.7279	94.1139
7175.570	20456.3522	87.7227
7178.500	20410.8691	83.4297
7181.430	20399.2824	80.8983
7184.360	20365.5520	80.1639
7187.290	20316.9301	75.5021
7190.220	20300.6304	76.8883
7193.150	20255.7421	74.4041
7196.080	20225.8598	73.4970
7199.010	20220.8149	79.8976
7201.940	20211.4231	79.2378
7204.870	20214.4425	77.2757
7207.800	20194.2123	73.5709
7210.730	20175.4681	72.1115
7213.660	20125.2849	72.8182
7216.590	20087.1675	72.1526
7219.520	20128.5885	78.7321
7222.450	20104.7484	96.2203
7225.380	20056.3440	91.1209
7228.310	19992.7453	78.5647
7231.240	19938.8629	74.2346
7234.170	19948.2258	74.7821
7237.100	19939.4659	72.9488
7240.030	19900.5193	74.1857
7242.960	19868.3838	78.7349
7245.890	19827.6014	82.1200
7248.820	19813.3775	78.5482
7251.750	19777.7909	79.7037
7254.680	19721.0004	75.8426
7257.610	19680.9891	73.4102
7260.540	19655.5160	72.3208
7263.470	19619.7561	73.8759
7266.400	19573.2905	75.1085
7269.330	19510.5703	79.0395
7272.260	19475.7910	78.4595
7275.190	19476.5915	77.9888
7278.120	19512.2033	82.9612
7281.050	19524.8961	85.9553
7283.980	19475.2733	78.7010
7286.910	19432.5494	79.9166
7289.840	19377.9185	81.7188
7292.770	19335.8793	77.7304
7295.700	19319.0010	75.9639
7298.630	19321.3659	77.0420
7301.560	19304.3529	76.4964
7304.490	19280.7801	74.8428
7307.420	19228.0053	74.0208
7310.350	19206.9965	72.4641
7313.280	19204.3954	74.0424
7316.210	19178.5215	74.7255
7319.140	19166.9917	71.0258
7322.070	19184.5022	71.6592
7325.000	19160.1109	74.3895
7327.930	19142.5201	73.0894
7330.860	19134.9966	74.1797
7333.790	19060.6062	78.2093
7336.720	18979.9790	82.8987
7339.650	18981.8710	79.0533
7342.580	18995.7967	72.8165
7345.510	18988.1664	71.0891
7348.440	18971.7904	69.4967
7351.370	18945.9553	77.7455
7354.300	18877.6438	80.9438
7357.230	18860.6686	73.0945
7360.160	18842.8038	72.5030
7363.090	18784.8586	74.6192
7366.020	18741.7008	72.1211
7368.950	18780.6725	69.5955
7371.880	18809.3666	71.6107
7374.810	18784.7829	68.9461
7377.740	18719.9277	70.9516
7380.670	18671.6750	70.9481
7383.600	18661.3631	74.6852
7386.530	18630.8990	74.2374
7389.460	18647.7455	72.3839
7392.390	18602.6831	71.1384
7395.320	18548.2881	70.2505
7398.250	18501.7232	69.3940
7401.180	18469.0874	70.3021
7404.110	18442.8083	69.7703
7407.040	18429.8385	72.0394
7409.970	18407.0518	74.3868
7412.900	18382.6729	77.9667
7415.830	18361.1326	74.2518
7418.760	18364.6038	69.0011
7421.690	18372.1245	72.5309
7424.620	18344.4567	73.0789
7427.550	18306.3395	70.1270
7430.480	18279.2800	69.9874
7433.410	18238.7594	69.4877
7436.340	18192.8031	70.9314
7439.270	18138.2304	72.7202
7442.200	18128.9525	68.7796
7445.130	18144.4873	70.3005
7448.060	18119.5089	70.5429
7450.990	18059.1260	73.6171
7453.920	18021.3059	76.9230
7456.850	18020.2898	72.6943
7459.780	17993.7565	73.5503
7462.710	17955.0349	75.2143
7465.640	17894.8227	76.9816
7468.570	17875.5329	73.9790
7471.500	17877.2374	74.7163
7474.430	17870.1149	80.6740
7477.360	17841.9515	76.6733
7480.290	17808.5343	75.2745
7483.220	17816.8115	71.4855
7486.150	17805.1881	70.5422
7489.080	17776.0482	70.8018
7492.010	17746.3525	73.8759
7494.940	17711.5882	75.1197
7497.870	17646.7962	76.3285
7500.800	17634.8896	74.4740
7503.730	17649.0735	72.1125
7506.660	17633.3162	71.1138
7509.590	17629.4932	71.1956
7512.520	17608.1514	71.7584
7515.450	17587.2565	66.8677
7518.380	17557.6692	69.9834
7521.310	17548.2811	70.9684
7524.240	17545.3907	72.4350
7527.170	17494.0721	70.9561
7530.100	17467.3052	71.4656
7533.030	17457.6463	71.2536
7535.960	17431.7709	65.4116
7538.890	17402.0928	69.2288
7541.820	17376.0486	70.8920
7544.750	17354.9490	70.0746
7547.680	17319.1303	64.9330
7550.610	17309.9928	67.3443
7553.540	17281.4651	64.4437
7556.470	17298.0400	65.7481
7559.400	17265.2641	68.6380
7562.330	17219.6456	70.3523
7565.260	17191.1089	77.3813
7568.190	17186.2887	79.6299
7571.120	17169.2185	71.5288
7574.050	17152.4293	67.2574
7576.980	17126.3078	64.7113
7579.910	17080.3242	69.3976
7582.840	17076.8361	73.8869
7585.770	17034.7578	80.4390
7588.700	16975.0590	82.3306
7591.630	16925.1535	87.5103
7594.560	16843.1229	91.8140
7597.490	16819.0282	89.3387
7600.420	16803.8822	81.9587
7603.350	16848.2251	76.6331
7606.280	16840.3219	67.9078
7609.210	16814.4291	65.6516
7612.140	16789.9904	62.4799
7615.070	16817.4298	66.3957
7618.000	16791.7862	65.5261
7620.930	16751.5477	69.7047
7623.860	16723.2616	79.5407
7626.790	16684.5795	74.7153
7629.720	16648.5475	72.9813
7632.650	16647.5471	67.2143
7635.580	16627.3092	62.5888
7638.510	16593.0633	64.0316
7641.440	16576.3348	72.9313
7644.370	16601.9987	69.1712
7647.300	16612.3747	64.8290
7650.230	16555.9262	69.1838
7653.160	16534.0814	64.9335
7656.090	16531.7118	70.5282
7659.020	16544.0196	74.9942
7661.950	16552.0610	73.9747
7664.880	16548.7930	69.6734
7667.810	16528.2893	63.1030
7670.740	16461.0981	61.5510
7673.670	16427.5173	65.0858
7676.600	16414.7906	67.1830
7679.530	16370.5841	71.5779
7682.460	16340.9196	67.7080
7685.390	16316.2483	71.6317
7688.320	16278.7801	69.7022
7691.250	16292.7923	70.8002
7694.180	16283.3308	65.2501
7697.110	16264.8047	64.4850
7700.040	16260.6593	64.1231
7702.970	16217.2282	64.1888
7705.900	16172.5783	63.2925
7708.830	16115.5192	63.5870
7711.760	16117.3168	65.9153
7714.690	16119.6600	66.2400
7717.620	16127.0426	62.0380
7720.550	16120.9565	68.1433
7723.480	16138.6455	69.3639
7726.410	16141.8287	67.3268
7729.340	16084.7602	69.2814
7732.270	16039.0640	67.8206
7735.200	15993.6117	63.8312
7738.130	15979.4708	65.1125
7741.060	15968.8685	60.4662
7743.990	15939.1281	65.8170
7746.920	15937.0919	60.5928
7749.850	15931.7413	59.7881
7752.780	15915.6275	59.4100
7755.710	15885.8853	63.4636
7758.640	15836.1197	60.9849
7761.570	15773.9416	63.5175
7764.500	15667.6760	63.1492
7767.430	15480.9703	58.9343
7770.360	15169.0586	63.8125
7773.290	14955.3804	63.9190
7776.220	15004.4708	62.1889
7779.150	15246.4447	63.2733
7782.080	15497.4469	59.5276
7785.010	15602.5516	62.5572
7787.940	15616.2062	61.6449
7790.870	15604.4764	59.3507
7793.800	15552.7123	58.0228
7796.730	15552.3145	60.4212
7799.660	15581.5568	60.1226
7802.590	15572.4258	64.1042
7805.520	15530.6046	69.9918
7808.450	15498.4400	64.7049
7811.380	15495.7247	62.8477
7814.310	15477.2902	59.8556
7817.240	15437.5580	61.1513
7820.170	15414.2170	61.4202
7823.100	15415.0530	60.8503
7826.030	15416.4671	61.2941
7828.960	15408.3454	63.6879
7831.890	15355.3916	69.5447
7834.820	15353.6899	64.0257
7837.750	15316.6571	62.5274
7840.680	15295.7296	61.1974
7843.610	15228.5859	59.8590
7846.540	15202.8108	62.2848
7849.470	15199.1581	66.5678
7852.400	15194.7977	64.0439
7855.330	15199.2035	66.2190
7858.260	15178.7367	62.7605
7861.190	15173.9416	60.4642
7864.120	15191.8031	60.5709
7867.050	15159.3766	62.1957
7869.980	15060.8429	66.9710
7872.910	14974.6093	63.5685
7875.840	14921.8222	63.5165
7878.770	14908.1622	58.6894
7881.700	14924.2687	59.8103
7884.630	14933.8053	64.2119
7887.560	14922.4211	62.6375
7890.490	14878.0420	57.1710
7893.420	14845.0047	57.6174
7896.350	14837.8628	58.4408
7899.280	14852.5661	63.2251
7902.210	14894.7028	63.0252
7905.140	14910.3348	65.1979
7908.070	14886.5181	64.3648
7911.000	14848.1264	67.6917
7913.930	14791.0712	66.2099
7916.860	14755.0585	63.7518
7919.790	14737.9406	60.4548
7922.720	14705.6053	65.3359
7925.650	14718.5755	62.4691
7928.580	14724.4480	59.1229
7931.510	14705.1215	60.0753
7934.440	14669.4940	61.3247
7937.370	14660.5580	59.3838
7940.300	14647.9420	54.5513
7943.230	14634.1812	54.8805
7946.160	14594.9843	55.9308
7949.090	14519.3054	55.4939
7952.020	14482.4000	57.5934
7954.950	14514.0878	57.2206
7957.880	14491.5816	60.4962
7960.810	14490.5872	64.5456
7963.740	14472.4857	64.3201
7966.670	14471.4870	62.8414
7969.600	14458.8327	59.9749
7972.530	14477.6277	64.1313
7975.460	14461.5848	59.4441
7978.390	14472.3377	61.7049
7981.320	14456.6074	59.2020
7984.250	14434.1724	58.5673
7987.180	14385.4681	61.2095
7990.110	14357.6257	62.8609
7993.040	14338.3495	60.2015
7995.970	14327.7287	61.5011
7998.900	14313.0734	58.2616
8001.830	14269.1161	56.6650
8004.760	14260.2711	52.4586
8007.690	14259.7917	51.0605
8010.620	14281.9547	49.6525
8013.550	14271.0807	53.4400
8016.480	14305.7733	57.4878
8019.410	14312.8607	59.2736
8022.340	14258.8070	59.2169
8025.270	14272.5631	57.3340
8028.200	14233.2876	62.6131
8031.130	14182.8616	57.7249
8034.060	14113.4041	55.3136
8036.990	14068.8815	55.5681
8039.920	14049.0205	56.5533
8042.850	14024.9979	55.5725
8045.780	14020.6416	56.1081
8048.710	13987.7036	57.4824
8051.640	13929.0029	59.0621
8054.570	13897.4619	65.0861
8057.500	13905.0259	57.9404
8060.430	13897.5137	54.5692
8063.360	13944.4586	56.2081
8066.290	13974.9079	51.5367
8069.220	13953.1893	58.8028
8072.150	13934.9201	57.4921
8075.080	13942.9038	56.5055
8078.010	13915.8863	60.1697
8080.940	13833.0017	63.2978
8083.870	13815.2396	58.0770
8086.800	13771.8108	56.2375
8089.730	13761.2657	53.8067
8092.660	13766.5873	54.3236
8095.590	13740.4085	55.2141
8098.520	13706.6053	55.2396
8101.450	13672.1306	57.2899
8104.380	13674.1971	57.2151
8107.310	13636.8570	59.4453
8110.240	13637.2930	55.3669
8113.170	13650.4246	58.7367
8116.100	13650.6015	60.7669
8119.030	13636.4676	59.3757
8121.960	13639.0680	58.2988
8124.890	13643.6912	52.8369
8127.820	13664.3447	51.4481
8130.750	13652.4835	53.7584
8133.680	13591.3062	51.3471
8136.610	13514.4961	56.0083
8139.540	13472.4035	54.4373
8142.470	13445.6649	55.9383
8145.400	13444.9229	51.9080
8148.330	13436.5919	50.4002
8151.260	13454.2324	51.6956
8154.190	13448.1699	53.1537
8157.120	13419.1308	56.2372
8160.050	13398.6374	56.3232
8162.980	13372.3317	58.9312
8165.910	13361.3945	60.3505
8168.840	13300.3934	67.1216
8171.770	13282.4487	64.7208
8174.700	13284.8837	59.6743
8177.630	13252.4067	58.6705
8180.560	13210.5456	62.2694
8183.490	13144.0529	64.7102
8186.420	13117.7616	58.8707
8189.350	13107.8967	58.3041
8192.280	13132.3268	55.6315
8195.210	13133.1150	56.7378
8198.140	13109.5237	50.2322
8201.070	13099.2165	50.2947
8204.000	13086.3198	51.7025
8206.930	13065.9351	53.6399
8209.860	13033.9103	49.6154
8212.790	13003.2448	49.2774
8215.720	12970.3711	47.6679
8218.650	12955.0188	51.9392
8221.580	12945.6934	56.9222
8224.510	12906.7620	60.0622
8227.440	12872.8778	67.3116
8230.370	12866.8713	78.4279
8233.300	12915.0420	70.3960
8236.230	12898.9909	60.8928
8239.160	12902.6317	55.5141
8242.090	12896.3672	47.1213
8245.020	12900.4063	47.9727
8247.950	12908.9313	48.9334
8250.880	12865.3593	49.2589
8253.810	12840.5914	51.3914
8256.740	12804.2911	57.1105
8259.670	12801.3279	52.9747
8262.600	12776.9410	52.4090
8265.530	12769.2956	51.3829
8268.460	12740.3567	50.5644
8271.390	12757.7556	49.6010
8274.320	12771.7219	47.2784
8277.250	12777.3346	45.6405
8280.180	12728.4930	49.4458
8283.110	12703.6251	47.6250
8286.040	12644.2036	48.4494
8288.970	12642.3998	50.3663
8291.900	12666.0129	52.6743
8294.830	12611.3416	52.8248
8297.760	12535.9532	52.1154
8300.690	12510.5471	49.0947
8303.620	12604.2363	45.4732
8306.550	12613.8036	47.8938
8309.480	12599.0283	51.9870
8312.410	12590.2161	51.1812
8315.340	12578.9712	56.8856
8318.270	12576.8186	55.1750
8321.200	12577.0895	52.9491
8324.130	12573.1549	52.1097
8327.060	12533.3032	56.6206
8329.990	12490.2495	58.2792
8332.920	12502.8008	56.9507
8335.850	12462.7267	57.1830
8338.780	12404.9634	54.9259
8341.710	12314.4710	54.9849
8344.640	12279.4115	53.1367
8347.570	12354.5381	48.1621
8350.500	12329.1057	52.5229
8353.430	12250.5787	54.5183
8356.360	12271.7805	50.1072
8359.290	12294.2887	50.3261
8362.220	12278.7318	56.4308
8365.150	12258.9706	55.4009
8368.080	12239.0644	48.9912
8371.010	12281.5000	48.5749
8373.940	12299.5234	46.6657
8376.870	12299.6050	52.5287
8379.800	12273.6654	56.7430
8382.730	12259.6167	58.3999
8385.660	12287.2503	51.8034
8388.590	12243.2507	48.5956
8391.520	12194.2442	48.8889
8394.450	12159.2284	51.9069
8397.380	12140.2756	53.7535
8400.310	12161.5413	49.6032
8403.240	12196.9285	44.7847
8406.170	12144.9973	43.3478
8409.100	12093.4541	46.4513
8412.030	12041.1694	52.1077
8414.960	12008.2656	56.8858
8417.890	12081.4912	48.1353
8420.820	12160.8316	44.5435
8423.750	12139.0065	46.0068
8426.680	12026.4238	50.7316
8429.610	11944.4321	59.5048
8432.540	11959.9674	52.3602
8435.470	11921.6978	52.8837
8438.400	11803.1672	51.2081
8441.330	11664.9053	47.8308
8444.260	11546.8154	44.9586
8447.190	11549.7584	46.3609
8450.120	11676.3871	59.0107
8453.050	11839.2812	50.1751
8455.980	11900.5442	48.0842
8458.910	11840.4196	55.6359
8461.840	11712.1794	54.9658
8464.770	11632.9644	54.3200
8467.700	11654.1942	51.9212
8470.630	11705.0330	48.9849
8473.560	11780.0649	49.6293
8476.490	11904.4156	51.2175
8479.420	12010.2077	51.1254
8482.350	12044.9296	51.4015
8485.280	12032.1936	58.4443
8488.210	11966.8728	57.1695
8491.140	11810.4640	55.1335
8494.070	11708.2822	66.0772
8497.000	11531.3943	84.2267
8499.930	11249.0597	63.9340
8502.860	11110.6385	52.6463
8505.790	11217.7254	55.4096
8508.720	11421.4477	53.4767
8511.650	11657.2421	49.9324
8514.580	11832.3819	54.5857
8517.510	11927.1876	53.4123
8520.440	11957.5339	51.8877
8523.370	11980.7236	51.1337
8526.300	11986.9986	55.6773
8529.230	11868.1514	62.7440
8532.160	11715.9210	56.0875
8535.090	11507.6099	54.3836
8538.020	11325.4122	94.6423
8540.950	11097.6898	115.0510
8543.880	10827.3006	83.6144
8546.810	10677.2162	52.2850
8549.740	10858.1909	60.4436
8552.670	11165.0052	55.1987
8555.600	11465.9665	49.4384
8558.530	11726.9132	47.5582
8561.460	11943.9642	49.7210
8564.390	12111.5472	49.4607
8567.320	12174.1965	50.7906
8570.250	12167.9022	52.1926
8573.180	12164.3115	54.2232
8576.110	12094.2879	54.6458
8579.040	11982.1803	55.4449
8581.970	11763.6000	58.7785
8584.900	11498.1142	56.3927
8587.830	11183.8076	53.3029
8590.760	10807.2923	45.3792
8593.690	10449.1569	42.6526
8596.620	10183.8677	41.7215
8599.550	10133.5692	47.4219
8602.480	10323.0277	45.4856
8605.410	10697.2335	41.3362
8608.340	11077.7313	40.3213
8611.270	11396.4391	42.6880
8614.200	11674.1516	47.5163
8617.130	11890.3202	46.4202
8620.060	11996.4674	53.6706
8622.990	12094.5879	66.2825
8625.920	12134.3944	59.5863
8628.850	12189.4297	55.0491
8631.780	12172.3627	51.3728
8634.710	12109.6961	58.8262
8637.640	12035.7578	60.6987
8640.570	11968.1585	59.4327
8643.500	11843.9604	54.5226
8646.430	11656.4064	51.2296
8649.360	11327.5894	52.6889
8652.290	10934.6397	51.1390
8655.220	10564.1894	40.9093
8658.150	10192.0389	79.9918
8661.080	9867.0083	92.5372
8664.010	9568.0385	70.0510
8666.940	9478.7049	49.0097
8669.870	9736.2362	47.6830
8672.800	10138.7925	46.6976
8675.730	10517.9549	47.3911
8678.660	10841.9290	49.3433
8681.590	11133.8792	48.8450
8684.520	11422.6277	49.1840
8687.450	11694.6039	48.8485
8690.380	11886.8089	49.7468
8693.310	12027.5196	49.5208
8696.240	12152.7745	48.9321
8699.170	12208.0617	50.8563
8702.100	12225.5648	52.0793
8705.030	12217.8077	53.3753
8707.960	12221.1007	51.5627
8710.890	12244.1349	51.5263
8713.820	12179.8880	50.9581
8716.750	12086.3155	47.3818
8719.680	11954.4620	48.6826
8722.610	11803.0831	50.3893
8725.540	11702.4484	45.2039
8728.470	11572.9040	44.2371
8731.400	11383.4569	43.5847
8734.330	11099.5952	42.7233
8737.260	10712.8865	43.9074
8740.190	10264.6681	41.3127
8743.120	9771.4577	41.2145
8746.050	9291.8440	38.9308
8748.980	8967.2894	34.7581
8751.910	8914.0384	38.1673
8754.840	9194.8587	38.2800
8757.770	9650.3792	38.8555
8760.700	10119.0891	43.1521
8763.630	10560.0099	47.2928
8766.560	10897.9223	49.4489
8769.490	11180.3950	51.2311
8772.420	11397.4028	53.1215
8775.350	11505.5483	53.4240
8778.280	11621.5568	50.5352
8781.210	11703.4672	54.1629
8784.140	11790.8086	55.9579
8787.070	11866.5028	56.3578
8790.000	11959.4167	51.1001
8792.930	12054.7248	48.2916
8795.860	12084.9575	45.6109
8798.790	12055.1157	47.4238
8801.720	12056.1531	52.3929
8804.650	12110.6178	60.7569
8807.580	12090.2957	57.3090
8810.510	12022.9134	57.6561
8813.440	12000.8773	59.5895
8816.370	11940.4084	57.7584
8819.300	11897.3571	54.9009
8822.230	11830.7793	53.8267
8825.160	11684.3449	55.8838
8828.090	11654.0562	49.4961
8831.020	11605.7646	49.3493
8833.950	11444.8122	49.4920
8836.880	11347.4606	47.3015
8839.810	11224.9717	42.8470
8842.740	11031.3623	43.6777
8845.670	10709.3000	46.3966
8848.600	10324.4267	53.8156
8851.530	9902.7798	50.7098
8854.460	9382.1036	45.0633
8857.390	8832.1036	40.0895
8860.320	8428.7784	33.9614
8863.250	8258.0557	35.5703
8866.180	8409.2466	39.9262
8869.110	8847.0677	41.3282
8872.040	9404.3935	39.5721
8874.970	9879.7387	41.4888
8877.900	10279.2486	38.3334
8880.830	10555.2571	41.1994
8883.760	10721.8451	47.0162
8886.690	10925.7255	44.5368
8889.620	11131.0266	39.9978
8892.550	11252.2724	45.3234
8895.480	11360.7309	54.0355
8898.410	11445.4505	54.3053
8901.340	11506.0230	54.3890
8904.270	11560.7257	51.7670
8907.200	11565.0905	50.7020
8910.130	11573.8635	46.6550
8913.060	11608.0981	51.9335
8915.990	11566.9059	49.0515
8918.920	11627.8694	47.7835
8921.850	11710.4551	53.1271
8924.780	11709.8778	57.8763
8927.710	11628.0711	55.2610
8930.640	11544.3973	48.9709
8933.570	11511.8853	47.3453
8936.500	11495.9277	50.5556
8939.430	11485.0010	54.2133
8942.360	11531.7537	52.3759
8945.290	11614.4785	49.1705
8948.220	11628.8816	49.7099
8951.150	11644.3526	48.5739
8954.080	11559.2763	53.6098
8957.010	11458.1395	51.4874
8959.940	11459.2905	43.0001
8962.870	11445.5331	44.7098
8965.800	11448.1968	48.4322
8968.730	11414.1316	50.4293
8971.660	11317.7418	55.8810
8974.590	11217.7621	54.2780
8977.520	11120.7822	52.4511
8980.450	11026.9469	48.4281
8983.380	10895.3857	46.3490
8986.310	10774.6930	48.7526
8989.240	10681.2660	50.0623
8992.170	10560.9156	47.6033
8995.100	10371.7608	50.1743
8998.030	10064.5442	50.1052
9000.960	9660.4396	44.2689
9003.890	9215.8129	41.3581
9006.820	8705.9756	39.3785
9009.750	8212.9145	39.7481
9012.680	7859.3857	42.7388
9015.610	7778.2421	41.5704
9018.540	7991.2914	37.1669
9021.470	8407.1734	39.4621
9024.400	8878.5601	44.3251
9027.330	9287.0385	46.4341
9030.260	9603.7976	42.9954
9033.190	9867.2143	37.2016
9036.120	10109.2344	38.4735
9039.050	10317.9557	38.7201
9041.980	10483.0700	46.3548
9044.910	10618.6171	47.1602
9047.840	10686.9967	53.3190
9050.770	10716.9274	52.5993
9053.700	10742.8355	48.0950
9056.630	10737.0479	40.7497
9059.560	10709.7912	44.6958
9062.490	10705.7159	46.9903
9065.420	10769.7755	51.4598
9068.350	10895.6552	54.7345
9071.280	11034.2894	52.5241
9074.210	11130.2634	50.2232
9077.140	11094.7870	48.5616
9080.070	10998.2164	54.7831
9083.000	10945.6832	48.7964
9085.930	10922.6378	47.2301
9088.860	10889.4908	49.5181
9091.790	10821.9197	52.1079
9094.720	10769.9605	45.0490
9097.650	10775.3249	46.0109
9100.580	10799.0827	52.1953
9103.510	10821.6777	50.5647
9106.440	10867.0930	49.6753
9109.370	10908.6928	53.0558
9112.300	10931.3108	54.4233
9115.230	10938.0597	57.8607
9118.160	10914.1128	56.3821
9121.090	10803.5510	47.8738
9124.020	10707.1864	45.9073
9126.950	10655.4324	46.5230
9129.880	10653.8177	51.5628
9132.810	10702.8481	54.2301
9135.740	10791.5797	50.5334
9138.670	10869.6218	52.5909
9141.600	10907.1040	51.0435
9144.530	10862.6832	49.9054
9147.460	10781.2505	45.0314
9150.390	10717.9637	48.5341
9153.320	10705.1765	50.9521
9156.250	10752.6021	50.3523
9159.180	10773.9196	50.8612
9162.110	10745.0908	50.0554
9165.040	10652.5663	51.9312
9167.970	10552.3687	50.0953
9170.900	10480.8420	47.1334
9173.830	10445.1636	51.6953
9176.760	10452.5274	50.6537
9179.690	10468.5636	50.7282
9182.620	10482.9497	51.9999
9185.550	10505.2706	45.5413
9188.480	10464.4740	46.7157
9191.410	10377.5488	44.4862
9194.340	10237.2070	44.2538
9197.270	10089.2304	48.6031
9200.200	9988.2586	43.9448
9203.130	9882.7155	49.0601
9206.060	9717.6304	47.8420
9208.990	9524.7995	45.9887
9211.920	9207.9028	43.6558
9214.850	8817.6576	41.2213
9217.780	8380.2743	41.8022
9220.710	7924.9133	39.3408
9223.640	7499.3069	34.1562
9226.570	7205.6713	34.9561
9229.500	7127.9869	33.8756
9232.430	7292.0005	36.4500
9235.360	7630.2216	35.2182
9238.290	8047.9391	34.3737
9241.220	8399.3914	38.5663
9244.150	8717.6470	43.3748
9247.080	8973.7100	48.1906
9250.010	9226.3017	50.0182
9252.940	9446.6797	45.8073
9255.870	9546.8008	43.1154
9258.800	9499.1334	43.0504
9261.730	9432.6703	44.9468
9264.660	9466.9806	46.2399
9267.590	9629.1139	48.1643
9270.520	9802.9299	51.4482
9273.450	9916.2817	53.2998
9276.380	9966.2818	55.0316
9279.310	10012.2852	57.7514
9282.240	10020.0167	48.5007
9285.170	10079.4683	45.8862
9288.100	10146.3268	46.6139
9291.030	10165.7176	42.7216
9293.960	10210.4479	41.1588
9296.890	10270.9054	45.3386
9299.820	10314.8925	49.7557
9302.750	10267.3446	55.1680
9305.680	10157.0409	47.5142
9308.610	10051.8827	48.8962
9311.540	9948.9294	47.6591
9314.470	9897.6526	55.9442
9317.400	9919.1137	51.9676
9320.330	9949.6256	56.6991
9323.260	10007.8340	61.8656
9326.190	10072.6913	57.5776
9329.120	10120.4891	53.1589
9332.050	10103.2187	57.9392
9334.980	10007.4049	63.6962
9337.910	9943.8889	70.6605
9340.840	9961.4994	67.0026
9343.770	9944.2823	63.6390
9346.700	9902.0015	59.4419
9349.630	9840.4804	56.0402
9352.560	9863.4681	62.1754
9355.490	9919.6425	61.3144
9358.420	9955.7442	52.1663
9361.350	9947.0963	53.1179
9364.280	9940.1210	53.2626
9367.210	9933.1397	56.3394
9370.140	9871.5400	53.7694
9373.070	9805.1352	51.9591
9376.000	9805.7382	52.5032
9378.930	9851.8306	58.4333
9381.860	9832.9605	54.9775
9384.790	9801.6519	44.1308
9387.720	9763.6087	43.7885
9390.650	9731.5139	48.3407
9393.580	9700.8427	55.0436
9396.510	9707.2717	50.6302
9399.440	9674.7303	51.4548
9402.370	9715.3198	52.1751
9405.300	9782.6090	56.3217
9408.230	9753.6815	56.6991
9411.160	9674.1797	67.4693
9414.090	9583.2191	63.9109
9417.020	9532.1487	51.9580
9419.950	9552.2606	53.6967
9422.880	9609.7426	54.4631
9425.810	9639.9168	52.8326
9428.740	9676.9648	51.9500
9431.670	9685.4565	48.3326
9434.600	9670.0551	47.2283
9437.530	9647.0017	57.1026
9440.460	9601.8693	62.7404
9443.390	9587.4082	55.5962
9446.320	9618.9571	51.0167
9449.250	9596.0667	48.8866
9452.180	9554.1866	52.1316
9455.110	9486.4947	52.4364
9458.040	9442.0814	50.3616
9460.970	9450.3662	46.1320
9463.900	9479.8102	44.5926
9466.830	9493.1909	43.8698
9469.760	9492.2806	46.8095
9472.690	9484.5374	49.2667
9475.620	9473.8323	53.1726
9478.550	9385.8610	54.5669
9481.480	9296.0267	51.0783
9484.410	9314.6380	47.0903
9487.340	9247.6038	52.8011
9490.270	9200.9815	49.4650
9493.200	9218.4281	48.2326
9496.130	9236.8064	51.2149
9499.060	9233.8422	54.6309
9501.990	9223.9182	50.1038
9504.920	9191.2992	46.3393
9507.850	9158.8882	45.1215
9510.780	9108.7729	51.3317
9513.710	8988.6092	57.1159
9516.640	8827.3198	58.9424
9519.570	8642.3934	51.9066
9522.500	8511.5823	41.3391
9525.430	8384.4996	39.0705
9528.360	8233.4766	39.5904
9531.290	7951.4862	38.6528
9534.220	7662.1621	40.1629
9537.150	7298.8151	41.3030
9540.080	6918.0118	41.3667
9543.010	6610.3049	41.6456
9545.940	6417.9596	39.9024
9548.870	6450.9579	40.2870
9551.800	6679.3088	41.7544
9554.730	7091.6086	41.0789
9557.660	7501.6953	45.6955
9560.590	7805.8971	45.9737
9563.520	8041.1713	50.8251
9566.450	8282.9512	58.2081
9569.380	8500.7100	54.6912
9572.310	8646.0108	48.9481
9575.240	8674.9922	45.0406
9578.170	8661.3270	48.4646
9581.100	8644.0114	49.4853
9584.030	8676.2503	53.4280
9586.960	8743.4946	62.8226
9589.890	8826.0854	64.1889
9592.820	8927.1891	60.6987
9595.750	8951.2619	60.1318
9598.680	8932.0036	56.1212
9601.610	8915.9947	60.5481
9604.540	8862.0851	66.8635
9607.470	8913.7923	71.7678
9610.400	8979.9675	77.7515
9613.330	8970.8364	77.0266
9616.260	8851.3667	68.4716
9619.190	8799.5391	81.3782
9622.120	8771.2798	84.8279
9625.050	8714.6324	84.1916
9627.980	8718.1993	77.3380
9630.910	8706.8484	73.4969
9633.840	8769.2733	77.6894
9636.770	8833.8164	80.6146
9639.700	8840.4661	78.1681
9642.630	8828.9670	82.4068
9645.560	8793.2256	86.4094
9648.490	8782.3018	82.9888
9651.420	8778.8753	85.4976
9654.350	8710.3817	82.5610
9657.280	8740.0266	83.2816
9660.210	8698.2683	92.2467
9663.140	8664.1074	92.0112
9666.070	8628.6570	90.1798
9669.000	8684.3205	88.2751
9671.930	8731.2432	94.9690
9674.860	8757.1195	95.2889
9677.790	8764.5677	99.5787
9680.720	8706.2073	94.8758
9683.650	8714.4407	101.9902
9686.580	8661.9293	100.4116
9689.510	8585.0244	101.2248
9692.440	8559.0633	101.0917
9695.370	8564.9429	101.9169
9698.300	8588.3668	99.2357
9701.230	8621.7960	105.6334
