3298.680	59609.1334	359.9086
3301.060	59437.0328	426.3608
3303.440	58806.0098	389.2461
3305.820	58813.7846	329.1976
3308.200	58685.8798	332.9342
3310.580	58275.6597	360.9364
3312.960	58186.4979	340.9670
3315.340	58200.8704	337.4881
3317.720	58558.4013	359.1397
3320.100	57956.6324	417.2673
3322.480	56908.4309	337.6375
3324.860	56945.7087	307.3500
3327.240	57441.3427	317.3887
3329.620	57724.7188	312.1478
3332.000	57765.8767	352.8664
3334.380	57213.3278	324.9275
3336.760	56728.8581	309.6750
3339.140	56401.5948	298.9072
3341.520	56256.9729	294.1968
3343.900	56895.5273	311.2003
3346.280	56638.5236	273.0049
3348.660	55622.5833	305.5906
3351.040	56228.5973	292.5514
3353.420	57411.8374	324.5280
3355.800	57270.1509	393.6848
3358.180	56151.8505	341.6697
3360.560	56406.3224	366.7223
3362.940	57023.5607	310.1937
3365.320	57047.6618	330.5236
3367.700	56532.0921	308.2445
3370.080	56243.4222	311.3582
3372.460	56500.4664	319.6190
3374.840	57181.8261	325.1848
3377.220	56524.6792	385.8239
3379.600	55651.3318	249.5580
3381.980	55842.1791	257.7180
3384.360	56760.1355	268.2125
3386.740	56823.8227	336.2393
3389.120	56652.9487	295.8945
3391.500	56101.7832	266.6940
3393.880	56152.7089	327.8465
3396.260	57233.9104	273.6985
3398.640	57775.7888	352.6643
3401.020	57089.0254	364.0442
3403.400	56592.5835	288.6177
3405.780	56643.1901	258.0655
3408.160	56644.5999	245.6120
3410.540	57421.6839	264.7555
3412.920	57717.1160	297.4718
3415.300	57653.6486	278.1594
3417.680	57389.7191	315.4017
3420.060	56785.9600	341.8365
3422.440	56467.1726	293.1020
3424.820	57189.1553	245.7809
3427.200	57897.8505	243.1746
3429.580	57740.2230	315.2877
3431.960	56982.1499	338.7744
3434.340	56721.0029	334.0963
3436.720	56621.5925	341.0970
3439.100	56121.8213	301.5725
3441.480	55836.0058	319.1626
3443.860	55797.2903	300.6766
3446.240	56944.2595	254.6425
3448.620	57379.9377	343.0458
3451.000	57252.5598	330.3114
3453.380	56675.7412	309.7817
3455.760	56226.0977	283.1177
3458.140	55851.5062	243.1249
3460.520	55564.9077	262.4399
3462.900	55989.7420	257.7805
3465.280	56256.9024	351.8368
3467.660	56592.0632	318.9571
3470.040	56311.6976	338.9424
3472.420	55745.7436	279.9271
3474.800	55312.5271	265.5363
3477.180	55475.2769	312.8074
3479.560	55743.2337	366.1306
3481.940	55728.0456	325.4220
3484.320	55897.5945	280.6631
3486.700	55766.2275	295.6667
3489.080	55633.7606	264.8825
3491.460	55136.9668	274.5900
3493.840	54346.0482	237.9202
3496.220	54373.2676	252.7263
3498.600	55364.5479	242.3602
3500.980	55829.1358	310.4308
3503.360	55571.3408	326.2570
3505.740	55664.9625	301.5030
3508.120	55794.3953	262.3176
3510.500	55643.3687	249.8206
3512.880	55520.2745	255.4222
3515.260	55592.8681	252.5034
3517.640	55896.6511	216.3470
3520.020	55750.7890	227.1199
3522.400	55840.7859	256.9259
3524.780	56128.4131	352.6008
3527.160	56122.5067	241.8776
3529.540	56220.2332	232.2269
3531.920	56239.3907	249.9223
3534.300	56084.9509	227.5789
3536.680	56182.8751	229.5399
3539.060	56461.4733	240.7429
3541.440	56489.0332	263.2765
3543.820	56328.1220	274.7489
3546.200	56238.0785	303.8541
3548.580	56444.9732	270.9928
3550.960	56539.9215	287.3845
3553.340	56166.1641	292.7693
3555.720	55373.5792	299.5986
3558.100	55204.2082	305.9888
3560.480	55635.4336	282.9113
3562.860	55614.9210	242.7034
3565.240	55095.0893	248.4563
3567.620	54897.2160	220.6048
3570.000	54446.9886	294.9271
3572.380	54324.2701	240.6632
3574.760	54466.6524	246.1696
3577.140	54542.1671	260.4514
3579.520	55033.4044	278.7124
3581.900	54924.8416	268.5931
3584.280	54442.3107	273.2938
3586.660	54268.1632	257.1634
3589.040	54670.2076	244.3281
3591.420	54842.4252	264.7862
3593.800	54630.5763	333.0803
3596.180	54787.0598	349.7491
3598.560	55254.1085	316.2514
3600.940	55290.6125	251.1496
3603.320	54756.4298	237.8909
3605.700	54858.7770	251.7348
3608.080	54661.0577	224.7984
3610.460	54358.9242	272.9484
3612.840	53878.9219	337.5808
3615.220	54021.8479	305.9857
3617.600	54680.6682	221.0003
3619.980	54543.6579	279.9006
3622.360	54582.8990	259.0822
3624.740	54602.7006	354.2032
3627.120	54690.5909	335.9194
3629.500	54416.3309	280.7825
3631.880	54499.1301	303.6435
3634.260	54964.9011	289.8123
3636.640	55093.3018	281.1625
3639.020	54824.2780	251.0648
3641.400	54694.3897	243.8939
3643.780	54517.4018	252.0171
3646.160	54552.9844	239.3629
3648.540	54515.6433	249.1062
3650.920	54544.1168	210.7185
3653.300	54794.3970	266.9921
3655.680	54857.9184	268.3834
3658.060	54515.5942	249.8343
3660.440	54319.8631	216.2907
3662.820	54381.8794	209.4032
3665.200	54614.4693	215.9916
3667.580	54802.9823	218.4309
3669.960	54671.5487	251.9313
3672.340	54514.2223	299.9150
3674.720	54350.4145	269.4866
3677.100	53938.5179	243.0739
3679.480	54033.6917	224.0143
3681.860	54164.1573	232.1845
3684.240	53871.1809	240.2621
3686.620	54123.6235	253.7697
3689.000	54694.7948	258.4307
3691.380	55258.8944	260.6797
3693.760	55331.7047	271.2132
3696.140	55289.2647	259.4108
3698.520	56224.1085	254.0110
3700.900	56491.5720	354.7566
3703.280	55145.1250	283.9893
3705.660	56842.9836	267.1490
3708.040	58972.5581	239.8693
3710.420	55938.5738	249.3990
3712.800	55984.6694	290.1241
3715.180	63136.9361	360.6896
3717.560	65975.5778	293.1677
3719.940	59679.2378	330.5443
3722.320	56401.7813	239.2483
3724.700	64636.9598	313.3070
3727.080	74781.2558	410.7814
3729.460	74648.3975	377.8724
3731.840	63618.7347	367.8810
3734.220	55039.2129	292.6767
3736.600	61700.3828	284.1481
3738.980	77032.0834	488.8580
3741.360	87738.3171	515.1539
3743.740	86079.4021	341.8512
3746.120	73102.4656	359.7127
3748.500	58008.5791	291.6064
3750.880	55866.6261	297.4242
3753.260	69350.3935	561.5999
3755.640	86229.8692	497.3618
3758.020	97972.1659	389.5862
3760.400	102288.5729	403.9127
3762.780	98826.2391	446.6371
3765.160	86764.5552	409.2123
3767.540	69175.4699	339.9607
3769.920	56001.2252	258.9923
3772.300	60121.8279	289.3249
3774.680	78868.6456	366.0973
3777.060	100143.7012	424.0172
3779.440	117569.6592	440.4076
3781.820	127892.7445	517.3728
3784.200	130593.5436	530.3851
3786.580	126791.2861	622.8048
3788.960	117812.8442	486.1500
3791.340	101932.5687	464.7717
3793.720	80929.6070	415.7895
3796.100	61576.4646	322.2808
3798.480	56181.0579	266.7476
3800.860	69917.5562	334.2992
3803.240	91167.2634	416.6165
3805.620	111248.5552	540.0819
3808.000	127698.7792	517.7060
3810.380	138027.7038	621.7003
3812.760	142188.3134	644.7494
3815.140	144630.2675	844.5768
3817.520	146647.6445	843.8352
3819.900	144249.8638	839.9132
3822.280	137624.8236	665.9269
3824.660	126574.9275	520.8577
3827.040	112042.2059	461.3335
3829.420	94127.4547	399.3841
3831.800	73796.9626	355.0926
3834.180	57302.2289	280.0664
3836.560	56720.2754	260.0683
3838.940	72335.7373	373.5117
3841.320	93887.2108	409.2886
3843.700	113543.9052	670.6006
3846.080	128474.2678	740.7603
3848.460	139483.9578	645.5543
3850.840	146895.4733	632.2705
3853.220	151499.9257	579.7345
3855.600	153814.7052	554.7506
3857.980	156237.8717	647.0848
3860.360	157623.4996	617.1462
3862.740	155972.0610	975.2738
3865.120	156110.7989	1001.2043
3867.500	157717.8226	685.3081
3869.880	156327.6413	720.3308
3872.260	151573.4613	548.2468
3874.640	145367.6321	593.6795
3877.020	135552.3595	529.0976
3879.400	122572.5185	513.9762
3881.780	106728.6017	485.4884
3884.160	86906.3260	436.7367
3886.540	66574.6730	364.5961
3888.920	55531.1916	279.8558
3891.300	63246.4327	274.9182
3893.680	82107.5578	367.8727
3896.060	101537.2643	493.4736
3898.440	117275.8857	461.1973
3900.820	129345.0204	470.3184
3903.200	138567.1020	478.5932
3905.580	145841.4348	508.2668
3907.960	153049.1376	579.1904
3910.340	156525.8181	748.9427
3912.720	156304.4850	811.6197
3915.100	156243.2414	753.3653
3917.480	158677.6155	723.9632
3919.860	160360.4278	729.4530
3922.240	160784.9673	735.0992
3924.620	161651.4862	700.1177
3927.000	160536.0209	797.5080
3929.380	153573.3991	756.2854
3931.760	140187.8476	1211.8944
3934.140	134899.3671	1231.0628
3936.520	143986.8463	920.6818
3938.900	154375.6396	819.4788
3941.280	156879.4372	735.5724
3943.660	155435.6480	866.5348
3946.040	153915.3970	614.1858
3948.420	151431.3526	720.0042
3950.800	148437.5788	736.0123
3953.180	145148.8482	780.7382
3955.560	138960.3095	685.7022
3957.940	129953.1293	681.7777
3960.320	118082.2147	635.7853
3962.700	102827.8681	491.5094
3965.080	83826.8902	578.4987
3967.460	63859.0794	574.6134
3969.840	52859.0078	490.0421
3972.220	60139.0382	323.4366
3974.600	78420.2878	438.0370
3976.980	97596.4609	543.0129
3979.360	112981.3470	723.7602
3981.740	125541.2552	799.2745
3984.120	135469.2110	608.3382
3986.500	142126.3650	586.2050
3988.880	146388.7698	645.3574
3991.260	149830.2095	640.9526
3993.640	152351.6015	602.7403
3996.020	153274.6597	620.1463
3998.400	153749.3585	620.4811
4000.780	153700.4554	667.0291
4003.160	152969.4124	683.3294
4005.540	153015.2420	619.7514
4007.920	154851.1576	547.2524
4010.300	155835.0345	605.7343
4012.680	155152.2203	579.8965
4015.060	155123.6428	570.0851
4017.440	156115.1784	530.2208
4019.820	156731.2860	587.8909
4022.200	155056.0181	726.1008
4024.580	152851.3672	813.8299
4026.960	151651.4199	611.0082
4029.340	151998.3382	548.5866
4031.720	152591.8265	480.0713
4034.100	153377.6847	482.2159
4036.480	154052.7463	524.6698
4038.860	154829.6088	578.3578
4041.240	155152.3804	545.7102
4043.620	154179.1360	620.5755
4046.000	152065.2817	521.4430
4048.380	151940.0069	533.1108
4050.760	151878.6677	583.9576
4053.140	151371.2398	567.2012
4055.520	151410.9494	524.2448
4057.900	151446.5326	552.6929
4060.280	150811.2530	540.7286
4062.660	149429.9800	518.3106
4065.040	147633.3255	525.7609
4067.420	147045.4060	545.8894
4069.800	146512.0551	559.4356
4072.180	145519.6357	554.6477
4074.560	143998.4513	571.2971
4076.940	141897.2037	588.3663
4079.320	140400.9931	541.1090
4081.700	139393.1155	524.2019
4084.080	136236.8276	504.7598
4086.460	131200.6879	540.1789
4088.840	124021.3020	544.5740
4091.220	114384.5297	495.9250
4093.600	101821.9359	454.1965
4095.980	86000.1395	457.0579
4098.360	68300.9844	455.7273
4100.740	53877.1515	359.3558
4103.120	54312.1458	285.0432
4105.500	68161.7342	319.0570
4107.880	84949.8769	331.7340
4110.260	100174.4921	388.7188
4112.640	112715.0630	405.6519
4115.020	122045.1352	447.0009
4117.400	128526.5148	459.8517
4119.780	132895.3826	498.6198
4122.160	135654.4664	485.8015
4124.540	137404.0279	545.0394
4126.920	137060.8217	531.7616
4129.300	135900.4162	486.3692
4131.680	137855.0707	531.1217
4134.060	141464.1967	581.6346
4136.440	143479.9082	583.0083
4138.820	144261.2886	565.7477
4141.200	143792.3107	624.4569
4143.580	143211.2102	590.1774
4145.960	142607.7810	510.7746
4148.340	143058.5259	529.5525
4150.720	143471.5936	559.0130
4153.100	143837.3601	550.2421
4155.480	143760.5772	574.8170
4157.860	143280.7434	555.0015
4160.240	142288.1771	556.4434
4162.620	141363.3365	591.3604
4165.000	141903.1687	548.4259
4167.380	142667.5421	565.3703
4169.760	141709.5557	457.5539
4172.140	138961.5525	519.3669
4174.520	138024.7484	537.6014
4176.900	137507.2618	470.7627
4179.280	137372.7917	488.1723
4181.660	138969.5226	465.0865
4184.040	139953.0120	462.7072
4186.420	139667.5400	505.4972
4188.800	139766.5954	577.3257
4191.180	140107.0169	643.8297
4193.560	140771.9374	564.5345
4195.940	140044.7421	580.7432
4198.320	139003.8208	642.4563
4200.700	137807.1576	586.2213
4203.080	137480.3911	501.0980
4205.460	137854.2179	529.5047
4207.840	138397.6502	480.4590
4210.220	138446.4028	515.6893
4212.600	138175.0363	519.2385
4214.980	137587.0615	523.0522
4217.360	137079.3226	467.0941
4219.740	136918.2457	491.4845
4222.120	136924.1668	436.5929
4224.500	136287.0015	651.0542
4226.880	134910.8970	470.2825
4229.260	135282.9592	467.0670
4231.640	134191.0732	626.0591
4234.020	133499.8152	504.1354
4236.400	134772.0437	461.4714
4238.780	135875.5376	460.9253
4241.160	135462.3462	481.6222
4243.540	134481.9950	475.8960
4245.920	133702.4785	463.3503
4248.300	133125.0822	483.2553
4250.680	133047.8640	502.4515
4253.060	133081.7540	491.3880
4255.440	133295.6371	496.7027
4257.820	133292.4651	481.5988
4260.200	132282.9726	468.6260
4262.580	132617.4815	486.5082
4264.960	133229.1413	523.5974
4267.340	133069.8310	508.5235
4269.720	131547.5290	510.2911
4272.100	130167.9930	558.1288
4274.480	129761.2893	467.5404
4276.860	130488.4392	474.4122
4279.240	131086.5865	474.2396
4281.620	130762.3613	467.8011
4284.000	130007.9222	485.0884
4286.380	129264.7377	491.7189
4288.760	127799.9068	527.4834
4291.140	126636.2346	469.7118
4293.520	126436.8295	496.7689
4295.900	125970.8381	514.1730
4298.280	124682.4253	513.1709
4300.660	123348.7651	485.1719
4303.040	123151.2728	469.7011
4305.420	123705.8413	433.8288
4307.800	124208.6012	561.8832
4310.180	123448.5196	638.5965
4312.560	120582.1691	484.6579
4314.940	118261.4983	534.9906
4317.320	117113.1383	718.1580
4319.700	116567.6858	577.2591
4322.080	114299.4347	480.0086
4324.460	110475.4369	552.4597
4326.840	104789.4677	430.1545
4329.220	98212.0878	425.4152
4331.600	89518.5229	449.7661
4333.980	78366.6139	379.5739
4336.360	65100.4704	371.7181
4338.740	52636.1634	390.6116
4341.120	47917.6344	309.1473
4343.500	55947.4085	253.9047
4345.880	69626.3195	279.7105
4348.260	82206.5524	303.6233
4350.640	91870.7416	327.2056
4353.020	99622.8060	336.5511
4355.400	106550.6085	342.2826
4357.780	111147.2737	356.2769
4360.160	114093.7934	401.5450
4362.540	116533.6605	419.7553
4364.920	118119.6450	413.9272
4367.300	118574.8444	456.5895
4369.680	119100.3801	489.4609
4372.060	119776.7044	454.5553
4374.440	120277.1375	452.6586
4376.820	121504.6889	502.0328
4379.200	122435.9433	524.1434
4381.580	121219.2026	504.3966
4383.960	118856.9288	516.6378
4386.340	118999.6997	569.8421
4388.720	120252.6707	489.5064
4391.100	120624.4540	403.8682
4393.480	119801.1505	432.7323
4395.860	119216.3279	420.9433
4398.240	119638.4241	396.9557
4400.620	120223.2869	402.6627
4403.000	120632.7222	483.1585
4405.380	120977.9939	410.9090
4407.760	121329.3438	411.9600
4410.140	120957.7071	445.5956
4412.520	120163.9606	440.9359
4414.900	118593.6230	391.5255
4417.280	117435.5068	444.5327
4419.660	118405.8972	415.0462
4422.040	119936.8376	442.5734
4424.420	120639.8530	448.5328
4426.800	120786.9190	418.7910
4429.180	120504.1861	424.3019
4431.560	120342.9205	441.1752
4433.940	120060.2519	426.1243
4436.320	119851.9018	437.6525
4438.700	119807.1185	410.4070
4441.080	118213.3456	463.5179
4443.460	117170.3017	394.6938
4445.840	117152.9544	417.1901
4448.220	117219.2796	435.3405
4450.600	117447.4787	423.2059
4452.980	117929.6550	421.6058
4455.360	118534.5524	413.6753
4457.740	118419.3162	442.9291
4460.120	117927.7754	396.0051
4462.500	117527.0524	388.8848
4464.880	116923.5351	468.7698
4467.260	115785.1299	629.0037
4469.640	114876.6165	619.1547
4472.020	114857.1730	460.1228
4474.400	115669.8017	360.0317
4476.780	115346.6136	382.8450
4479.160	112241.3208	376.6117
4481.540	110053.3327	356.5886
4483.920	112091.8102	365.2356
4486.300	114198.4924	371.9096
4488.680	113790.0386	383.9186
4491.060	113648.0605	379.2049
4493.440	114573.3693	454.0085
4495.820	115423.8293	430.1706
4498.200	115336.5371	432.0311
4500.580	114409.2439	437.5574
4502.960	114301.3209	430.9701
4505.340	114228.2326	460.2502
4507.720	113664.6388	442.0700
4510.100	113709.9167	413.3033
4512.480	113668.6667	407.6922
4514.860	113321.3738	383.7624
4517.240	112755.8661	404.7827
4519.620	112096.5666	393.6673
4522.000	111172.5616	424.5383
4524.380	111741.4196	376.4437
4526.760	112329.5787	397.7089
4529.140	112045.2319	432.7557
4531.520	111088.9308	478.4782
4533.900	110618.4767	480.6701
4536.280	111531.9766	517.7466
4538.660	112017.9759	567.0961
4541.040	111692.3883	468.3979
4543.420	111542.0164	425.0075
4545.800	110534.6752	430.5612
4548.180	107982.9496	384.8122
4550.560	106760.1594	361.9853
4552.940	107156.0721	365.8988
4555.320	107482.7115	345.6907
4557.700	107920.6335	345.7944
4560.080	109027.3233	366.0593
4562.460	109211.7689	368.8961
4564.840	109185.2658	352.1337
4567.220	109949.4538	370.1098
4569.600	109590.5894	361.1664
4571.980	108932.4131	396.6626
4574.360	108912.1075	386.1893
4576.740	109075.9448	391.8556
4579.120	108682.0887	410.2891
4581.500	107355.8258	399.0132
4583.880	106458.9012	380.8001
4586.260	106493.4151	392.2459
4588.640	106561.9368	424.3025
4591.020	106959.2307	394.3892
4593.400	107685.6295	349.8973
4595.780	108129.8955	386.1258
4598.160	108445.3185	356.1666
4600.540	108616.5174	371.0362
4602.920	108569.2998	398.6027
4605.300	108482.5599	447.9793
4607.680	108208.8269	431.8964
4610.060	108001.0519	407.5582
4612.440	107905.1366	373.4627
4614.820	106981.6033	370.6745
4617.200	105835.1790	367.4140
4619.580	105311.4545	353.7392
4621.960	105761.3660	361.4682
4624.340	106303.4091	377.6255
4626.720	105958.8054	378.5258
4629.100	105230.3867	388.4199
4631.480	104777.9955	393.6278
4633.860	104862.6702	352.1411
4636.240	104986.0962	334.0861
4638.620	105646.2227	376.2907
4641.000	105929.2635	427.7435
4643.380	105326.0721	370.6845
4645.760	105129.8716	347.5647
4648.140	105425.2473	342.3280
4650.520	105165.4304	408.2341
4652.900	104850.6745	401.6629
4655.280	104570.2906	368.1184
4657.660	103870.9867	376.7355
4660.040	103757.1220	365.1186
4662.420	103806.6161	361.0771
4664.800	103374.4712	396.1914
4667.180	103124.4930	393.3149
4669.560	103248.9171	389.3576
4671.940	103264.9549	370.6270
4674.320	103465.2401	420.1997
4676.700	103575.9753	445.6619
4679.080	103678.5203	479.1227
4681.460	103930.0649	606.3574
4683.840	104107.1642	622.2779
4686.220	103728.5028	623.2374
4688.600	102947.5726	528.9946
4690.980	102479.6398	327.2048
4693.360	102371.8452	321.8192
4695.740	102124.5412	315.0828
4698.120	102092.9172	297.5806
4700.500	101694.6457	317.9369
4702.880	101421.8567	363.9281
4705.260	101334.1879	397.4722
4707.640	101258.1550	346.2378
4710.020	101623.0998	387.2596
4712.400	101504.8156	424.8156
4714.780	101037.9743	362.9452
4717.160	100775.3320	343.0789
4719.540	100926.1442	344.5776
4721.920	100533.4263	361.3014
4724.300	100321.8213	364.0905
4726.680	100182.9147	379.0659
4729.060	99961.3690	395.1315
4731.440	99475.4096	409.3853
4733.820	99269.7930	369.9035
4736.200	99295.5634	366.8714
4738.580	99178.8003	321.3186
4740.960	99222.7687	355.8741
4743.340	99329.2338	364.5984
4745.720	99334.4601	402.6293
4748.100	99307.0786	374.0025
4750.480	99132.2075	379.4072
4752.860	98633.0006	375.8152
4755.240	98207.0453	394.7420
4757.620	98040.0736	340.7478
4760.000	97623.8040	357.7269
4762.380	97255.8116	379.6843
4764.760	97250.3894	365.3330
4767.140	97312.8030	364.6635
4769.520	97107.8689	413.6633
4771.900	96832.8075	368.1604
4774.280	96840.9870	341.9706
4776.660	96655.0937	334.1312
4779.040	96276.0860	324.3281
4781.420	96117.4100	337.7183
4783.800	96160.0260	337.7837
4786.180	96330.4685	317.2745
4788.560	96144.6218	324.9013
4790.940	95561.0101	329.4717
4793.320	95478.8808	315.2292
4795.700	95422.8873	341.7255
4798.080	94861.3292	342.6551
4800.460	94469.7331	332.9266
4802.840	94111.4670	347.3283
4805.220	93793.1337	357.6834
4807.600	93652.3439	360.7504
4809.980	93535.3556	371.2083
4812.360	93488.6959	320.4273
4814.740	93169.6762	311.1157
4817.120	92874.4418	338.2162
4819.500	92283.3968	353.7823
4821.880	91676.2639	363.8431
4824.260	91251.6543	331.3443
4826.640	91254.5653	333.6511
4829.020	90788.7027	371.2939
4831.400	90070.8700	375.5068
4833.780	89031.0094	348.2243
4836.160	87627.7733	354.7662
4838.540	86512.3822	330.4146
4840.920	85007.3225	319.3115
4843.300	82640.1775	362.3411
4845.680	79214.2447	370.4489
4848.060	75191.1767	324.5169
4850.440	70592.4418	306.9082
4852.820	64689.5863	306.2327
4855.200	57177.8800	291.6257
4857.580	48587.5726	309.1601
4859.960	41301.5061	266.2442
4862.340	40119.2693	234.7408
4864.720	46046.8129	166.5694
4867.100	54568.5210	181.0937
4869.480	62214.3098	196.4295
4871.860	68036.7006	218.7205
4874.240	72675.3146	244.6695
4876.620	76296.7601	272.5608
4879.000	79634.9089	291.5388
4881.380	81938.0491	303.4041
4883.760	83096.5658	330.8994
4886.140	84505.3492	308.6860
4888.520	85648.8025	339.9012
4890.900	85946.4269	312.5811
4893.280	86411.2568	316.6504
4895.660	87057.8111	333.9042
4898.040	87378.5285	361.8837
4900.420	87664.1110	319.2915
4902.800	88104.6381	325.5484
4905.180	88455.0938	335.5622
4907.560	88338.2545	332.4568
4909.940	87875.8957	321.9219
4912.320	87618.8864	317.5574
4914.700	87990.6099	324.9858
4917.080	87941.4671	416.9632
4919.460	87459.9779	476.0100
4921.840	86509.2128	421.6903
4924.220	85843.3477	300.4931
4926.600	86882.7076	307.5491
4928.980	87718.7456	310.1510
4931.360	87751.2817	281.9912
4933.740	87654.4920	310.4860
4936.120	87787.9955	379.0560
4938.500	88268.4091	335.2856
4940.880	87883.2297	346.4965
4943.260	87777.1080	324.1802
4945.640	87830.0235	288.2407
4948.020	87716.5997	304.3014
4950.400	87429.7286	348.1345
4952.780	87131.3954	320.2094
4955.160	86933.5165	320.2384
4957.540	86480.8366	322.8399
4959.920	86533.9021	301.0783
4962.300	86807.5941	309.4187
4964.680	86832.2926	311.1401
4967.060	86403.5585	301.8392
4969.440	86358.6579	302.0857
4971.820	86748.4785	304.9385
4974.200	86609.9480	319.9157
4976.580	86503.5163	332.8859
4978.960	86203.4478	357.1933
4981.340	85724.9896	345.5688
4983.720	85245.7539	329.4937
4986.100	84913.6449	321.8556
4988.480	85103.0838	325.5370
4990.860	85063.6926	296.7056
4993.240	84950.2314	313.0075
4995.620	84979.4819	306.9811
4998.000	84776.2114	314.2260
5000.380	84270.2824	305.4728
5002.760	83731.1617	321.5773
5005.140	83521.4350	331.1536
5007.520	83478.9974	321.9447
5009.900	83763.4609	351.1210
5012.280	83649.9842	339.2901
5014.660	83011.6989	330.1180
5017.040	81618.7809	287.3509
5019.420	80863.1795	289.8243
5021.800	81708.1978	305.2263
5024.180	82548.5813	324.8279
5026.560	82801.1341	303.2279
5028.940	82839.6836	293.9767
5031.320	82507.5363	321.2185
5033.700	82454.0666	328.3913
5036.080	82208.8976	342.0120
5038.460	81692.6905	326.0019
5040.840	81289.6432	320.1368
5043.220	81550.0097	315.4941
5045.600	81908.5076	328.4986
5047.980	81963.3102	324.6322
5050.360	81659.4722	287.6223
5052.740	81316.1586	298.8350
5055.120	80839.3096	306.3281
5057.500	80542.2109	305.5164
5059.880	80962.5963	311.4634
5062.260	81261.7030	286.0724
5064.640	81363.2178	282.8996
5067.020	81299.3606	327.2740
5069.400	81031.7802	308.0518
5071.780	80656.0774	306.9831
5074.160	80512.9207	317.6326
5076.540	80648.6623	304.0911
5078.920	80806.9803	310.4677
5081.300	80426.3987	293.3776
5083.680	80338.3269	291.5535
5086.060	80369.0634	296.4163
5088.440	80149.8691	309.4788
5090.820	79884.1875	306.3201
5093.200	79820.5221	308.9324
5095.580	79723.7928	313.0370
5097.960	79308.8056	334.3443
5098.200	80046.4322	268.6021
5100.340	79195.0538	321.3571
5101.130	79987.5893	329.2911
5102.720	79243.2976	307.0765
5104.060	79861.7829	309.0737
5105.100	79430.5570	292.5233
5106.990	80083.0589	261.2111
5107.480	79598.0552	266.5987
5109.860	79528.1507	276.6206
5109.920	80090.1312	273.9692
5112.240	79409.2537	255.0525
5112.850	80114.4192	261.2131
5114.620	79223.9731	304.2510
5115.780	79854.3355	300.8244
5117.000	79082.2709	299.1280
5118.710	79535.3688	304.7326
5119.380	79014.4421	297.8375
5121.640	79415.9021	287.9795
5121.760	78994.4936	320.0026
5124.140	78632.5236	287.9496
5124.570	78861.8852	346.9421
5126.520	78167.1120	284.0933
5127.500	78691.4324	247.7854
5128.900	77991.2913	258.0646
5130.430	78392.2926	246.4584
5131.280	77879.3261	312.5959
5133.360	78158.8521	282.4844
5133.660	77859.8531	307.0623
5136.040	77761.7870	301.5292
5136.290	78002.1326	280.4761
5138.420	77642.2524	308.0327
5139.220	77648.0221	291.4904
5140.800	77451.5358	320.0131
5142.150	77773.5105	289.0408
5143.180	77385.8733	326.0562
5145.080	77738.9571	290.4294
5145.560	77291.2548	329.6609
5147.940	77114.1352	331.4076
5148.010	77432.6050	294.2450
5150.320	76916.0273	291.2283
5150.940	77107.0137	235.8874
5153.870	77048.2888	272.2337
5156.800	77197.9425	257.0057
5159.730	77062.9392	275.2501
5162.660	76582.9931	290.0897
5165.590	75018.9641	457.0508
5168.520	74259.0573	355.6458
5171.450	74188.0914	255.8427
5174.380	75394.4557	294.4879
5177.310	76115.4920	342.7669
5180.240	75501.0416	287.3154
5183.170	74935.9539	376.0426
5186.100	74990.0365	302.5248
5189.030	74850.7588	292.7387
5191.960	74755.4403	275.0796
5194.890	74832.8135	256.4530
5197.820	74941.0641	262.1345
5200.750	74926.3204	275.5275
5203.680	75032.2078	250.2905
5206.610	75232.3494	289.1345
5209.540	75247.0281	261.0022
5212.470	75096.0981	310.9318
5215.400	74517.0235	257.3590
5218.330	74401.6628	246.9609
5221.260	74411.9083	248.7041
5224.190	73679.9909	248.4595
5227.120	73382.8613	280.2963
5230.050	73209.6884	250.8219
5232.980	72880.7050	245.2608
5235.910	72685.6299	262.5407
5238.840	73236.7953	284.5132
5241.770	73499.7384	263.1751
5244.700	73581.6842	231.4176
5247.630	73561.4366	236.9120
5250.560	73271.0226	259.3729
5253.490	73097.4789	252.4497
5256.420	73085.0705	231.2005
5259.350	72836.2049	219.4041
5262.280	71860.0370	270.5769
5265.210	71615.6362	255.5316
5268.140	71579.7394	223.6500
5271.070	71676.2680	260.8147
5274.000	71671.9757	262.5956
5276.930	71317.1062	249.2679
5279.860	71119.6117	206.5873
5282.790	71383.3680	219.4258
5285.720	71833.8425	241.3983
5288.650	72031.7636	229.2258
5291.580	71996.2102	234.3078
5294.510	71836.9339	235.3707
5297.440	71834.2401	234.3853
5300.370	71669.8450	232.8333
5303.300	71435.1419	248.1503
5306.230	71302.1526	223.7680
5309.160	70768.2270	224.9406
5312.090	70266.3436	214.5622
5315.020	69658.3797	226.8189
5317.950	69468.6592	245.2388
5320.880	69683.4367	243.2882
5323.810	69968.1049	251.8325
5326.740	69477.3638	267.6244
5329.670	69545.3223	257.5473
5332.600	69780.4072	248.6527
5335.530	69591.2784	227.2661
5338.460	69304.5089	244.5821
5341.390	69348.6127	234.1939
5344.320	69764.1059	237.6379
5347.250	69820.9790	229.3818
5350.180	69865.0462	226.0533
5353.110	69476.7999	255.4911
5356.040	69567.8458	239.1730
5358.970	69294.7603	217.1409
5361.900	68779.1904	246.2086
5364.830	68638.8995	238.8553
5367.760	68547.6553	212.2084
5370.690	68249.0525	226.5749
5373.620	68698.6471	242.4193
5376.550	68879.7154	257.9904
5379.480	68367.1160	205.0394
5382.410	68058.9331	229.8904
5385.340	68058.1461	207.3001
5388.270	68023.4224	205.1761
5391.200	67790.8450	221.7921
5394.130	67510.3486	214.4174
5397.060	67330.9824	213.5038
5399.990	66985.3217	216.8744
5402.920	66663.1558	241.8171
5405.850	66712.5901	247.5187
5408.780	66792.1984	239.1396
5411.710	66906.4435	233.4146
5414.640	67045.1846	235.9487
5417.570	67082.0587	206.3263
5420.500	66840.3999	211.0501
5423.430	66532.6227	197.9721
5426.360	66323.5059	223.4586
5429.290	66148.5076	201.0188
5432.220	66250.8860	194.0237
5435.150	66372.3335	211.5907
5438.080	66152.0257	217.4529
5441.010	66225.6324	217.6895
5443.940	65968.6721	230.5504
5446.870	65970.0207	194.1506
5449.800	65824.1498	201.6484
5452.730	65560.2418	184.0260
5455.660	65389.2319	174.1183
5458.590	65365.8383	183.5354
5461.520	65305.6867	176.3712
5464.450	64982.9387	174.3371
5467.380	65023.7196	187.4075
5470.310	65005.0353	194.5430
5473.240	64959.7542	192.5971
5476.170	64741.7501	201.5752
5479.100	64490.4493	201.4649
5482.030	64422.3813	192.0437
5484.960	64382.6040	180.3276
5487.890	64336.6426	172.7971
5490.820	64287.8717	191.6415
5493.750	64224.2588	192.0780
5496.680	64323.4506	191.3009
5499.610	64093.1191	179.8363
5502.540	63743.4520	179.2802
5505.470	63436.6197	186.3347
5508.400	63293.6840	206.2982
5511.330	63382.0843	221.2642
5514.260	63488.7036	197.5885
5517.190	63565.7273	192.8592
5520.120	63593.5260	196.1524
5523.050	63382.4752	195.9974
5525.980	63116.1091	178.1427
5528.910	62664.9981	195.7857
5531.840	62329.0586	217.2611
5534.770	62343.8211	213.2872
5537.700	62485.1729	215.6889
5540.630	62621.8963	195.5785
5543.560	62507.4511	180.9338
5546.490	62349.9538	188.6443
5549.420	62358.4981	190.8209
5552.350	62273.5351	184.9582
5555.280	62175.1424	195.4638
5558.210	62082.8619	200.2228
5561.140	62016.6620	207.6324
5564.070	61831.4793	203.7257
5567.000	61851.0361	181.8100
5569.930	61683.9557	178.6552
5572.860	61553.5342	190.5086
5575.790	61268.7296	225.2088
5578.720	61174.6334	210.2916
5581.650	61249.4766	197.8726
5584.580	61138.5044	209.8089
5587.510	60928.9690	217.3806
5590.440	60864.3924	204.4303
5593.370	60813.1973	196.3829
5596.300	60815.2209	196.6351
5599.230	60704.4657	191.2306
5602.160	60638.5176	183.1428
5605.090	60560.2644	193.5287
5608.020	60425.0624	207.4948
5610.950	60329.0295	202.1081
5613.880	60244.0324	184.8054
5616.810	60130.3128	197.8019
5619.740	60195.9278	182.7130
5622.670	60171.5747	182.0873
5625.600	60049.9650	189.1759
5628.530	59767.7609	206.6942
5631.460	59705.1561	197.4450
5634.390	59760.6975	197.4252
5637.320	59522.8296	200.1072
5640.250	59149.1366	224.7575
5643.180	59050.7438	191.6512
5646.110	58960.0636	189.3225
5649.040	58986.2681	197.1512
5651.970	58969.0228	182.3394
5654.900	58886.5569	176.4316
5657.830	58722.2295	195.7171
5660.760	58646.2886	181.8119
5663.690	58749.8742	181.3630
5666.620	58586.1009	176.8827
5669.550	58461.6410	184.9388
5672.480	58374.3668	193.8247
5675.410	58295.2041	210.3225
5678.340	58149.1940	209.1303
5681.270	58063.2567	214.8645
5684.200	58013.6951	185.3367
5687.130	58089.8370	190.6177
5690.060	58087.0772	177.3641
5692.990	57950.7042	187.5544
5695.920	57738.9850	181.3046
5698.850	57695.4000	182.8532
5701.780	57645.9693	178.9534
5704.710	57563.3312	189.5674
5707.640	57454.3658	217.7033
5710.570	57359.9824	206.6726
5713.500	57138.9292	201.2741
5716.430	57078.5437	198.9080
5719.360	56949.7691	194.4776
5722.290	56886.5957	180.8607
5725.220	56939.6658	180.3195
5728.150	56806.0673	171.5024
5731.080	56750.4389	170.9126
5734.010	56657.0573	163.1742
5736.940	56592.0260	169.4822
5739.870	56453.3922	157.6329
5742.800	56385.8816	176.9661
5745.730	56336.9437	174.5830
5748.660	56217.9723	182.4651
5751.590	56153.5604	175.4168
5754.520	55988.6868	189.8666
5757.450	55870.9258	191.8883
5760.380	55834.3674	188.2189
5763.310	55737.9906	174.0144
5766.240	55626.8578	182.9874
5769.170	55576.2012	177.5063
5772.100	55517.9477	163.8747
5775.030	55455.0416	163.3291
5777.960	55375.7779	160.3495
5780.890	55330.7519	169.8149
5783.820	55166.1597	179.7691
5786.750	54959.6469	178.2048
5789.680	54938.2527	182.4962
5792.610	54839.5885	170.7341
5795.540	54721.6592	175.7291
5798.470	54586.1734	176.0487
5801.400	54572.4962	186.1865
5804.330	54412.9971	189.1518
5807.260	54419.9329	198.7966
5810.190	54323.9831	188.3293
5813.120	54196.3630	175.1404
5816.050	54194.1673	172.0322
5818.980	54235.6621	162.5729
5821.910	54138.1494	165.3034
5824.840	53996.2613	165.6950
5827.770	53876.1782	174.7340
5830.700	53753.1019	177.5530
5833.630	53783.8752	165.5310
5836.560	53685.3400	161.6925
5839.490	53472.8289	176.7600
5842.420	53411.6278	164.7347
5845.350	53382.4831	165.6795
5848.280	53244.9976	168.0032
5851.210	53122.4145	179.1570
5854.140	53083.3564	192.1226
5857.070	52993.6798	196.6303
5860.000	52856.8225	190.1412
5862.930	52788.7364	183.4053
5865.860	52797.3024	183.4876
5868.790	52806.5696	205.3080
5871.720	53027.9495	348.4005
5874.650	53157.4863	384.3359
5877.580	52838.1593	256.7288
5880.510	52479.4235	156.3104
5883.440	52195.0470	150.3039
5886.370	51754.2101	202.8747
5889.300	51355.1009	269.5373
5892.230	51187.4081	239.0406
5895.160	51244.8598	205.7172
5898.090	51388.8097	170.4080
5901.020	51492.0633	177.8316
5903.950	51657.7716	180.4979
5906.880	51595.6461	180.8792
5909.810	51581.9620	172.9709
5912.740	51536.1757	163.9116
5915.670	51446.9779	159.9365
5918.600	51409.3439	165.1364
5921.530	51281.9903	186.5203
5924.460	51294.0006	186.7233
5927.390	51205.5283	186.8410
5930.320	51179.4733	177.2748
5933.250	51118.7218	167.1557
5936.180	51044.2350	156.8418
5939.110	50921.7096	152.5431
5942.040	50719.4754	179.6534
5944.970	50609.3996	185.9666
5947.900	50567.9446	173.1335
5950.830	50548.5476	170.1824
5953.760	50425.9004	168.9625
5956.690	50147.3461	171.2937
5959.620	50056.6092	153.5920
5962.550	50146.8640	152.0959
5965.480	50144.5402	155.5516
5968.410	50153.5969	168.6857
5971.340	50016.6865	182.2518
5974.270	49942.4302	182.0487
5977.200	49769.3611	183.4302
5980.130	49645.1301	172.7914
5983.060	49579.2075	169.9547
5985.990	49614.9162	176.2477
5988.920	49538.8506	165.6293
5991.850	49372.2392	170.3630
5994.780	49361.8925	168.8975
5997.710	49364.0676	178.0046
6000.640	49271.8931	194.0647
6003.570	49153.1255	192.0659
6006.500	49142.5072	189.7878
6009.430	49031.9635	184.0521
6012.360	48948.6521	163.7893
6015.290	48878.5197	159.7334
6018.220	48776.4664	163.3476
6021.150	48787.3766	158.1614
6024.080	48765.9975	170.5847
6027.010	48669.8583	152.9540
6029.940	48520.8592	163.9956
6032.870	48446.9366	160.6394
6035.800	48449.6603	168.7525
6038.730	48426.7009	146.1421
6041.660	48308.6208	152.1370
6044.590	48102.1329	161.9737
6047.520	48040.2904	166.1304
6050.450	48047.4421	168.2509
6053.380	47920.0970	181.3687
6056.310	47835.5853	175.6467
6059.240	47764.6233	171.7038
6062.170	47754.0655	170.5157
6065.100	47768.7027	160.9036
6068.030	47676.7896	151.5341
6070.960	47532.2198	150.7176
6073.890	47495.0203	148.1540
6076.820	47475.1764	157.5824
6079.750	47363.1730	152.2391
6082.680	47226.0383	153.3917
6085.610	47024.5992	172.4393
6088.540	47052.3841	151.0558
6091.470	46994.7325	161.1017
6094.400	46859.0358	160.8009
6097.330	46825.2859	154.4275
6100.260	46873.6890	157.1892
6103.190	46835.7249	153.5010
6106.120	46706.3137	145.7097
6109.050	46568.4374	152.4332
6111.980	46413.5303	157.1397
6114.910	46348.5358	156.2835
6117.840	46365.6215	161.8973
6120.770	46347.5130	152.3666
6123.700	46233.5289	151.5891
6126.630	46072.8652	157.9140
6129.560	46132.3553	155.8647
6132.490	46159.7034	147.8938
6135.420	46172.8397	150.4383
6138.350	45923.7511	161.1205
6141.280	45719.1854	152.0361
6144.210	45543.0522	145.5941
6147.140	45329.1435	150.6468
6150.070	45198.7553	142.5246
6153.000	45133.2627	136.9784
6155.930	44874.4159	143.4282
6158.860	44815.6749	165.7328
6161.790	45103.5567	188.3951
6164.720	45285.4641	179.3607
6167.650	45301.7172	171.6900
6170.580	45292.2278	147.5629
6173.510	45128.6451	147.3562
6176.440	44947.6283	143.4946
6179.370	44831.7832	141.1770
6182.300	44885.5963	138.7814
6185.230	44871.2252	137.4442
6188.160	44874.7737	145.7205
6191.090	44815.4406	160.1954
6194.020	44741.8647	154.2980
6196.950	44659.4906	154.2064
6199.880	44666.6194	148.7420
6202.810	44646.1418	136.3815
6205.740	44555.5875	138.6482
6208.670	44441.8002	142.1009
6211.600	44365.4220	144.4794
6214.530	44275.4516	148.1732
6217.460	44139.6190	158.3705
6220.390	44062.6753	143.0631
6223.320	43998.1366	141.6700
6226.250	43951.2952	147.6158
6229.180	43905.7569	155.2585
6232.110	43773.4764	145.2916
6235.040	43547.1835	141.5969
6237.970	43369.5096	157.8591
6240.900	43313.6822	154.3789
6243.830	43282.2579	147.4061
6246.760	43143.5268	144.5897
6249.690	43187.8517	145.0697
6252.620	43334.9785	141.5915
6255.550	43420.6830	143.8129
6258.480	43426.0996	134.7641
6261.410	43289.6269	142.1293
6264.340	43134.2946	158.5612
6267.270	43107.1567	144.7928
6270.200	43035.9191	157.7777
6273.130	42978.5075	143.0831
6276.060	42988.7533	141.3686
6278.990	43058.1469	145.7089
6281.920	43056.7408	152.6199
6284.850	42999.6452	166.2037
6287.780	42934.4485	147.7284
6290.710	42856.5826	135.1409
6293.640	42826.4560	133.6492
6296.570	42778.7893	139.2434
6299.500	42611.0657	137.7282
6302.430	42468.1892	137.5832
6305.360	42414.2874	146.4703
6308.290	42370.6950	160.9693
6311.220	42289.4300	153.5612
6314.150	42170.3815	172.6297
6317.080	41942.6536	155.1269
6320.010	41785.5833	142.6407
6322.940	41661.3266	151.1048
6325.870	41504.8009	153.8650
6328.800	41431.3753	150.6805
6331.730	41316.3747	127.3618
6334.660	41238.5283	129.2185
6337.590	41325.5532	128.3495
6340.520	41306.5336	126.1657
6343.450	40947.6992	122.5670
6346.380	40589.9623	111.0132
6349.310	40677.9287	120.3379
6352.240	41070.8714	121.4965
6355.170	41304.8205	130.4455
6358.100	41387.1100	129.7105
6361.030	41250.5029	123.3572
6363.960	40996.5939	129.6797
6366.890	40704.9064	133.2071
6369.820	40384.2123	143.0812
6372.750	40304.7349	141.7371
6375.680	40536.5682	138.1414
6378.610	40743.4846	139.1592
6381.540	40705.3102	131.2082
6384.470	40671.3417	128.2531
6387.400	40698.9865	150.3596
6390.330	40640.6453	131.1292
6393.260	40608.6599	129.9362
6396.190	40516.9473	135.5253
6399.120	40414.2157	129.1672
6402.050	40294.2475	132.2764
6404.980	40188.1280	132.3761
6407.910	40092.9683	143.5959
6410.840	40004.6499	141.2691
6413.770	39823.4287	134.3334
6416.700	39858.3834	131.8539
6419.630	39869.0756	128.3819
6422.560	39903.9427	117.7369
6425.490	39904.7633	130.2862
6428.420	39804.1472	131.3194
6431.350	39623.0229	126.0427
6434.280	39569.1750	131.5124
6437.210	39509.0700	145.6475
6440.140	39419.1888	154.9859
6443.070	39297.5253	139.6833
6446.000	39303.9018	137.8565
6448.930	39223.9350	138.1620
6451.860	39005.5766	141.0991
6454.790	38691.1412	130.7868
6457.720	38567.7916	142.5608
6460.650	38793.8409	138.8106
6463.580	38987.3938	128.9761
6466.510	39022.4803	128.2354
6469.440	38986.6320	129.3817
6472.370	38891.6199	131.3968
6475.300	38722.7112	127.7343
6478.230	38652.0664	125.8296
6481.160	38606.3437	129.7776
6484.090	38576.8825	129.0557
6487.020	38509.6666	131.3879
6489.950	38406.6366	129.2621
6492.880	38385.5445	142.5711
6495.810	38341.1870	152.5690
6498.740	38248.1359	139.0140
6501.670	38158.6853	137.2609
6504.600	38035.9109	146.3934
6507.530	37926.7222	139.8068
6510.460	37856.0548	139.3091
6513.390	37707.3558	134.7777
6516.320	37528.4295	140.4180
6519.250	37289.2930	139.9334
6522.180	37197.2290	142.5367
6525.110	37147.8085	136.0820
6528.040	37004.4711	132.9916
6530.970	36722.9221	130.4409
6533.900	36396.6396	122.2323
6536.830	36012.1732	122.1472
6539.760	35463.5933	125.1437
6542.690	34717.2478	141.4123
6545.620	33727.8169	141.1683
6548.550	32515.9426	144.6410
6551.480	30966.4477	163.8081
6554.410	29045.5113	164.9414
6557.340	26670.9937	152.2884
6560.270	24312.2780	166.5242
6563.200	23154.2479	172.1951
6566.130	24462.9230	128.1719
6569.060	26830.7085	140.4625
6571.990	29038.2274	94.7790
6574.920	30800.4032	96.2069
6577.850	32211.8208	99.9188
6580.780	33293.2325	102.9675
6583.710	34101.0340	102.4083
6586.640	34717.9670	112.8417
6589.570	35106.8138	131.9748
6592.500	35434.3014	143.2742
6595.430	35705.5337	122.1531
6598.360	35879.1177	120.8366
6601.290	35991.2255	121.9535
6604.220	36087.9092	117.7551
6607.150	36149.6040	119.2415
6610.080	36148.1665	123.4564
6613.010	36133.6040	125.0212
6615.940	36164.5262	125.3994
6618.870	36168.1729	118.1851
6621.800	36152.2698	116.4472
6624.730	36138.9464	125.1208
6627.660	36113.2297	121.4800
6630.590	36088.3061	126.5223
6633.520	36060.0068	131.8537
6636.450	36025.8740	127.1456
6639.380	35985.6937	127.9789
6642.310	35933.4127	131.4165
6645.240	35861.4077	136.0330
6648.170	35808.1648	124.6278
6651.100	35780.6587	119.0750
6654.030	35740.5078	125.2587
6656.960	35727.3109	115.6532
6659.890	35665.4893	121.5655
6662.820	35609.0947	128.3560
6665.750	35536.6251	141.5478
6668.680	35526.9310	119.6820
6671.610	35621.2240	125.7569
6674.540	35710.3011	192.9333
6677.470	35719.9129	222.7630
6680.400	35533.1295	163.3837
6683.330	35352.7689	128.3596
6686.260	35286.7982	122.6692
6689.190	35265.3697	111.7754
6692.120	35225.8810	110.2884
6695.050	35179.4823	121.1680
6697.980	35111.3040	131.1074
6700.910	35073.2773	124.3049
6703.840	35008.7588	123.5916
6706.770	34979.4758	118.7898
6709.700	34914.6626	128.6286
6712.630	34899.4819	119.2520
6715.560	34852.3283	120.4914
6718.490	34747.0455	123.7268
6721.420	34676.9355	137.4560
6724.350	34656.0630	133.8619
6727.280	34569.7658	128.5993
6730.210	34482.9277	133.0595
6733.140	34459.2659	125.4907
6736.070	34484.5014	123.7576
6739.000	34505.1348	112.6005
6741.930	34458.0838	111.1336
6744.860	34386.0399	120.8825
6747.790	34338.2082	126.7426
6750.720	34300.1323	123.3567
6753.650	34230.8429	126.6002
6756.580	34153.1674	112.4461
6759.510	34117.9632	108.0207
6762.440	34085.2385	108.3517
6765.370	34055.2526	118.1043
6768.300	34020.3918	113.8944
6771.230	33967.4848	114.8095
6774.160	33872.8375	124.5335
6777.090	33823.2954	118.5009
6780.020	33836.5649	113.8529
6782.950	33826.2266	110.9194
6785.880	33741.4987	105.1684
6788.810	33647.5214	112.1773
6791.740	33585.1617	115.8944
6794.670	33612.8695	109.7782
6797.600	33588.2194	109.3885
6800.530	33529.6178	111.2999
6803.460	33491.9733	103.1570
6806.390	33438.7400	112.2258
6809.320	33436.1613	111.2284
6812.250	33435.5634	100.5815
6815.180	33335.6945	102.5885
6818.110	33240.0969	103.9580
6821.040	33168.6138	106.6004
6823.970	33098.7448	116.9954
6826.900	33087.3743	119.5295
6829.830	33036.4084	119.1162
6832.760	33040.8810	116.5702
6835.690	33028.3559	116.7389
6838.620	32986.5940	116.0131
6841.550	32926.5172	104.9853
6844.480	32850.7798	108.2312
6847.410	32761.8691	111.9836
6850.340	32678.0766	114.5792
6853.270	32656.4638	119.2346
6856.200	32591.3954	119.9519
6859.130	32504.4275	122.8581
6862.060	32469.1191	114.1560
6864.990	32448.4200	117.1710
6867.920	32420.4511	117.9413
6870.850	32366.6894	109.2440
6873.780	32378.5197	104.7598
6876.710	32382.9442	102.0885
6879.640	32314.7327	109.7587
6882.570	32215.7095	122.1636
6885.500	32167.1133	134.5017
6888.430	32194.4587	123.6189
6891.360	32180.6636	113.9710
6894.290	32119.3468	107.6276
6897.220	32115.4572	104.4895
6900.150	32115.5784	98.6978
6903.080	32021.1064	104.2652
6906.010	31950.5297	103.2247
6908.940	31920.7020	108.2348
6911.870	31882.7721	111.9295
6914.800	31855.9161	106.3161
6917.730	31772.2329	104.5602
6920.660	31693.1879	106.2898
6923.590	31658.2654	103.1484
6926.520	31636.9079	100.7633
6929.450	31572.2169	99.6445
6932.380	31541.9580	101.4562
6935.310	31531.6090	94.3614
6938.240	31480.5872	100.1510
6941.170	31466.4177	99.0430
6944.100	31439.3488	99.6838
6947.030	31378.4803	108.9511
6949.960	31286.7874	108.3829
6952.890	31208.9990	103.2099
6955.820	31146.5537	101.7766
6958.750	31109.3764	99.7153
6961.680	31084.0656	101.7347
6964.610	31041.9848	108.5793
6967.540	31032.8004	105.6012
6970.470	31027.2134	105.1396
6973.400	31036.2218	104.4846
6976.330	31027.0897	103.8308
6979.260	30993.2482	106.6590
6982.190	30908.3186	100.7320
6985.120	30820.3399	101.4626
6988.050	30754.4350	104.9174
6990.980	30699.0950	110.5528
6993.910	30612.0455	110.5544
6996.840	30534.5901	106.8602
6999.770	30450.0900	109.4886
7002.700	30379.2219	110.0428
7005.630	30371.6060	107.9968
7008.560	30361.6199	107.7941
7011.490	30377.7924	103.6769
7014.420	30415.2235	95.1172
7017.350	30359.8917	96.0614
7020.280	30312.2299	98.7999
7023.210	30306.1240	101.9277
7026.140	30279.2077	102.7574
7029.070	30240.8657	98.7219
7032.000	30234.7227	92.5402
7034.930	30173.4244	90.2112
7037.860	30078.3593	88.3620
7040.790	29992.4107	90.6983
7043.720	29958.4690	99.8612
7046.650	29951.0310	98.2309
7049.580	29924.6012	94.5605
7052.510	29918.9685	93.5263
7055.440	29848.9781	98.8907
7058.370	29853.7760	109.7528
7061.300	29892.4560	127.7486
7064.230	29908.7708	161.5967
7067.160	29775.4504	130.7959
7070.090	29652.3242	93.7774
7073.020	29576.1108	96.3846
7075.950	29559.9499	98.0252
7078.880	29533.7700	95.2538
7081.810	29459.7664	94.8387
7084.740	29373.5390	93.2468
7087.670	29390.0361	92.0479
7090.600	29343.0452	91.2584
7093.530	29275.4005	93.0539
7096.460	29196.6731	89.5022
7099.390	29208.5794	90.0322
7102.320	29220.9392	96.5315
7105.250	29198.4633	103.5434
7108.180	29102.7202	104.2417
7111.110	28990.1961	100.1107
7114.040	28918.8211	93.3422
7116.970	28895.2059	97.2702
7119.900	28938.9152	102.7567
7122.830	28972.3188	103.7936
7125.760	28959.7636	97.8046
7128.690	28919.0255	90.6865
7131.620	28872.5808	91.2995
7134.550	28827.8666	94.2879
7137.480	28827.1664	90.7830
7140.410	28820.5884	91.1016
7143.340	28833.5458	102.4867
7146.270	28788.0643	96.2511
7149.200	28678.4505	99.9367
7152.130	28560.5337	101.8847
7155.060	28502.4146	96.1360
7157.990	28487.9482	96.7574
7160.920	28444.6311	93.8560
7163.850	28393.3855	104.7558
7166.780	28366.2330	104.1854
7169.710	28365.4994	116.2642
7172.640	28366.2425	115.2120
7175.570	28311.4223	109.2072
7178.500	28235.7324	105.0940
7181.430	28209.3095	99.3603
7184.360	28191.2793	96.9552
7187.290	28153.1865	93.7081
7190.220	28087.8902	90.7764
7193.150	28033.2048	88.3386
7196.080	28028.8679	88.9617
7199.010	28014.8076	98.8836
7201.940	27974.4621	95.5440
7204.870	27956.6758	93.9183
7207.800	27936.9926	89.3365
7210.730	27913.9637	88.0705
7213.660	27850.6467	90.8653
7216.590	27813.6573	88.9371
7219.520	27842.0716	95.5257
7222.450	27757.0948	123.2135
7225.380	27689.8363	115.3555
7228.310	27643.2414	99.3312
7231.240	27600.3874	92.5925
7234.170	27622.3516	91.3919
7237.100	27592.5511	88.9363
7240.030	27549.0534	93.0497
7242.960	27520.0504	97.5977
7245.890	27475.5318	100.8359
7248.820	27464.5089	96.4770
7251.750	27404.4410	97.6063
7254.680	27325.0288	93.7704
7257.610	27274.3279	89.4126
7260.540	27237.5967	84.4991
7263.470	27199.5586	90.6731
7266.400	27123.9402	90.8464
7269.330	27042.8363	99.3277
7272.260	27040.8186	97.9609
7275.190	27039.9427	96.9677
7278.120	27093.9199	103.9310
7281.050	27092.3747	111.2688
7283.980	27020.0062	96.5850
7286.910	26926.0920	97.6977
7289.840	26856.9488	101.9648
7292.770	26817.1538	96.0233
7295.700	26809.8244	96.4680
7298.630	26798.3994	97.0682
7301.560	26756.9055	94.0480
7304.490	26715.5835	93.5500
7307.420	26629.1616	91.6321
7310.350	26582.0687	88.5880
7313.280	26594.1751	91.7455
7316.210	26594.6873	92.9757
7319.140	26580.9120	86.2811
7322.070	26585.9218	86.5913
7325.000	26547.5609	91.8360
7327.930	26513.5334	91.8459
7330.860	26507.3936	90.7803
7333.790	26425.0471	98.3832
7336.720	26326.9603	105.3759
7339.650	26341.9566	96.8185
7342.580	26362.6159	89.3796
7345.510	26343.5647	84.9248
7348.440	26304.0838	85.5782
7351.370	26253.1316	97.0083
7354.300	26182.2163	100.6712
7357.230	26168.5810	90.3538
7360.160	26132.0218	90.9698
7363.090	26067.3813	92.5657
7366.020	26037.2092	91.1315
7368.950	26072.8641	86.3222
7371.880	26099.0150	87.1160
7374.810	26060.0483	85.0792
7377.740	26002.0358	88.0794
7380.670	25940.1061	87.8501
7383.600	25877.0319	92.2289
7386.530	25837.5622	91.0975
7389.460	25869.1153	87.6757
7392.390	25822.6325	85.6559
7395.320	25742.4028	85.4056
7398.250	25677.6941	85.0920
7401.180	25632.1560	83.6826
7404.110	25593.8287	84.6582
7407.040	25568.5367	87.2203
7409.970	25550.5076	93.1691
7412.900	25499.6573	98.2688
7415.830	25466.1267	90.9781
7418.760	25476.0691	84.5584
7421.690	25483.5773	89.2033
7424.620	25435.9169	89.6811
7427.550	25405.6342	83.5865
7430.480	25406.1355	86.2301
7433.410	25362.1536	85.6550
7436.340	25273.7813	84.5315
7439.270	25194.0205	89.5145
7442.200	25178.0969	82.0967
7445.130	25189.2335	86.9560
7448.060	25139.1195	89.1736
7450.990	25073.2900	92.5319
7453.920	25030.9728	96.2984
7456.850	25020.3986	90.5066
7459.780	24968.2325	92.8561
7462.710	24896.9846	91.8848
7465.640	24837.3153	94.4674
7468.570	24812.5330	92.3098
7471.500	24819.2413	93.6709
7474.430	24833.7570	100.3095
7477.360	24789.0954	95.6115
7480.290	24731.4650	95.1669
7483.220	24754.0378	89.9622
7486.150	24752.8589	88.8639
7489.080	24713.1206	88.1826
7492.010	24658.0292	92.0244
7494.940	24601.1666	93.2444
7497.870	24519.0643	96.1062
7500.800	24525.9029	93.6194
7503.730	24544.8350	89.8592
7506.660	24528.7367	89.6410
7509.590	24503.1111	87.6923
7512.520	24429.0529	87.8484
7515.450	24393.0731	80.8666
7518.380	24392.6472	86.9373
7521.310	24410.7379	90.0323
7524.240	24391.5103	93.3935
7527.170	24345.1600	89.8501
7530.100	24290.9529	88.7818
7533.030	24263.4258	89.5029
7535.960	24228.1859	79.8671
7538.890	24207.3661	84.9721
7541.820	24162.4792	88.7116
7544.750	24143.0666	87.7342
7547.680	24090.6840	78.3415
7550.610	24070.1869	81.4936
7553.540	24075.1482	77.7897
7556.470	24071.3564	78.2660
7559.400	24013.6101	85.3939
7562.330	23981.7918	89.4558
7565.260	23929.2469	98.6186
7568.190	23907.3220	101.5458
7571.120	23919.1665	89.2086
7574.050	23880.7130	81.2789
7576.980	23806.5536	77.9332
7579.910	23778.0967	84.7628
7582.840	23773.1458	90.2964
7585.770	23706.5852	102.1580
7588.700	23655.1197	105.8745
7591.630	23598.6983	114.3152
7594.560	23513.8681	118.7818
7597.490	23501.5298	116.6550
7600.420	23458.9694	108.4927
7603.350	23544.4427	97.5738
7606.280	23557.1056	83.9495
7609.210	23523.6976	85.8430
7612.140	23472.5844	78.4592
7615.070	23483.3946	81.2359
7618.000	23404.8754	79.0605
7620.930	23347.8171	87.2105
7623.860	23304.0354	102.4728
7626.790	23257.3262	94.8012
7629.720	23211.5513	92.4127
7632.650	23216.4690	81.3392
7635.580	23183.7212	74.0800
7638.510	23178.8990	77.4355
7641.440	23161.6552	92.5948
7644.370	23161.7255	83.7852
7647.300	23183.1102	79.0560
7650.230	23112.4413	87.0008
7653.160	23059.9452	81.1080
7656.090	23039.9338	90.1652
7659.020	23030.2339	95.8309
7661.950	23044.9286	93.9624
7664.880	23046.9846	87.2697
7667.810	23031.8746	75.4882
7670.740	22966.9490	76.3156
7673.670	22950.2454	81.2202
7676.600	22903.4302	83.8241
7679.530	22848.9237	87.9711
7682.460	22771.5897	82.2079
7685.390	22718.7415	90.1344
7688.320	22675.7624	88.5418
7691.250	22690.5166	86.2943
7694.180	22660.3299	79.6371
7697.110	22656.3150	78.0356
7700.040	22649.1554	79.3012
7702.970	22599.7112	80.2468
7705.900	22545.9366	78.4994
7708.830	22478.6373	78.1488
7711.760	22406.1186	81.1341
7714.690	22432.6226	82.9292
7717.620	22491.8284	75.9020
7720.550	22469.5088	84.1292
7723.480	22469.9402	88.9039
7726.410	22469.5440	83.7022
7729.340	22413.4302	86.3357
7732.270	22357.3929	87.0111
7735.200	22303.4083	77.4458
7738.130	22303.3958	80.3137
7741.060	22282.3264	72.9135
7743.990	22225.2165	81.8116
7746.920	22198.7657	75.5687
7749.850	22209.9069	72.8517
7752.780	22178.4102	72.8663
7755.710	22155.2692	78.7364
7758.640	22121.0863	72.7032
7761.570	22040.5434	76.7638
7764.500	21927.5143	76.4310
7767.430	21695.9858	71.8044
7770.360	21094.3761	78.6664
7773.290	20517.5268	79.6497
7776.220	20648.2323	75.0469
7779.150	21263.2150	79.3808
7782.080	21712.8654	75.0116
7785.010	21814.8243	78.1158
7787.940	21795.8998	76.1839
7790.870	21772.1322	71.1306
7793.800	21726.2558	71.0220
7796.730	21738.2173	73.3283
7799.660	21789.2229	75.0654
7802.590	21737.9104	80.9466
7805.520	21657.4219	88.5265
7808.450	21625.2558	81.2401
7811.380	21639.2734	79.6607
7814.310	21620.8634	73.4000
7817.240	21575.1134	76.0095
7820.170	21540.5742	75.8030
7823.100	21531.3224	73.4638
7826.030	21533.9398	76.6947
7828.960	21520.0247	81.2867
7831.890	21460.3006	87.4902
7834.820	21443.6814	79.8971
7837.750	21397.2669	77.2735
7840.680	21347.1322	75.3526
7843.610	21269.9154	73.5568
7846.540	21250.1683	78.7255
7849.470	21241.8589	84.8745
7852.400	21237.4896	81.5650
7855.330	21241.1731	84.9328
7858.260	21229.5381	76.7806
7861.190	21208.2242	75.6087
7864.120	21230.6465	75.1759
7867.050	21176.2237	78.5840
7869.980	21076.2544	85.4738
7872.910	20966.2914	78.8423
7875.840	20849.9890	78.2196
7878.770	20810.6699	75.9190
7881.700	20861.3849	77.1337
7884.630	20909.6114	79.8942
7887.560	20877.8050	78.1024
7890.490	20863.3069	72.1151
7893.420	20795.5024	70.8655
7896.350	20687.4641	73.0402
7899.280	20734.2592	81.5368
7902.210	20860.2756	80.1566
7905.140	20872.4900	82.8938
7908.070	20832.2113	82.9399
7911.000	20759.7427	85.8339
7913.930	20659.8161	83.5066
7916.860	20618.6706	81.0647
7919.790	20622.9277	74.9996
7922.720	20576.2508	83.0295
7925.650	20567.4902	77.0586
7928.580	20557.6822	73.0304
7931.510	20533.6933	75.6312
7934.440	20504.8963	75.8198
7937.370	20501.0912	74.5672
7940.300	20507.2099	68.7886
7943.230	20496.1614	68.2494
7946.160	20433.4811	69.0198
7949.090	20344.4597	69.7265
7952.020	20289.0404	71.6347
7954.950	20338.2141	70.9674
7957.880	20337.9675	76.4256
7960.810	20311.3825	81.1548
7963.740	20277.2308	82.4633
7966.670	20263.5174	78.2877
7969.600	20231.9399	74.4481
7972.530	20262.7822	79.2838
7975.460	20276.6633	76.6504
7978.390	20283.1904	77.9679
7981.320	20257.0036	74.1305
7984.250	20229.8334	73.3620
7987.180	20180.1042	79.9551
7990.110	20120.8744	81.6309
7993.040	20101.8534	75.5208
7995.970	20086.5675	75.3038
7998.900	20041.8474	70.7137
8001.830	19948.7038	70.0182
8004.760	19984.1674	64.0286
8007.690	20004.8702	60.7892
8010.620	20012.8671	60.4140
8013.550	20000.1875	65.0515
8016.480	20023.4345	72.0504
8019.410	20048.7846	76.7322
8022.340	19989.5633	75.2292
8025.270	20002.0811	72.2134
8028.200	19977.8137	79.6118
8031.130	19879.6896	73.5188
8034.060	19764.4356	69.1065
8036.990	19719.2038	70.7249
8039.920	19694.2584	70.9130
8042.850	19671.7461	69.9951
8045.780	19664.0778	69.2596
8048.710	19619.7844	72.2810
8051.640	19556.9860	74.8549
8054.570	19491.8505	83.2004
8057.500	19493.8909	74.4869
8060.430	19494.3723	68.6497
8063.360	19544.3363	70.3864
8066.290	19597.5567	63.4874
8069.220	19566.6604	74.0859
8072.150	19554.8514	72.2894
8075.080	19538.6525	71.8761
8078.010	19500.7452	78.5395
8080.940	19412.5103	81.3789
8083.870	19363.8379	74.5109
8086.800	19316.9528	69.0470
8089.730	19299.3693	68.4733
8092.660	19326.1417	69.9207
8095.590	19292.8163	70.2736
8098.520	19231.9231	69.8297
8101.450	19183.0065	72.0370
8104.380	19184.0471	72.8878
8107.310	19148.8661	74.8908
8110.240	19155.1491	70.3169
8113.170	19148.8071	74.4766
8116.100	19163.0898	78.9516
8119.030	19161.3802	75.0675
8121.960	19184.8482	73.5209
8124.890	19169.7159	66.7981
8127.820	19166.7466	62.6570
8130.750	19148.6236	66.6656
8133.680	19076.5202	63.8190
8136.610	18991.8191	69.9264
8139.540	18938.8075	69.1070
8142.470	18905.0396	71.5072
8145.400	18893.9589	63.8399
8148.330	18874.5000	61.2277
8151.260	18907.0462	64.5849
8154.190	18897.7384	66.8530
8157.120	18870.9865	71.0016
8160.050	18824.5699	71.0728
8162.980	18800.0065	73.4801
8165.910	18776.0620	77.4444
8168.840	18690.5569	87.4845
8171.770	18677.0291	84.0701
8174.700	18684.7402	77.9619
8177.630	18638.8025	76.3519
8180.560	18555.9869	80.9645
8183.490	18427.2498	85.0288
8186.420	18384.1355	75.2037
8189.350	18402.8489	73.4669
8192.280	18443.0613	70.3874
8195.210	18399.2819	73.2839
8198.140	18348.6042	63.9180
8201.070	18325.2402	62.3955
8204.000	18322.0019	65.3671
8206.930	18346.0321	68.4523
8209.860	18332.0195	62.9779
8212.790	18264.9367	60.8626
8215.720	18195.2517	57.7975
8218.650	18179.3770	64.4483
8221.580	18194.7767	70.7184
8224.510	18182.7237	76.6502
8227.440	18161.6845	87.8413
8230.370	18154.5339	103.0076
8233.300	18180.6935	92.4303
8236.230	18169.2222	79.7846
8239.160	18167.0959	70.2735
8242.090	18123.6209	57.5714
8245.020	18113.2293	56.8481
8247.950	18063.7180	62.3408
8250.880	17986.5465	60.8452
8253.810	17990.0640	64.6615
8256.740	17984.0171	72.5519
8259.670	18007.0954	65.8995
8262.600	18005.5193	65.2394
8265.530	17981.9214	64.9159
8268.460	17931.4883	64.4810
8271.390	17961.5578	61.2851
8274.320	17998.5430	57.9018
8277.250	17978.6096	57.0651
8280.180	17913.7278	60.8010
8283.110	17882.6851	59.4806
8286.040	17820.1052	62.2304
8288.970	17781.9938	64.2688
8291.900	17818.6121	66.6907
8294.830	17757.4331	66.5939
8297.760	17640.6206	68.3443
8300.690	17653.8512	61.5753
8303.620	17743.7167	55.5021
8306.550	17726.0378	60.8474
8309.480	17716.3071	67.7274
8312.410	17721.6364	69.4075
8315.340	17747.3658	72.5404
8318.270	17718.8061	69.5691
8321.200	17715.4532	68.3711
8324.130	17703.3726	67.0800
8327.060	17646.7749	75.2066
8329.990	17565.4141	76.1095
8332.920	17491.3543	72.4715
8335.850	17425.7359	72.2648
8338.780	17431.1498	71.2087
8341.710	17363.7717	72.5015
8344.640	17321.1877	70.1087
8347.570	17403.7244	60.5758
8350.500	17368.7097	66.7041
8353.430	17269.7400	69.4130
8356.360	17313.9888	61.3358
8359.290	17341.1420	62.8671
8362.220	17317.6016	72.2175
8365.150	17299.9802	72.2479
8368.080	17255.5118	62.2349
8371.010	17314.4446	59.0534
8373.940	17298.7030	57.9686
8376.870	17293.9326	66.1538
8379.800	17318.6916	74.3506
8382.730	17340.2828	77.5882
8385.660	17343.7317	66.7876
8388.590	17225.0095	61.0760
8391.520	17127.8431	60.5628
8394.450	17112.7603	66.5679
8397.380	17160.8196	69.1874
8400.310	17215.5751	63.3226
8403.240	17258.8741	55.3869
8406.170	17148.6696	53.0126
8409.100	17010.4476	58.3615
8412.030	16860.3592	66.2302
8414.960	16826.6492	73.7697
8417.890	17018.9404	59.9030
8420.820	17220.6624	54.9353
8423.750	17222.2777	56.2217
8426.680	17065.5299	66.2374
8429.610	16911.8732	78.9627
8432.540	16852.8190	67.6305
8435.470	16713.5764	68.1989
8438.400	16540.0590	64.3002
8441.330	16463.1256	60.5878
8444.260	16188.6790	55.7321
8447.190	16092.8579	58.0846
8450.120	16510.5011	79.7334
8453.050	16916.1531	65.6502
8455.980	16971.8079	61.6570
8458.910	16802.6723	72.3335
8461.840	16490.7445	72.4695
8464.770	16224.7003	70.7752
8467.700	16165.1992	66.4437
8470.630	16350.2281	60.9485
8473.560	16640.3386	61.8617
8476.490	16931.6977	66.9635
8479.420	17137.9856	67.5412
8482.350	17245.4246	65.5088
8485.280	17205.5448	78.8989
8488.210	17099.0275	75.7748
8491.140	16850.4032	73.3743
8494.070	16543.2039	88.2858
8497.000	16006.8149	113.9996
8499.930	15412.2511	84.1970
8502.860	15266.0309	67.2603
8505.790	15597.9378	71.0233
8508.720	16065.3179	68.9265
8511.650	16516.4668	64.9374
8514.580	16854.9453	73.6460
8517.510	17065.9866	70.4178
8520.440	17152.5177	68.1248
8523.370	17174.3179	66.9170
8526.300	17140.1306	74.1404
8529.230	16991.0357	84.1493
8532.160	16781.5219	74.4245
8535.090	16428.2683	71.9327
8538.020	15947.4553	131.1085
8540.950	15169.6153	154.6169
8543.880	14518.2355	109.0084
8546.810	14554.7585	67.0399
8549.740	15150.3768	78.3620
8552.670	15765.1729	72.7059
8555.600	16313.8464	61.9665
8558.530	16751.1367	61.5345
8561.460	17120.6067	63.8938
8564.390	17371.1164	65.6918
8567.320	17464.1278	66.0299
8570.250	17463.1055	67.5387
8573.180	17444.3020	70.5140
8576.110	17335.3631	73.2190
8579.040	17201.2697	75.3484
8581.970	16900.5271	80.7515
8584.900	16455.6651	74.4954
8587.830	15950.5509	70.3779
8590.760	15336.5952	56.8721
8593.690	14624.0402	53.7549
8596.620	13975.2337	51.1477
8599.550	13828.8041	58.7316
8602.480	14334.6855	57.6055
8605.410	15118.2842	52.2016
8608.340	15798.8732	49.3268
8611.270	16311.4050	52.5074
8614.200	16724.4457	60.4190
8617.130	17061.1011	57.7586
8620.060	17254.8346	70.7059
8622.990	17385.1508	91.1168
8625.920	17422.9924	80.4880
8628.850	17468.2587	71.5515
8631.780	17461.5222	67.4713
8634.710	17415.9226	80.8043
8637.640	17311.3266	81.9637
8640.570	17205.2931	80.4103
8643.500	17019.7383	72.5125
8646.430	16746.0110	68.6415
8649.360	16269.9389	69.3225
8652.290	15710.1920	68.7391
8655.220	15155.5242	52.6220
8658.150	14451.9996	110.5884
8661.080	13557.7459	123.7794
8664.010	12841.3617	90.8560
8666.940	12889.8988	62.3901
8669.870	13626.5183	62.4606
8672.800	14454.6450	61.6314
8675.730	15072.1317	63.4894
8678.660	15504.2572	63.9513
8681.590	15887.5116	63.1301
8684.520	16330.5950	62.9221
8687.450	16782.6124	65.4057
8690.380	17068.1072	66.2413
8693.310	17250.1742	64.8666
8696.240	17421.1211	63.4085
8699.170	17516.8563	66.1151
8702.100	17559.2932	67.2871
8705.030	17568.8878	70.4639
8707.960	17590.8287	69.0300
8710.890	17572.9165	68.0043
8713.820	17502.7848	66.2899
8716.750	17369.7683	60.0344
8719.680	17182.7980	63.0334
8722.610	16989.2540	66.3240
8725.540	16863.4342	58.5729
8728.470	16675.7025	54.8577
8731.400	16403.6846	54.7136
8734.330	15998.4518	55.6568
8737.260	15451.0097	57.3646
8740.190	14778.7637	53.6644
8743.120	14004.8758	51.7950
8746.050	13109.2056	48.5521
8748.980	12338.1468	43.6820
8751.910	12199.1033	47.1284
8754.840	12852.9915	46.6859
8757.770	13768.1338	50.2779
8760.700	14550.7440	56.9328
8763.630	15194.0516	60.4651
8766.560	15697.8448	65.6418
8769.490	16108.9249	69.6319
8772.420	16419.8307	70.4324
8775.350	16572.6383	71.5398
8778.280	16732.5039	66.9841
8781.210	16861.0951	72.8011
8784.140	16977.8714	73.6135
8787.070	17078.4138	75.6861
8790.000	17212.5473	66.9301
8792.930	17344.3401	61.2437
8795.860	17401.1125	60.1239
8798.790	17385.1521	61.8435
8801.720	17382.5103	70.1696
8804.650	17406.0930	82.7990
8807.580	17334.6124	75.7436
8810.510	17277.9033	76.8128
8813.440	17290.9960	79.9013
8816.370	17204.3547	77.3710
8819.300	17117.1447	73.3805
8822.230	17026.0614	72.2722
8825.160	16857.2711	75.2756
8828.090	16801.1414	65.2191
8831.020	16737.0789	63.5980
8833.950	16508.8058	63.5695
8836.880	16354.9843	60.4605
8839.810	16180.4234	53.6400
8842.740	15889.5535	56.5804
8845.670	15455.4882	63.2711
8848.600	14917.4875	72.3872
8851.530	14329.2540	68.2543
8854.460	13576.7154	60.1471
8857.390	12637.7341	52.5256
8860.320	11725.8539	41.7533
8863.250	11280.0296	44.1704
8866.180	11698.9978	51.0547
8869.110	12642.8805	53.5777
8872.040	13557.0410	51.3222
8874.970	14261.6562	54.7731
8877.900	14835.5880	47.2241
8880.830	15212.4385	52.5109
8883.760	15442.1134	61.8748
8886.690	15737.7821	56.9540
8889.620	16011.3793	48.5496
8892.550	16196.2844	58.2353
8895.480	16386.1831	71.1458
8898.410	16532.1806	73.6750
8901.340	16597.9254	72.1466
8904.270	16648.6931	67.6598
8907.200	16633.1905	66.2375
8910.130	16553.7459	59.0032
8913.060	16565.7216	66.9279
8915.990	16636.3176	64.6276
8918.920	16815.6547	61.6795
8921.850	16937.6980	71.0095
8924.780	16830.8756	76.5285
8927.710	16600.6215	73.1773
8930.640	16573.3138	61.9672
8933.570	16619.9678	60.6315
8936.500	16610.1615	64.4088
8939.430	16623.8400	72.9567
8942.360	16672.7288	69.9979
8945.290	16764.9085	66.0466
8948.220	16785.7496	65.6744
8951.150	16834.0289	61.4702
8954.080	16746.9562	67.8866
8957.010	16621.0596	67.3591
8959.940	16581.2080	55.5466
8962.870	16542.1031	55.4173
8965.800	16544.4554	62.3750
8968.730	16517.9584	67.4873
8971.660	16379.0093	75.3881
8974.590	16251.1779	73.0494
8977.520	16082.1933	70.2239
8980.450	15917.4747	61.7576
8983.380	15732.2237	58.0337
8986.310	15570.7180	61.4952
8989.240	15448.6173	65.2439
8992.170	15295.0166	62.4156
8995.100	15030.5532	67.7164
8998.030	14582.5639	67.6675
9000.960	14020.0364	59.3889
9003.890	13410.1405	52.4804
9006.820	12655.8507	52.4801
9009.750	11793.0300	51.7996
9012.680	10989.5294	55.1798
9015.610	10700.6075	53.9056
9018.540	11237.7095	48.0314
9021.470	12097.9288	52.4399
9024.400	12874.5041	58.9907
9027.330	13462.1592	61.2168
9030.260	13902.7428	54.4848
9033.190	14283.6082	46.1965
9036.120	14615.7465	48.0105
9039.050	14905.9708	48.8087
9041.980	15151.9380	60.4826
9044.910	15339.0753	62.7712
9047.840	15458.3609	73.7660
9050.770	15530.4451	71.3812
9053.700	15580.6492	63.2536
9056.630	15539.6933	52.0634
9059.560	15299.7899	56.6900
9062.490	15167.3577	60.7886
9065.420	15424.7880	68.4759
9068.350	15794.0842	74.0543
9071.280	16021.8118	70.6025
9074.210	16076.0135	65.0921
9077.140	15931.4722	62.8581
9080.070	15828.6739	71.3750
9083.000	15833.0258	63.5492
9085.930	15743.4483	62.5409
9088.860	15619.5982	65.2584
9091.790	15463.8986	68.9502
9094.720	15373.0414	58.5553
9097.650	15504.4073	60.1708
9100.580	15684.9102	67.5141
9103.510	15776.6577	67.2390
9106.440	15802.6090	65.2039
9109.370	15747.9833	70.2086
9112.300	15659.6928	72.4003
9115.230	15713.9068	77.5015
9118.160	15774.4924	77.1551
9121.090	15657.3187	65.6873
9124.020	15541.0458	60.0904
9126.950	15506.7700	59.0609
9129.880	15514.1784	67.8483
9132.810	15573.6141	73.7096
9135.740	15659.0106	66.7121
9138.670	15748.4338	69.7909
9141.600	15823.2977	66.3368
9144.530	15789.1443	66.6046
9147.460	15693.7615	60.2913
9150.390	15629.7034	62.6995
9153.320	15591.7652	67.3063
9156.250	15604.9127	65.6001
9159.180	15604.8987	67.5622
9162.110	15578.8584	66.9737
9165.040	15457.5715	70.1885
9167.970	15334.6158	67.1797
9170.900	15233.5935	62.8947
9173.830	15142.7797	68.5561
9176.760	15131.2065	66.9975
9179.690	15153.0238	66.8664
9182.620	15189.3580	68.7939
9185.550	15209.7851	59.2467
9188.480	15150.3857	60.5634
9191.410	15054.9710	58.9735
9194.340	14869.3554	59.3241
9197.270	14647.9313	65.2625
9200.200	14476.6614	59.8325
9203.130	14280.8546	66.7100
9206.060	14046.3791	61.9389
9208.990	13755.0861	60.5620
9211.920	13258.5941	56.4137
9214.850	12693.3275	55.0671
9217.780	12098.3314	56.0010
9220.710	11516.4228	51.8148
9223.640	10879.9354	45.3682
9226.570	10156.1201	44.6239
9229.500	9842.3167	42.0587
9232.430	10226.0856	46.6712
9235.360	10945.3846	45.8153
9238.290	11640.7622	45.1994
9241.220	12172.2964	49.6825
9244.150	12598.4964	56.2504
9247.080	13035.4456	64.9457
9250.010	13429.7576	68.5730
9252.940	13739.9238	61.8605
9255.870	13910.6245	56.9323
9258.800	13780.2130	57.5386
9261.730	13523.7628	59.3203
9264.660	13536.1357	61.1623
9267.590	13901.2899	62.9132
9270.520	14313.1739	68.0932
9273.450	14508.1936	72.1925
9276.380	14551.9544	75.0988
9279.310	14589.0678	78.5596
9282.240	14557.7749	65.6827
9285.170	14611.3741	59.3512
9288.100	14685.2697	61.4329
9291.030	14765.0408	55.1020
9293.960	14878.6837	52.0318
9296.890	14969.2761	59.1121
9299.820	15019.8363	64.7639
9302.750	14952.5700	72.5758
9305.680	14799.6485	63.6513
9308.610	14651.3032	64.3724
9311.540	14474.5568	62.3103
9314.470	14397.7369	74.5656
9317.400	14461.1431	67.0575
9320.330	14522.3813	75.6761
9323.260	14614.6859	85.4085
9326.190	14723.3035	77.4179
9329.120	14766.4429	68.5941
9332.050	14715.4032	76.3255
9334.980	14578.6079	86.4041
9337.910	14469.8093	96.4693
9340.840	14479.5786	91.6761
9343.770	14541.1462	87.0206
9346.700	14532.4355	81.2952
9349.630	14438.9292	75.4027
9352.560	14458.4504	84.5693
9355.490	14504.6200	79.4508
9358.420	14518.6800	68.5365
9361.350	14479.0217	70.0787
9364.280	14450.1641	71.5167
9367.210	14449.4551	74.3498
9370.140	14416.8197	71.4537
9373.070	14323.4765	68.7257
9376.000	14337.4898	71.1684
9378.930	14399.1752	77.1960
9381.860	14349.3337	74.8023
9384.790	14301.3240	56.9263
9387.720	14217.4185	56.9655
9390.650	14125.3578	63.4378
9393.580	14076.9075	74.0081
9396.510	14085.1109	69.5062
9399.440	14101.2217	67.9257
9402.370	14110.5888	69.1929
9405.300	14074.1931	76.6629
9408.230	14041.9989	75.7198
9411.160	14022.2032	92.7034
9414.090	13911.8495	87.7757
9417.020	13853.2054	69.7619
9419.950	13869.4885	73.4303
9422.880	13935.3647	72.7537
9425.810	13990.9013	70.3978
9428.740	14104.3546	66.3333
9431.670	14152.7553	62.3475
9434.600	14139.0039	61.3192
9437.530	14089.6672	76.5897
9440.460	14039.2356	85.8406
9443.390	14019.3735	75.2725
9446.320	13992.5632	67.5879
9449.250	13934.9619	64.8858
9452.180	13913.7484	69.0017
9455.110	13827.2933	68.4622
9458.040	13777.0337	61.7578
9460.970	13834.6195	59.4458
9463.900	13895.5486	56.1536
9466.830	13893.8782	55.0265
9469.760	13840.9501	60.4994
9472.690	13792.0250	65.7444
9475.620	13765.3520	70.1863
9478.550	13657.6074	73.1237
9481.480	13581.9847	66.9287
9484.410	13611.9506	61.0839
9487.340	13558.4926	69.6844
9490.270	13487.8890	66.1377
9493.200	13503.6496	63.0885
9496.130	13496.4867	70.2448
9499.060	13441.7695	73.8176
9501.990	13419.2040	67.3646
9504.920	13379.4687	60.4556
9507.850	13342.1121	61.2046
9510.780	13295.8810	69.0756
9513.710	13141.8051	78.3421
9516.640	12934.3566	81.1888
9519.570	12662.7200	70.7525
9522.500	12444.8982	54.0649
9525.430	12200.3433	50.9970
9528.360	11980.0690	50.7629
9531.290	11616.4488	51.0731
9534.220	11219.5306	52.8437
9537.150	10734.0640	56.9757
9540.080	10131.7873	56.8280
9543.010	9464.7905	54.7925
9545.940	8963.7887	52.6429
9548.870	9070.4220	52.3173
9551.800	9626.0342	55.4879
9554.730	10354.8276	56.0548
9557.660	10966.8686	61.5290
9560.590	11433.3071	62.7275
9563.520	11772.3484	69.0487
9566.450	12094.5295	80.4323
9569.380	12374.9758	74.7914
9572.310	12594.8872	65.8453
9575.240	12611.2094	60.9075
9578.170	12569.1364	65.2697
9581.100	12559.7835	65.7704
9584.030	12647.0415	71.9459
9586.960	12775.6990	86.0122
9589.890	12894.0349	87.4832
9592.820	13028.1954	83.4246
9595.750	13032.2844	82.1939
9598.680	12981.4314	76.9123
9601.610	12898.9555	82.5580
9604.540	12799.0035	91.6112
9607.470	12906.3844	100.2818
9610.400	13064.3667	108.7358
9613.330	13071.0115	108.6648
9616.260	12926.6695	94.8350
9619.190	12814.6763	114.6937
9622.120	12753.7961	119.8732
9625.050	12782.2980	121.8533
9627.980	12842.5180	110.5537
9630.910	12743.1162	104.5288
9633.840	12739.3445	107.5509
9636.770	12827.1027	113.7716
9639.700	12889.1493	110.2969
9642.630	12841.1991	115.5535
9645.560	12821.7244	122.2350
9648.490	12804.7319	117.9107
9651.420	12807.3965	122.5006
9654.350	12717.0584	116.8783
9657.280	12631.4958	116.8112
9660.210	12510.3074	130.0478
9663.140	12548.0148	130.2313
9666.070	12564.7570	128.5651
9669.000	12598.7587	124.6770
9671.930	12656.2263	135.1076
9674.860	12714.4664	135.1545
9677.790	12727.8368	141.6852
9680.720	12655.5580	136.3148
9683.650	12700.3068	145.9011
9686.580	12635.3187	142.9601
9689.510	12532.8258	143.8430
9692.440	12494.3559	144.2815
9695.370	12527.1550	144.3468
9698.300	12528.6946	141.5440
9701.230	12554.5358	150.1001
