3298.680	21273.1841	121.5583
3301.060	21224.4891	147.2920
3303.440	21123.5673	134.1713
3305.820	21185.3353	112.4913
3308.200	21150.9121	113.5886
3310.580	21013.2459	124.6522
3312.960	20995.6723	117.4329
3315.340	20991.9455	114.9782
3317.720	21009.2658	122.6391
3320.100	20828.9508	145.3161
3322.480	20692.9461	118.3695
3324.860	20768.9633	104.4621
3327.240	20811.5031	108.0532
3329.620	20812.4420	107.4011
3332.000	20747.5011	120.3374
3334.380	20664.1950	111.0355
3336.760	20637.6302	107.3808
3339.140	20550.5461	104.9262
3341.520	20511.6820	102.3044
3343.900	20610.6364	105.9429
3346.280	20592.5515	92.4781
3348.660	20442.3546	106.5018
3351.040	20580.4291	100.2010
3353.420	20688.2192	112.7734
3355.800	20525.7446	137.3744
3358.180	20283.4353	118.1876
3360.560	20514.7893	129.6480
3362.940	20603.6676	107.1169
3365.320	20523.8123	113.4893
3367.700	20497.6768	107.2314
3370.080	20447.1251	110.1818
3372.460	20555.5285	109.2230
3374.840	20628.6859	110.9852
3377.220	20282.5440	133.3225
3379.600	20177.8752	84.9808
3381.980	20205.2270	87.8620
3384.360	20329.5904	91.1277
3386.740	20362.6067	116.1735
3389.120	20399.2723	100.8655
3391.500	20320.2406	91.7516
3393.880	20368.3320	110.9521
3396.260	20529.7871	92.5395
3398.640	20510.2629	121.6685
3401.020	20350.8358	126.8581
3403.400	20252.6494	96.7324
3405.780	20260.4565	87.8197
3408.160	20302.3915	82.0626
3410.540	20450.6985	89.2177
3412.920	20449.1381	101.6542
3415.300	20444.9809	92.8758
3417.680	20312.9194	105.6638
3420.060	20112.1814	116.0070
3422.440	20125.0358	100.6412
3424.820	20350.4384	81.3271
3427.200	20464.6454	80.9970
3429.580	20374.1479	105.4800
3431.960	20182.7001	116.0312
3434.340	20151.1626	113.4023
3436.720	20142.3820	117.1590
3439.100	20088.8327	103.0218
3441.480	20048.7800	110.7558
3443.860	20024.0325	104.0702
3446.240	20216.8418	86.0015
3448.620	20221.3398	116.5368
3451.000	20206.9514	111.3421
3453.380	20127.0875	105.6476
3455.760	20072.7647	97.2229
3458.140	20040.5187	82.5706
3460.520	19970.8496	87.6912
3462.900	20050.5595	87.2331
3465.280	20006.1898	121.8123
3467.660	19989.9249	109.2342
3470.040	19902.0539	114.1143
3472.420	19866.3343	95.5583
3474.800	19856.8722	90.5702
3477.180	19891.7215	107.7216
3479.560	19886.9633	129.1137
3481.940	19831.4258	111.8174
3484.320	19829.3725	94.1057
3486.700	19766.5764	101.6780
3489.080	19836.6982	89.8764
3491.460	19768.6492	94.5044
3493.840	19583.4300	82.1122
3496.220	19641.7013	86.9739
3498.600	19791.3982	81.0278
3500.980	19769.6756	105.9302
3503.360	19688.2892	111.7544
3505.740	19713.7898	102.0869
3508.120	19749.5001	87.6267
3510.500	19730.0277	83.6479
3512.880	19721.8945	86.1438
3515.260	19718.6395	85.9662
3517.640	19774.2682	70.2579
3520.020	19703.1330	74.7289
3522.400	19754.4078	86.4915
3524.780	19811.4524	122.4895
3527.160	19736.6349	80.4717
3529.540	19729.4652	76.8085
3531.920	19737.2358	83.0025
3534.300	19689.7515	75.6114
3536.680	19678.5393	75.5145
3539.060	19716.3338	78.6445
3541.440	19736.6502	87.1127
3543.820	19710.5801	92.1170
3546.200	19670.9838	103.2525
3548.580	19717.7224	89.2293
3550.960	19737.4895	95.8405
3553.340	19688.9214	97.6475
3555.720	19503.3294	101.2172
3558.100	19465.2454	102.9673
3560.480	19524.4551	94.8581
3562.860	19549.1338	79.4351
3565.240	19466.4863	81.8334
3567.620	19420.6245	72.9381
3570.000	19279.1631	100.4496
3572.380	19271.4962	81.6895
3574.760	19335.2125	82.4304
3577.140	19291.6041	87.7225
3579.520	19396.6328	94.5884
3581.900	19321.5209	89.9349
3584.280	19238.1077	92.2458
3586.660	19225.0721	87.1974
3589.040	19334.1914	83.1734
3591.420	19350.6212	89.0209
3593.800	19246.2493	114.0849
3596.180	19214.7841	120.9733
3598.560	19300.7392	108.3013
3600.940	19346.6427	84.7064
3603.320	19206.1854	79.1435
3605.700	19250.5321	84.7204
3608.080	19150.6271	73.4423
3610.460	19101.2140	93.0798
3612.840	18993.3448	117.2858
3615.220	18998.6939	105.2320
3617.600	19150.9794	73.0389
3619.980	19130.8570	94.0391
3622.360	19134.9998	87.1973
3624.740	19052.3691	120.1690
3627.120	19047.9900	113.9693
3629.500	19044.4679	95.1403
3631.880	19105.2166	103.7237
3634.260	19149.3073	97.3776
3636.640	19099.5161	94.7148
3639.020	19075.8452	84.6113
3641.400	19118.4142	82.4518
3643.780	19078.6210	83.9131
3646.160	19024.1355	78.3326
3648.540	19014.3123	83.0586
3650.920	18992.5973	67.9694
3653.300	19005.8993	88.2459
3655.680	18976.3457	88.0067
3658.060	18895.8740	83.8781
3660.440	18917.0720	69.9347
3662.820	18920.7398	68.0993
3665.200	18903.6176	70.7543
3667.580	18918.8488	70.6708
3669.960	18878.3362	82.9442
3672.340	18826.2535	100.6042
3674.720	18832.9406	88.9145
3677.100	18752.7147	79.0240
3679.480	18788.9861	73.5959
3681.860	18804.6435	76.2742
3684.240	18729.7548	78.7624
3686.620	18771.5080	84.8785
3689.000	18829.1588	84.2504
3691.380	18948.6574	84.6180
3693.760	18913.1074	87.9457
3696.140	18931.6653	84.5834
3698.520	19117.0855	83.8847
3700.900	19075.9345	117.8539
3703.280	18838.8936	93.9833
3705.660	19423.0177	86.5342
3708.040	19810.3214	75.5467
3710.420	18897.3615	80.1983
3712.800	19053.8287	96.0574
3715.180	20965.3345	116.3216
3717.560	21420.1007	89.9520
3719.940	19576.7895	104.6750
3722.320	18958.3046	76.1853
3724.700	21532.7441	100.2399
3727.080	24317.2341	128.4955
3729.460	23915.9167	117.5084
3731.840	20527.4532	113.4800
3734.220	18449.5439	95.3049
3736.600	20860.6239	89.8710
3738.980	25402.7223	158.1039
3741.360	28418.3782	162.0001
3743.740	27753.4837	101.3209
3746.120	23651.7356	108.9224
3748.500	19112.5677	91.1894
3750.880	18703.7182	94.9815
3753.260	22923.5911	182.5702
3755.640	28277.1512	158.7550
3758.020	32255.7351	119.5706
3760.400	33600.0365	125.5968
3762.780	32061.9560	137.0760
3765.160	27767.6221	123.7251
3767.540	22127.5343	100.1234
3769.920	18352.2022	81.1271
3772.300	20014.8717	90.8519
3774.680	25898.3154	111.9345
3777.060	32237.2513	124.6786
3779.440	37319.0258	130.1294
3781.820	40337.3998	150.3936
3784.200	41217.0752	152.5519
3786.580	40056.4687	185.3292
3788.960	37065.1880	141.4835
3791.340	31814.6725	132.4393
3793.720	25208.2150	117.9565
3796.100	19602.4268	96.2727
3798.480	18499.0079	83.2953
3800.860	22855.9018	102.8134
3803.240	29354.4864	127.8602
3805.620	35500.7076	165.2804
3808.000	40337.2922	154.2486
3810.380	43480.9504	186.4021
3812.760	45180.0345	193.8530
3815.140	46073.6424	261.2839
3817.520	46224.1120	257.7356
3819.900	45184.1411	255.1258
3822.280	43301.5542	198.9793
3824.660	40083.5373	151.6065
3827.040	35582.9812	132.4366
3829.420	29748.0286	116.3219
3831.800	23285.6334	101.4804
3834.180	18506.1379	83.9172
3836.560	18827.8344	80.4304
3838.940	23891.0701	117.3487
3841.320	30479.5918	126.1480
3843.700	36295.9311	208.0062
3846.080	40784.0317	229.0628
3848.460	44033.2718	193.8681
3850.840	45991.6816	187.9752
3853.220	47205.8192	167.6888
3855.600	47994.6151	161.1984
3857.980	48787.8419	191.0950
3860.360	49089.5974	179.7615
3862.740	48513.1332	296.0384
3865.120	48536.5092	302.0693
3867.500	48709.5929	201.8135
3869.880	48115.3409	212.3339
3872.260	46783.2355	160.1204
3874.640	45058.4625	171.6258
3877.020	42246.8314	153.0237
3879.400	38393.2847	153.3763
3881.780	33291.1392	141.7178
3884.160	27008.0039	126.9694
3886.540	20950.9090	106.5311
3888.920	18052.1530	86.6648
3891.300	20695.2507	83.4905
3893.680	26562.3244	111.3347
3896.060	32656.5172	148.5783
3898.440	37617.7836	137.0244
3900.820	41334.5503	136.6297
3903.200	43979.1221	139.0998
3905.580	45859.7719	151.1896
3907.960	47511.3458	167.8879
3910.340	48217.6239	227.1891
3912.720	48472.6527	243.1566
3915.100	48691.0731	226.7359
3917.480	49249.1298	213.1470
3919.860	49483.5571	215.2941
3922.240	49385.7512	215.4982
3924.620	49617.5686	203.8707
3927.000	49564.5550	238.1036
3929.380	48705.7290	229.3192
3931.760	47128.3213	402.4538
3934.140	46830.1561	426.1829
3936.520	47566.4141	299.1706
3938.900	48339.4254	249.3405
3941.280	48343.2581	220.1498
3943.660	47885.5316	260.7067
3946.040	47465.7153	180.2623
3948.420	46757.0923	215.7930
3950.800	45912.6494	220.0533
3953.180	44892.7469	236.6326
3955.560	42964.8479	204.2978
3957.940	40262.7448	203.8280
3960.320	36644.3618	193.7368
3962.700	31947.8816	141.9371
3965.080	26118.2848	172.9803
3967.460	20364.4785	178.8792
3969.840	17542.2426	161.7919
3972.220	19813.5654	101.8308
3974.600	25239.3916	136.0605
3976.980	30993.7801	168.6455
3979.360	35604.7358	220.6453
3981.740	39328.6293	246.4099
3984.120	42165.7414	183.7097
3986.500	43971.5948	172.6483
3988.880	45097.1386	191.5726
3991.260	45987.5189	189.3447
3993.640	46659.2451	175.3067
3996.020	47059.5604	182.3500
3998.400	47328.9325	181.2856
4000.780	47333.8253	196.6626
4003.160	47273.0189	205.8722
4005.540	47298.1075	181.3801
4007.920	47546.8065	158.2748
4010.300	47706.3521	173.9408
4012.680	47597.2739	166.5854
4015.060	47562.2603	163.3118
4017.440	47617.2923	148.5274
4019.820	47647.9777	168.6216
4022.200	47258.0330	210.9351
4024.580	46666.9369	240.7007
4026.960	46329.9903	176.8217
4029.340	46548.3521	153.6271
4031.720	46825.9154	134.0992
4034.100	47020.8274	132.9715
4036.480	47010.5613	147.7883
4038.860	47017.1307	163.2602
4041.240	47057.1821	155.7578
4043.620	46984.5921	179.9474
4046.000	46598.9097	149.2821
4048.380	46574.4428	152.4964
4050.760	46514.7102	172.5536
4053.140	46392.5253	162.3627
4055.520	46323.7233	150.8342
4057.900	46137.5311	156.2553
4060.280	45870.4481	155.0954
4062.660	45667.9825	147.5572
4065.040	45309.2045	151.1101
4067.420	45172.2525	157.0806
4069.800	45052.1408	164.2525
4072.180	44770.6079	164.5875
4074.560	44360.7761	167.7181
4076.940	43840.7342	172.5948
4079.320	43245.1686	161.9124
4081.700	42678.7790	152.7506
4084.080	41689.5085	143.2784
4086.460	40227.5511	157.4018
4088.840	38047.4740	160.9605
4091.220	35085.5305	144.5376
4093.600	31190.6241	133.0052
4095.980	26355.3336	133.2827
4098.360	21070.7597	133.7059
4100.740	17106.9564	112.0682
4103.120	17610.6824	87.7749
4105.500	21856.9361	96.1392
4107.880	26900.3045	97.9542
4110.260	31547.1812	114.5565
4112.640	35202.6008	118.1377
4115.020	37806.1142	129.1998
4117.400	39648.6954	132.9085
4119.780	40899.2524	142.4107
4122.160	41694.9456	135.5234
4124.540	42186.9474	158.9052
4126.920	42186.8997	153.8085
4129.300	42065.1060	140.7940
4131.680	42619.0823	156.3784
4134.060	43384.9451	166.7811
4136.440	43697.1073	169.1237
4138.820	43753.0014	164.7014
4141.200	43628.3366	181.7117
4143.580	43687.3450	172.0544
4145.960	43546.7067	146.4784
4148.340	43609.5290	153.1603
4150.720	43721.7624	162.4062
4153.100	43795.3887	158.1804
4155.480	43855.7664	167.9757
4157.860	43698.5711	158.3211
4160.240	43505.3302	162.3881
4162.620	43334.0499	172.5129
4165.000	43329.9000	157.3676
4167.380	43352.4437	161.4427
4169.760	43215.3441	129.3057
4172.140	42807.7025	148.2223
4174.520	42726.3931	161.8870
4176.900	42583.8997	137.3975
4179.280	42488.1689	143.1853
4181.660	42715.1925	133.5307
4184.040	42839.5075	134.2417
4186.420	42758.1572	146.5658
4188.800	42746.7746	168.3172
4191.180	42700.7378	189.8224
4193.560	42761.4346	161.3462
4195.940	42597.1009	166.7713
4198.320	42532.4029	190.6001
4200.700	42322.5033	172.2982
4203.080	42153.9863	144.3230
4205.460	42107.2691	152.7816
4207.840	42143.8201	136.1090
4210.220	42108.5518	150.2891
4212.600	42063.2298	149.8524
4214.980	42010.2736	150.7406
4217.360	41850.8696	133.9584
4219.740	41641.8389	139.1773
4222.120	41657.1236	123.4910
4224.500	41738.5689	194.1137
4226.880	41545.4981	135.4601
4229.260	41425.9090	134.2542
4231.640	40976.6851	182.1523
4234.020	40948.3513	142.0262
4236.400	41269.3311	133.0534
4238.780	41318.4876	130.5549
4241.160	41210.2822	137.2176
4243.540	41024.4195	137.9890
4245.920	40941.2574	132.8007
4248.300	40896.4640	141.3956
4250.680	40872.8850	147.6662
4253.060	40724.7895	142.3092
4255.440	40654.5356	144.0400
4257.820	40680.4799	136.9982
4260.200	40469.0337	134.0485
4262.580	40451.4259	140.4763
4264.960	40358.7684	150.5238
4267.340	40240.3170	147.2630
4269.720	40089.0757	149.0451
4272.100	40029.4297	164.1344
4274.480	39864.4766	133.8218
4276.860	39863.6394	136.3179
4279.240	39881.3375	138.0849
4281.620	39760.1129	133.1579
4284.000	39616.1402	142.1193
4286.380	39512.7081	142.6569
4288.760	39253.5530	153.8955
4291.140	38982.7879	134.4876
4293.520	38874.6282	147.7256
4295.900	38728.8412	152.6942
4298.280	38457.8143	153.4415
4300.660	38297.9027	142.2585
4303.040	38263.8890	139.9013
4305.420	38176.8357	124.7836
4307.800	38255.0306	166.3030
4310.180	38048.2117	189.2123
4312.560	37438.7249	143.8743
4314.940	36986.7685	161.5031
4317.320	36427.9015	218.3880
4319.700	36027.0960	172.6568
4322.080	35304.3879	139.9853
4324.460	34180.8769	164.3227
4326.840	32440.9666	126.3264
4329.220	30311.9265	126.1835
4331.600	27580.2851	133.7575
4333.980	24099.2803	112.7059
4336.360	20049.1710	109.1108
4338.740	16539.1966	120.2966
4341.120	15529.5034	97.7497
4343.500	18049.5909	77.6640
4345.880	22100.7400	85.3038
4348.260	25872.2453	89.4009
4350.640	28895.7544	97.9327
4353.020	31180.5847	97.1419
4355.400	33015.6385	98.8197
4357.780	34209.6396	102.0792
4360.160	35062.2045	116.5384
4362.540	35731.2772	122.3458
4364.920	36148.4420	118.8579
4367.300	36324.7169	134.4953
4369.680	36543.4565	143.4131
4372.060	36746.5387	132.4625
4374.440	36932.3537	133.0950
4376.820	37203.5596	147.1457
4379.200	37296.6972	153.4716
4381.580	37048.0492	146.8945
4383.960	36662.6669	152.9353
4386.340	36711.0986	171.1064
4388.720	36786.1097	143.7822
4391.100	36814.7617	118.3439
4393.480	36785.8826	124.8926
4395.860	36767.7706	123.0096
4398.240	36851.3606	114.3972
4400.620	36941.3541	115.5332
4403.000	36959.8135	141.6333
4405.380	36930.4066	118.6228
4407.760	36966.2090	117.5041
4410.140	36878.0799	130.0441
4412.520	36782.9530	128.6753
4414.900	36535.3977	114.9402
4417.280	36333.8287	130.5478
4419.660	36378.8820	121.0951
4422.040	36461.6466	128.0451
4424.420	36495.7767	128.7021
4426.800	36492.5331	119.9500
4429.180	36404.7741	119.5460
4431.560	36369.4265	127.5825
4433.940	36350.3815	121.3391
4436.320	36298.5473	126.6743
4438.700	36303.7635	118.1719
4441.080	36029.7459	135.3236
4443.460	35961.8116	114.8733
4445.840	35914.4270	121.0961
4448.220	35760.8338	126.1699
4450.600	35830.6187	123.5619
4452.980	35978.6890	120.4317
4455.360	36115.1567	122.8583
4457.740	36017.1513	126.4426
4460.120	35870.5354	113.1037
4462.500	35779.2108	110.2880
4464.880	35685.1808	135.7083
4467.260	35448.6976	188.7751
4469.640	35138.5069	184.5907
4472.020	34952.9243	135.8285
4474.400	35079.3159	101.6377
4476.780	34964.7194	109.1667
4479.160	34229.1775	106.2744
4481.540	33807.1064	102.6395
4483.920	34324.4048	105.3533
4486.300	34846.7707	107.5387
4488.680	34830.7783	109.7413
4491.060	34821.5593	109.0711
4493.440	34970.2204	134.8057
4495.820	35088.9180	125.0450
4498.200	35065.9732	125.5917
4500.580	34867.5912	126.9998
4502.960	34799.9760	125.5170
4505.340	34702.6898	134.5530
4507.720	34564.9770	129.0004
4510.100	34574.0775	120.6822
4512.480	34536.1232	116.1907
4514.860	34504.2214	110.0191
4517.240	34397.5538	117.5431
4519.620	34274.7922	113.2897
4522.000	34060.1728	125.9850
4524.380	34146.9842	109.0634
4526.760	34301.6977	116.3279
4529.140	34258.8943	124.5182
4531.520	34032.3076	141.7754
4533.900	33924.3701	142.3124
4536.280	34090.6690	152.2726
4538.660	34048.2994	167.7286
4541.040	33933.8966	137.1864
4543.420	33898.7995	123.1126
4545.800	33683.9663	125.1479
4548.180	33245.7529	109.9815
4550.560	33110.5113	106.3306
4552.940	33194.5206	105.1899
4555.320	33246.4391	101.5055
4557.700	33236.2983	98.9442
4560.080	33364.8851	105.3314
4562.460	33376.4074	105.4617
4564.840	33373.2417	101.4822
4567.220	33464.7988	106.1489
4569.600	33306.3278	102.0206
4571.980	33225.7925	113.4020
4574.360	33228.1197	113.1953
4576.740	33210.9419	112.4983
4579.120	33116.3494	118.3284
4581.500	32854.6163	116.7406
4583.880	32670.6836	109.4916
4586.260	32649.6420	114.8604
4588.640	32665.3429	125.5294
4591.020	32764.2805	114.5926
4593.400	32836.1163	101.8091
4595.780	32878.5935	111.2239
4598.160	32874.5318	99.6767
4600.540	32897.0439	107.1911
4602.920	32870.5660	115.5158
4605.300	32819.9869	131.3720
4607.680	32709.3741	122.8204
4610.060	32620.2623	118.6018
4612.440	32619.0524	108.1913
4614.820	32433.3711	105.0999
4617.200	32294.3886	105.8856
4619.580	32216.1310	101.5381
4621.960	32253.2133	105.3918
4624.340	32261.9108	109.4229
4626.720	32200.2320	108.3148
4629.100	32082.6392	112.8082
4631.480	31941.6605	114.4776
4633.860	31982.1592	99.9282
4636.240	31980.5363	95.6370
4638.620	32054.3217	108.4227
4641.000	32044.5906	124.2811
4643.380	31821.0877	106.8543
4645.760	31752.4169	101.1639
4648.140	31879.0610	98.0979
4650.520	31776.4298	120.6412
4652.900	31678.6924	116.4279
4655.280	31670.1394	106.2258
4657.660	31527.2162	108.1701
4660.040	31466.5053	103.3003
4662.420	31519.7262	105.3854
4664.800	31491.2347	116.6575
4667.180	31434.2593	114.6181
4669.560	31441.3727	114.1464
4671.940	31318.6152	106.4480
4674.320	31288.3706	123.9080
4676.700	31324.5290	129.9194
4679.080	31351.2582	139.0883
4681.460	31429.7766	180.2289
4683.840	31460.5584	183.1138
4686.220	31310.3273	187.3050
4688.600	31078.6848	154.9254
4690.980	30950.2142	92.0737
4693.360	30932.4692	92.3763
4695.740	30859.8866	87.0154
4698.120	30885.8988	85.0171
4700.500	30833.5299	88.9842
4702.880	30778.5972	105.6451
4705.260	30736.7228	114.9771
4707.640	30688.0941	99.3129
4710.020	30755.9381	111.5485
4712.400	30688.2162	123.8636
4714.780	30561.2387	104.5738
4717.160	30501.1617	97.0913
4719.540	30524.5174	97.8771
4721.920	30403.4703	105.1433
4724.300	30316.2729	104.3659
4726.680	30304.4183	109.8732
4729.060	30300.9750	115.5423
4731.440	30189.0211	119.6377
4733.820	30114.4847	106.9456
4736.200	30107.3131	106.3644
4738.580	30072.0263	91.4818
4740.960	30039.9478	102.4884
4743.340	30053.1691	105.2478
4745.720	30011.8281	117.1016
4748.100	30003.2511	107.8516
4750.480	29949.8879	108.7679
4752.860	29805.0958	106.8254
4755.240	29704.4051	113.8995
4757.620	29647.6388	96.7286
4760.000	29529.6575	102.4760
4762.380	29489.9156	110.0249
4764.760	29542.9410	105.3702
4767.140	29510.8360	105.5696
4769.520	29396.1105	119.2155
4771.900	29306.0894	105.2853
4774.280	29293.3180	97.4926
4776.660	29264.8618	96.0817
4779.040	29208.2544	92.6708
4781.420	29154.6596	96.3753
4783.800	29139.2058	97.7361
4786.180	29153.6587	90.8930
4788.560	29097.4406	94.2625
4790.940	28926.6349	95.1961
4793.320	28867.2258	90.3744
4795.700	28862.2679	98.3650
4798.080	28750.6585	98.1972
4800.460	28675.0900	95.8021
4802.840	28615.7727	98.9499
4805.220	28544.3572	102.5643
4807.600	28472.0349	104.8844
4809.980	28397.6421	107.6398
4812.360	28372.8876	92.0336
4814.740	28246.6735	88.6903
4817.120	28128.8692	97.4812
4819.500	27977.8072	102.8498
4821.880	27887.3862	106.5602
4824.260	27858.2877	96.3762
4826.640	27854.1757	97.5569
4829.020	27656.8646	108.5058
4831.400	27410.3437	107.1492
4833.780	27108.5114	100.8208
4836.160	26724.0440	103.2273
4838.540	26390.2813	95.3850
4840.920	25927.3421	93.1389
4843.300	25207.5002	104.6377
4845.680	24225.2475	109.0646
4848.060	23078.8115	95.0530
4850.440	21669.1655	90.7417
4852.820	19817.9720	89.7217
4855.200	17502.3852	85.8428
4857.580	14940.4517	92.3098
4859.960	12969.9312	82.3021
4862.340	12865.7637	73.4658
4864.720	14686.9141	49.7028
4867.100	17158.2052	51.0760
4869.480	19433.1355	56.8942
4871.860	21222.2500	63.9166
4874.240	22644.9482	70.9619
4876.620	23662.2122	80.3810
4879.000	24552.5992	84.1374
4881.380	25190.5075	89.8262
4883.760	25533.3165	98.6187
4886.140	25887.4303	90.3231
4888.520	26198.2687	99.9576
4890.900	26317.1904	88.8504
4893.280	26416.0655	90.9705
4895.660	26513.2790	96.9270
4898.040	26581.1264	105.3990
4900.420	26679.6019	92.1271
4902.800	26776.7285	93.1267
4905.180	26837.9404	97.2262
4907.560	26821.5836	95.3774
4909.940	26757.8076	92.6357
4912.320	26724.9204	92.1159
4914.700	26779.5110	93.8163
4917.080	26749.0256	123.3837
4919.460	26670.8470	143.3141
4921.840	26483.8397	125.1747
4924.220	26300.5120	86.6865
4926.600	26465.1158	88.6032
4928.980	26596.4855	88.0906
4931.360	26670.0459	81.0634
4933.740	26732.1495	90.2453
4936.120	26755.8162	110.8740
4938.500	26812.9844	97.2961
4940.880	26609.5667	99.7791
4943.260	26549.2346	92.2188
4945.640	26581.2801	81.7496
4948.020	26575.4039	87.4850
4950.400	26512.4316	100.8774
4952.780	26454.1200	93.1245
4955.160	26452.3084	92.2811
4957.540	26397.7007	93.3260
4959.920	26336.3471	86.2942
4962.300	26283.1065	86.9206
4964.680	26247.2133	89.9886
4967.060	26155.6850	86.4729
4969.440	26198.3954	86.8480
4971.820	26280.2838	87.6770
4974.200	26214.7473	90.9402
4976.580	26182.8909	96.3690
4978.960	26116.0716	104.4646
4981.340	26042.1293	101.2359
4983.720	25918.0906	93.2802
4986.100	25805.7554	92.5048
4988.480	25838.3421	94.0277
4990.860	25828.9091	85.8521
4993.240	25794.8371	89.0553
4995.620	25795.8806	86.4982
4998.000	25738.0414	89.5463
5000.380	25666.0079	89.1253
5002.760	25591.3008	93.0151
5005.140	25517.7775	95.7707
5007.520	25472.3513	94.1066
5009.900	25496.3450	103.0066
5012.280	25432.1009	98.0233
5014.660	25301.0108	94.8636
5017.040	25023.1905	81.3237
5019.420	24887.3056	83.5447
5021.800	25055.0169	88.4233
5024.180	25132.4240	94.5886
5026.560	25115.7746	87.4633
5028.940	25128.3467	84.5494
5031.320	25077.9082	93.2312
5033.700	25086.3400	96.7828
5036.080	24980.9732	100.3338
5038.460	24829.1507	95.7552
5040.840	24723.1500	94.4528
5043.220	24800.7632	91.7635
5045.600	24850.2355	96.3453
5047.980	24861.9650	95.3337
5050.360	24797.4812	84.0138
5052.740	24712.1247	85.5407
5055.120	24610.1744	89.7656
5057.500	24514.6323	88.8201
5059.880	24594.9165	89.8690
5062.260	24654.0454	82.1575
5064.640	24691.9083	81.5403
5067.020	24656.4863	95.3399
5069.400	24591.2796	90.0663
5071.780	24505.7183	89.9158
5074.160	24509.7904	92.9460
5076.540	24519.6281	88.1570
5078.920	24527.7188	90.2100
5081.300	24429.3360	83.8211
5083.680	24423.2321	84.5312
5086.060	24439.9833	86.6980
5088.440	24358.3435	90.3176
5090.820	24268.0816	89.8482
5093.200	24238.5453	89.1962
5095.580	24213.5103	91.7166
5097.960	24137.0696	98.0265
5098.200	24348.8098	78.5931
5100.340	24135.9457	93.4667
5101.130	24378.1392	96.7598
5102.720	24110.3505	89.8583
5104.060	24326.9099	89.6308
5105.100	24090.2917	83.0454
5106.990	24326.3075	74.5553
5107.480	24074.3012	76.3421
5109.860	24062.9695	79.7492
5109.920	24323.0346	77.6138
5112.240	24042.7476	72.9591
5112.850	24317.3373	74.7569
5114.620	24006.7253	87.4748
5115.780	24243.6187	87.6413
5117.000	23959.8403	86.6094
5118.710	24126.8848	89.4993
5119.380	23946.5836	86.2731
5121.640	24145.8105	83.9405
5121.760	23953.4473	93.9238
5124.140	23872.9896	84.0519
5124.570	24007.0306	101.9308
5126.520	23822.0461	80.6254
5127.500	24000.4848	71.2606
5128.900	23805.3858	72.0849
5130.430	23927.1828	71.4884
5131.280	23747.2626	90.5079
5133.360	23894.1963	82.4822
5133.660	23729.5951	87.7010
5136.040	23666.9120	85.7759
5136.290	23801.1900	81.7285
5138.420	23616.4107	86.5598
5139.220	23654.2959	84.6198
5140.800	23566.4449	91.0541
5142.150	23700.3783	83.3478
5143.180	23561.4479	92.3660
5145.080	23719.3426	83.7971
5145.560	23535.8487	94.4210
5147.940	23459.5275	95.5995
5148.010	23648.5093	85.7036
5150.320	23425.9773	83.2801
5150.940	23579.0267	66.5387
5153.870	23567.4527	79.7795
5156.800	23586.0288	74.2280
5159.730	23486.5935	80.4059
5162.660	23343.0060	83.8944
5165.590	22958.6457	136.4020
5168.520	22874.6169	105.5857
5171.450	22884.0075	76.1267
5174.380	23162.3540	87.5605
5177.310	23255.1917	102.3647
5180.240	23022.4183	82.9624
5183.170	22866.2730	111.5962
5186.100	22959.4142	88.6548
5189.030	22980.2203	85.5546
5191.960	22935.8097	80.3882
5194.890	22904.2737	74.6286
5197.820	22924.5881	73.8150
5200.750	22907.8034	79.8009
5203.680	22907.2281	71.1495
5206.610	22936.0018	84.2622
5209.540	22953.4277	75.7546
5212.470	22876.1626	90.9349
5215.400	22659.4201	75.0427
5218.330	22644.8903	70.7800
5221.260	22647.6827	70.6234
5224.190	22470.1991	70.6299
5227.120	22493.4661	82.0704
5230.050	22502.8656	72.6892
5232.980	22381.8325	72.0778
5235.910	22311.1375	75.8527
5238.840	22423.6533	83.1826
5241.770	22421.7530	77.6004
5244.700	22392.1757	65.4137
5247.630	22373.3162	67.5984
5250.560	22303.4293	74.6056
5253.490	22240.1764	71.8519
5256.420	22252.7526	66.5254
5259.350	22223.0427	61.9261
5262.280	21981.4264	78.8511
5265.210	21953.6481	74.1329
5268.140	21947.1976	65.0991
5271.070	21977.3684	76.4227
5274.000	21953.3625	77.0393
5276.930	21840.7881	72.0177
5279.860	21804.9378	57.8512
5282.790	21817.7489	61.2921
5285.720	21885.0457	69.4281
5288.650	21925.2976	65.3414
5291.580	21848.8176	65.9777
5294.510	21780.8456	68.1392
5297.440	21795.9523	67.6210
5300.370	21766.0896	65.7906
5303.300	21726.2115	70.6939
5306.230	21706.4496	63.9592
5309.160	21593.7988	63.8563
5312.090	21447.3882	60.6831
5315.020	21314.4854	65.2875
5317.950	21269.1324	71.4284
5320.880	21305.6684	70.6485
5323.810	21341.1636	73.8867
5326.740	21193.4165	78.3826
5329.670	21225.6350	75.1731
5332.600	21266.0397	72.7232
5335.530	21250.7428	65.0059
5338.460	21213.8235	71.6665
5341.390	21167.2088	68.9773
5344.320	21230.8028	67.8407
5347.250	21189.5568	65.0417
5350.180	21188.3540	64.2955
5353.110	21068.0194	74.6201
5356.040	21082.8450	69.2446
5358.970	21039.8625	61.8764
5361.900	20926.4844	71.5893
5364.830	20925.9668	69.1504
5367.760	20899.6673	60.2051
5370.690	20795.0631	65.1128
5373.620	20866.7906	70.0975
5376.550	20922.1862	74.8988
5379.480	20785.7283	59.1615
5382.410	20704.2013	65.4725
5385.340	20708.4496	60.2741
5388.270	20669.3609	58.4096
5391.200	20579.7651	64.3079
5394.130	20520.5310	60.9745
5397.060	20482.0011	60.6366
5399.990	20425.6346	63.3020
5402.920	20328.6776	69.8447
5405.850	20330.2648	72.2352
5408.780	20332.3439	69.7399
5411.710	20357.2693	68.1800
5414.640	20421.8349	68.7337
5417.570	20440.0048	58.8589
5420.500	20339.6881	60.9546
5423.430	20278.5410	57.2528
5426.360	20245.8217	64.6962
5429.290	20158.8869	57.3711
5432.220	20167.4516	55.6033
5435.150	20196.3441	61.9716
5438.080	20089.0190	62.8045
5441.010	20102.9332	63.6844
5443.940	20036.1051	66.5167
5446.870	20043.1801	55.8760
5449.800	19994.7391	58.5229
5452.730	19895.2277	52.0011
5455.660	19853.6559	48.8907
5458.590	19835.6952	50.1667
5461.520	19801.1560	49.7542
5464.450	19706.5102	49.4067
5467.380	19705.3659	52.1241
5470.310	19721.8541	55.2819
5473.240	19715.1487	56.2473
5476.170	19700.1674	57.9092
5479.100	19623.7583	58.5262
5482.030	19564.6728	55.0996
5484.960	19521.5382	50.4736
5487.890	19500.6337	47.8035
5490.820	19486.4250	55.2081
5493.750	19486.2108	55.2276
5496.680	19530.3115	55.0866
5499.610	19491.8463	50.6428
5502.540	19379.8754	50.1758
5505.470	19314.5958	53.5020
5508.400	19276.1594	60.6292
5511.330	19258.5069	62.3243
5514.260	19267.2623	56.5487
5517.190	19276.5643	55.1593
5520.120	19275.0901	55.6847
5523.050	19236.3222	56.6103
5525.980	19209.9880	51.9079
5528.910	19112.7302	55.7218
5531.840	19014.4272	63.4228
5534.770	19003.9449	62.5153
5537.700	18998.8148	61.4692
5540.630	18981.4694	56.5119
5543.560	18953.9159	50.9157
5546.490	18927.5593	53.7399
5549.420	18905.1381	54.3196
5552.350	18895.7619	53.0589
5555.280	18840.6017	56.8264
5558.210	18834.9576	58.3588
5561.140	18803.7711	59.6080
5564.070	18760.3427	58.0097
5567.000	18764.5622	51.2887
5569.930	18742.1179	51.0138
5572.860	18685.4103	55.8274
5575.790	18590.7865	65.8552
5578.720	18577.9300	61.8966
5581.650	18588.8273	56.8073
5584.580	18575.8898	61.1158
5587.510	18532.8650	62.5491
5590.440	18525.0695	59.1330
5593.370	18477.3375	55.3992
5596.300	18451.0000	55.4523
5599.230	18419.1966	54.7667
5602.160	18408.7382	52.2762
5605.090	18352.2627	55.0604
5608.020	18313.4172	60.4828
5610.950	18299.2431	57.8829
5613.880	18260.0725	53.3644
5616.810	18268.4442	56.4023
5619.740	18270.4704	51.7418
5622.670	18254.1692	51.4985
5625.600	18225.1837	53.9686
5628.530	18135.0511	59.8884
5631.460	18095.0562	56.8014
5634.390	18114.5378	56.4069
5637.320	18055.3194	57.4692
5640.250	17954.1274	65.2664
5643.180	17918.2896	55.5822
5646.110	17882.1778	54.1118
5649.040	17896.5141	56.5477
5651.970	17896.0735	51.9843
5654.900	17877.0518	50.9457
5657.830	17839.6116	56.4899
5660.760	17826.3023	53.1327
5663.690	17848.2286	51.2843
5666.620	17777.2266	50.3630
5669.550	17744.6332	52.1801
5672.480	17697.9664	55.0608
5675.410	17685.2686	59.8975
5678.340	17640.2824	59.7559
5681.270	17617.3842	62.9718
5684.200	17587.2149	53.8083
5687.130	17600.5564	54.8024
5690.060	17597.5009	51.1569
5692.990	17551.1295	53.7218
5695.920	17499.0253	51.8734
5698.850	17477.8639	51.7755
5701.780	17465.0839	51.0713
5704.710	17424.2346	54.9714
5707.640	17405.5869	63.8748
5710.570	17378.8414	60.1109
5713.500	17298.1245	58.6763
5716.430	17286.3321	57.6625
5719.360	17252.6317	55.8012
5722.290	17233.4613	52.2841
5725.220	17245.3849	50.4238
5728.150	17229.3189	48.1850
5731.080	17202.1131	48.7341
5734.010	17161.8724	45.4397
5736.940	17150.0181	48.3407
5739.870	17107.7413	44.0519
5742.800	17075.5692	50.1455
5745.730	17048.0294	48.9070
5748.660	17038.7552	52.2691
5751.590	17026.7444	50.3815
5754.520	16977.0309	54.3640
5757.450	16939.7136	55.6081
5760.380	16920.2292	53.6661
5763.310	16880.8713	49.1609
5766.240	16857.2748	52.1647
5769.170	16815.8999	51.0766
5772.100	16805.0012	46.8690
5775.030	16777.1525	46.1349
5777.960	16749.5986	45.3447
5780.890	16728.9593	47.3452
5783.820	16705.2662	50.7364
5786.750	16664.6742	50.8421
5789.680	16643.4599	53.0027
5792.610	16593.9513	49.6126
5795.540	16560.4682	49.9305
5798.470	16534.8533	50.1219
5801.400	16523.6533	53.6442
5804.330	16488.5353	54.4749
5807.260	16492.4894	57.4162
5810.190	16451.6536	53.4089
5813.120	16433.8833	49.4707
5816.050	16428.2300	48.3353
5818.980	16440.4790	46.1466
5821.910	16406.1617	46.6633
5824.840	16374.3728	46.3333
5827.770	16327.5376	49.7720
5830.700	16287.7344	50.4993
5833.630	16300.5069	46.6177
5836.560	16273.8322	46.7585
5839.490	16195.5399	49.9719
5842.420	16185.5242	46.4206
5845.350	16168.6473	47.5162
5848.280	16122.7806	47.1075
5851.210	16090.5118	51.1062
5854.140	16111.9874	56.0743
5857.070	16067.0926	56.4654
5860.000	16012.7593	55.0879
5862.930	15979.1454	52.9091
5865.860	15974.6905	53.1589
5868.790	15971.2710	58.9656
5871.720	16034.7432	103.3076
5874.650	16064.9080	114.8669
5877.580	15966.0556	76.7263
5880.510	15867.6012	43.3906
5883.440	15800.7808	42.3774
5886.370	15721.6993	59.0445
5889.300	15661.0426	79.1062
5892.230	15646.4426	71.9424
5895.160	15645.9928	60.1602
5898.090	15651.6577	49.6989
5901.020	15635.1690	52.0086
5903.950	15660.4673	52.3872
5906.880	15626.8455	51.5571
5909.810	15619.1162	49.0357
5912.740	15608.8420	46.5840
5915.670	15593.2244	44.5803
5918.600	15553.1901	47.9269
5921.530	15533.7525	53.2970
5924.460	15547.7784	54.5981
5927.390	15518.3137	53.3353
5930.320	15495.0534	51.0148
5933.250	15493.1440	47.3829
5936.180	15446.3099	44.9752
5939.110	15427.1878	42.0842
5942.040	15364.6928	52.0650
5944.970	15327.7202	54.0725
5947.900	15311.6273	49.6003
5950.830	15306.8111	49.2908
5953.760	15282.3854	47.9592
5956.690	15217.3030	48.7586
5959.620	15192.4640	43.5813
5962.550	15214.5576	43.2084
5965.480	15189.7514	43.8171
5968.410	15200.2854	48.3954
5971.340	15141.5097	52.4539
5974.270	15127.7159	51.8701
5977.200	15095.1402	53.4471
5980.130	15054.3856	49.4239
5983.060	15051.5298	49.1743
5985.990	15023.2124	50.9631
5988.920	15003.7771	46.7998
5991.850	14975.2515	48.6965
5994.780	14960.2371	49.5027
5997.710	14949.4992	51.4831
6000.640	14914.4693	56.2185
6003.570	14883.9205	55.9940
6006.500	14873.5915	54.7484
6009.430	14842.3262	53.6865
6012.360	14830.7973	47.1811
6015.290	14808.6395	45.6203
6018.220	14794.7868	46.0161
6021.150	14788.6157	44.8137
6024.080	14777.9973	48.3114
6027.010	14750.6873	43.5853
6029.940	14708.2489	46.5370
6032.870	14681.5548	46.3945
6035.800	14660.5768	47.9617
6038.730	14647.6774	40.8485
6041.660	14628.5526	42.3515
6044.590	14569.8654	46.0529
6047.520	14555.1466	47.6665
6050.450	14561.1401	48.5856
6053.380	14522.3356	52.4188
6056.310	14502.9412	51.0077
6059.240	14459.7016	49.2895
6062.170	14456.6528	48.6796
6065.100	14460.8635	45.6276
6068.030	14440.9054	44.0000
6070.960	14414.1721	43.0688
6073.890	14395.9616	41.7871
6076.820	14377.5934	44.8339
6079.750	14336.5548	43.6033
6082.680	14312.3957	44.1399
6085.610	14259.0986	49.2639
6088.540	14253.9408	42.6522
6091.470	14226.3925	45.9177
6094.400	14185.1102	45.9402
6097.330	14185.8438	43.7316
6100.260	14201.1520	45.4881
6103.190	14196.9955	43.8915
6106.120	14140.3094	40.9575
6109.050	14102.6194	43.6456
6111.980	14076.4022	44.5412
6114.910	14052.4378	44.1473
6117.840	14039.9000	46.0675
6120.770	14032.9852	43.8728
6123.700	13997.8616	43.1667
6126.630	13972.7084	45.0167
6129.560	13980.8441	44.3142
6132.490	13993.9713	42.0983
6135.420	14001.8491	43.4106
6138.350	13942.9134	46.5651
6141.280	13901.2666	43.1441
6144.210	13858.1397	41.3756
6147.140	13801.3948	43.6950
6150.070	13751.9825	40.7664
6153.000	13703.0462	38.5214
6155.930	13614.4845	40.2939
6158.860	13606.2600	47.4505
6161.790	13688.7715	53.8020
6164.720	13717.9732	53.1696
6167.650	13719.4049	49.0209
6170.580	13693.8255	41.4348
6173.510	13656.8615	41.7916
6176.440	13607.6888	40.3868
6179.370	13578.4038	39.6586
6182.300	13585.3741	40.0382
6185.230	13566.3523	38.3890
6188.160	13570.8351	41.7619
6191.090	13558.6929	46.5767
6194.020	13534.3061	43.6927
6196.950	13507.1361	44.2020
6199.880	13510.5898	42.3567
6202.810	13487.7629	39.1445
6205.740	13464.3968	38.9182
6208.670	13444.3350	39.8464
6211.600	13422.1297	40.9831
6214.530	13390.2728	42.7495
6217.460	13363.4625	45.3603
6220.390	13326.5629	40.2193
6223.320	13319.3913	40.0980
6226.250	13302.0041	42.5956
6229.180	13301.1167	45.1967
6232.110	13258.1141	41.5653
6235.040	13210.3913	39.5001
6237.970	13172.6576	46.0161
6240.900	13181.7234	43.5144
6243.830	13157.4482	42.7215
6246.760	13121.4143	41.4130
6249.690	13124.4706	41.7474
6252.620	13140.4851	40.3406
6255.550	13139.4221	40.3440
6258.480	13141.6924	38.1841
6261.410	13096.2978	40.1510
6264.340	13044.3360	45.1933
6267.270	13024.8102	41.3659
6270.200	13020.0279	44.6257
6273.130	12994.7309	41.0918
6276.060	12970.4649	39.5504
6278.990	12990.8829	40.9001
6281.920	12987.3992	43.4928
6284.850	12949.3508	47.3969
6287.780	12955.0225	42.0706
6290.710	12956.2000	38.6281
6293.640	12939.6890	38.1559
6296.570	12930.9749	39.3299
6299.500	12889.2781	39.7314
6302.430	12853.3185	39.1146
6305.360	12836.4602	41.9912
6308.290	12821.3639	46.2096
6311.220	12795.2704	44.3281
6314.150	12771.9492	50.2156
6317.080	12697.5561	44.9675
6320.010	12664.5179	40.3480
6322.940	12618.9985	42.8098
6325.870	12564.4529	44.3350
6328.800	12537.7721	43.2764
6331.730	12510.9371	35.6173
6334.660	12488.7261	36.6083
6337.590	12509.5599	36.5315
6340.520	12488.1498	36.0143
6343.450	12402.3865	34.4477
6346.380	12346.7136	30.3679
6349.310	12370.9638	33.8139
6352.240	12454.2105	34.5034
6355.170	12501.1178	36.9403
6358.100	12510.3079	37.0570
6361.030	12460.6030	34.7226
6363.960	12399.7962	37.0557
6366.890	12330.9383	38.0573
6369.820	12269.6629	41.1453
6372.750	12259.5269	40.3842
6375.680	12300.4898	39.8103
6378.610	12339.7771	39.6019
6381.540	12322.7258	37.5016
6384.470	12326.8784	36.3496
6387.400	12338.9307	42.0617
6390.330	12304.3579	36.8762
6393.260	12289.9287	36.5344
6396.190	12268.3448	38.8616
6399.120	12237.7355	36.3878
6402.050	12192.4674	36.9592
6404.980	12169.3392	37.6540
6407.910	12133.6250	42.1649
6410.840	12119.7737	41.1006
6413.770	12085.4968	38.2562
6416.700	12085.3029	37.5653
6419.630	12083.5099	36.0899
6422.560	12090.2878	33.4192
6425.490	12082.5474	36.7952
6428.420	12055.5810	37.8655
6431.350	12012.2392	36.1284
6434.280	11998.0352	37.1734
6437.210	11983.6793	42.0466
6440.140	11942.6890	44.9927
6443.070	11916.4273	40.7824
6446.000	11907.4838	39.4785
6448.930	11887.5250	39.3772
6451.860	11850.7933	40.0747
6454.790	11793.2416	37.5733
6457.720	11772.5949	41.1524
6460.650	11808.8406	39.7355
6463.580	11823.6319	36.5020
6466.510	11826.7285	35.9061
6469.440	11807.3916	36.5097
6472.370	11762.1721	36.6324
6475.300	11707.5727	35.8014
6478.230	11705.1562	35.0164
6481.160	11709.1894	36.9571
6484.090	11697.7962	36.9148
6487.020	11678.4340	37.7829
6489.950	11661.4400	36.6065
6492.880	11668.3936	41.4193
6495.810	11656.8399	44.9143
6498.740	11621.5304	39.6415
6501.670	11566.1279	39.4908
6504.600	11524.1095	41.2572
6507.530	11502.1393	40.5100
6510.460	11473.2232	40.4585
6513.390	11447.4931	38.5763
6516.320	11388.9346	40.4069
6519.250	11330.0084	40.8585
6522.180	11295.4206	41.6657
6525.110	11273.3537	38.4913
6528.040	11223.4213	37.8524
6530.970	11139.3901	36.7852
6533.900	11040.2587	34.5807
6536.830	10923.4392	34.9042
6539.760	10765.8925	35.5212
6542.690	10550.7036	41.2432
6545.620	10256.1953	40.9871
6548.550	9879.0772	42.5343
6551.480	9393.8691	48.5107
6554.410	8801.1444	48.5407
6557.340	8089.9901	44.7654
6560.270	7457.3823	50.2305
6563.200	7240.2178	53.1016
6566.130	7657.0432	38.5835
6569.060	8326.9932	42.1856
6571.990	8949.1791	27.2628
6574.920	9463.1692	26.9037
6577.850	9863.8149	28.2048
6580.780	10174.4305	29.1599
6583.710	10413.1052	28.9490
6586.640	10587.0193	31.7434
6589.570	10691.2204	38.5083
6592.500	10772.8666	40.9305
6595.430	10840.2375	34.6371
6598.360	10892.8402	34.0539
6601.290	10922.7714	35.1144
6604.220	10944.4070	33.0385
6607.150	10961.1372	34.0834
6610.080	10956.2595	34.8368
6613.010	10939.8397	35.0343
6615.940	10954.1985	35.7715
6618.870	10962.0573	33.2238
6621.800	10952.5651	32.9842
6624.730	10936.4221	35.6189
6627.660	10927.4294	34.3749
6630.590	10926.1067	36.5679
6633.520	10917.4797	37.8505
6636.450	10899.2066	36.2726
6639.380	10882.6237	36.1235
6642.310	10861.6194	37.6490
6645.240	10839.8605	38.6238
6648.170	10824.6298	34.8416
6651.100	10815.3124	33.3580
6654.030	10806.5767	35.9139
6656.960	10805.4987	32.7267
6659.890	10793.5351	35.1810
6662.820	10771.2930	37.1185
6665.750	10742.7354	41.0847
6668.680	10740.0835	34.2664
6671.610	10777.5274	35.8251
6674.540	10806.5043	56.8400
6677.470	10813.0179	65.8725
6680.400	10752.4218	48.2590
6683.330	10693.5963	36.4962
6686.260	10670.3420	34.4646
6689.190	10669.9516	31.2122
6692.120	10660.7663	30.9692
6695.050	10634.6015	35.0099
6697.980	10614.1001	37.1190
6700.910	10614.1651	35.7443
6703.840	10587.6393	35.7533
6706.770	10573.6527	33.7523
6709.700	10564.3234	37.0684
6712.630	10558.6600	34.1911
6715.560	10542.6951	33.2318
6718.490	10511.1799	35.2521
6721.420	10489.1767	39.8880
6724.350	10477.4298	37.6572
6727.280	10454.8730	36.8234
6730.210	10437.9211	38.0276
6733.140	10425.7458	36.0798
6736.070	10428.1795	34.9462
6739.000	10431.1147	31.5626
6741.930	10427.5873	32.2949
6744.860	10415.4648	34.5483
6747.790	10394.0771	35.7026
6750.720	10381.3934	35.0164
6753.650	10359.6643	36.8141
6756.580	10343.1774	32.5928
6759.510	10326.1417	30.3025
6762.440	10311.3505	30.6249
6765.370	10298.5439	34.2401
6768.300	10290.4729	32.2444
6771.230	10271.5797	32.5181
6774.160	10246.3782	35.1996
6777.090	10233.1036	33.2261
6780.020	10232.7498	32.4664
6782.950	10231.0550	30.5129
6785.880	10216.9882	29.2543
6788.810	10188.8403	31.6168
6791.740	10158.0808	32.4392
6794.670	10157.8200	31.1178
6797.600	10143.5183	30.5653
6800.530	10137.8097	31.0335
6803.460	10128.4707	28.7664
6806.390	10111.7937	31.6935
6809.320	10110.8512	31.0789
6812.250	10109.9008	27.0873
6815.180	10078.9980	28.1476
6818.110	10049.6671	28.9135
6821.040	10030.4576	29.8653
6823.970	10013.7136	32.8555
6826.900	10012.5091	34.1575
6829.830	9991.9291	34.0720
6832.760	9990.1703	33.2046
6835.690	9984.9269	32.5591
6838.620	9970.3871	32.8196
6841.550	9959.8141	29.3105
6844.480	9936.6579	30.3540
6847.410	9910.7678	31.8238
6850.340	9880.1994	32.6019
6853.270	9876.9443	34.2075
6856.200	9853.3332	34.2655
6859.130	9830.3331	35.1691
6862.060	9821.8248	32.6279
6864.990	9806.8200	32.7043
6867.920	9798.0418	33.9120
6870.850	9796.4607	30.8912
6873.780	9805.3861	29.0995
6876.710	9806.5196	28.5280
6879.640	9781.7208	30.9049
6882.570	9753.3203	34.4602
6885.500	9728.5033	38.5925
6888.430	9734.4473	35.8154
6891.360	9733.8160	32.6131
6894.290	9722.0819	30.1154
6897.220	9722.5112	29.2201
6900.150	9721.6418	28.1558
6903.080	9697.6158	29.0598
6906.010	9675.4853	28.4030
6908.940	9660.6927	30.0334
6911.870	9645.4320	31.6849
6914.800	9627.5153	30.1332
6917.730	9602.9005	29.3562
6920.660	9588.5606	29.5789
6923.590	9582.6670	29.1337
6926.520	9578.1867	28.0103
6929.450	9549.0676	27.7362
6932.380	9529.3169	27.9898
6935.310	9530.0592	26.0310
6938.240	9513.9437	28.4210
6941.170	9504.1370	27.8471
6944.100	9502.3155	27.9952
6947.030	9489.7348	30.0303
6949.960	9464.8227	30.5094
6952.890	9443.3036	29.8284
6955.820	9424.6081	28.6871
6958.750	9412.2373	27.8836
6961.680	9408.3638	28.5691
6964.610	9390.9052	30.5130
6967.540	9383.6089	29.9403
6970.470	9384.6322	30.0224
6973.400	9384.9101	29.2656
6976.330	9385.9159	29.1374
6979.260	9370.7164	30.3387
6982.190	9338.8881	27.8652
6985.120	9315.7156	28.8357
6988.050	9303.1181	29.1544
6990.980	9291.0172	31.3458
6993.910	9268.3434	31.8047
6996.840	9248.0759	30.2029
6999.770	9229.8015	30.3712
7002.700	9214.3313	31.0811
7005.630	9200.0304	30.3982
7008.560	9185.0507	30.1376
7011.490	9183.9462	28.9858
7014.420	9190.6147	26.3570
7017.350	9175.9391	27.0792
7020.280	9167.6151	28.1908
7023.210	9167.6584	28.9868
7026.140	9153.9435	28.9754
7029.070	9144.5489	27.9286
7032.000	9141.0614	25.2690
7034.930	9122.7806	24.6386
7037.860	9103.0635	24.5596
7040.790	9086.7069	25.2544
7043.720	9069.4183	27.8284
7046.650	9061.0291	27.6886
7049.580	9056.0041	25.7193
7052.510	9052.3324	25.8824
7055.440	9032.9087	27.6820
7058.370	9039.2707	31.9352
7061.300	9044.0223	37.1593
7064.230	9045.7519	47.2429
7067.160	9002.4601	37.7023
7070.090	8963.1929	26.8107
7073.020	8942.7470	27.0383
7075.950	8944.6975	27.9166
7078.880	8936.3413	26.6929
7081.810	8916.9034	25.1367
7084.740	8893.5567	26.2434
7087.670	8892.2014	25.6205
7090.600	8878.2947	25.1089
7093.530	8865.2636	25.8234
7096.460	8840.2499	25.0748
7099.390	8840.1563	25.1901
7102.320	8842.5889	27.1988
7105.250	8834.8450	29.5058
7108.180	8815.4541	28.9768
7111.110	8793.0216	28.4019
7114.040	8778.1645	26.4960
7116.970	8769.9565	27.4161
7119.900	8777.1982	29.2622
7122.830	8775.7390	29.1635
7125.760	8762.9527	27.3739
7128.690	8748.7257	25.6360
7131.620	8735.3906	25.5841
7134.550	8725.4283	26.1589
7137.480	8725.0604	25.3499
7140.410	8718.3115	25.3020
7143.340	8723.5844	29.3999
7146.270	8709.2924	27.0200
7149.200	8672.0298	28.2812
7152.130	8642.1529	28.3669
7155.060	8625.0313	27.4365
7157.990	8618.9723	27.3368
7160.920	8610.3187	26.8236
7163.850	8595.3415	29.4108
7166.780	8585.6502	29.7819
7169.710	8582.2249	33.3040
7172.640	8581.0234	33.9585
7175.570	8562.3274	31.4332
7178.500	8538.2421	30.1369
7181.430	8530.2272	28.0544
7184.360	8531.1939	27.1334
7187.290	8521.6423	26.1225
7190.220	8503.8727	25.4501
7193.150	8487.0403	24.8487
7196.080	8484.8722	25.0781
7199.010	8476.7552	28.0497
7201.940	8464.0350	27.1364
7204.870	8462.1651	26.1667
7207.800	8458.5698	25.0354
7210.730	8450.3545	24.6001
7213.660	8431.0382	24.9091
7216.590	8414.6734	24.9698
7219.520	8423.1736	27.5907
7222.450	8413.7003	36.0833
7225.380	8395.3262	33.8518
7228.310	8366.8478	28.2529
7231.240	8342.3586	26.0213
7234.170	8353.6971	25.9121
7237.100	8354.0153	25.7450
7240.030	8334.8583	26.5649
7242.960	8326.0050	27.6650
7245.890	8313.0214	29.4025
7248.820	8309.2793	27.7390
7251.750	8295.0761	27.8685
7254.680	8272.1977	26.7171
7257.610	8256.6293	24.8158
7260.540	8245.3611	23.3029
7263.470	8231.2993	24.9057
7266.400	8211.8090	25.3784
7269.330	8183.9270	28.0568
7272.260	8175.2835	28.2069
7275.190	8173.1026	27.4659
7278.120	8188.4836	29.5688
7281.050	8192.5421	31.6547
7283.980	8175.2633	27.5179
7286.910	8147.3951	28.0585
7289.840	8123.3157	29.1601
7292.770	8108.4428	27.4116
7295.700	8111.0237	27.1978
7298.630	8104.7722	27.3463
7301.560	8096.3616	26.4742
7304.490	8090.0146	26.4047
7307.420	8067.5962	25.7131
7310.350	8056.6783	24.9943
7313.280	8051.6290	25.8471
7316.210	8043.0910	25.8862
7319.140	8043.1830	24.0765
7322.070	8040.8135	24.0875
7325.000	8027.4440	25.5599
7327.930	8017.8364	26.2685
7330.860	8011.0202	25.2321
7333.790	7984.0664	28.1246
7336.720	7955.2524	29.9322
7339.650	7958.8159	27.4051
7342.580	7961.2307	24.9380
7345.510	7955.3132	23.4721
7348.440	7944.3445	23.3602
7351.370	7934.6861	27.5933
7354.300	7915.1845	28.7706
7357.230	7909.8989	25.2886
7360.160	7899.4838	25.1684
7363.090	7877.5831	25.6926
7366.020	7865.5156	25.8846
7368.950	7877.7465	23.7393
7371.880	7887.1379	23.9827
7374.810	7879.3864	23.4882
7377.740	7857.6238	24.7257
7380.670	7833.9145	24.0837
7383.600	7818.9762	26.1276
7386.530	7806.5158	25.2563
7389.460	7813.5939	24.7413
7392.390	7806.4556	23.5434
7395.320	7787.0375	23.8772
7398.250	7764.2397	23.4613
7401.180	7749.6209	23.3415
7404.110	7736.3881	23.7232
7407.040	7725.9158	24.3194
7409.970	7723.7376	26.1583
7412.900	7705.2197	28.0080
7415.830	7695.3395	25.9491
7418.760	7699.5262	23.8403
7421.690	7697.9100	25.3205
7424.620	7682.1088	25.3654
7427.550	7674.2766	23.6772
7430.480	7669.6142	24.0368
7433.410	7653.9991	23.6925
7436.340	7631.8202	23.5272
7439.270	7611.2188	24.9127
7442.200	7605.9696	22.8557
7445.130	7613.6171	24.4151
7448.060	7609.2336	24.7400
7450.990	7593.0223	25.8915
7453.920	7570.2237	27.4181
7456.850	7562.3425	25.1432
7459.780	7550.4498	25.8668
7462.710	7535.5023	25.8452
7465.640	7519.9049	27.2578
7468.570	7511.6270	25.7333
7471.500	7508.8537	26.2089
7474.430	7509.0775	28.5736
7477.360	7496.3362	27.2734
7480.290	7479.4218	26.8109
7483.220	7486.1411	25.5452
7486.150	7482.3373	24.6501
7489.080	7466.0652	24.3915
7492.010	7450.9671	26.2370
7494.940	7441.7825	26.3236
7497.870	7419.0047	27.2715
7500.800	7414.3828	26.5352
7503.730	7419.1292	24.9877
7506.660	7416.2205	24.6796
7509.590	7415.7920	24.2077
7512.520	7408.5261	24.7129
7515.450	7399.4975	22.2695
7518.380	7391.8832	24.0314
7521.310	7385.5007	25.3145
7524.240	7374.1619	26.2735
7527.170	7355.8211	24.9998
7530.100	7342.4511	24.9821
7533.030	7333.4382	25.3954
7535.960	7321.0946	22.7919
7538.890	7311.8558	24.1250
7541.820	7300.0235	25.4714
7544.750	7298.7579	24.6356
7547.680	7285.8594	21.8160
7550.610	7274.9342	22.6416
7553.540	7274.2598	21.7572
7556.470	7277.5477	21.9908
7559.400	7261.3278	23.4869
7562.330	7241.3847	25.3466
7565.260	7228.7697	28.1948
7568.190	7223.7760	29.1078
7571.120	7222.1978	25.1072
7574.050	7215.4715	22.7620
7576.980	7203.0760	21.8089
7579.910	7185.8265	24.1686
7582.840	7178.4870	26.0097
7585.770	7164.2666	29.4280
7588.700	7147.0246	30.5677
7591.630	7134.0244	33.0992
7594.560	7116.6512	34.1653
7597.490	7110.7068	33.8794
7600.420	7104.5706	30.6647
7603.350	7120.7491	28.4521
7606.280	7119.4737	23.7706
7609.210	7109.1734	23.9464
7612.140	7086.6422	21.5264
7615.070	7088.1804	22.5236
7618.000	7068.2782	22.4347
7620.930	7054.4575	24.6113
7623.860	7030.3763	29.3255
7626.790	7023.3889	26.6348
7629.720	7007.3822	26.0311
7632.650	7004.7635	23.0641
7635.580	7002.3693	20.5460
7638.510	6994.1870	21.7321
7641.440	6983.9382	26.3821
7644.370	6982.5180	23.6646
7647.300	6983.2691	21.8200
7650.230	6967.2144	24.1976
7653.160	6957.8373	23.0514
7656.090	6958.7943	25.6146
7659.020	6952.9532	27.4948
7661.950	6954.6970	26.8156
7664.880	6953.6524	24.9198
7667.810	6943.9141	20.3902
7670.740	6931.4448	20.9929
7673.670	6922.9525	22.5733
7676.600	6908.3587	23.5918
7679.530	6892.5282	25.0123
7682.460	6877.6119	23.3639
7685.390	6857.9759	25.9885
7688.320	6837.8375	25.2937
7691.250	6841.2596	24.3905
7694.180	6837.9763	22.4370
7697.110	6833.3408	22.0201
7700.040	6831.3231	22.2982
7702.970	6818.4882	22.2239
7705.900	6805.9930	21.8246
7708.830	6787.9920	22.2074
7711.760	6777.8795	23.5725
7714.690	6783.9893	23.3492
7717.620	6792.4703	21.0222
7720.550	6784.5430	24.3001
7723.480	6781.4557	25.4146
7726.410	6781.9395	23.4892
7729.340	6768.8723	24.5483
7732.270	6753.3097	24.6046
7735.200	6736.0437	21.8844
7738.130	6731.9504	22.3644
7741.060	6726.5157	20.6850
7743.990	6712.0767	22.7007
7746.920	6709.0309	21.1522
7749.850	6712.3223	19.9782
7752.780	6698.4985	20.4084
7755.710	6695.5960	22.0896
7758.640	6680.7110	20.2190
7761.570	6651.6410	21.7224
7764.500	6618.8047	21.0700
7767.430	6546.4749	19.7142
7770.360	6393.0708	22.5185
7773.290	6277.2945	22.9500
7776.220	6336.2341	21.7123
7779.150	6478.2981	22.3607
7782.080	6573.1686	20.5692
7785.010	6598.5367	21.7538
7787.940	6587.0364	21.1876
7790.870	6581.8540	20.2961
7793.800	6564.2331	19.7528
7796.730	6568.9484	20.3816
7799.660	6583.7493	20.5659
7802.590	6574.7179	23.1465
7805.520	6551.9541	25.3629
7808.450	6544.7942	23.1692
7811.380	6545.8760	22.1903
7814.310	6540.3670	20.6996
7817.240	6523.3264	21.2195
7820.170	6518.4872	21.4019
7823.100	6518.3960	20.9468
7826.030	6514.0244	21.6510
7828.960	6507.0609	22.9036
7831.890	6490.9711	24.6209
7834.820	6483.0430	22.6403
7837.750	6471.6058	21.8871
7840.680	6460.4808	21.0657
7843.610	6438.7732	20.3310
7846.540	6429.6865	22.3228
7849.470	6432.2512	24.1202
7852.400	6428.6556	23.1981
7855.330	6426.9219	24.1040
7858.260	6428.9765	22.0086
7861.190	6419.9410	21.3402
7864.120	6428.2658	21.6691
7867.050	6414.9327	22.5737
7869.980	6376.6634	24.5332
7872.910	6347.9856	22.4590
7875.840	6328.1060	22.4714
7878.770	6323.0116	21.2584
7881.700	6327.8922	21.4995
7884.630	6331.5683	22.7309
7887.560	6327.8454	22.2623
7890.490	6321.5956	20.2619
7893.420	6302.4005	19.9516
7896.350	6290.9382	20.6564
7899.280	6304.3360	23.4679
7902.210	6328.4521	22.8854
7905.140	6322.5442	23.5888
7908.070	6309.7031	23.5949
7911.000	6286.7390	25.0814
7913.930	6257.5364	23.9046
7916.860	6248.0581	23.0844
7919.790	6241.3040	21.2099
7922.720	6224.7485	24.0958
7925.650	6222.2637	21.7502
7928.580	6224.5297	20.5723
7931.510	6215.9303	21.5386
7934.440	6211.6870	21.4542
7937.370	6215.2218	20.9722
7940.300	6215.3689	19.2146
7943.230	6210.2657	18.8647
7946.160	6189.1720	19.3305
7949.090	6168.0266	19.4483
7952.020	6152.9472	20.1941
7954.950	6160.3700	20.2345
7957.880	6156.8949	21.3972
7960.810	6150.9951	23.2533
7963.740	6144.1920	23.9707
7966.670	6143.7339	22.5147
7969.600	6128.9534	21.5166
7972.530	6139.1015	23.0628
7975.460	6135.8027	21.3474
7978.390	6142.2723	22.2177
7981.320	6132.0470	21.0180
7984.250	6125.0486	20.8415
7987.180	6109.0309	22.8057
7990.110	6089.7056	23.2756
7993.040	6085.8675	21.3918
7995.970	6085.2068	21.2313
7998.900	6067.8562	20.3332
8001.830	6048.9921	19.6115
8004.760	6049.8725	17.4603
8007.690	6051.9365	16.3757
8010.620	6055.1879	16.4200
8013.550	6055.5817	18.0658
8016.480	6063.2652	20.6550
8019.410	6067.7173	21.4388
8022.340	6055.1003	21.0847
8025.270	6060.5855	19.7551
8028.200	6047.1027	22.8372
8031.130	6019.4222	20.7015
8034.060	5987.9357	19.2916
8036.990	5973.2660	19.6236
8039.920	5964.6514	20.0305
8042.850	5956.1607	19.6462
8045.780	5955.3308	19.6665
8048.710	5939.3232	20.5932
8051.640	5918.2248	21.0788
8054.570	5903.0871	23.9724
8057.500	5904.7786	21.0724
8060.430	5907.4138	19.1507
8063.360	5923.3120	19.7977
8066.290	5935.2192	17.7282
8069.220	5929.6028	20.9019
8072.150	5925.2845	20.2829
8075.080	5923.0536	20.6224
8078.010	5912.5477	22.2700
8080.940	5878.2072	23.2757
8083.870	5869.5757	20.9625
8086.800	5851.6105	19.1941
8089.730	5838.8686	19.3236
8092.660	5846.3044	19.5602
8095.590	5840.4188	19.4342
8098.520	5820.0638	19.8518
8101.450	5808.4668	20.5319
8104.380	5808.5966	20.3360
8107.310	5803.3807	21.7861
8110.240	5806.3936	19.8054
8113.170	5804.3300	21.4323
8116.100	5802.5920	22.7725
8119.030	5801.7827	21.4992
8121.960	5812.3867	20.5743
8124.890	5815.1171	18.8594
8127.820	5816.8642	17.9651
8130.750	5808.6024	18.9553
8133.680	5775.5774	17.6714
8136.610	5747.6160	19.2888
8139.540	5731.5724	19.3289
8142.470	5727.6345	20.2516
8145.400	5724.0741	17.6060
8148.330	5721.8911	17.2072
8151.260	5732.5466	18.0636
8154.190	5726.0361	18.5381
8157.120	5718.4728	20.4432
8160.050	5711.5802	20.1863
8162.980	5707.1180	21.2062
8165.910	5693.9518	22.2153
8168.840	5664.9206	25.3536
8171.770	5661.7569	24.2762
8174.700	5667.9677	22.4396
8177.630	5654.2172	21.9684
8180.560	5630.8076	23.5076
8183.490	5596.7906	24.5607
8186.420	5586.0660	21.4803
8189.350	5590.5707	21.1307
8192.280	5604.6025	19.9992
8195.210	5599.1086	20.9497
8198.140	5590.9897	17.9472
8201.070	5587.6095	17.4386
8204.000	5579.4058	18.6252
8206.930	5569.7874	19.8711
8209.860	5561.7653	17.6443
8212.790	5550.8855	17.3676
8215.720	5534.3148	16.0641
8218.650	5528.7130	17.8342
8221.580	5527.6373	20.2680
8224.510	5518.4630	22.3482
8227.440	5512.7594	25.9811
8230.370	5517.5893	30.9713
8233.300	5531.0638	26.9372
8236.230	5527.5196	23.1022
8239.160	5519.6950	20.0771
8242.090	5504.3917	16.0813
8245.020	5506.3803	15.8265
8247.950	5502.1906	17.6540
8250.880	5486.1303	17.2297
8253.810	5482.2583	18.3808
8256.740	5470.2552	20.7829
8259.670	5465.1529	18.5859
8262.600	5452.6938	18.2249
8265.530	5447.5230	18.1352
8268.460	5437.2947	18.0854
8271.390	5446.2321	16.9151
8274.320	5456.0638	16.0957
8277.250	5454.2954	15.5585
8280.180	5435.6492	17.2218
8283.110	5425.8468	16.4953
8286.040	5411.8413	17.2306
8288.970	5402.9711	18.1638
8291.900	5408.9701	19.1982
8294.830	5381.0881	19.2440
8297.760	5348.4528	19.2208
8300.690	5346.6472	17.1009
8303.620	5374.6918	15.2238
8306.550	5375.8007	17.0683
8309.480	5371.1430	19.3675
8312.410	5366.4061	18.9706
8315.340	5368.5533	20.7745
8318.270	5370.3709	19.9161
8321.200	5371.4288	19.4592
8324.130	5369.2360	18.4346
8327.060	5350.7900	21.6078
8329.990	5327.3650	21.8885
8332.920	5318.0699	21.1697
8335.850	5308.0746	20.9928
8338.780	5297.4097	20.2468
8341.710	5262.6170	20.7045
8344.640	5244.9224	19.7561
8347.570	5272.8603	17.0750
8350.500	5265.6893	18.8785
8353.430	5233.2007	19.8882
8356.360	5242.8174	17.4364
8359.290	5250.8372	17.8217
8362.220	5244.1285	20.6649
8365.150	5232.5074	20.5968
8368.080	5220.2634	17.3757
8371.010	5244.9238	16.2215
8373.940	5249.8093	15.9576
8376.870	5247.9638	18.8763
8379.800	5240.9538	21.4073
8382.730	5238.4601	22.2371
8385.660	5245.4642	19.0977
8388.590	5216.7543	17.0494
8391.520	5198.7293	17.1566
8394.450	5193.1142	18.9028
8397.380	5193.1851	19.6447
8400.310	5198.5955	17.8750
8403.240	5206.4344	15.3890
8406.170	5178.9044	14.4917
8409.100	5155.3560	16.3463
8412.030	5131.1391	18.9634
8414.960	5129.3389	21.6609
8417.890	5167.9620	16.6809
8420.820	5206.5365	14.9643
8423.750	5195.9243	15.7543
8426.680	5145.7220	18.9674
8429.610	5108.5647	22.7662
8432.540	5106.3798	19.0954
8435.470	5086.6312	19.5705
8438.400	5041.0791	18.6478
8441.330	5008.1405	17.2617
8444.260	4929.9553	15.9704
8447.190	4920.2891	16.1469
8450.120	5019.0403	23.1745
8453.050	5103.6368	18.4461
8455.980	5114.8314	17.0926
8458.910	5069.4292	20.6173
8461.840	5004.6068	20.6988
8464.770	4965.8382	20.6853
8467.700	4973.7181	19.4812
8470.630	5010.9464	17.4892
8473.560	5047.5260	17.8408
8476.490	5111.3314	18.9560
8479.420	5153.3599	19.0224
8482.350	5174.1920	18.8023
8485.280	5169.3817	22.7400
8488.210	5130.6695	21.8526
8491.140	5062.3710	21.0779
8494.070	4993.9316	25.7751
8497.000	4899.1188	34.2121
8499.930	4774.3660	25.2487
8502.860	4740.6030	19.9226
8505.790	4810.3158	20.7039
8508.720	4909.0861	20.1513
8511.650	5003.3363	18.4437
8514.580	5074.0675	21.2735
8517.510	5107.6454	19.9612
8520.440	5121.1780	18.5225
8523.370	5128.2885	18.9546
8526.300	5122.7590	20.7533
8529.230	5078.4853	24.1443
8532.160	5015.5386	21.1685
8535.090	4923.1873	20.4202
8538.020	4816.2579	38.7606
8540.950	4672.5367	47.0491
8543.880	4552.8968	33.6353
8546.810	4546.2602	19.8997
8549.740	4668.3536	23.4102
8552.670	4807.9924	21.3691
8555.600	4931.4939	17.5913
8558.530	5033.4415	16.8944
8561.460	5129.7467	17.7656
8564.390	5189.8833	18.4273
8567.320	5212.6944	18.3783
8570.250	5215.3296	18.9956
8573.180	5199.2749	19.8869
8576.110	5166.5372	20.3468
8579.040	5125.5311	21.2949
8581.970	5037.1804	22.9148
8584.900	4920.5976	21.3816
8587.830	4778.1594	20.0291
8590.760	4615.2871	15.8648
8593.690	4449.4618	15.0002
8596.620	4324.6529	14.7414
8599.550	4315.9015	17.3352
8602.480	4436.6610	16.7099
8605.410	4623.8987	14.6609
8608.340	4786.5267	13.7798
8611.270	4912.4340	14.3660
8614.200	5019.7759	16.8556
8617.130	5108.6973	15.8596
8620.060	5150.8060	19.7190
8622.990	5180.2654	26.3253
8625.920	5193.4602	22.8925
8628.850	5211.2025	20.3466
8631.780	5208.9626	18.6460
8634.710	5188.9175	22.8074
8637.640	5152.7664	23.0919
8640.570	5115.2466	22.9002
8643.500	5061.9361	20.3779
8646.430	4985.1434	19.1111
8649.360	4844.1647	19.6584
8652.290	4679.4383	19.6604
8655.220	4528.2763	14.4312
8658.150	4345.8709	32.2593
8661.080	4161.5673	37.6300
8664.010	4026.0510	27.8071
8666.940	4043.2970	18.5987
8669.870	4210.7001	18.1947
8672.800	4406.5040	17.5581
8675.730	4561.5035	18.1156
8678.660	4681.1964	18.3260
8681.590	4791.0511	18.2320
8684.520	4914.3101	17.7668
8687.450	5035.7654	18.3197
8690.380	5117.2181	18.5329
8693.310	5178.0155	18.0700
8696.240	5215.2063	17.6459
8699.170	5239.0100	18.4631
8702.100	5244.9854	18.9510
8705.030	5239.8181	19.5296
8707.960	5248.3633	19.1261
8710.890	5251.6032	18.7446
8713.820	5224.5590	18.4295
8716.750	5180.5761	16.8637
8719.680	5120.1646	17.3603
8722.610	5068.8429	18.5721
8725.540	5020.1074	16.0204
8728.470	4962.6947	14.5011
8731.400	4877.0480	14.5081
8734.330	4753.7378	14.9763
8737.260	4596.1855	15.8519
8740.190	4402.6943	14.7127
8743.120	4188.1230	14.5868
8746.050	3964.4640	13.5704
8748.980	3803.8100	12.3996
8751.910	3800.5982	13.7590
8754.840	3971.8151	13.3894
8757.770	4201.9904	14.1517
8760.700	4403.0914	16.3834
8763.630	4573.1889	16.9035
8766.560	4708.4292	18.9254
8769.490	4822.4966	19.9911
8772.420	4912.5220	20.0459
8775.350	4949.0433	20.0407
8778.280	4995.8358	18.8386
8781.210	5035.6535	20.9578
8784.140	5074.8382	21.1488
8787.070	5105.0893	21.6252
8790.000	5144.3501	18.4914
8792.930	5175.8491	17.0414
8795.860	5190.9048	16.1485
8798.790	5181.9768	16.9069
8801.720	5190.2692	19.3649
8804.650	5211.5831	23.5784
8807.580	5207.5543	21.4288
8810.510	5182.5408	22.0837
8813.440	5165.6893	22.8121
8816.370	5127.9246	22.0918
8819.300	5107.0025	20.8249
8822.230	5085.9900	20.3880
8825.160	5031.8597	21.1705
8828.090	5008.4080	18.1714
8831.020	4989.2833	17.9785
8833.950	4915.7377	18.0745
8836.880	4869.1115	16.9478
8839.810	4813.0879	14.6719
8842.740	4723.7181	15.2092
8845.670	4593.1018	17.1645
8848.600	4431.9547	20.6256
8851.530	4260.2766	19.2232
8854.460	4042.8663	17.1205
8857.390	3788.4359	14.6960
8860.320	3575.4955	11.7782
8863.250	3502.5288	13.0637
8866.180	3621.8188	14.7962
8869.110	3861.8297	15.2420
8872.040	4102.4737	14.2337
8874.970	4292.7488	14.7193
8877.900	4455.5655	12.3962
8880.830	4567.8923	14.6699
8883.760	4633.9329	17.4352
8886.690	4716.4552	16.0764
8889.620	4795.2812	13.2758
8892.550	4846.5060	15.9165
8895.480	4898.4003	20.2361
8898.410	4937.8322	20.8838
8901.340	4956.1175	20.7597
8904.270	4979.7211	19.3232
8907.200	4980.9233	18.8258
8910.130	4980.5437	16.3986
8913.060	4998.6784	19.1243
8915.990	4996.5766	18.0412
8918.920	5032.9937	17.0092
8921.850	5064.9907	19.9150
8924.780	5057.1486	21.7029
8927.710	5015.6082	20.8071
8930.640	4995.2224	17.8626
8933.570	4976.3707	16.6944
8936.500	4961.9006	17.9380
8939.430	4959.1766	20.4461
8942.360	4976.6703	19.7970
8945.290	5012.5148	18.5711
8948.220	5018.8224	18.2501
8951.150	5016.9474	16.9953
8954.080	4990.4151	18.7425
8957.010	4951.8128	18.6738
8959.940	4941.2838	14.9829
8962.870	4938.2768	15.2355
8965.800	4947.1903	17.7046
8968.730	4940.7164	19.0379
8971.660	4901.6261	21.5210
8974.590	4852.6202	20.4900
8977.520	4802.3935	19.5109
8980.450	4760.5894	17.2448
8983.380	4703.0476	15.9851
8986.310	4645.6352	17.1566
8989.240	4609.7724	18.2576
8992.170	4569.5815	17.7214
8995.100	4478.1668	19.2220
8998.030	4337.4187	19.3954
9000.960	4161.8796	16.6117
9003.890	3980.1537	14.1349
9006.820	3763.2978	14.3491
9009.750	3530.9089	14.3616
9012.680	3342.8478	16.3609
9015.610	3318.0301	16.3469
9018.540	3473.2995	13.9915
9021.470	3692.6570	15.0481
9024.400	3893.0431	16.8372
9027.330	4054.6138	17.4705
9030.260	4179.5855	15.2121
9033.190	4287.7230	12.2846
9036.120	4382.2806	13.0707
9039.050	4472.1314	13.1424
9041.980	4543.3868	17.2031
9044.910	4590.1077	17.7944
9047.840	4620.2256	20.8200
9050.770	4636.4481	20.2192
9053.700	4657.8611	17.4741
9056.630	4654.5801	14.2655
9059.560	4621.4317	15.8619
9062.490	4621.3512	17.2513
9065.420	4675.3442	19.5389
9068.350	4745.2151	20.8347
9071.280	4800.4692	20.1314
9074.210	4818.3821	18.2440
9077.140	4795.1428	17.9464
9080.070	4767.9570	20.4771
9083.000	4758.2879	17.9344
9085.930	4738.0054	17.4442
9088.860	4713.1675	18.4087
9091.790	4669.2918	19.7709
9094.720	4644.5663	16.5170
9097.650	4665.3399	16.7343
9100.580	4690.3180	18.9486
9103.510	4708.9628	19.0305
9106.440	4720.5120	18.4473
9109.370	4723.9624	19.7699
9112.300	4720.7784	20.4923
9115.230	4730.8963	22.1626
9118.160	4719.3876	22.1498
9121.090	4679.8481	18.4536
9124.020	4648.5651	16.3339
9126.950	4633.6674	16.2116
9129.880	4639.8001	18.9700
9132.810	4656.6758	20.8448
9135.740	4689.2919	18.9053
9138.670	4723.7590	19.7536
9141.600	4731.8720	18.8113
9144.530	4706.5592	18.4056
9147.460	4678.8594	16.6805
9150.390	4663.1530	16.9068
9153.320	4655.5733	18.8556
9156.250	4666.9816	18.6095
9159.180	4665.8039	19.1747
9162.110	4663.1295	18.7599
9165.040	4621.3963	19.4301
9167.970	4578.5806	18.8279
9170.900	4549.1908	17.3975
9173.830	4535.7128	19.5703
9176.760	4541.6992	19.0329
9179.690	4541.4102	18.8543
9182.620	4540.6010	19.6536
9185.550	4547.9967	16.6074
9188.480	4530.8955	16.8594
9191.410	4506.0036	16.8372
9194.340	4449.6493	16.4996
9197.270	4379.3244	18.5048
9200.200	4323.7395	16.8429
9203.130	4274.1045	19.0005
9206.060	4195.0702	17.8300
9208.990	4101.3569	16.8914
9211.920	3962.9983	15.8934
9214.850	3807.3334	15.6361
9217.780	3634.8643	15.7415
9220.710	3453.1554	14.5312
9223.640	3260.7248	12.6013
9226.570	3084.7404	12.5852
9229.500	3040.8525	12.3481
9232.430	3162.2381	13.6845
9235.360	3350.4884	13.1348
9238.290	3532.8212	12.7289
9241.220	3682.6797	14.0008
9244.150	3814.9648	15.9617
9247.080	3933.4033	18.7917
9250.010	4043.1236	19.5370
9252.940	4129.7141	17.1472
9255.870	4171.2872	15.8618
9258.800	4134.5382	16.4899
9261.730	4082.1703	17.0208
9264.660	4097.9727	17.7181
9267.590	4190.5361	17.9301
9270.520	4291.3497	19.7121
9273.450	4342.0139	20.1355
9276.380	4358.3431	21.3971
9279.310	4370.4181	22.6004
9282.240	4365.4245	18.5732
9285.170	4379.4248	16.7309
9288.100	4394.9074	17.0979
9291.030	4408.6513	15.2178
9293.960	4441.4225	14.2028
9296.890	4478.2445	16.3112
9299.820	4500.9460	17.8269
9302.750	4475.2764	20.6215
9305.680	4431.1448	17.6337
9308.610	4383.9222	18.0583
9311.540	4330.0423	17.2604
9314.470	4300.4548	21.3110
9317.400	4321.0042	18.9765
9320.330	4337.2850	21.5433
9323.260	4373.3399	24.3590
9326.190	4415.7944	22.1741
9329.120	4425.7366	19.6140
9332.050	4406.3235	21.7500
9334.980	4363.1948	24.8333
9337.910	4337.9371	27.9999
9340.840	4332.8200	26.3555
9343.770	4347.3445	24.7056
9346.700	4338.5563	23.0129
9349.630	4317.8496	21.4504
9352.560	4321.7725	24.1772
9355.490	4326.7331	23.0394
9358.420	4336.0744	19.0824
9361.350	4327.0216	20.0051
9364.280	4324.0759	20.2007
9367.210	4325.9899	21.5352
9370.140	4309.9720	20.2790
9373.070	4282.6890	19.7311
9376.000	4287.5067	19.9223
9378.930	4306.9363	22.0165
9381.860	4280.7568	20.9396
9384.790	4262.2908	15.3998
9387.720	4250.1576	15.6484
9390.650	4231.2848	17.3302
9393.580	4228.9098	21.4661
9396.510	4234.8367	19.6552
9399.440	4240.4886	19.3651
9402.370	4258.0037	19.7095
9405.300	4268.9451	22.2132
9408.230	4252.7733	21.8909
9411.160	4217.4478	26.9680
9414.090	4181.7025	25.4079
9417.020	4165.0935	19.7453
9419.950	4166.8232	21.1411
9422.880	4188.7658	20.9017
9425.810	4212.1937	19.9267
9428.740	4240.3975	18.8071
9431.670	4242.6383	17.1959
9434.600	4222.3497	17.2130
9437.530	4205.8102	21.4715
9440.460	4191.5758	24.6592
9443.390	4186.8306	21.4722
9446.320	4184.8866	19.0996
9449.250	4174.8366	18.3573
9452.180	4168.6278	19.8073
9455.110	4138.4937	19.9909
9458.040	4120.0617	17.7781
9460.970	4140.8410	16.3633
9463.900	4147.1013	15.3431
9466.830	4144.2147	15.0717
9469.760	4139.3617	16.7411
9472.690	4123.3585	18.1944
9475.620	4113.5843	19.7014
9478.550	4087.4433	20.4655
9481.480	4068.1572	18.6081
9484.410	4071.2669	16.9899
9487.340	4042.7353	19.8709
9490.270	4019.9856	18.6942
9493.200	4036.1236	17.7216
9496.130	4049.0973	19.6367
9499.060	4033.9747	21.3951
9501.990	4024.1052	19.1464
9504.920	4012.3266	17.0941
9507.850	3992.0833	16.9441
9510.780	3970.0446	19.8258
9513.710	3915.9582	22.4191
9516.640	3848.4780	23.7119
9519.570	3770.5923	20.2393
9522.500	3707.4966	15.0717
9525.430	3641.0135	13.8630
9528.360	3579.7026	14.2141
9531.290	3467.0194	14.2746
9534.220	3336.7882	14.9535
9537.150	3188.9915	15.9793
9540.080	3018.1756	16.0931
9543.010	2846.5771	16.0506
9545.940	2744.1724	15.5172
9548.870	2801.5420	15.7565
9551.800	2943.6929	16.1842
9554.730	3133.5330	15.9388
9557.660	3313.5805	17.4776
9560.590	3438.0674	17.7651
9563.520	3526.3176	19.7464
9566.450	3626.0400	23.1831
9569.380	3715.4848	21.5654
9572.310	3770.0905	19.0216
9575.240	3773.4119	17.3732
9578.170	3759.4514	18.4817
9581.100	3758.4807	18.3864
9584.030	3782.6109	20.6535
9586.960	3818.8504	24.8137
9589.890	3855.5254	25.6020
9592.820	3897.1097	24.3348
9595.750	3902.0070	24.1505
9598.680	3891.0790	22.2578
9601.610	3879.5180	24.0195
9604.540	3861.2496	26.7839
9607.470	3888.4312	29.8911
9610.400	3921.4179	32.1600
9613.330	3917.4394	31.7799
9616.260	3857.7284	27.9282
9619.190	3822.9596	33.7441
9622.120	3815.1260	35.2936
9625.050	3811.2811	35.4024
9627.980	3825.3946	32.7232
9630.910	3818.3085	30.4311
9633.840	3835.1910	32.0732
9636.770	3865.4021	33.7434
9639.700	3869.2275	32.2929
9642.630	3838.9359	33.9523
9645.560	3826.5457	35.8328
9648.490	3827.8865	34.6131
9651.420	3834.9632	36.1900
9654.350	3809.1709	34.6466
9657.280	3794.2589	34.2949
9660.210	3774.0591	38.6022
9663.140	3772.3241	38.4349
9666.070	3763.0590	38.2147
9669.000	3770.7147	36.8462
9671.930	3790.9660	39.7630
9674.860	3812.7767	40.0018
9677.790	3821.8754	41.8635
9680.720	3795.2339	40.0685
9683.650	3794.4064	43.0714
9686.580	3777.2128	42.6253
9689.510	3743.4616	42.4006
9692.440	3726.1112	42.6058
9695.370	3734.0607	42.9668
9698.300	3741.9904	41.7655
9701.230	3758.2076	44.6459
