3298.680	85345.0974	455.3614
3301.060	85162.6235	565.6460
3303.440	84696.2128	506.7205
3305.820	84790.2923	416.4543
3308.200	84715.0626	409.4208
3310.580	83962.0061	465.5262
3312.960	83694.4783	435.4897
3315.340	83776.0300	433.3967
3317.720	83994.0859	461.5073
3320.100	83281.4642	556.9910
3322.480	82560.2022	441.9896
3324.860	82714.1152	389.5546
3327.240	82961.8942	396.2308
3329.620	82968.6990	390.1057
3332.000	82862.7736	447.5945
3334.380	82497.8355	417.1982
3336.760	82230.1912	389.4647
3339.140	81949.4551	378.1311
3341.520	81836.0870	377.8059
3343.900	82210.0260	393.3206
3346.280	81910.9000	329.3212
3348.660	81210.1304	398.9065
3351.040	81751.4843	366.1769
3353.420	82349.6936	424.7697
3355.800	81610.0796	530.0835
3358.180	80558.7165	449.4479
3360.560	81621.5752	493.1277
3362.940	81822.9779	400.3027
3365.320	81497.6960	427.4968
3367.700	81169.0851	388.4460
3370.080	81027.3336	407.1908
3372.460	81366.6838	414.6023
3374.840	81772.8089	421.9569
3377.220	80414.6526	508.3956
3379.600	79956.9656	306.5870
3381.980	80255.4481	320.0298
3384.360	80778.1988	335.6484
3386.740	80950.0143	440.9468
3389.120	81055.7208	378.7388
3391.500	80609.4803	335.5075
3393.880	80667.1509	426.2529
3396.260	81207.0406	341.5575
3398.640	81075.5616	452.1140
3401.020	80362.7603	477.1371
3403.400	79965.9659	363.1525
3405.780	80044.8216	320.5610
3408.160	80213.7752	292.4246
3410.540	80944.4385	323.8651
3412.920	80953.0143	380.1999
3415.300	80876.4701	342.1585
3417.680	80355.1844	399.1621
3420.060	79636.3305	440.4286
3422.440	79576.6114	375.5710
3424.820	80407.2864	295.4305
3427.200	80929.1059	290.4242
3429.580	80559.6038	397.5875
3431.960	79762.6240	438.6360
3434.340	79521.0583	427.5396
3436.720	79391.0130	444.4440
3439.100	79338.0259	389.0506
3441.480	79282.3117	420.6850
3443.860	79071.6481	392.1007
3446.240	79789.4164	317.3567
3448.620	79788.7697	443.2746
3451.000	79549.0669	421.6240
3453.380	78999.8247	397.5461
3455.760	78754.8214	353.3700
3458.140	78674.9322	296.2850
3460.520	78574.2562	327.2579
3462.900	78854.6490	321.7403
3465.280	78678.9039	460.8148
3467.660	78652.7857	409.0373
3470.040	78180.3828	436.6782
3472.420	78042.1878	359.0858
3474.800	78198.2149	332.6942
3477.180	78359.0684	408.2563
3479.560	78196.5524	488.3311
3481.940	78031.5834	415.7299
3484.320	77990.4776	352.7080
3486.700	77606.1499	376.6810
3489.080	77735.3023	328.4027
3491.460	77368.3188	355.0842
3493.840	76673.0671	294.7350
3496.220	76931.0611	320.5034
3498.600	77636.6344	294.9302
3500.980	77625.8364	398.1465
3503.360	77280.5652	422.5163
3505.740	77411.3844	383.4072
3508.120	77535.7330	326.8163
3510.500	77416.2812	305.9636
3512.880	77218.7366	314.0635
3515.260	77039.7536	310.8101
3517.640	77318.5777	255.7835
3520.020	77224.3182	270.8763
3522.400	77446.3841	317.8764
3524.780	77662.6452	469.0656
3527.160	77284.5817	293.9588
3529.540	77269.5006	283.6902
3531.920	77372.4299	311.6618
3534.300	77182.0915	274.5439
3536.680	77126.4374	275.4504
3539.060	77211.4415	289.7737
3541.440	77333.5943	323.1095
3543.820	77153.8141	341.7070
3546.200	76960.1364	381.3848
3548.580	77135.6820	331.7944
3550.960	77246.7736	358.3661
3553.340	77048.5225	367.9611
3555.720	76157.9442	380.6961
3558.100	75884.3987	390.1890
3560.480	76165.8082	352.7749
3562.860	76343.6369	290.4422
3565.240	76039.3695	304.1060
3567.620	75905.4238	259.5849
3570.000	75405.1520	375.8018
3572.380	75342.7257	300.6296
3574.760	75422.1328	305.5286
3577.140	75347.0325	325.8580
3579.520	75899.6583	352.8892
3581.900	75752.7568	337.1756
3584.280	75376.0836	346.5300
3586.660	75218.9995	323.4792
3589.040	75533.1492	305.2942
3591.420	75518.1724	336.5013
3593.800	75039.1719	430.6891
3596.180	74888.6301	459.4566
3598.560	75267.2424	407.9512
3600.940	75388.8737	309.6672
3603.320	74851.6146	287.5887
3605.700	75002.1804	306.7227
3608.080	74702.9579	268.8285
3610.460	74460.7470	346.7185
3612.840	73934.8434	441.6252
3615.220	74039.6993	391.5457
3617.600	74681.8790	262.7894
3619.980	74420.0223	356.2315
3622.360	74338.0603	322.7343
3624.740	74122.1797	453.2633
3627.120	74150.7765	436.6267
3629.500	74093.2989	356.1008
3631.880	74387.8846	383.3686
3634.260	74559.0131	365.2500
3636.640	74283.3762	353.0151
3639.020	74179.4303	311.5882
3641.400	74417.3321	304.5777
3643.780	74267.8005	310.5136
3646.160	74143.6900	292.4897
3648.540	74037.7770	306.5595
3650.920	73924.7354	246.5455
3653.300	74054.2749	329.8338
3655.680	73922.5543	327.4464
3658.060	73594.2490	308.3154
3660.440	73569.7949	253.3839
3662.820	73617.2311	249.3135
3665.200	73652.8830	257.0608
3667.580	73671.5441	257.6881
3669.960	73427.6558	313.4339
3672.340	73155.1508	376.9589
3674.720	73028.6753	331.3033
3677.100	72710.1930	294.5799
3679.480	72899.3791	265.0600
3681.860	72825.9231	279.8235
3684.240	72533.8874	292.3335
3686.620	72719.1228	312.0285
3689.000	72932.9078	312.8173
3691.380	73200.5428	309.3017
3693.760	72954.3874	326.6025
3696.140	72996.0262	308.9775
3698.520	73491.4465	303.2856
3700.900	73161.0492	439.2299
3703.280	72423.5345	350.0623
3705.660	74165.4789	316.3434
3708.040	75064.3430	270.4264
3710.420	71895.1228	289.3956
3712.800	72363.6309	342.5901
3715.180	78508.0876	424.4187
3717.560	79796.5142	318.2546
3719.940	73692.7835	379.5815
3722.320	71739.4072	272.7866
3724.700	80216.1595	353.5923
3727.080	89110.1195	455.0068
3729.460	87516.7255	410.0692
3731.840	76174.8857	403.3711
3734.220	69337.8230	343.0658
3736.600	77758.3627	310.7517
3738.980	92934.9477	561.7928
3741.360	102783.7675	570.6035
3743.740	100105.1130	341.5113
3746.120	86023.8053	371.8643
3748.500	70648.9305	323.0764
3750.880	69591.8766	338.9356
3753.260	84455.3945	656.0672
3755.640	102771.1222	556.9767
3758.020	116310.5404	400.6138
3760.400	120663.0249	423.8284
3762.780	114676.2481	467.4923
3765.160	99574.5896	421.4672
3767.540	80326.7843	334.0876
3769.920	67616.3548	285.6362
3772.300	73835.3215	309.5993
3774.680	94512.6855	375.4276
3777.060	116813.8616	415.1809
3779.440	134768.0205	440.4545
3781.820	145608.5203	517.3098
3784.200	148799.1139	519.9175
3786.580	144370.4112	643.7943
3788.960	133078.3150	476.1435
3791.340	114050.6361	449.8624
3793.720	91082.0963	396.0342
3796.100	71728.4686	328.6185
3798.480	68134.6391	290.8638
3800.860	83635.2400	341.7278
3803.240	106527.9044	423.0345
3805.620	128486.3909	566.2667
3808.000	146375.7708	520.0480
3810.380	158419.6450	646.2615
3812.760	165222.9704	677.1229
3815.140	169017.1205	937.7719
3817.520	169970.6848	924.2049
3819.900	165729.2051	919.9395
3822.280	157588.0682	691.2669
3824.660	144689.1427	507.8829
3827.040	127652.9520	438.7038
3829.420	106672.2709	381.0952
3831.800	84171.5350	331.6365
3834.180	67760.2064	289.8838
3836.560	69266.9128	272.2844
3838.940	87157.2612	391.6879
3841.320	110405.9236	415.9946
3843.700	131464.3242	732.8184
3846.080	148264.3195	805.6163
3848.460	160930.0441	682.4961
3850.840	169354.8920	661.9112
3853.220	174684.4278	592.9078
3855.600	178198.6923	563.6435
3857.980	181635.6463	682.5383
3860.360	182977.3419	636.9961
3862.740	180797.9327	1072.0710
3865.120	180735.1381	1103.1988
3867.500	181353.8012	716.0924
3869.880	178956.0097	757.8124
3872.260	173309.2935	551.6438
3874.640	165737.1003	591.8664
3877.020	153821.8639	527.8566
3879.400	138331.0280	520.9715
3881.780	119426.4774	477.6909
3884.160	97219.8327	424.6403
3886.540	76005.1258	362.9666
3888.920	66143.6361	308.3050
3891.300	75819.8053	275.8683
3893.680	96516.1831	373.6944
3896.060	118233.2562	511.6069
3898.440	136529.4935	469.6148
3900.820	150813.3603	465.0978
3903.200	161744.5929	476.3277
3905.580	169808.6007	528.9836
3907.960	177023.5859	590.4624
3910.340	180474.6121	812.7005
3912.720	181849.8139	888.8785
3915.100	182912.4897	829.4166
3917.480	185231.6075	771.0201
3919.860	186304.4121	777.2869
3922.240	186037.5401	784.3744
3924.620	186971.2098	740.4885
3927.000	186972.5306	873.9153
3929.380	184332.1146	852.0474
3931.760	177849.4445	1503.6385
3934.140	175901.3192	1577.4290
3936.520	178869.6607	1096.8921
3938.900	182049.3909	923.3368
3941.280	181908.2099	790.4301
3943.660	179818.3247	956.5028
3946.040	177936.5850	645.0044
3948.420	174774.2841	776.3154
3950.800	170975.9321	787.7285
3953.180	166294.4756	844.0034
3955.560	158305.5909	731.9913
3957.940	147086.6862	719.7167
3960.320	132701.2842	669.7742
3962.700	115257.2549	500.6297
3965.080	94888.4989	605.9867
3967.460	74648.2563	644.7237
3969.840	64565.9832	583.8438
3972.220	72666.3680	355.9466
3974.600	91827.3746	469.9330
3976.980	112356.6431	582.6394
3979.360	129594.7404	785.8341
3981.740	143973.8490	884.7457
3984.120	155443.0767	647.3728
3986.500	163160.3701	615.9973
3988.880	168137.5322	683.1556
3991.260	172201.2155	675.9048
3993.640	175331.3630	634.8872
3996.020	176982.1619	656.1752
3998.400	178047.0119	647.0932
4000.780	178197.8604	706.8866
4003.160	177983.5015	726.2717
4005.540	178481.6752	650.9156
4007.920	179815.4021	554.2515
4010.300	180336.4057	619.0115
4012.680	179898.0567	590.5617
4015.060	179724.7016	574.6815
4017.440	180109.3655	520.1303
4019.820	180507.2654	610.1042
4022.200	179068.7818	768.5524
4024.580	176600.6363	891.6542
4026.960	175053.2876	638.4351
4029.340	175859.8999	547.7243
4031.720	177004.8937	478.6732
4034.100	177810.0148	470.5355
4036.480	177929.6097	523.2401
4038.860	177943.1954	582.9862
4041.240	177887.7002	551.8786
4043.620	177355.5723	646.9778
4046.000	175774.8454	532.2521
4048.380	175656.6787	545.1496
4050.760	175463.6637	606.3916
4053.140	175247.8100	581.3617
4055.520	175005.3068	532.7352
4057.900	174202.3653	550.9246
4060.280	172957.2947	546.2626
4062.660	172012.8215	515.2765
4065.040	170243.5995	535.8310
4067.420	169340.2237	561.8147
4069.800	168682.0386	587.2790
4072.180	167590.2074	581.9620
4074.560	165989.5826	601.1132
4076.940	163793.1354	615.6264
4079.320	161397.3140	578.0467
4081.700	159027.9391	538.0818
4084.080	154643.2485	509.6824
4086.460	148270.7304	555.2253
4088.840	139162.9615	563.2800
4091.220	127326.8350	508.3389
4093.600	112464.8505	458.8238
4095.980	94888.9562	464.6546
4098.360	76201.8434	470.0038
4100.740	62298.6160	399.3967
4103.120	64443.7005	309.1668
4105.500	79579.9808	325.9416
4107.880	97535.8181	326.2601
4110.260	114480.8505	393.7607
4112.640	128364.3462	408.0588
4115.020	138661.9252	449.7623
4117.400	146375.7374	465.5148
4119.780	151656.8636	498.7967
4122.160	155117.8848	474.8719
4124.540	157145.6701	570.8366
4126.920	157219.0831	550.4398
4129.300	156701.2415	487.9156
4131.680	159340.3908	557.3654
4134.060	162836.1220	605.0924
4136.440	164212.6884	613.0112
4138.820	164812.5269	590.3028
4141.200	164442.4693	662.3820
4143.580	164486.0102	624.6307
4145.960	163802.8683	517.6493
4148.340	164119.5437	552.9354
4150.720	164737.3626	581.6329
4153.100	165272.0467	562.8305
4155.480	165332.4548	604.1816
4157.860	164778.3300	571.9883
4160.240	164051.7624	586.5963
4162.620	163225.1300	627.0745
4165.000	163391.6552	569.1976
4167.380	163572.4660	577.6299
4169.760	163073.7964	462.2812
4172.140	161430.7525	540.9186
4174.520	160948.8755	585.5913
4176.900	160110.4012	483.8288
4179.280	159803.2741	505.0066
4181.660	160954.8126	468.2493
4184.040	161422.1222	480.6230
4186.420	161098.8387	523.6236
4188.800	160894.2646	607.1764
4191.180	160784.7940	686.6675
4193.560	161233.0162	586.5019
4195.940	160633.3347	613.4097
4198.320	160208.4786	695.9481
4200.700	159104.0123	614.6907
4203.080	158584.9282	516.4785
4205.460	158617.9298	543.0801
4207.840	158894.2170	488.6293
4210.220	158826.9416	526.1367
4212.600	158600.6908	539.1755
4214.980	158056.1491	543.3135
4217.360	157536.5693	475.2197
4219.740	156947.1912	505.6942
4222.120	157131.8836	436.6851
4224.500	157399.3409	706.4806
4226.880	156479.9089	487.8905
4229.260	155983.9918	469.8871
4231.640	154276.3377	673.5656
4234.020	154081.2114	519.6061
4236.400	155408.8257	466.5455
4238.780	155805.6801	461.1953
4241.160	155236.0069	497.0357
4243.540	154374.3877	495.4488
4245.920	153953.0714	468.6706
4248.300	153756.5394	510.4328
4250.680	153633.6992	523.0425
4253.060	153214.3989	506.6329
4255.440	152874.4731	517.4243
4257.820	152926.5451	499.6497
4260.200	152192.4237	481.2524
4262.580	152294.5760	502.2043
4264.960	151998.5071	539.6296
4267.340	151577.0779	535.7412
4269.720	150735.4888	532.8787
4272.100	150346.7609	593.9776
4274.480	149820.9363	481.6210
4276.860	149900.8495	493.7724
4279.240	149888.3581	490.5576
4281.620	149641.2096	488.3853
4284.000	149065.4118	508.2549
4286.380	148698.8294	513.7622
4288.760	147747.8278	563.1499
4291.140	146638.2410	493.5691
4293.520	145937.1810	528.5912
4295.900	145381.5232	551.6493
4298.280	144472.5778	555.4465
4300.660	143721.6381	512.6455
4303.040	143499.1682	500.4017
4305.420	143184.1643	450.5210
4307.800	143180.3951	605.0513
4310.180	142154.7501	684.4328
4312.560	139494.5722	519.9551
4314.940	137502.7061	585.0699
4317.320	135061.5186	795.0839
4319.700	133251.0971	616.7315
4322.080	130103.9560	498.4879
4324.460	125263.6656	588.2743
4326.840	118126.0129	446.5739
4329.220	109806.0519	439.3321
4331.600	99162.4100	465.8929
4333.980	86267.4897	387.9073
4336.360	72141.2439	379.0164
4338.740	59931.9226	429.4770
4341.120	56488.4939	346.8044
4343.500	65457.4411	261.1033
4345.880	79711.1991	285.7278
4348.260	93246.3659	302.3495
4350.640	104427.6093	333.7639
4353.020	113342.7187	332.4154
4355.400	120618.5951	337.7678
4357.780	125619.4559	350.0272
4360.160	129170.6717	404.4456
4362.540	131937.4628	428.1718
4364.920	133941.8325	421.2473
4367.300	135001.6054	473.6441
4369.680	136097.4761	509.1524
4372.060	137048.5585	475.3408
4374.440	137803.8829	477.1616
4376.820	138896.1594	524.6399
4379.200	139333.6232	549.1200
4381.580	138235.1439	531.3229
4383.960	136687.4220	544.8100
4386.340	137019.3771	621.6260
4388.720	137575.8401	524.5070
4391.100	137668.3939	413.9497
4393.480	137663.6021	448.5869
4395.860	137635.8724	440.1345
4398.240	138018.0689	406.4742
4400.620	138354.3987	405.5764
4403.000	138281.5077	517.5056
4405.380	138151.4865	425.7037
4407.760	138382.0912	411.1560
4410.140	138129.0094	465.7767
4412.520	137618.5959	452.0381
4414.900	136607.2380	409.8249
4417.280	135898.2964	463.1505
4419.660	136345.6943	432.5370
4422.040	136944.5677	459.0702
4424.420	137124.3382	463.5320
4426.800	136925.1311	424.4933
4429.180	136496.0721	424.2079
4431.560	136416.9071	458.2900
4433.940	136319.4727	434.0263
4436.320	135957.3100	450.0700
4438.700	135874.3406	417.3478
4441.080	134814.6949	483.0213
4443.460	134600.3275	402.4578
4445.840	134425.0219	432.6536
4448.220	133853.5536	454.6211
4450.600	134040.9594	442.9951
4452.980	134627.8163	434.3315
4455.360	135233.1947	428.8116
4457.740	134800.4643	456.5206
4460.120	134214.5441	399.3472
4462.500	133969.0356	389.9726
4464.880	133616.0254	492.0464
4467.260	132645.4067	686.4924
4469.640	131304.7800	675.7925
4472.020	130401.7600	487.5905
4474.400	130811.8081	354.1969
4476.780	130270.8783	386.7371
4479.160	127022.9753	369.4878
4481.540	125266.5148	362.7755
4483.920	127721.3561	367.6572
4486.300	129969.9285	380.9921
4488.680	129800.1540	388.8988
4491.060	129855.4629	388.1835
4493.440	130521.0027	485.1188
4495.820	131004.6167	448.9762
4498.200	130931.5274	449.3757
4500.580	130227.6823	456.5726
4502.960	129951.2085	453.1981
4505.340	129499.7288	482.7773
4507.720	128859.6755	461.6191
4510.100	128957.3291	427.7453
4512.480	128709.3316	408.0049
4514.860	128483.3014	385.0970
4517.240	128032.2350	420.7721
4519.620	127527.8460	404.4662
4522.000	126839.8077	447.2343
4524.380	127380.0467	385.0212
4526.760	127920.0460	416.7983
4529.140	127735.3107	449.8653
4531.520	126915.8323	513.3608
4533.900	126545.7959	509.8299
4536.280	127063.6360	557.3382
4538.660	126944.2875	604.0794
4541.040	126478.6390	494.5767
4543.420	126354.8797	434.4002
4545.800	125466.5862	452.1389
4548.180	123600.5950	392.6748
4550.560	122986.0843	374.4728
4552.940	123187.4607	367.3045
4555.320	123300.9082	352.4603
4557.700	123480.8751	343.8854
4560.080	124140.2656	368.5825
4562.460	124364.4319	378.6967
4564.840	124419.0257	353.9441
4567.220	124796.2864	374.3258
4569.600	124173.3627	365.9538
4571.980	123806.0705	402.1787
4574.360	123770.5569	401.3495
4576.740	123620.5201	397.8522
4579.120	123077.8725	422.0432
4581.500	122043.5874	411.7372
4583.880	121482.9246	390.1329
4586.260	121505.8419	410.1603
4588.640	121523.5050	450.7275
4591.020	121887.9667	408.8757
4593.400	122163.4475	355.1139
4595.780	122317.2614	394.1749
4598.160	122414.8556	357.0405
4600.540	122572.5118	383.0129
4602.920	122321.6745	412.9081
4605.300	122168.2838	467.3070
4607.680	121756.4908	443.8017
4610.060	121554.7676	424.8454
4612.440	121434.4460	383.2850
4614.820	120595.4822	369.5787
4617.200	119794.9723	380.4691
4619.580	119513.4015	358.9533
4621.960	119656.3265	375.4708
4624.340	119851.4436	389.2780
4626.720	119514.7766	381.0952
4629.100	119080.4823	398.9086
4631.480	118619.0728	413.3906
4633.860	118751.9757	351.5596
4636.240	118781.6713	336.4265
4638.620	119191.2310	392.7732
4641.000	119217.6050	448.0309
4643.380	118458.9764	379.4990
4645.760	118235.1111	354.2201
4648.140	118546.1520	341.5988
4650.520	118165.4050	425.5020
4652.900	117736.6664	422.5386
4655.280	117779.3801	381.5752
4657.660	117156.3595	392.5379
4660.040	116707.5045	371.5900
4662.420	116887.9756	366.3254
4664.800	116677.2336	409.7063
4667.180	116725.6813	408.9751
4669.560	116766.2577	407.1596
4671.940	116430.9795	376.6162
4674.320	116420.3018	444.3912
4676.700	116470.6498	470.2179
4679.080	116678.5206	503.2334
4681.460	117043.6314	658.1517
4683.840	117132.9040	677.5200
4686.220	116302.5901	676.6953
4688.600	115255.1557	562.0366
4690.980	114838.7747	318.5908
4693.360	114827.2291	316.5564
4695.740	114676.8918	306.9564
4698.120	114686.5919	295.2728
4700.500	114482.3607	316.3428
4702.880	114322.6021	373.6073
4705.260	114246.0719	415.0782
4707.640	114115.0547	346.2065
4710.020	114384.3327	403.9373
4712.400	114025.0568	447.3145
4714.780	113466.6470	373.0881
4717.160	113144.9683	340.2626
4719.540	113237.5024	348.6148
4721.920	112883.8395	367.0402
4724.300	112650.2319	372.7684
4726.680	112443.4321	389.1306
4729.060	112324.1550	412.7763
4731.440	111892.9909	432.0814
4733.820	111641.1540	382.0940
4736.200	111576.6060	377.0003
4738.580	111338.4922	325.2951
4740.960	111262.8066	364.1240
4743.340	111393.7002	375.5379
4745.720	111357.0348	418.5197
4748.100	111343.4611	377.3870
4750.480	111144.4766	387.4298
4752.860	110575.1698	383.3018
4755.240	110147.8042	403.3337
4757.620	110018.6371	342.1477
4760.000	109661.1342	368.8605
4762.380	109448.7230	396.9890
4764.760	109586.6172	375.1881
4767.140	109495.1303	373.0292
4769.520	109047.7902	431.0178
4771.900	108699.5145	379.1331
4774.280	108665.7372	349.1524
4776.660	108449.9712	339.4768
4779.040	108109.5581	326.7000
4781.420	107966.9814	339.6957
4783.800	107956.2017	346.6500
4786.180	108011.5484	323.1295
4788.560	107685.5052	324.3812
4790.940	107026.8096	334.0622
4793.320	106892.8218	317.3134
4795.700	106830.1535	346.8971
4798.080	106348.5444	346.1521
4800.460	106056.2925	339.9599
4802.840	105837.2923	354.0967
4805.220	105513.2658	367.7148
4807.600	105237.9267	372.4651
4809.980	104990.1640	382.3560
4812.360	104841.2920	322.5941
4814.740	104302.6766	308.7880
4817.120	103806.7303	338.9896
4819.500	103163.9492	362.2834
4821.880	102676.1861	380.0975
4824.260	102328.8916	337.7480
4826.640	102260.3808	342.5361
4829.020	101489.3089	383.8746
4831.400	100498.2628	384.8968
4833.780	99282.5089	358.4799
4836.160	97590.5163	365.9582
4838.540	96175.1531	339.5186
4840.920	94218.5998	327.9648
4843.300	91198.7888	370.2525
4845.680	87148.7475	387.3112
4848.060	82568.5308	335.0105
4850.440	77178.8715	313.3567
4852.820	70331.8342	307.0836
4855.200	62141.8542	298.0938
4857.580	53351.4418	319.2240
4859.960	46477.9146	291.9772
4862.340	46223.7603	260.0253
4864.720	52568.5175	165.3961
4867.100	61207.0025	169.6203
4869.480	69338.0819	186.5682
4871.860	75904.4231	212.2975
4874.240	81184.6898	238.8312
4876.620	85242.9676	276.0598
4879.000	88834.6229	291.8110
4881.380	91441.0543	312.5878
4883.760	92914.9664	341.5176
4886.140	94602.0758	310.1735
4888.520	95876.4602	347.1794
4890.900	96327.5337	312.6299
4893.280	96742.4547	318.5511
4895.660	97218.9947	341.6147
4898.040	97591.3529	374.3890
4900.420	98044.9716	322.2476
4902.800	98525.5146	333.5972
4905.180	98772.4335	339.9995
4907.560	98731.4362	343.8884
4909.940	98425.8231	329.4417
4912.320	98271.4327	323.9982
4914.700	98531.7826	332.8056
4917.080	98468.4386	442.6592
4919.460	98086.6197	517.1262
4921.840	97394.7822	450.6349
4924.220	96708.1564	299.3890
4926.600	97309.4736	310.5338
4928.980	97936.9231	307.1124
4931.360	98060.0132	278.2721
4933.740	98257.6222	319.3624
4936.120	98421.1874	395.7493
4938.500	98682.6811	349.4547
4940.880	98014.0682	353.9906
4943.260	97726.4418	331.4404
4945.640	97776.5665	285.1259
4948.020	97676.8882	308.0129
4950.400	97343.2727	357.4978
4952.780	97223.5112	330.0976
4955.160	97266.6586	331.6203
4957.540	96941.4784	332.1168
4959.920	96952.8834	304.1504
4962.300	96850.3319	309.9279
4964.680	96615.7849	312.7531
4967.060	96390.8326	299.2805
4969.440	96392.7806	309.4132
4971.820	96635.6638	309.8295
4974.200	96398.7811	324.6625
4976.580	96350.1381	339.4758
4978.960	96174.7800	372.5249
4981.340	95854.0947	360.2015
4983.720	95385.0994	333.0222
4986.100	94992.4550	329.4220
4988.480	94971.8521	336.2065
4990.860	94943.3117	295.7891
4993.240	94820.2633	313.2196
4995.620	94854.8160	306.1192
4998.000	94628.4181	315.6819
5000.380	94224.0381	308.4181
5002.760	93911.3506	331.2226
5005.140	93638.7279	343.9109
5007.520	93561.1131	330.9625
5009.900	93768.8935	364.2137
5012.280	93522.1504	350.1985
5014.660	92902.8966	336.7776
5017.040	91820.4079	285.0470
5019.420	91440.1187	291.0139
5021.800	92020.4621	316.6985
5024.180	92449.4321	336.1343
5026.560	92419.4064	308.7338
5028.940	92391.5783	300.7012
5031.320	92022.9678	328.2140
5033.700	92054.9393	342.9187
5036.080	91778.5555	355.3580
5038.460	91287.5635	343.0027
5040.840	90924.9867	333.8862
5043.220	91200.4620	319.6069
5045.600	91478.5280	342.6053
5047.980	91548.6398	339.6444
5050.360	91313.2871	294.0711
5052.740	90819.6613	301.8419
5055.120	90162.5680	314.0489
5057.500	89879.6266	315.6924
5059.880	90337.9586	321.8517
5062.260	90640.5987	287.0449
5064.640	90761.7955	283.0745
5067.020	90735.7071	337.3839
5069.400	90536.0120	320.4687
5071.780	90242.2525	311.2050
5074.160	90166.2412	327.6416
5076.540	90200.9833	307.9824
5078.920	90270.7935	317.5376
5081.300	89871.3909	295.5488
5083.680	89682.8417	299.7498
5086.060	89714.7117	301.9809
5088.440	89502.9513	314.9929
5090.820	89128.7954	313.2441
5093.200	88874.6100	312.9868
5095.580	88747.3418	326.4970
5097.960	88448.9160	345.5425
5098.200	89043.3786	270.6616
5100.340	88372.1831	334.1612
5101.130	89068.5737	342.1686
5102.720	88317.1068	316.1297
5104.060	88891.1960	312.8246
5105.100	88462.6704	289.5560
5106.990	89032.8114	257.0183
5107.480	88499.0591	268.1537
5109.860	88432.2372	277.2724
5109.920	89051.0449	270.5498
5112.240	88341.5262	251.4342
5112.850	89093.2953	260.3049
5114.620	88099.6064	306.6510
5115.780	88932.2002	306.4802
5117.000	87902.2898	306.8436
5118.710	88491.0771	316.8093
5119.380	87819.0650	304.8628
5121.640	88355.3830	290.6152
5121.760	87782.8091	330.9237
5124.140	87517.6093	292.0081
5124.570	88023.1035	364.4083
5126.520	87223.9190	285.5401
5127.500	88031.4467	245.3998
5128.900	87052.6529	250.2344
5130.430	87724.2263	253.1945
5131.280	86875.6272	318.7359
5133.360	87471.0961	288.5387
5133.660	86758.2262	308.5604
5136.040	86575.0380	307.1258
5136.290	87071.2666	286.9494
5138.420	86339.4811	309.3883
5139.220	86687.8605	298.3037
5140.800	86177.8605	327.2418
5142.150	86801.1864	294.0458
5143.180	86045.4589	325.2559
5145.080	86664.5834	292.7466
5145.560	85741.3463	328.1517
5147.940	85604.0162	336.5133
5148.010	86301.5275	300.9895
5150.320	85581.2345	288.5498
5150.940	86195.7018	231.2603
5153.870	86116.4587	276.3611
5156.800	86106.9594	258.7075
5159.730	85857.8300	276.5937
5162.660	85508.9768	290.3938
5165.590	84041.3067	496.8167
5168.520	83595.3754	376.5745
5171.450	83689.1120	260.3269
5174.380	84654.4691	306.2578
5177.310	85117.8936	360.6877
5180.240	84197.2482	297.3003
5183.170	83729.2429	400.7101
5186.100	84023.9151	320.6119
5189.030	83906.5913	303.8534
5191.960	83724.1742	285.3178
5194.890	83550.3560	264.1990
5197.820	83744.9923	265.9520
5200.750	83537.8019	285.4930
5203.680	83609.1923	253.2580
5206.610	83778.6465	299.1728
5209.540	83876.6030	267.2944
5212.470	83457.4133	324.0613
5215.400	82637.7353	267.1248
5218.330	82449.4187	249.3475
5221.260	82559.6909	247.1790
5224.190	81935.3428	249.6811
5227.120	81911.3581	295.3985
5230.050	81835.3065	257.0171
5232.980	81367.5565	249.3153
5235.910	81228.9672	269.8058
5238.840	81689.7502	297.6804
5241.770	81641.2067	269.7580
5244.700	81567.1560	232.2444
5247.630	81524.2982	239.6006
5250.560	81215.9964	261.7823
5253.490	81122.1513	254.5675
5256.420	81073.4513	234.7518
5259.350	80788.8767	219.4824
5262.280	79980.2716	279.6225
5265.210	79902.5268	266.0034
5268.140	80048.0490	227.6814
5271.070	80193.5704	268.7249
5274.000	80011.9715	271.4896
5276.930	79646.5358	258.2650
5279.860	79472.1116	202.2420
5282.790	79489.0345	214.5108
5285.720	79778.9239	245.2632
5288.650	79787.2280	228.0281
5291.580	79569.3388	229.9786
5294.510	79353.3674	236.1063
5297.440	79448.6711	237.9564
5300.370	79315.8795	234.0462
5303.300	79147.7629	254.9718
5306.230	79051.3299	221.4403
5309.160	78563.6041	225.5167
5312.090	78018.1622	213.5985
5315.020	77397.4997	228.6130
5317.950	77357.6973	251.6665
5320.880	77557.8613	250.2973
5323.810	77741.7793	263.0411
5326.740	77158.8003	279.3757
5329.670	77342.0729	266.1182
5332.600	77541.6832	257.8730
5335.530	77347.7873	228.5512
5338.460	77096.7570	249.8901
5341.390	76947.3310	243.1435
5344.320	77165.6120	237.9616
5347.250	77163.6992	233.1500
5350.180	77140.5789	225.3038
5353.110	76654.6152	267.4364
5356.040	76650.8203	245.9916
5358.970	76421.6706	213.7674
5361.900	76115.7004	252.8692
5364.830	76007.0588	245.3036
5367.760	75989.1664	213.6559
5370.690	75641.0920	226.6879
5373.620	75922.3905	251.4443
5376.550	76139.2127	263.9760
5379.480	75623.1335	206.2148
5382.410	75260.9314	230.5237
5385.340	75157.3784	209.4982
5388.270	75065.7201	202.4670
5391.200	74863.7797	228.6644
5394.130	74588.4161	215.9930
5397.060	74400.9308	213.6258
5399.990	74008.7382	223.3905
5402.920	73786.8665	247.3570
5405.850	73844.7032	255.8880
5408.780	73941.3777	245.9506
5411.710	73957.2025	240.0825
5414.640	74055.6176	243.8959
5417.570	74109.5122	207.5230
5420.500	73793.6063	212.3484
5423.430	73495.1238	199.7945
5426.360	73303.0656	228.4311
5429.290	73138.9217	202.6613
5432.220	73142.5551	196.1108
5435.150	73224.6176	215.3225
5438.080	72874.8887	219.4070
5441.010	72956.5621	222.0527
5443.940	72686.9783	234.3291
5446.870	72649.0286	195.1938
5449.800	72489.5432	205.8961
5452.730	72205.4693	180.0884
5455.660	72071.3701	167.0721
5458.590	71979.1866	174.4089
5461.520	71818.2854	169.6336
5464.450	71496.6355	171.4246
5467.380	71419.2544	180.1411
5470.310	71467.7873	191.5394
5473.240	71511.6673	189.9050
5476.170	71396.4895	203.4467
5479.100	71026.9752	201.5082
5482.030	70823.4396	192.6048
5484.960	70782.6412	180.0530
5487.890	70714.6886	164.2122
5490.820	70612.1842	188.6574
5493.750	70603.0405	190.8404
5496.680	70750.8309	191.2464
5499.610	70519.8286	175.6533
5502.540	70149.5909	174.7160
5505.470	69869.5605	183.8163
5508.400	69681.6666	209.9308
5511.330	69679.9584	220.8052
5514.260	69781.5613	196.2907
5517.190	69841.4558	190.6591
5520.120	69806.4220	195.0436
5523.050	69691.5675	197.8185
5525.980	69483.2609	180.5084
5528.910	69070.8174	191.5643
5531.840	68755.9693	224.2205
5534.770	68691.1515	220.0575
5537.700	68695.3825	218.5786
5540.630	68740.6514	197.2939
5543.560	68626.8758	174.3975
5546.490	68461.7639	185.6545
5549.420	68459.1381	190.6822
5552.350	68342.6126	187.5866
5555.280	68177.1843	195.1824
5558.210	68108.4555	202.9617
5561.140	68009.6065	209.6287
5564.070	67826.9332	203.9955
5567.000	67862.6853	181.1856
5569.930	67774.2897	179.2894
5572.860	67564.9716	194.9502
5575.790	67199.5536	230.1805
5578.720	67089.2799	215.0758
5581.650	67179.1741	199.0145
5584.580	67142.9340	212.9403
5587.510	66986.7945	219.8604
5590.440	66909.4108	209.0599
5593.370	66758.4834	196.5359
5596.300	66658.9841	197.9423
5599.230	66575.7330	189.3963
5602.160	66483.2328	182.1873
5605.090	66313.3707	194.8526
5608.020	66186.5241	213.5201
5610.950	66043.5416	198.3524
5613.880	65969.0149	184.3916
5616.810	65939.6306	198.0118
5619.740	65926.3584	182.3549
5622.670	65866.9199	177.6292
5625.600	65732.6334	188.4459
5628.530	65415.7974	209.4988
5631.460	65388.8907	199.4231
5634.390	65362.9138	196.9337
5637.320	65104.8041	204.2073
5640.250	64749.4639	234.3594
5643.180	64627.6542	192.3591
5646.110	64524.8796	190.3774
5649.040	64550.6660	197.9229
5651.970	64577.3484	179.2742
5654.900	64515.5605	175.6129
5657.830	64402.9365	197.0054
5660.760	64353.8028	186.1241
5663.690	64411.5742	177.6871
5666.620	64140.8223	175.5014
5669.550	63997.8216	180.8389
5672.480	63847.8235	192.6032
5675.410	63730.2395	212.3077
5678.340	63544.6821	211.4293
5681.270	63497.4938	219.1424
5684.200	63472.9504	187.3266
5687.130	63503.7158	193.6137
5690.060	63427.9990	175.8402
5692.990	63289.4933	188.4024
5695.920	63103.1397	181.8758
5698.850	63044.5067	183.7772
5701.780	62957.9476	176.8720
5704.710	62891.3284	187.8906
5707.640	62757.8046	227.0514
5710.570	62715.4495	207.1500
5713.500	62408.2285	204.9175
5716.430	62283.3160	201.7710
5719.360	62145.3604	197.4067
5722.290	62057.9747	181.0727
5725.220	62126.5724	177.4839
5728.150	62080.7447	165.8031
5731.080	61939.0566	168.5208
5734.010	61851.1755	156.2174
5736.940	61734.0854	162.8617
5739.870	61590.3453	153.1726
5742.800	61452.8169	176.6991
5745.730	61394.2563	170.0208
5748.660	61344.4745	182.1146
5751.590	61261.3112	175.3271
5754.520	61059.7220	190.1818
5757.450	60885.6541	193.6294
5760.380	60864.1767	189.6501
5763.310	60846.7481	177.1339
5766.240	60657.8058	183.6932
5769.170	60533.8610	177.9201
5772.100	60502.9742	163.7170
5775.030	60393.7591	157.3492
5777.960	60381.5936	155.5766
5780.890	60273.2868	166.7808
5783.820	60108.2296	179.6071
5786.750	59948.4609	176.7576
5789.680	59868.8900	180.8056
5792.610	59760.1129	169.0552
5795.540	59588.2773	173.1618
5798.470	59498.4857	175.8452
5801.400	59512.6849	188.6540
5804.330	59284.9526	193.0444
5807.260	59233.4147	200.2290
5810.190	59115.2572	188.9181
5813.120	59081.9760	176.6456
5816.050	58988.5300	168.9446
5818.980	59085.8546	161.2002
5821.910	58937.5378	162.2136
5824.840	58788.9699	164.4280
5827.770	58632.5271	175.6021
5830.700	58504.7188	175.5770
5833.630	58472.4753	159.2418
5836.560	58386.7417	162.4641
5839.490	58166.5727	174.7694
5842.420	58084.2358	162.7456
5845.350	58053.6428	164.8650
5848.280	57902.3731	163.6122
5851.210	57757.5020	179.1686
5854.140	57791.5490	195.4037
5857.070	57714.3211	199.8655
5860.000	57522.5352	189.3795
5862.930	57374.5952	184.2618
5865.860	57387.9437	186.6232
5868.790	57455.9012	208.4129
5871.720	57619.1387	369.3807
5874.650	57669.2719	409.5718
5877.580	57231.1583	268.4851
5880.510	56909.4580	151.7491
5883.440	56637.7129	143.2907
5886.370	56386.2723	204.3000
5889.300	56174.1171	281.2266
5892.230	56080.8357	256.0066
5895.160	56088.3175	210.2796
5898.090	56168.6129	170.9884
5901.020	56099.4906	181.8051
5903.950	56175.8226	183.0495
5906.880	56069.3846	180.3926
5909.810	56041.8262	172.7612
5912.740	55962.9762	163.1881
5915.670	55922.9664	156.6093
5918.600	55828.3672	163.4204
5921.530	55690.2904	189.1921
5924.460	55706.6610	189.6560
5927.390	55648.5336	190.8361
5930.320	55603.3777	177.1521
5933.250	55514.5777	166.1757
5936.180	55399.5562	155.7636
5939.110	55322.3269	146.5939
5942.040	55082.4883	180.2569
5944.970	54926.0283	187.7683
5947.900	54908.5953	174.4608
5950.830	54865.8800	171.8020
5953.760	54711.1521	167.0326
5956.690	54470.5455	170.7197
5959.620	54348.6512	153.0254
5962.550	54459.4712	150.5473
5965.480	54431.7849	154.3557
5968.410	54416.4869	169.2402
5971.340	54225.8723	183.6764
5974.270	54144.1184	182.8866
5977.200	53975.1888	187.1637
5980.130	53860.0859	173.1753
5983.060	53843.4434	170.4927
5985.990	53816.4150	179.4906
5988.920	53740.3476	164.4774
5991.850	53628.8524	172.7102
5994.780	53559.7731	171.2184
5997.710	53520.6773	180.6581
6000.640	53386.9448	197.9386
6003.570	53313.1262	196.6588
6006.500	53327.9055	192.2961
6009.430	53190.5572	190.0845
6012.360	53108.7637	164.3484
6015.290	53046.1752	159.1789
6018.220	52942.8306	160.1908
6021.150	52938.3753	156.7080
6024.080	52865.7974	170.1327
6027.010	52780.6905	151.8747
6029.940	52605.6821	159.5272
6032.870	52513.2073	159.9044
6035.800	52428.0355	168.0430
6038.730	52397.7988	138.2326
6041.660	52337.6124	147.8346
6044.590	52149.6610	162.3493
6047.520	52084.3046	166.5936
6050.450	52042.3693	168.5501
6053.380	51936.1452	181.5424
6056.310	51851.8870	179.1261
6059.240	51733.7351	172.4943
6062.170	51706.9226	171.9104
6065.100	51675.3819	158.0819
6068.030	51566.3135	152.7556
6070.960	51464.1923	149.7440
6073.890	51414.8912	144.5982
6076.820	51349.3667	154.7007
6079.750	51281.5196	151.5926
6082.680	51114.8908	154.9377
6085.610	50943.7897	171.5185
6088.540	50941.2228	149.8991
6091.470	50870.3485	160.9151
6094.400	50691.0189	159.6139
6097.330	50691.4834	151.3946
6100.260	50752.5422	158.1823
6103.190	50720.3654	151.8850
6106.120	50498.1998	143.2001
6109.050	50374.8582	150.6155
6111.980	50285.3933	157.4096
6114.910	50201.0713	157.7091
6117.840	50174.0194	159.4752
6120.770	50130.3309	152.5041
6123.700	50026.9552	151.2353
6126.630	49856.8833	156.3629
6129.560	49912.1895	157.0879
6132.490	49983.3383	146.1615
6135.420	50003.6972	150.8852
6138.350	49782.3716	164.7783
6141.280	49609.9647	151.4717
6144.210	49403.6149	144.6564
6147.140	49228.8121	151.5332
6150.070	49053.8072	142.5997
6153.000	48906.4557	134.9220
6155.930	48680.4096	140.2580
6158.860	48689.1082	167.9881
6161.790	48979.0090	189.7848
6164.720	49049.5733	182.6342
6167.650	49013.6346	172.9746
6170.580	48935.7264	144.3177
6173.510	48782.8246	147.2692
6176.440	48596.6243	140.2013
6179.370	48492.7406	139.6045
6182.300	48484.4100	138.1111
6185.230	48447.1148	134.7051
6188.160	48503.5543	146.1452
6191.090	48451.8420	163.9378
6194.020	48328.9808	154.4006
6196.950	48219.4634	152.0877
6199.880	48240.6615	143.7327
6202.810	48193.6391	134.3951
6205.740	48088.7848	136.2988
6208.670	47962.8226	141.5197
6211.600	47884.8752	142.2900
6214.530	47805.2584	148.8716
6217.460	47669.5299	157.2584
6220.390	47576.1293	141.3496
6223.320	47485.4471	138.9796
6226.250	47457.7587	147.0792
6229.180	47392.0660	154.8962
6232.110	47266.1405	142.9814
6235.040	47041.4749	136.9069
6237.970	46865.3110	157.5881
6240.900	46842.7623	152.0990
6243.830	46797.2804	145.9033
6246.760	46694.8182	144.7588
6249.690	46692.1705	145.4707
6252.620	46819.5219	140.0451
6255.550	46853.7612	140.3542
6258.480	46836.9950	132.9446
6261.410	46670.3297	138.5747
6264.340	46486.8743	157.4013
6267.270	46432.1208	144.4680
6270.200	46392.9251	155.5004
6273.130	46319.8895	143.8976
6276.060	46321.8406	137.2936
6278.990	46380.1249	141.6930
6281.920	46425.7562	153.2433
6284.850	46325.1934	166.2761
6287.780	46264.2355	147.4127
6290.710	46193.0128	135.2522
6293.640	46090.6283	133.1525
6296.570	46069.7700	137.4784
6299.500	45976.8011	135.6263
6302.430	45816.7690	135.2594
6305.360	45750.1593	147.5058
6308.290	45675.5222	161.6802
6311.220	45606.5229	154.5853
6314.150	45490.6428	174.4760
6317.080	45220.7011	157.2872
6320.010	45055.0663	142.2057
6322.940	44895.6980	150.0436
6325.870	44681.8108	155.0906
6328.800	44593.6264	150.3315
6331.730	44500.7901	123.8898
6334.660	44431.8135	127.2170
6337.590	44493.7957	124.6947
6340.520	44439.2666	123.4367
6343.450	44079.4372	119.5933
6346.380	43795.4538	106.1811
6349.310	43928.4046	116.1443
6352.240	44283.7709	119.8477
6355.170	44434.4152	128.4609
6358.100	44515.2231	128.1899
6361.030	44354.0635	121.0957
6363.960	44112.8721	128.1279
6366.890	43839.3858	132.6503
6369.820	43505.0380	143.9793
6372.750	43502.5242	141.4086
6375.680	43715.1700	138.3120
6378.610	43867.4391	138.7809
6381.540	43810.3428	130.4420
6384.470	43769.8773	128.2710
6387.400	43810.4543	149.8546
6390.330	43732.0863	126.2991
6393.260	43682.6310	125.3528
6396.190	43588.7410	135.1239
6399.120	43483.1076	124.8287
6402.050	43305.9533	129.6402
6404.980	43194.2278	128.9481
6407.910	43133.7256	146.7048
6410.840	43021.1009	143.7331
6413.770	42908.0697	135.0964
6416.700	42878.4503	130.3584
6419.630	42911.7183	126.5137
6422.560	42931.1286	113.8384
6425.490	42917.3555	130.2490
6428.420	42801.0174	131.5477
6431.350	42675.5128	123.5727
6434.280	42614.0149	129.2356
6437.210	42522.3619	145.5163
6440.140	42415.0826	157.4282
6443.070	42264.9081	138.9056
6446.000	42252.4115	137.8421
6448.930	42183.4457	138.5085
6451.860	42000.0845	138.7128
6454.790	41780.8218	128.6012
6457.720	41751.8388	143.1509
6460.650	41858.2294	138.3354
6463.580	41966.0692	127.5212
6466.510	41954.8838	125.5174
6469.440	41816.2720	126.4760
6472.370	41695.0975	126.9348
6475.300	41540.3952	124.4202
6478.230	41475.2994	122.3527
6481.160	41433.8929	127.7972
6484.090	41405.2802	127.1953
6487.020	41347.7600	130.2673
6489.950	41324.6986	125.5327
6492.880	41375.3152	142.7802
6495.810	41333.1534	155.5516
6498.740	41187.3172	137.4119
6501.670	40956.6960	137.0421
6504.600	40802.0417	143.8145
6507.530	40714.1968	139.3857
6510.460	40628.6617	141.1980
6513.390	40472.8510	133.5925
6516.320	40271.9862	142.0029
6519.250	40022.5318	143.4216
6522.180	39890.5125	144.7524
6525.110	39796.3312	133.7737
6528.040	39613.7909	132.1471
6530.970	39272.5448	127.1595
6533.900	38876.2532	119.2403
6536.830	38397.1121	121.0759
6539.760	37780.9934	123.7644
6542.690	36899.0379	140.9680
6545.620	35740.6261	140.5966
6548.550	34311.6920	143.9418
6551.480	32547.9840	165.9158
6554.410	30534.0762	168.3347
6557.340	28142.1533	153.0596
6560.270	25901.2817	173.6341
6563.200	25077.8682	182.4976
6566.130	26528.3634	132.2248
6569.060	28833.3591	143.7532
6571.990	31009.8137	91.7186
6574.920	32835.0543	90.2282
6577.850	34288.7245	95.9545
6580.780	35467.9636	100.6271
6583.710	36389.4503	98.1589
6586.640	37076.9008	108.2663
6589.570	37514.4164	131.0838
6592.500	37869.4193	143.9983
6595.430	38148.5129	118.7737
6598.360	38336.0745	117.2556
6601.290	38467.1450	121.4905
6604.220	38583.3009	114.0900
6607.150	38674.4652	118.1033
6610.080	38679.4716	120.7278
6613.010	38623.5841	120.0151
6615.940	38695.7722	123.1361
6618.870	38694.7685	114.7690
6621.800	38674.2476	112.8873
6624.730	38646.6422	123.0565
6627.660	38629.3522	118.8948
6630.590	38621.0967	125.0014
6633.520	38595.5192	130.9588
6636.450	38536.6902	126.8754
6639.380	38478.1621	126.9273
6642.310	38404.6427	130.9223
6645.240	38303.1832	134.1463
6648.170	38260.8585	121.0479
6651.100	38246.9678	116.2120
6654.030	38218.1767	122.9288
6656.960	38223.5364	113.0051
6659.890	38155.4999	121.3792
6662.820	38083.0138	128.8378
6665.750	37999.8419	142.2193
6668.680	37993.8392	117.1202
6671.610	38076.1469	125.0374
6674.540	38221.0858	201.5202
6677.470	38213.6146	231.7978
6680.400	37977.9898	167.9655
6683.330	37772.0133	129.5892
6686.260	37725.9710	117.3411
6689.190	37699.9679	106.6168
6692.120	37611.4261	105.6444
6695.050	37565.4277	122.5233
6697.980	37533.7815	132.5876
6700.910	37496.9859	122.5265
6703.840	37418.2243	122.7650
6706.770	37360.0372	116.6004
6709.700	37290.3019	128.6808
6712.630	37303.3155	117.3539
6715.560	37256.1179	115.4859
6718.490	37158.5482	122.4538
6721.420	37050.4614	138.1000
6724.350	37005.5184	131.4924
6727.280	36925.6273	130.3774
6730.210	36875.7257	132.5833
6733.140	36827.5579	125.1215
6736.070	36802.9309	121.5293
6739.000	36818.8086	110.6872
6741.930	36819.9967	110.3075
6744.860	36777.9060	119.5285
6747.790	36699.8035	126.3090
6750.720	36669.0025	122.7107
6753.650	36586.6754	126.8669
6756.580	36499.2026	110.6011
6759.510	36431.7283	104.8149
6762.440	36376.2953	106.0326
6765.370	36345.9020	116.3362
6768.300	36300.2477	111.9911
6771.230	36259.7254	112.7260
6774.160	36171.8425	122.3438
6777.090	36108.7926	116.2444
6780.020	36096.8540	112.0847
6782.950	36087.1138	106.0418
6785.880	36011.2925	101.5037
6788.810	35933.2643	109.8464
6791.740	35844.1212	113.8643
6794.670	35835.3387	108.5268
6797.600	35789.8986	104.8648
6800.530	35766.5310	108.6496
6803.460	35733.4378	100.2802
6806.390	35678.8104	110.1941
6809.320	35651.2936	107.3693
6812.250	35675.9107	95.3647
6815.180	35564.9772	98.1415
6818.110	35458.1904	101.1487
6821.040	35364.8135	104.6862
6823.970	35295.7092	114.1951
6826.900	35269.8186	119.9139
6829.830	35213.5099	118.1219
6832.760	35211.2211	115.4030
6835.690	35186.3798	112.4730
6838.620	35159.9742	113.6096
6841.550	35114.8554	100.2554
6844.480	34998.6626	105.2405
6847.410	34889.3647	110.9548
6850.340	34845.2006	113.2617
6853.270	34822.0350	118.7108
6856.200	34752.1905	119.4260
6859.130	34643.9906	124.3346
6862.060	34632.3690	114.0030
6864.990	34586.0925	113.4575
6867.920	34519.3385	117.9973
6870.850	34460.7310	106.6360
6873.780	34495.8877	100.2458
6876.710	34534.9578	96.7085
6879.640	34450.8817	106.6044
6882.570	34331.2808	120.7018
6885.500	34288.5868	136.4368
6888.430	34314.5172	123.5139
6891.360	34296.5942	112.6831
6894.290	34232.6084	104.6930
6897.220	34229.6626	101.3871
6900.150	34225.1199	94.8937
6903.080	34135.8064	100.1949
6906.010	34075.4970	99.7717
6908.940	34019.8431	104.9506
6911.870	33957.3935	108.8979
6914.800	33934.1712	104.8630
6917.730	33841.9475	102.1395
6920.660	33752.0441	103.9373
6923.590	33717.2930	100.5895
6926.520	33707.1163	96.2642
6929.450	33635.4543	96.9224
6932.380	33584.9696	97.2172
6935.310	33574.5697	90.6041
6938.240	33503.5321	96.0777
6941.170	33494.7447	96.3084
6944.100	33463.2712	97.7089
6947.030	33385.5295	103.5022
6949.960	33315.4819	105.9599
6952.890	33236.2017	101.8832
6955.820	33169.0061	99.1491
6958.750	33123.1829	96.1826
6961.680	33109.1657	98.3601
6964.610	33074.8727	105.6158
6967.540	33029.9959	104.0262
6970.470	32993.6940	105.4291
6973.400	33021.5560	99.8053
6976.330	33044.2456	100.7199
6979.260	32979.7779	105.1655
6982.190	32875.1712	97.7972
6985.120	32792.0038	99.5173
6988.050	32733.6041	101.1474
6990.980	32668.9966	110.8098
6993.910	32583.9177	110.8872
6996.840	32541.6830	105.1507
6999.770	32467.9950	106.4024
7002.700	32402.3290	106.4039
7005.630	32370.1656	105.9016
7008.560	32323.5112	103.6593
7011.490	32318.1683	100.6343
7014.420	32342.9342	91.4464
7017.350	32286.4297	94.3339
7020.280	32238.4894	97.6127
7023.210	32211.4580	101.4423
7026.140	32177.9209	100.3406
7029.070	32155.1880	96.7891
7032.000	32144.8438	88.5331
7034.930	32068.2908	86.8064
7037.860	31979.1593	84.6916
7040.790	31891.7989	87.2041
7043.720	31825.1251	96.3680
7046.650	31826.7051	94.3443
7049.580	31821.1230	88.7931
7052.510	31772.8379	89.8469
7055.440	31722.9384	95.5652
7058.370	31759.4743	110.0317
7061.300	31769.7759	130.1682
7064.230	31770.2950	164.3728
7067.160	31619.4660	132.1661
7070.090	31469.4577	89.6262
7073.020	31384.3374	93.4332
7075.950	31392.2893	97.0708
7078.880	31392.7759	91.7747
7081.810	31312.8667	88.5278
7084.740	31223.6787	91.2052
7087.670	31234.7907	87.7431
7090.600	31195.9471	85.8833
7093.530	31123.6497	90.4730
7096.460	31040.3938	86.6025
7099.390	31035.7403	86.1927
7102.320	31045.2233	94.1024
7105.250	31011.1025	102.6746
7108.180	30950.4484	102.2342
7111.110	30887.1141	97.1554
7114.040	30835.8758	90.4581
7116.970	30806.4245	94.6735
7119.900	30807.7957	99.9128
7122.830	30783.1879	102.6623
7125.760	30740.2457	94.6596
7128.690	30701.0872	88.6535
7131.620	30661.2183	89.3785
7134.550	30600.1640	88.8704
7137.480	30569.7875	88.0846
7140.410	30571.6882	88.7186
7143.340	30605.0730	101.0485
7146.270	30567.5526	95.2189
7149.200	30429.4975	98.0554
7152.130	30306.0463	98.4413
7155.060	30239.1252	95.1722
7157.990	30234.1296	93.8086
7160.920	30225.3328	93.1790
7163.850	30194.3547	103.7977
7166.780	30141.7250	102.3970
7169.710	30112.3976	115.9548
7172.640	30099.5648	116.8521
7175.570	30059.1189	109.0827
7178.500	29976.7819	106.1196
7181.430	29940.9266	98.4529
7184.360	29927.9596	94.5563
7187.290	29899.1882	90.3228
7190.220	29830.3804	88.4008
7193.150	29753.0207	86.3413
7196.080	29756.4489	85.3914
7199.010	29766.6598	98.1154
7201.940	29686.1514	94.8089
7204.870	29669.1806	89.6296
7207.800	29652.0063	86.4487
7210.730	29615.5269	85.5964
7213.660	29561.7587	86.9729
7216.590	29498.7672	85.2888
7219.520	29527.0806	94.6575
7222.450	29492.1910	123.6704
7225.380	29428.1751	116.8420
7228.310	29331.5487	97.2165
7231.240	29275.6784	91.9958
7234.170	29294.1259	88.4732
7237.100	29281.2079	88.5243
7240.030	29215.7860	90.2369
7242.960	29182.1679	95.4840
7245.890	29154.5163	102.4778
7248.820	29150.8474	96.0192
7251.750	29085.1239	95.7607
7254.680	29016.7175	91.2464
7257.610	28958.3288	86.2553
7260.540	28910.7829	79.8145
7263.470	28859.9563	87.4101
7266.400	28769.2343	87.6198
7269.330	28682.7710	97.2142
7272.260	28667.3340	97.3898
7275.190	28682.7934	95.7080
7278.120	28737.4403	103.6606
7281.050	28747.0051	110.0535
7283.980	28645.4635	94.1593
7286.910	28538.2927	97.6882
7289.840	28486.2999	102.0045
7292.770	28451.7233	94.9751
7295.700	28410.0953	95.0732
7298.630	28384.1065	94.9613
7301.560	28354.4047	92.5723
7304.490	28325.9411	90.9986
7307.420	28251.5318	89.8333
7310.350	28230.1882	87.6037
7313.280	28228.9702	89.4297
7316.210	28176.0817	91.1883
7319.140	28140.8252	83.7087
7322.070	28148.1807	84.4272
7325.000	28109.9230	90.0527
7327.930	28068.8419	89.6698
7330.860	28051.4132	88.1990
7333.790	27961.2501	98.2011
7336.720	27850.7280	104.3253
7339.650	27849.3761	96.1177
7342.580	27870.6503	87.7478
7345.510	27868.2832	81.4935
7348.440	27830.9594	83.1986
7351.370	27768.3398	94.5483
7354.300	27709.9760	100.0280
7357.230	27703.9713	87.3115
7360.160	27652.4702	87.8466
7363.090	27559.1827	89.9696
7366.020	27514.9199	88.7146
7368.950	27560.8661	83.2765
7371.880	27579.1141	84.5309
7374.810	27544.0965	81.4341
7377.740	27491.5828	86.2112
7380.670	27449.0046	85.5557
7383.600	27393.8758	91.4686
7386.530	27347.9976	89.2830
7389.460	27357.5041	86.6085
7392.390	27313.1311	81.9317
7395.320	27241.7921	82.2161
7398.250	27155.5098	80.9768
7401.180	27095.8926	81.9938
7404.110	27069.0533	81.5315
7407.040	27046.7687	85.2429
7409.970	27038.5495	91.3512
7412.900	26985.8378	97.1094
7415.830	26950.9151	91.0380
7418.760	26950.8294	81.7985
7421.690	26939.7488	86.2938
7424.620	26886.0615	88.5194
7427.550	26840.0140	80.8268
7430.480	26828.6814	82.5572
7433.410	26772.6295	82.6155
7436.340	26694.1263	81.5918
7439.270	26619.3477	87.2574
7442.200	26590.5156	79.1348
7445.130	26633.0438	84.3506
7448.060	26617.2024	86.8774
7450.990	26534.9752	89.8572
7453.920	26452.8797	95.1562
7456.850	26434.3836	88.5591
7459.780	26389.4606	90.8949
7462.710	26326.3560	90.4747
7465.640	26256.0747	94.8426
7468.570	26204.4965	89.3266
7471.500	26202.7223	91.0167
7474.430	26209.4511	99.7626
7477.360	26171.7310	94.5005
7480.290	26142.3145	94.7264
7483.220	26139.9043	88.1848
7486.150	26116.3630	85.6338
7489.080	26083.0760	84.8537
7492.010	26031.8434	90.6493
7494.940	25994.9387	92.6272
7497.870	25875.3740	95.8194
7500.800	25874.4156	93.3324
7503.730	25901.9753	88.3345
7506.660	25883.3711	85.8115
7509.590	25876.8415	85.3225
7512.520	25823.8186	86.5941
7515.450	25794.5143	76.9777
7518.380	25769.3165	83.5656
7521.310	25775.5191	88.4926
7524.240	25743.6430	91.8562
7527.170	25690.8104	87.4768
7530.100	25635.6765	87.4577
7533.030	25603.5536	87.4318
7535.960	25566.1502	77.2961
7538.890	25522.7459	82.9717
7541.820	25475.8689	88.2973
7544.750	25461.6135	84.6038
7547.680	25408.6959	74.4126
7550.610	25386.4678	79.0987
7553.540	25395.7653	75.5550
7556.470	25407.8299	75.8967
7559.400	25355.8847	81.1685
7562.330	25312.4756	87.8722
7565.260	25238.1146	98.4319
7568.190	25205.9384	101.2928
7571.120	25214.6296	86.7151
7574.050	25177.1547	79.3128
7576.980	25143.9522	74.9688
7579.910	25093.2717	81.5985
7582.840	25054.9027	89.2070
7585.770	25002.2464	103.2574
7588.700	24922.3717	106.5997
7591.630	24831.5069	114.8883
7594.560	24744.9922	117.8898
7597.490	24764.9079	116.3285
7600.420	24743.7658	106.8205
7603.350	24826.3495	97.4641
7606.280	24875.4861	79.9975
7609.210	24869.6328	82.7842
7612.140	24823.2297	72.6555
7615.070	24820.4145	77.8057
7618.000	24707.6226	76.6782
7620.930	24571.4277	83.2100
7623.860	24534.5276	100.5672
7626.790	24504.1724	92.3010
7629.720	24500.1843	90.3050
7632.650	24497.0169	79.6081
7635.580	24453.7531	69.9081
7638.510	24436.5720	75.4455
7641.440	24408.2197	90.2628
7644.370	24414.6375	80.9636
7647.300	24438.4374	76.1618
7650.230	24379.0687	85.4850
7653.160	24335.5323	81.4437
7656.090	24330.7395	89.8304
7659.020	24312.3937	95.2184
7661.950	24309.8021	92.9711
7664.880	24310.2772	85.8412
7667.810	24279.3065	71.1510
7670.740	24209.5275	72.4979
7673.670	24180.7501	79.1801
7676.600	24154.2225	81.3806
7679.530	24078.9060	86.2326
7682.460	24000.1049	81.1647
7685.390	23942.0764	90.1408
7688.320	23874.1070	87.1288
7691.250	23891.3814	84.6180
7694.180	23871.8199	78.4524
7697.110	23864.1553	76.3692
7700.040	23857.2499	76.4462
7702.970	23803.5757	75.6140
7705.900	23723.2261	73.9607
7708.830	23665.3294	75.3906
7711.760	23634.1762	80.8021
7714.690	23647.3153	79.5294
7717.620	23667.1821	73.3380
7720.550	23661.8107	84.1519
7723.480	23644.1985	87.1331
7726.410	23635.8423	81.2984
7729.340	23590.1263	84.3546
7732.270	23536.5366	84.9821
7735.200	23460.0950	75.0739
7738.130	23467.3123	76.8687
7741.060	23452.7583	70.6323
7743.990	23385.6464	78.9444
7746.920	23380.7286	72.7377
7749.850	23378.6768	69.2563
7752.780	23346.1214	71.2537
7755.710	23322.9440	75.6090
7758.640	23279.2586	70.6750
7761.570	23180.5756	75.7588
7764.500	23054.6565	73.5253
7767.430	22791.9950	66.9943
7770.360	22248.2549	77.2913
7773.290	21862.2810	79.5807
7776.220	22105.9122	73.0376
7779.150	22597.5754	77.6277
7782.080	22886.8148	72.2047
7785.010	22948.9422	75.3601
7787.940	22910.1162	73.5382
7790.870	22892.8836	68.5456
7793.800	22841.2344	68.7045
7796.730	22850.2406	70.1834
7799.660	22888.8348	71.9151
7802.590	22863.3504	79.8086
7805.520	22784.9528	87.2893
7808.450	22749.5001	79.7593
7811.380	22731.4806	76.2387
7814.310	22719.4303	70.8938
7817.240	22680.5829	73.4088
7820.170	22648.4165	71.8306
7823.100	22647.4373	71.8917
7826.030	22637.0074	73.8722
7828.960	22614.4840	79.5979
7831.890	22540.8394	84.8357
7834.820	22524.6345	78.7395
7837.750	22486.5373	75.0422
7840.680	22449.2170	71.6791
7843.610	22371.5766	69.5330
7846.540	22310.8514	76.0454
7849.470	22312.4817	83.1904
7852.400	22331.4402	79.1237
7855.330	22314.5354	83.1224
7858.260	22301.7029	74.8483
7861.190	22278.6448	71.7025
7864.120	22299.1687	74.9224
7867.050	22251.3537	76.7395
7869.980	22129.3345	84.3897
7872.910	22016.8567	78.4305
7875.840	21896.5088	76.3038
7878.770	21894.6940	72.6119
7881.700	21939.9181	72.7130
7884.630	21943.1250	77.8893
7887.560	21941.9142	76.1221
7890.490	21917.9129	68.3721
7893.420	21827.5331	68.2162
7896.350	21757.1910	70.4394
7899.280	21831.7199	80.0895
7902.210	21935.7002	78.0598
7905.140	21911.4169	81.4771
7908.070	21861.5253	80.7847
7911.000	21806.6706	85.7521
7913.930	21680.7862	82.3933
7916.860	21640.1390	78.3365
7919.790	21663.4761	72.0607
7922.720	21601.8957	82.7343
7925.650	21591.5449	74.3822
7928.580	21606.4362	71.5098
7931.510	21578.0002	74.4339
7934.440	21558.7729	73.2037
7937.370	21581.2221	71.9613
7940.300	21567.7913	67.1530
7943.230	21539.5070	65.7794
7946.160	21479.4751	66.9633
7949.090	21371.1379	66.5673
7952.020	21315.6248	69.1889
7954.950	21347.8438	69.8273
7957.880	21333.4390	74.7907
7960.810	21305.7441	78.9096
7963.740	21280.5835	81.0439
7966.670	21271.0932	78.3365
7969.600	21233.6000	73.6823
7972.530	21273.8532	79.9023
7975.460	21271.3524	73.3767
7978.390	21277.1851	76.4787
7981.320	21242.8401	72.1522
7984.250	21201.6755	71.5772
7987.180	21145.7026	77.8444
7990.110	21092.7607	78.9590
7993.040	21062.5015	72.1417
7995.970	21044.0809	72.7661
7998.900	21036.7967	69.7806
8001.830	20950.1546	66.7614
8004.760	20946.1641	60.8133
8007.690	20963.6757	57.1944
8010.620	20987.3930	57.5527
8013.550	20971.9653	60.9650
8016.480	20999.2876	70.5899
8019.410	21013.3633	73.6319
8022.340	20989.6666	74.4543
8025.270	20970.3396	69.3329
8028.200	20930.4878	78.6248
8031.130	20826.1453	72.5754
8034.060	20737.0908	67.0477
8036.990	20674.4189	68.0554
8039.920	20635.0837	68.1757
8042.850	20597.7293	67.1713
8045.780	20592.7125	66.8294
8048.710	20550.6217	71.3105
8051.640	20474.4051	72.3154
8054.570	20436.3425	82.0186
8057.500	20444.2811	72.2819
8060.430	20430.5622	65.6071
8063.360	20493.7933	67.4105
8066.290	20544.4208	60.6686
8069.220	20507.0622	71.3920
8072.150	20490.8671	69.6987
8075.080	20464.6503	69.6160
8078.010	20429.4989	76.4258
8080.940	20322.5702	80.2379
8083.870	20288.2239	72.4366
8086.800	20229.7303	66.0383
8089.730	20203.5809	66.8233
8092.660	20234.8390	67.0354
8095.590	20202.6304	67.4776
8098.520	20129.5152	67.1854
8101.450	20087.1943	70.0364
8104.380	20088.2261	70.7900
8107.310	20054.9809	74.2885
8110.240	20055.5930	67.9978
8113.170	20049.1659	72.3784
8116.100	20057.6161	77.5933
8119.030	20047.5152	73.4911
8121.960	20053.4687	70.8636
8124.890	20074.4759	64.6412
8127.820	20090.6708	60.0597
8130.750	20055.2965	64.7934
8133.680	19971.4905	59.8778
8136.610	19867.9880	66.9605
8139.540	19821.7913	66.1470
8142.470	19796.6666	68.6346
8145.400	19791.0091	60.3019
8148.330	19800.7584	58.5987
8151.260	19820.6474	61.6362
8154.190	19787.2839	63.0679
8157.120	19781.4259	69.4102
8160.050	19728.2807	69.3690
8162.980	19714.5506	72.0769
8165.910	19675.0830	76.6907
8168.840	19591.6592	87.7774
8171.770	19564.1320	83.3204
8174.700	19587.4403	76.2001
8177.630	19567.5051	74.6145
8180.560	19454.3274	79.9963
8183.490	19280.7478	83.2115
8186.420	19229.4110	73.0837
8189.350	19279.5183	72.5020
8192.280	19361.8934	68.4292
8195.210	19331.4229	71.4921
8198.140	19282.5747	61.0646
8201.070	19268.2046	59.5554
8204.000	19231.4028	63.2956
8206.930	19199.5261	66.1964
8209.860	19170.0019	61.0316
8212.790	19102.9619	59.4424
8215.720	19040.4498	54.3141
8218.650	19055.0475	62.1023
8221.580	19039.1406	69.7312
8224.510	19046.5168	76.2689
8227.440	19047.0056	87.5616
8230.370	19044.7021	107.2013
8233.300	19040.0102	92.8413
8236.230	19027.2822	78.4167
8239.160	19011.3274	69.7429
8242.090	18939.2941	53.8767
8245.020	18964.9988	53.4982
8247.950	18974.5431	59.7630
8250.880	18908.5977	58.7596
8253.810	18898.9627	61.7729
8256.740	18853.3669	70.9901
8259.670	18834.8864	63.5097
8262.600	18806.1290	62.9233
8265.530	18782.2861	61.9569
8268.460	18744.5533	62.1385
8271.390	18784.4225	58.3334
8274.320	18830.9242	54.5849
8277.250	18810.8497	52.5256
8280.180	18750.5909	59.1703
8283.110	18703.6037	55.8324
8286.040	18637.0927	57.4330
8288.970	18610.3945	61.4480
8291.900	18639.8492	64.5637
8294.830	18548.0162	64.7218
8297.760	18458.7096	65.3634
8300.690	18457.5639	58.0086
8303.620	18550.5713	53.3743
8306.550	18543.9260	58.9181
8309.480	18533.0293	65.9607
8312.410	18510.1669	63.2764
8315.340	18524.6382	70.5199
8318.270	18512.5717	68.8714
8321.200	18501.5138	66.1998
8324.130	18484.3079	64.4281
8327.060	18448.0120	74.1508
8329.990	18385.4206	74.4030
8332.920	18382.8280	72.8348
8335.850	18337.4861	71.0673
8338.780	18269.2819	70.2711
8341.710	18160.2759	71.4377
8344.640	18114.1499	67.2329
8347.570	18169.6911	57.9926
8350.500	18127.8471	64.8318
8353.430	18041.7739	68.4796
8356.360	18093.7753	59.4897
8359.290	18106.8281	60.9285
8362.220	18069.2258	69.8655
8365.150	18032.6904	70.6537
8368.080	17999.6961	61.0219
8371.010	18072.4560	55.8263
8373.940	18083.0408	53.8639
8376.870	18086.8313	64.6303
8379.800	18062.1651	72.2585
8382.730	18039.4880	76.2951
8385.660	18088.0953	64.3187
8388.590	18017.0675	58.6453
8391.520	17947.6009	57.5476
8394.450	17897.5633	63.8908
8397.380	17877.6400	66.7630
8400.310	17889.0388	61.3121
8403.240	17904.1308	51.7157
8406.170	17841.6187	49.6191
8409.100	17778.1689	55.4270
8412.030	17681.7734	64.7949
8414.960	17678.3320	73.3776
8417.890	17771.9452	56.4739
8420.820	17874.6103	50.3825
8423.750	17840.7638	52.9293
8426.680	17691.6723	63.7013
8429.610	17590.9565	77.7200
8432.540	17598.3098	64.8982
8435.470	17560.1249	66.2663
8438.400	17432.5158	63.1855
8441.330	17275.6817	58.3085
8444.260	16959.5802	54.1657
8447.190	16908.0521	55.8302
8450.120	17239.2118	78.2507
8453.050	17466.2239	62.0273
8455.980	17508.7784	57.3279
8458.910	17427.2129	71.0481
8461.840	17250.8495	70.0456
8464.770	17153.0795	70.1340
8467.700	17190.4588	66.4435
8470.630	17276.5004	59.0838
8473.560	17379.6749	60.2042
8476.490	17542.9256	64.1339
8479.420	17647.4629	63.9790
8482.350	17672.4023	62.7770
8485.280	17604.8996	75.3987
8488.210	17501.6303	74.7949
8491.140	17339.9552	70.7121
8494.070	17184.1545	87.5625
8497.000	16943.7289	118.1924
8499.930	16613.4696	87.1036
8502.860	16479.1297	68.6922
8505.790	16649.9862	71.9187
8508.720	16898.8103	67.1886
8511.650	17152.8548	62.5290
8514.580	17334.4484	70.8498
8517.510	17447.3980	66.5706
8520.440	17458.3534	64.1592
8523.370	17467.3136	64.0168
8526.300	17416.9991	70.6510
8529.230	17272.7914	81.0384
8532.160	17129.0394	72.2718
8535.090	16917.8714	69.6902
8538.020	16673.8275	133.2480
8540.950	16267.2759	164.1222
8543.880	15936.2127	116.3615
8546.810	15900.9427	69.6284
8549.740	16218.3095	80.4565
8552.670	16566.4497	71.7843
8555.600	16914.8753	59.4898
8558.530	17197.3197	56.5633
8561.460	17464.7445	59.1903
8564.390	17639.8334	62.2573
8567.320	17711.4796	62.3433
8570.250	17698.5407	62.7921
8573.180	17639.5251	67.6254
8576.110	17511.6988	68.8577
8579.040	17382.9229	71.3436
8581.970	17115.6618	77.2125
8584.900	16731.5312	72.5052
8587.830	16306.9867	69.1967
8590.760	15850.8696	54.0748
8593.690	15362.9640	52.3996
8596.620	15029.4251	49.6301
8599.550	15013.1486	58.7084
8602.480	15377.2420	56.6532
8605.410	15913.6593	49.2687
8608.340	16371.2374	45.9140
8611.270	16758.0128	47.4431
8614.200	17114.7404	55.7277
8617.130	17387.5022	53.4405
8620.060	17504.9318	66.8481
8622.990	17584.8149	87.7404
8625.920	17600.6252	76.2546
8628.850	17633.0954	68.9632
8631.780	17631.4016	61.8641
8634.710	17553.7775	75.0328
8637.640	17437.7804	77.9510
8640.570	17325.1630	75.7331
8643.500	17149.1931	68.0789
8646.430	16867.5067	63.7169
8649.360	16385.5491	66.5418
8652.290	15895.3077	65.1988
8655.220	15479.2726	47.9698
8658.150	14975.8131	111.2652
8661.080	14416.6961	130.0517
8664.010	13994.9161	96.9419
8666.940	14042.6898	63.7137
8669.870	14529.4634	62.3410
8672.800	15103.2275	58.6555
8675.730	15559.3071	60.6997
8678.660	15889.8901	61.4852
8681.590	16215.2190	60.3509
8684.520	16625.7414	58.6801
8687.450	17045.7867	61.0113
8690.380	17315.9712	61.8743
8693.310	17515.4218	59.4808
8696.240	17676.9899	58.8624
8699.170	17739.0261	61.9867
8702.100	17764.2253	64.2013
8705.030	17765.1205	65.7257
8707.960	17767.7331	63.5850
8710.890	17731.3289	62.8541
8713.820	17650.7900	61.7360
8716.750	17506.4505	54.9687
8719.680	17300.9709	57.9426
8722.610	17121.6832	61.6560
8725.540	16956.0837	52.7900
8728.470	16725.2731	49.0665
8731.400	16441.7128	48.1543
8734.330	16018.8778	50.3625
8737.260	15506.4227	53.3236
8740.190	14905.5201	48.7646
8743.120	14203.2248	47.3525
8746.050	13497.7261	44.6632
8748.980	13033.6215	41.2486
8751.910	13060.5635	46.3777
8754.840	13596.6178	45.2312
8757.770	14297.3491	47.0074
8760.700	14912.2006	53.0395
8763.630	15471.4270	56.3550
8766.560	15917.2645	61.7653
8769.490	16294.2718	66.2644
8772.420	16597.6911	66.1217
8775.350	16766.0837	67.0703
8778.280	16925.1160	63.2682
8781.210	17074.2200	69.6578
8784.140	17197.2749	70.9279
8787.070	17317.1751	72.6032
8790.000	17458.4380	61.5203
8792.930	17569.2514	56.0834
8795.860	17611.0608	53.9220
8798.790	17607.1958	56.1024
8801.720	17640.3670	65.4537
8804.650	17723.1823	79.9175
8807.580	17704.8280	72.9518
8810.510	17602.9214	73.7633
8813.440	17544.5576	76.8280
8816.370	17408.1990	73.7585
8819.300	17305.4882	69.4320
8822.230	17213.2655	68.8651
8825.160	17049.7508	71.7357
8828.090	16965.7024	60.7472
8831.020	16878.0344	60.1826
8833.950	16624.9164	59.7099
8836.880	16409.0696	56.0313
8839.810	16171.3099	48.5494
8842.740	15837.7411	50.4111
8845.670	15397.0913	56.8271
8848.600	14898.1418	67.7663
8851.530	14336.4341	64.0983
8854.460	13630.7506	56.8929
8857.390	12803.5828	49.2500
8860.320	12133.6565	39.6578
8863.250	11905.6527	42.8099
8866.180	12309.8661	48.8533
8869.110	13083.3986	50.0073
8872.040	13851.7658	47.3114
8874.970	14485.1172	48.4552
8877.900	15021.4309	40.4620
8880.830	15387.7095	47.1076
8883.760	15612.6644	56.9084
8886.690	15880.3125	52.1881
8889.620	16180.7305	43.6034
8892.550	16389.6205	52.4514
8895.480	16578.0341	67.2763
8898.410	16715.1490	70.2778
8901.340	16791.7791	69.3577
8904.270	16879.0824	64.7308
8907.200	16897.4186	63.0611
8910.130	16888.4206	55.0720
8913.060	16982.5360	63.5975
8915.990	17039.5327	59.8661
8918.920	17169.4831	56.5661
8921.850	17242.0770	66.0290
8924.780	17184.4677	73.4083
8927.710	17078.6889	70.0769
8930.640	17008.8998	59.1378
8933.570	16964.3826	57.5520
8936.500	16902.2353	60.0325
8939.430	16909.5101	69.0108
8942.360	16972.6574	67.4996
8945.290	17065.2992	62.5308
8948.220	17083.8281	61.2178
8951.150	17114.0060	57.3157
8954.080	17026.2640	63.7940
8957.010	16892.8306	63.2097
8959.940	16844.6737	50.0988
8962.870	16791.8469	51.1730
8965.800	16790.7806	59.2669
8968.730	16742.7621	63.2772
8971.660	16566.4688	71.4080
8974.590	16420.6212	68.3507
8977.520	16259.2872	65.5386
8980.450	16095.9130	56.6862
8983.380	15888.3880	53.1656
8986.310	15671.3684	55.9035
8989.240	15492.8678	59.8467
8992.170	15277.5068	57.2253
8995.100	14941.0107	61.8356
8998.030	14485.2125	63.5570
9000.960	13927.3950	54.9635
9003.890	13334.8545	47.2068
9006.820	12629.4945	47.1920
9009.750	11858.5158	46.8685
9012.680	11235.1052	53.5188
9015.610	11161.7020	53.1511
9018.540	11702.1136	45.8152
9021.470	12424.5587	48.7078
9024.400	13070.8518	55.7971
9027.330	13601.9430	59.1417
9030.260	14022.8101	49.9676
9033.190	14410.5674	38.8142
9036.120	14748.5371	42.5947
9039.050	15018.2703	43.5544
9041.980	15245.9226	56.5648
9044.910	15427.3553	58.6576
9047.840	15589.1845	69.8599
9050.770	15693.3943	68.1320
9053.700	15806.8169	58.6293
9056.630	15841.7553	46.5496
9059.560	15746.9337	53.2784
9062.490	15746.9157	57.8696
9065.420	15917.0080	65.8031
9068.350	16106.2148	71.4945
9071.280	16278.6214	66.9185
9074.210	16374.2426	61.4783
9077.140	16336.5694	59.4203
9080.070	16288.1950	69.2928
9083.000	16274.6937	60.2407
9085.930	16201.0577	57.8598
9088.860	16101.0808	62.4875
9091.790	15973.6263	66.5177
9094.720	15890.8501	55.8482
9097.650	15964.9888	55.9554
9100.580	16046.0648	64.4687
9103.510	16093.2671	63.3980
9106.440	16141.2442	61.9221
9109.370	16139.9574	67.8825
9112.300	16126.2647	69.5484
9115.230	16129.4568	74.8133
9118.160	16060.2635	74.6543
9121.090	15923.3938	62.8231
9124.020	15852.8601	54.9957
9126.950	15834.1534	54.1459
9129.880	15856.6846	63.6209
9132.810	15902.6130	71.4218
9135.740	15957.1283	63.5981
9138.670	16016.2050	66.2284
9141.600	16029.6703	62.5646
9144.530	15982.0814	62.0848
9147.460	15933.9001	55.1514
9150.390	15906.1287	56.1150
9153.320	15887.1606	62.7540
9156.250	15914.9396	62.8270
9159.180	15890.7301	64.1549
9162.110	15827.5076	62.4175
9165.040	15691.9188	65.5269
9167.970	15583.4303	63.9752
9170.900	15480.4370	58.6787
9173.830	15400.7582	64.6539
9176.760	15398.0105	63.3770
9179.690	15365.2762	63.2482
9182.620	15338.3034	65.1531
9185.550	15325.4505	54.6338
9188.480	15265.7412	56.3733
9191.410	15184.0150	56.3999
9194.340	14999.9076	55.0259
9197.270	14741.7106	60.0296
9200.200	14517.7780	55.4502
9203.130	14283.3513	63.2322
9206.060	14002.9756	58.9265
9208.990	13675.6503	54.9912
9211.920	13209.6575	52.6694
9214.850	12678.9202	51.6307
9217.780	12098.4065	52.3078
9220.710	11525.1005	46.0691
9223.640	10902.1673	40.5629
9226.570	10293.6508	40.1705
9229.500	10153.7470	40.5128
9232.430	10581.4633	44.5833
9235.360	11207.2508	42.0332
9238.290	11812.6572	40.4901
9241.220	12309.9708	45.5744
9244.150	12736.6490	52.7102
9247.080	13144.3597	61.8025
9250.010	13514.9551	64.2494
9252.940	13826.5493	57.4563
9255.870	14004.4168	53.1116
9258.800	13909.0752	54.1608
9261.730	13763.2995	56.2159
9264.660	13851.3620	58.4354
9267.590	14192.4949	58.6123
9270.520	14521.6238	65.5671
9273.450	14691.3967	67.0537
9276.380	14738.8113	71.5756
9279.310	14790.1118	75.9022
9282.240	14805.8789	62.9238
9285.170	14859.5321	55.9380
9288.100	14922.2895	57.0960
9291.030	15026.0120	50.2074
9293.960	15120.6019	46.5823
9296.890	15194.4863	52.4644
9299.820	15233.0274	59.1220
9302.750	15147.6194	69.7580
9305.680	15052.6765	59.4641
9308.610	14968.1140	59.2882
9311.540	14848.3157	58.7873
9314.470	14723.0369	71.1962
9317.400	14729.8789	62.3202
9320.330	14782.7315	71.1434
9323.260	14871.5273	80.8616
9326.190	14968.9496	73.6087
9329.120	15031.1347	64.9268
9332.050	14997.5112	71.5626
9334.980	14872.5299	83.2080
9337.910	14779.9193	93.3027
9340.840	14783.7531	89.2139
9343.770	14821.3349	82.5733
9346.700	14795.6548	77.4939
9349.630	14702.4007	71.3907
9352.560	14691.4866	80.1126
9355.490	14743.9336	76.1202
9358.420	14784.8704	64.0809
9361.350	14760.0204	66.6434
9364.280	14720.9801	66.8529
9367.210	14697.4895	71.1475
9370.140	14650.4574	65.6426
9373.070	14574.1226	63.3368
9376.000	14589.9808	65.7385
9378.930	14664.3553	72.4158
9381.860	14655.0767	69.8338
9384.790	14606.3084	52.5763
9387.720	14506.7952	52.1639
9390.650	14410.1250	58.0019
9393.580	14339.8708	71.7970
9396.510	14360.7579	65.2063
9399.440	14411.8089	63.7238
9402.370	14480.6840	65.4106
9405.300	14574.0717	73.8591
9408.230	14547.7566	75.0167
9411.160	14417.7198	92.3165
9414.090	14301.1703	85.8802
9417.020	14222.4825	67.6326
9419.950	14210.4130	70.8643
9422.880	14263.9425	69.9698
9425.810	14291.6512	67.0614
9428.740	14416.0137	63.1535
9431.670	14440.5804	57.0795
9434.600	14377.1496	56.1400
9437.530	14297.9808	72.1055
9440.460	14228.0508	81.8050
9443.390	14253.7456	70.5975
9446.320	14308.3811	63.6930
9449.250	14283.5727	60.6355
9452.180	14246.8929	66.4113
9455.110	14131.4097	65.5867
9458.040	14018.5166	58.6702
9460.970	14045.2036	53.6427
9463.900	14098.8293	50.0790
9466.830	14087.2816	49.0627
9469.760	14049.0917	55.5918
9472.690	14004.4693	61.2234
9475.620	13975.8493	66.8849
9478.550	13868.8744	67.0203
9481.480	13812.0307	62.8245
9484.410	13863.8844	55.2696
9487.340	13759.2273	64.4360
9490.270	13654.3980	62.6163
9493.200	13648.4114	58.0259
9496.130	13620.6106	64.5998
9499.060	13572.9177	69.9530
9501.990	13543.2319	63.0018
9504.920	13544.1773	57.6112
9507.850	13522.9315	55.5813
9510.780	13438.6240	65.1691
9513.710	13244.5929	73.2796
9516.640	12985.0376	76.9712
9519.570	12673.9014	66.5493
9522.500	12440.8143	48.6510
9525.430	12181.3092	44.6952
9528.360	11909.5142	45.8269
9531.290	11517.1610	45.3560
9534.220	11107.2038	48.5852
9537.150	10624.0761	51.8503
9540.080	10068.6482	52.1935
9543.010	9532.8980	53.1296
9545.940	9243.8413	50.7712
9548.870	9423.0518	51.9910
9551.800	9887.5759	54.1856
9554.730	10492.5504	51.1980
9557.660	11077.4635	57.4106
9560.590	11527.9609	58.7090
9563.520	11872.1786	65.1934
9566.450	12178.6607	76.8291
9569.380	12439.2765	70.1182
9572.310	12640.1671	62.5585
9575.240	12708.7467	57.4923
9578.170	12725.2513	62.0333
9581.100	12798.8504	61.8348
9584.030	12942.8304	68.7128
9586.960	13076.0626	82.5992
9589.890	13158.8462	85.4768
9592.820	13242.5260	80.4175
9595.750	13266.0146	80.2835
9598.680	13205.8615	74.5762
9601.610	13173.0213	80.8809
9604.540	13161.9045	90.7249
9607.470	13289.1488	101.0814
9610.400	13396.6635	109.3703
9613.330	13380.3078	107.8282
9616.260	13227.7557	94.0055
9619.190	13161.7523	115.7366
9622.120	13167.0282	121.2314
9625.050	13133.3352	120.4636
9627.980	13139.2273	110.9241
9630.910	13069.2518	103.1839
9633.840	13074.7004	106.9508
9636.770	13171.7123	114.8386
9639.700	13219.0042	109.4136
9642.630	13196.4029	114.3958
9645.560	13177.8523	122.6452
9648.490	13169.7759	117.4076
9651.420	13161.5582	123.4478
9654.350	13063.7989	117.0210
9657.280	13045.8677	117.5789
9660.210	13024.6930	132.1130
9663.140	13023.3551	131.4310
9666.070	12984.1502	129.7431
9669.000	13010.0273	125.7893
9671.930	13045.7265	135.7849
9674.860	13074.3886	137.0374
9677.790	13064.4641	142.3702
9680.720	13011.2028	137.1712
9683.650	13057.7642	147.3334
9686.580	13013.1766	145.6522
9689.510	12928.2048	145.7715
9692.440	12908.9133	146.1964
9695.370	12967.5713	148.0218
9698.300	12979.2261	143.8645
9701.230	13002.2961	152.9098
