3298.680	16689.6793	89.2827
3301.060	16585.5649	110.0292
3303.440	16458.7385	99.4676
3305.820	16554.4045	81.6603
3308.200	16553.3501	80.5626
3310.580	16447.7661	90.4376
3312.960	16439.0615	85.4418
3315.340	16479.1039	85.8035
3317.720	16494.0918	91.5840
3320.100	16295.5750	108.9702
3322.480	16133.4484	86.7472
3324.860	16238.3981	75.8508
3327.240	16284.7669	78.9175
3329.620	16313.2925	77.1246
3332.000	16274.8353	89.3866
3334.380	16147.7333	82.0752
3336.760	16092.8916	76.4087
3339.140	16045.7259	74.9519
3341.520	16093.4746	73.8006
3343.900	16193.2797	77.6813
3346.280	16069.4323	65.3308
3348.660	15970.4942	78.1185
3351.040	16205.8867	73.3130
3353.420	16298.8964	83.8939
3355.800	16090.7636	104.9319
3358.180	15843.5156	88.7304
3360.560	16107.1809	97.6736
3362.940	16216.8497	80.0858
3365.320	16097.1446	84.1219
3367.700	16027.2943	77.8126
3370.080	16052.8686	80.3489
3372.460	16163.2562	82.3857
3374.840	16269.5773	83.9077
3377.220	15905.8203	101.2652
3379.600	15790.1139	60.6676
3381.980	15924.0157	63.5979
3384.360	16072.2997	67.0780
3386.740	16111.5547	88.1383
3389.120	16115.2853	75.9070
3391.500	16016.3723	66.9677
3393.880	16089.1019	84.7873
3396.260	16270.3959	68.5086
3398.640	16228.1927	91.2348
3401.020	16053.8299	96.1923
3403.400	16005.7293	72.7417
3405.780	16028.4383	64.0344
3408.160	16096.7347	59.0392
3410.540	16270.3972	64.8459
3412.920	16297.4053	76.2546
3415.300	16273.6513	68.5145
3417.680	16154.6799	80.7504
3420.060	15978.5032	88.3438
3422.440	16004.5567	74.7835
3424.820	16219.1645	59.0020
3427.200	16316.0379	58.2096
3429.580	16231.5534	79.9272
3431.960	16071.0026	89.7551
3434.340	16055.6284	87.3864
3436.720	16005.0467	89.5692
3439.100	15907.4786	78.3945
3441.480	15907.5540	84.7026
3443.860	15963.9327	79.3115
3446.240	16184.4182	64.2331
3448.620	16180.7498	89.7561
3451.000	16124.3519	85.7538
3453.380	16021.0659	80.5633
3455.760	15944.3231	71.4990
3458.140	15892.7208	58.9922
3460.520	15887.7169	65.5326
3462.900	15997.0173	65.1030
3465.280	15989.6088	93.3934
3467.660	15994.2774	83.8348
3470.040	15873.3851	88.2825
3472.420	15792.7468	71.7031
3474.800	15814.6697	67.7303
3477.180	15914.6349	81.8423
3479.560	15916.4040	99.9685
3481.940	15893.8224	85.5815
3484.320	15915.7988	71.2315
3486.700	15798.0588	76.6283
3489.080	15779.0785	67.4924
3491.460	15701.3298	71.4639
3493.840	15589.8245	59.6716
3496.220	15709.6385	65.0185
3498.600	15909.6433	60.0949
3500.980	15917.1563	81.2307
3503.360	15848.6947	86.6622
3505.740	15877.1300	77.9349
3508.120	15886.4499	66.1547
3510.500	15872.3749	62.0820
3512.880	15907.7508	64.5228
3515.260	15912.2965	64.9048
3517.640	15950.2566	51.4955
3520.020	15900.1309	55.9600
3522.400	15941.8572	65.2436
3524.780	15993.1538	95.3455
3527.160	15944.7030	60.3128
3529.540	15948.2709	57.5796
3531.920	15950.0175	63.6841
3534.300	15929.5284	55.9402
3536.680	15938.0764	56.0665
3539.060	15969.7093	59.0713
3541.440	16000.3220	66.1107
3543.820	15968.1039	69.5661
3546.200	15966.9212	79.3538
3548.580	16019.5236	68.6922
3550.960	16028.4023	75.0049
3553.340	15948.9343	75.9117
3555.720	15771.9788	78.1773
3558.100	15740.2505	80.4127
3560.480	15802.8124	72.4829
3562.860	15784.3636	59.4640
3565.240	15704.6964	62.0748
3567.620	15684.6648	53.9594
3570.000	15572.0028	78.0667
3572.380	15589.5768	61.4674
3574.760	15633.0880	63.2633
3577.140	15598.4633	66.9385
3579.520	15688.5921	73.1868
3581.900	15640.1926	68.9279
3584.280	15568.6265	71.0459
3586.660	15586.9914	66.8661
3589.040	15681.4092	62.6796
3591.420	15703.6801	68.4882
3593.800	15638.1734	89.6325
3596.180	15629.0263	94.5359
3598.560	15703.6677	84.4107
3600.940	15705.7044	63.7866
3603.320	15588.7885	58.9080
3605.700	15631.6674	63.4281
3608.080	15591.8474	55.6908
3610.460	15537.0089	71.5355
3612.840	15423.6202	91.8229
3615.220	15455.7708	81.1306
3617.600	15614.9843	53.7481
3619.980	15591.2095	73.7829
3622.360	15588.3476	66.8614
3624.740	15537.9111	94.6075
3627.120	15532.5718	90.5998
3629.500	15499.9659	73.8506
3631.880	15598.0236	81.0732
3634.260	15683.4412	76.0901
3636.640	15631.8642	73.5876
3639.020	15574.6719	64.8642
3641.400	15600.9560	63.1403
3643.780	15571.9989	64.3437
3646.160	15556.8640	60.3522
3648.540	15569.4313	64.2254
3650.920	15554.0497	50.7851
3653.300	15591.5951	68.9243
3655.680	15585.6638	68.4133
3658.060	15510.7038	64.3708
3660.440	15512.8512	53.4248
3662.820	15527.8767	51.2673
3665.200	15557.5342	53.6323
3667.580	15596.4699	53.7964
3669.960	15549.1468	64.5086
3672.340	15479.6536	79.7707
3674.720	15431.1987	69.8396
3677.100	15365.9255	61.5352
3679.480	15429.1867	55.7580
3681.860	15416.8740	58.4338
3684.240	15387.9194	61.6064
3686.620	15506.7894	65.9484
3689.000	15618.3199	66.4584
3691.380	15789.0730	66.3711
3693.760	15779.4536	68.9827
3696.140	15866.8139	67.4076
3698.520	16131.9349	66.0058
3700.900	15983.8607	95.2474
3703.280	15908.5382	75.8547
3705.660	16676.0267	70.7713
3708.040	16791.1203	59.4619
3710.420	15981.4449	64.5404
3712.800	16721.8440	79.0640
3715.180	18555.4968	98.5102
3717.560	18345.2617	71.5873
3719.940	16573.3930	84.7380
3722.320	16871.1100	63.1702
3724.700	19782.5303	85.6075
3727.080	21833.5003	111.6541
3729.460	20585.4656	95.5497
3731.840	17298.2718	90.4887
3734.220	16358.1294	79.8127
3736.600	19612.6154	75.8831
3738.980	23805.0169	142.0771
3741.360	25803.4515	141.2285
3743.740	24128.4916	80.4404
3746.120	19812.3440	82.7561
3748.500	16283.0232	72.0892
3750.880	17336.1198	83.0267
3753.260	22041.5068	169.9393
3755.640	26736.9217	143.5101
3758.020	29723.4512	100.7571
3760.400	30282.6748	104.8261
3762.780	28114.3295	111.9518
3765.160	23646.8574	96.9338
3767.540	18574.1532	74.7018
3769.920	16311.5045	67.1228
3772.300	19316.0529	79.2989
3774.680	25390.9059	97.2535
3777.060	31195.3464	106.5335
3779.440	35395.9131	111.4137
3781.820	37522.3172	129.5191
3784.200	37779.0362	130.1788
3786.580	36232.7634	159.2629
3788.960	32999.1154	115.4281
3791.340	27690.9547	105.7715
3793.720	21380.6666	89.4380
3796.100	16909.3401	77.0728
3798.480	17409.2287	72.3468
3800.860	22591.7076	89.5662
3803.240	28829.7530	110.9377
3805.620	34257.2847	149.4106
3808.000	38197.2751	133.3990
3810.380	40370.1091	164.6136
3812.760	41336.1911	167.1634
3815.140	41921.7162	231.8274
3817.520	41952.1765	226.1687
3819.900	40836.0659	222.9706
3822.280	38813.2896	166.7692
3824.660	35537.4155	122.0471
3827.040	31075.5160	104.3910
3829.420	25468.5729	86.6332
3831.800	19619.4095	73.7168
3834.180	16228.9365	68.2453
3836.560	18044.9952	70.2958
3838.940	23611.0863	104.6259
3841.320	29816.0067	108.0918
3843.700	34847.5867	190.8816
3846.080	38428.3105	206.9676
3848.460	40940.5534	170.1662
3850.840	42402.0448	163.5788
3853.220	43193.0295	142.1594
3855.600	43796.3843	136.4156
3857.980	44485.1812	164.3624
3860.360	44644.4998	152.9855
3862.740	44095.3894	261.8847
3865.120	44172.7028	269.1073
3867.500	44428.5136	172.6129
3869.880	43902.1570	183.0460
3872.260	42662.4505	130.1667
3874.640	40933.5291	143.9462
3877.020	38098.3040	125.8841
3879.400	34276.5051	124.1365
3881.780	29279.8130	113.7792
3884.160	23200.8221	99.4118
3886.540	17960.8289	82.8191
3888.920	16697.1911	76.8520
3891.300	20513.9025	70.8957
3893.680	26330.4974	98.5119
3896.060	31713.0814	134.7781
3898.440	35809.0460	118.2853
3900.820	38735.9946	114.9703
3903.200	40845.0743	113.7646
3905.580	42387.5975	126.3706
3907.960	43857.5706	142.2521
3910.340	44297.8503	197.4456
3912.720	44294.4120	214.1816
3915.100	44477.6680	199.2276
3917.480	44951.3049	185.4929
3919.860	45131.5133	184.5724
3922.240	45049.5516	185.0645
3924.620	45128.4880	176.6693
3927.000	44707.5419	205.1070
3929.380	43059.5816	196.1878
3931.760	40904.2725	343.8622
3934.140	41149.3184	367.5350
3936.520	42867.6641	262.0736
3938.900	43994.5151	218.6553
3941.280	44058.4463	191.3787
3943.660	43658.7452	230.2927
3946.040	43345.7255	152.9205
3948.420	42748.1011	187.7938
3950.800	41998.1591	192.5624
3953.180	41048.1806	207.4328
3955.560	39209.6412	177.8821
3957.940	36527.4055	177.5361
3960.320	32904.6222	165.0217
3962.700	28176.3673	117.8598
3965.080	22414.5261	141.8490
3967.460	17269.2550	148.7353
3969.840	16054.7353	144.8592
3972.220	19585.1084	94.6120
3974.600	25137.8621	126.0759
3976.980	30387.3654	156.3341
3979.360	34317.4573	206.2537
3981.740	37368.7639	227.4141
3984.120	39671.4085	161.9254
3986.500	41066.6850	152.2096
3988.880	41949.3397	169.2346
3991.260	42664.2047	165.5834
3993.640	43130.2647	150.6923
3996.020	43346.4663	156.2675
3998.400	43475.8211	155.3522
4000.780	43364.5184	169.1685
4003.160	43232.7406	175.1878
4005.540	43295.4270	155.6373
4007.920	43556.0001	129.7797
4010.300	43628.6784	144.8518
4012.680	43579.9134	139.4127
4015.060	43681.2542	134.3036
4017.440	43832.9912	121.7640
4019.820	43766.2734	141.6897
4022.200	43229.9663	182.9529
4024.580	42684.0129	212.8616
4026.960	42503.4782	151.6022
4029.340	42739.1715	128.4607
4031.720	42956.4776	109.2456
4034.100	43143.7197	107.3247
4036.480	43178.7653	123.5682
4038.860	43229.5648	137.5875
4041.240	43199.0805	130.5649
4043.620	43050.5866	154.1261
4046.000	42754.7058	125.0046
4048.380	42760.8348	126.5410
4050.760	42653.4052	144.7859
4053.140	42541.0400	136.6984
4055.520	42550.2828	123.7248
4057.900	42429.4263	131.1714
4060.280	42134.0757	129.3938
4062.660	41945.2432	121.5681
4065.040	41662.5794	128.4895
4067.420	41475.9335	132.5076
4069.800	41285.6748	141.7692
4072.180	41036.7149	137.9830
4074.560	40723.8007	144.5830
4076.940	40394.3941	147.6409
4079.320	39992.5915	137.9583
4081.700	39471.8858	129.2225
4084.080	38523.6509	123.0425
4086.460	37108.6656	136.8886
4088.840	34999.2194	139.3850
4091.220	32048.2590	123.3525
4093.600	28103.7545	111.6720
4095.980	23247.5222	112.8741
4098.360	18232.4868	111.3826
4100.740	15455.9175	98.1557
4103.120	17336.5486	81.8937
4105.500	21958.0430	87.6084
4107.880	26691.2877	86.4102
4110.260	30790.6578	101.2538
4112.640	33934.9334	103.0605
4115.020	36034.6551	111.8648
4117.400	37456.1377	113.9488
4119.780	38403.9873	122.7534
4122.160	38942.0344	115.0193
4124.540	39108.3776	138.0772
4126.920	38904.7368	132.3547
4129.300	38808.7022	118.4449
4131.680	39546.8307	134.3806
4134.060	40381.7822	145.8932
4136.440	40628.8146	148.3804
4138.820	40668.9415	142.1561
4141.200	40471.9448	159.9609
4143.580	40470.2730	151.6000
4145.960	40422.3334	123.4868
4148.340	40529.7161	132.9383
4150.720	40633.1516	141.0584
4153.100	40725.9602	133.7326
4155.480	40755.3934	144.1728
4157.860	40624.7925	137.1879
4160.240	40369.4108	140.3786
4162.620	40187.4433	150.3822
4165.000	40260.2186	136.8387
4167.380	40217.5923	139.2962
4169.760	39907.7378	106.8330
4172.140	39444.1738	126.7384
4174.520	39373.3865	140.4479
4176.900	39214.7429	114.4449
4179.280	39255.1363	119.4502
4181.660	39617.0713	110.0335
4184.040	39694.4333	112.1311
4186.420	39612.4249	125.3160
4188.800	39631.7686	148.6841
4191.180	39670.1481	165.8150
4193.560	39752.5882	139.7459
4195.940	39514.3934	147.6664
4198.320	39375.0596	168.5831
4200.700	39176.9800	149.2303
4203.080	39127.4072	123.1718
4205.460	39174.0878	130.5138
4207.840	39291.1902	115.0142
4210.220	39312.4463	127.1525
4212.600	39235.5427	130.3169
4214.980	39165.9393	131.2630
4217.360	39026.0947	114.6528
4219.740	38803.4117	121.5626
4222.120	38727.5259	102.8065
4224.500	38733.6452	171.6049
4226.880	38578.6177	114.6288
4229.260	38485.8964	112.2243
4231.640	38024.2387	161.6753
4234.020	38072.5564	124.1124
4236.400	38530.4268	112.3263
4238.780	38569.9658	108.7389
4241.160	38386.9223	118.1030
4243.540	38196.8883	116.7633
4245.920	38089.9227	111.8044
4248.300	38033.5351	121.3576
4250.680	38035.1266	126.8433
4253.060	37954.8798	123.5923
4255.440	37846.0745	123.0372
4257.820	37824.5025	119.5475
4260.200	37716.1206	115.5708
4262.580	37824.7426	119.7871
4264.960	37805.0818	132.5074
4267.340	37625.9457	128.3803
4269.720	37331.1855	128.4860
4272.100	37242.3020	143.5860
4274.480	37218.8358	114.4614
4276.860	37294.2429	117.5347
4279.240	37331.3887	118.4385
4281.620	37207.2229	116.3975
4284.000	37042.9635	122.9290
4286.380	36914.1528	123.7649
4288.760	36639.3665	136.0446
4291.140	36379.7638	116.9952
4293.520	36298.7448	128.2051
4295.900	36169.3835	133.8438
4298.280	35840.7799	134.4162
4300.660	35689.4604	123.1991
4303.040	35808.4675	120.7891
4305.420	35846.7381	108.8734
4307.800	35912.9708	148.0740
4310.180	35679.4454	171.9336
4312.560	34984.5971	127.7347
4314.940	34636.8672	144.9862
4317.320	34258.9715	200.6189
4319.700	33900.6593	156.0570
4322.080	33218.3099	123.8850
4324.460	32115.3625	147.4806
4326.840	30455.0008	111.8143
4329.220	28363.4060	110.3314
4331.600	25494.4369	117.4999
4333.980	21851.7433	95.8753
4336.360	17822.5569	91.5673
4338.740	14902.7693	105.8164
4341.120	15183.2429	92.5412
4343.500	18434.1791	70.3000
4345.880	22428.5169	76.7718
4348.260	25837.6422	78.6352
4350.640	28430.4120	88.5650
4353.020	30455.1929	85.6224
4355.400	32053.2707	85.2621
4357.780	33051.0236	86.3477
4360.160	33711.3688	101.3856
4362.540	34194.3146	106.8799
4364.920	34460.7058	104.8044
4367.300	34521.6478	118.9997
4369.680	34722.5410	127.4662
4372.060	34924.7038	117.8929
4374.440	35070.1193	117.8461
4376.820	35307.3105	130.3511
4379.200	35291.3006	137.4007
4381.580	34824.0371	132.1060
4383.960	34386.7101	134.6019
4386.340	34574.7601	154.1684
4388.720	34723.6246	129.5338
4391.100	34711.0474	100.6592
4393.480	34662.0243	110.3700
4395.860	34699.6301	107.8048
4398.240	34796.3636	98.6855
4400.620	34904.9642	99.1199
4403.000	34946.2912	126.4917
4405.380	34944.1502	103.0209
4407.760	34961.6878	100.8768
4410.140	34809.5305	112.8544
4412.520	34543.8343	110.8762
4414.900	34189.0168	97.7219
4417.280	34016.9648	113.8992
4419.660	34153.9887	106.1688
4422.040	34222.7842	111.8041
4424.420	34163.9119	111.8035
4426.800	34063.5416	103.3792
4429.180	33969.1038	101.4023
4431.560	34008.2531	110.8431
4433.940	34078.3569	105.5463
4436.320	34141.0762	109.8541
4438.700	34182.1480	100.9891
4441.080	33909.4809	118.2914
4443.460	33941.6648	97.0180
4445.840	34026.2964	104.5911
4448.220	33922.0638	111.1772
4450.600	33987.7990	108.7703
4452.980	34181.2053	105.8501
4455.360	34345.0096	105.7189
4457.740	34271.6415	112.4115
4460.120	34134.6996	98.5207
4462.500	34038.0828	98.4899
4464.880	33887.5146	121.9838
4467.260	33597.1927	172.1329
4469.640	33397.6956	169.7764
4472.020	33372.3789	121.0313
4474.400	33465.2543	86.0034
4476.780	33105.9594	93.8310
4479.160	32269.7784	89.8682
4481.540	32151.9243	89.0401
4483.920	32896.0784	90.9962
4486.300	33286.0164	92.9386
4488.680	33174.8808	94.8047
4491.060	33270.3334	94.2414
4493.440	33529.7782	120.4004
4495.820	33647.9044	113.0455
4498.200	33568.1120	111.6765
4500.580	33357.2883	113.4181
4502.960	33327.5390	111.6373
4505.340	33236.0452	120.8248
4507.720	33144.2609	114.2440
4510.100	33209.3678	105.5331
4512.480	33153.3984	103.0388
4514.860	33078.5167	94.9787
4517.240	32941.4183	104.1136
4519.620	32800.2890	100.1098
4522.000	32676.0596	112.4094
4524.380	32862.6685	95.7025
4526.760	32961.4575	102.9675
4529.140	32846.2508	112.5808
4531.520	32597.9972	128.9181
4533.900	32566.5498	129.2718
4536.280	32798.1342	140.5850
4538.660	32803.4742	154.7539
4541.040	32700.7319	125.0709
4543.420	32611.7173	110.1956
4545.800	32260.3813	111.0864
4548.180	31788.7379	97.0286
4550.560	31774.0084	94.0857
4552.940	31879.5553	91.4266
4555.320	31909.3565	87.1905
4557.700	31969.7550	84.9190
4560.080	32150.2739	90.5588
4562.460	32157.7388	93.3741
4564.840	32213.6222	88.0566
4567.220	32320.2067	92.8782
4569.600	32127.5481	91.1532
4571.980	32030.8931	102.1058
4574.360	32062.4722	99.1601
4576.740	32012.3099	99.6745
4579.120	31826.9586	105.6680
4581.500	31511.7454	103.4890
4583.880	31419.1016	97.4592
4586.260	31445.4524	101.5509
4588.640	31471.2348	112.8344
4591.020	31611.8766	102.6040
4593.400	31729.5272	89.2115
4595.780	31813.6148	99.3480
4598.160	31869.7384	89.3378
4600.540	31936.1833	96.1599
4602.920	31902.3877	103.6720
4605.300	31875.4128	118.5938
4607.680	31770.7034	112.9759
4610.060	31707.8009	106.4428
4612.440	31652.1793	95.6232
4614.820	31390.2072	92.8749
4617.200	31171.1415	93.9882
4619.580	31173.9118	90.1296
4621.960	31280.8525	94.2862
4624.340	31298.9898	96.6261
4626.720	31168.5560	96.5735
4629.100	31078.8207	101.6114
4631.480	30950.3280	103.9185
4633.860	31009.5549	87.0138
4636.240	31109.6250	83.3301
4638.620	31252.9056	98.4392
4641.000	31244.7836	113.9706
4643.380	31068.2671	96.6644
4645.760	31007.2634	89.1673
4648.140	31098.3553	85.2292
4650.520	30991.8365	108.5249
4652.900	30857.6668	105.9617
4655.280	30878.5603	96.4432
4657.660	30717.9039	99.0822
4660.040	30634.8297	94.2205
4662.420	30666.6286	92.8254
4664.800	30585.5610	104.6861
4667.180	30569.6434	103.3667
4669.560	30584.5996	103.4999
4671.940	30576.0460	95.9117
4674.320	30600.5462	113.5400
4676.700	30620.9955	120.1522
4679.080	30666.8983	130.5463
4681.460	30758.3575	171.2571
4683.840	30795.6463	174.7274
4686.220	30654.5188	177.9458
4688.600	30420.6661	146.3590
4690.980	30290.8750	81.1244
4693.360	30307.1460	79.6117
4695.740	30242.1561	75.6651
4698.120	30231.0036	72.5853
4700.500	30139.6186	77.6526
4702.880	30099.6025	96.2484
4705.260	30117.4784	106.7253
4707.640	30095.0000	87.4551
4710.020	30177.2056	102.8814
4712.400	30104.6456	114.6128
4714.780	30000.6538	95.2350
4717.160	29920.2778	86.6788
4719.540	29932.0467	87.1095
4721.920	29809.7574	93.8034
4724.300	29690.2189	93.9535
4726.680	29583.7888	99.3144
4729.060	29577.9538	106.0213
4731.440	29532.4480	111.6047
4733.820	29516.0843	97.1911
4736.200	29490.7805	97.0097
4738.580	29445.4727	80.9044
4740.960	29469.1497	92.9274
4743.340	29528.8755	95.8939
4745.720	29522.2748	107.4133
4748.100	29500.7332	99.6295
4750.480	29423.5481	99.7000
4752.860	29275.6066	98.8502
4755.240	29164.7330	106.3175
4757.620	29091.0304	86.9512
4760.000	28965.7598	92.6176
4762.380	28900.8893	100.9713
4764.760	28966.5477	95.4813
4767.140	28976.3237	96.7717
4769.520	28888.3168	111.1253
4771.900	28832.3531	98.0390
4774.280	28830.2143	88.3556
4776.660	28768.7288	87.0334
4779.040	28688.1487	83.7425
4781.420	28691.9019	87.3817
4783.800	28711.7046	88.1076
4786.180	28751.4579	81.3334
4788.560	28701.2018	82.9739
4790.940	28525.8815	85.0337
4793.320	28499.8396	80.8704
4795.700	28486.6842	88.8764
4798.080	28332.3581	89.5714
4800.460	28248.4726	86.9845
4802.840	28200.2936	91.4041
4805.220	28153.7631	95.5767
4807.600	28123.2139	96.0146
4809.980	28081.0524	99.5463
4812.360	28061.0321	82.2744
4814.740	27943.9438	78.3444
4817.120	27829.7959	88.9506
4819.500	27633.4668	94.5794
4821.880	27501.5186	99.4162
4824.260	27473.4049	87.2695
4826.640	27531.1740	88.2304
4829.020	27374.1347	101.1985
4831.400	27142.8089	100.7961
4833.780	26858.3697	93.4576
4836.160	26476.9542	96.2122
4838.540	26181.4573	89.5707
4840.920	25727.9542	86.8021
4843.300	24949.6646	98.4584
4845.680	23880.9306	102.8711
4848.060	22631.9252	88.8066
4850.440	21111.8994	83.4210
4852.820	19079.3297	81.2625
4855.200	16560.4781	76.8557
4857.580	13978.0331	82.6924
4859.960	12507.7837	76.7985
4862.340	13249.6013	73.7233
4864.720	15507.1768	45.2498
4867.100	18010.2996	45.4538
4869.480	20170.8227	49.8594
4871.860	21762.9669	56.9845
4874.240	22985.5476	64.2018
4876.620	23856.0608	74.7899
4879.000	24659.4925	78.0969
4881.380	25194.3447	82.8832
4883.760	25447.7825	91.3774
4886.140	25785.9798	82.3317
4888.520	26072.4474	92.7450
4890.900	26166.2941	83.0960
4893.280	26274.9827	84.0330
4895.660	26387.9622	90.0101
4898.040	26455.6751	98.6766
4900.420	26561.5259	84.8472
4902.800	26685.1552	86.5935
4905.180	26731.0529	89.4836
4907.560	26673.6741	88.5812
4909.940	26601.1148	85.1320
4912.320	26582.4851	83.8923
4914.700	26629.8809	86.3075
4917.080	26549.8750	117.8217
4919.460	26407.4580	137.1341
4921.840	26260.4490	118.4592
4924.220	26207.1358	78.2592
4926.600	26446.7641	81.1828
4928.980	26597.3359	80.3027
4931.360	26634.5571	71.9847
4933.740	26710.6270	83.4896
4936.120	26722.4609	104.7313
4938.500	26785.3956	91.2212
4940.880	26605.2224	94.1522
4943.260	26532.3367	86.2049
4945.640	26536.3910	74.4363
4948.020	26529.4573	79.6527
4950.400	26430.3883	94.3087
4952.780	26380.7821	85.9504
4955.160	26355.2624	85.7931
4957.540	26277.3980	86.6784
4959.920	26294.0284	78.9352
4962.300	26266.1768	81.1863
4964.680	26169.9666	81.0120
4967.060	26099.9422	78.2315
4969.440	26135.6440	80.1366
4971.820	26234.4196	80.9037
4974.200	26186.9937	84.5407
4976.580	26161.6871	89.2819
4978.960	26095.7204	98.8048
4981.340	26008.2801	94.1477
4983.720	25888.8128	86.7446
4986.100	25788.5277	86.1227
4988.480	25786.8439	87.9606
4990.860	25802.2279	76.9623
4993.240	25795.0818	81.3602
4995.620	25792.8265	79.2633
4998.000	25672.1991	81.9829
5000.380	25544.5040	80.5090
5002.760	25491.5384	85.9515
5005.140	25448.4023	90.1034
5007.520	25426.1706	86.8339
5009.900	25465.9911	96.8985
5012.280	25372.2075	92.1318
5014.660	25139.7160	87.1590
5017.040	24857.0116	74.3798
5019.420	24829.9445	76.3425
5021.800	25077.9067	82.1849
5024.180	25168.1301	88.9382
5026.560	25141.2898	81.6104
5028.940	25118.8924	78.5037
5031.320	25033.2086	87.4242
5033.700	25051.7670	90.2862
5036.080	24957.0813	94.1042
5038.460	24794.0028	90.8969
5040.840	24732.3552	88.6306
5043.220	24849.3135	85.6384
5045.600	24933.1039	89.5649
5047.980	24921.1447	90.0841
5050.360	24815.1307	76.4570
5052.740	24688.2469	79.3928
5055.120	24558.5470	82.9320
5057.500	24556.3715	83.7746
5059.880	24679.8540	84.7900
5062.260	24728.4004	75.4808
5064.640	24744.4229	74.5484
5067.020	24729.7163	90.0209
5069.400	24693.9438	83.6103
5071.780	24621.6829	83.6108
5074.160	24614.5133	87.2661
5076.540	24638.0216	83.3728
5078.920	24701.5005	84.5859
5081.300	24598.4858	78.0740
5083.680	24571.5565	79.1223
5086.060	24597.9333	80.7498
5088.440	24557.4651	84.8235
5090.820	24451.0670	83.3741
5093.200	24389.7825	83.6483
5095.580	24353.8568	86.0538
5097.960	24279.1868	93.6299
5098.200	24929.4189	72.9982
5100.340	24294.1369	88.8253
5101.130	24956.4169	94.9873
5102.720	24315.0407	84.7121
5104.060	24936.0033	87.3775
5105.100	24344.3291	78.3786
5106.990	24981.6288	69.4622
5107.480	24370.2990	70.8373
5109.860	24352.1168	74.0201
5109.920	24956.9913	73.4999
5112.240	24318.0485	66.0818
5112.850	24955.7082	69.6090
5114.620	24263.4899	82.2532
5115.780	24909.5593	85.0558
5117.000	24232.5772	81.5958
5118.710	24819.1220	86.0812
5119.380	24227.3132	80.8070
5121.640	24771.4268	79.2804
5121.760	24228.5571	88.0487
5124.140	24156.0660	78.5436
5124.570	24619.4413	99.6734
5126.520	24063.5399	76.0062
5127.500	24617.2336	65.0505
5128.900	24037.9795	65.7803
5130.430	24559.7413	67.6713
5131.280	24021.9907	84.6163
5133.360	24484.9641	78.1686
5133.660	24004.5816	82.1398
5136.040	23972.3010	81.0493
5136.290	24397.9506	77.0005
5138.420	23919.7754	81.9669
5139.220	24285.2996	80.5403
5140.800	23890.1839	87.0348
5142.150	24347.4821	79.0189
5143.180	23878.5432	87.1479
5145.080	24306.6943	80.0973
5145.560	23838.1485	88.8467
5147.940	23800.0244	89.2924
5148.010	24209.5552	82.2793
5150.320	23772.3791	75.2301
5150.940	24148.7438	61.5614
5153.870	24114.0127	73.8323
5156.800	24113.1534	69.6910
5159.730	24040.3612	75.1031
5162.660	23871.4544	80.3581
5165.590	23358.2842	135.1694
5168.520	23206.0817	102.6454
5171.450	23356.3383	70.2268
5174.380	23712.5570	83.1792
5177.310	23842.1859	99.1195
5180.240	23550.9588	80.0962
5183.170	23397.6645	110.0010
5186.100	23485.1582	86.6863
5189.030	23485.9133	82.2950
5191.960	23443.0378	76.8704
5194.890	23425.4930	70.8421
5197.820	23469.9950	71.1886
5200.750	23468.3402	77.5693
5203.680	23487.3965	68.4856
5206.610	23537.7582	82.3178
5209.540	23577.7569	72.6021
5212.470	23495.5237	89.0346
5215.400	23282.1555	72.0853
5218.330	23244.2353	68.0431
5221.260	23261.7868	67.0034
5224.190	23059.4312	68.3419
5227.120	23070.2417	80.8847
5230.050	23051.9619	70.0734
5232.980	22927.7199	67.9846
5235.910	22917.5263	73.9162
5238.840	23103.7020	81.7664
5241.770	23135.5715	75.8704
5244.700	23109.4819	62.5362
5247.630	23124.9339	64.4682
5250.560	23032.3985	72.2866
5253.490	23001.6830	69.7077
5256.420	23028.1906	63.8994
5259.350	22963.4037	59.0705
5262.280	22683.9408	77.5825
5265.210	22678.4569	73.3379
5268.140	22703.6104	61.7549
5271.070	22730.4332	74.3953
5274.000	22690.6493	75.0763
5276.930	22622.4609	70.7485
5279.860	22589.8789	54.9542
5282.790	22631.5135	58.4113
5285.720	22769.1316	67.0414
5288.650	22812.5741	62.8923
5291.580	22733.2447	64.4188
5294.510	22692.9350	65.1612
5297.440	22718.5329	65.4443
5300.370	22683.6840	63.8120
5303.300	22625.4510	69.6218
5306.230	22595.8447	60.5374
5309.160	22461.7481	61.0445
5312.090	22271.4048	57.7800
5315.020	22113.1738	62.2128
5317.950	22153.5806	69.9071
5320.880	22224.3976	69.5325
5323.810	22243.9053	72.9361
5326.740	22076.7120	78.5432
5329.670	22116.7245	73.9314
5332.600	22202.1938	71.7021
5335.530	22175.8127	62.5688
5338.460	22137.9371	68.5121
5341.390	22128.7434	67.4080
5344.320	22193.9056	66.5027
5347.250	22204.0533	64.6502
5350.180	22228.5531	63.0850
5353.110	22084.5375	74.3003
5356.040	22080.7204	68.6548
5358.970	21981.4461	59.3461
5361.900	21878.3510	71.0166
5364.830	21860.5871	67.9905
5367.760	21863.1900	57.8755
5370.690	21774.6765	62.3312
5373.620	21885.0434	69.3843
5376.550	21951.5256	73.8738
5379.480	21815.5668	56.3166
5382.410	21735.6349	64.1012
5385.340	21730.4420	57.7596
5388.270	21722.3305	55.2463
5391.200	21631.6498	62.9963
5394.130	21541.7078	58.9947
5397.060	21483.6156	58.3266
5399.990	21368.0537	61.7542
5402.920	21311.0196	69.0350
5405.850	21338.2027	71.7391
5408.780	21389.1754	68.5865
5411.710	21419.4895	66.7390
5414.640	21448.5273	67.4058
5417.570	21442.5882	57.0043
5420.500	21358.3168	59.4258
5423.430	21299.3733	55.0088
5426.360	21264.4301	63.5024
5429.290	21239.8910	55.3000
5432.220	21243.0373	54.1438
5435.150	21255.5984	60.3812
5438.080	21157.9232	60.6834
5441.010	21176.4359	61.6670
5443.940	21094.1618	65.6931
5446.870	21088.5865	54.4226
5449.800	21030.7444	55.7350
5452.730	20964.3819	49.9111
5455.660	20949.5710	44.7583
5458.590	20965.6322	47.4484
5461.520	20936.1866	46.5278
5464.450	20863.1409	45.9137
5467.380	20884.1244	49.0052
5470.310	20898.5830	53.4681
5473.240	20921.6875	53.7828
5476.170	20877.2123	57.3239
5479.100	20791.5243	56.0505
5482.030	20739.5783	53.1488
5484.960	20715.2384	48.9523
5487.890	20679.5950	45.0060
5490.820	20691.1413	52.5067
5493.750	20699.8887	53.5015
5496.680	20754.6455	53.4273
5499.610	20697.4734	49.1606
5502.540	20568.3647	48.4890
5505.470	20484.9496	51.4910
5508.400	20464.0819	58.7603
5511.330	20483.7595	62.8029
5514.260	20528.1017	55.7685
5517.190	20549.2225	53.5838
5520.120	20531.5700	54.3909
5523.050	20454.0330	55.6233
5525.980	20394.2750	50.0298
5528.910	20277.8378	54.3392
5531.840	20193.7045	63.3022
5534.770	20186.5089	62.2209
5537.700	20220.5127	62.0854
5540.630	20257.6477	55.5205
5543.560	20225.6423	49.5928
5546.490	20205.7018	51.8917
5549.420	20224.9892	53.8474
5552.350	20211.2595	53.0482
5555.280	20171.0460	55.8731
5558.210	20144.6086	57.5381
5561.140	20121.6530	59.4840
5564.070	20095.1800	58.1241
5567.000	20106.6698	50.2656
5569.930	20093.2016	50.2929
5572.860	20031.8829	55.5021
5575.790	19924.9507	66.7376
5578.720	19923.6763	62.0456
5581.650	19926.5101	57.1429
5584.580	19930.3837	61.2841
5587.510	19893.4425	63.0302
5590.440	19894.7861	59.4092
5593.370	19863.0512	55.9890
5596.300	19839.2841	56.3480
5599.230	19841.5093	54.4242
5602.160	19801.9871	51.3233
5605.090	19766.4263	55.7957
5608.020	19719.0836	60.7638
5610.950	19688.6021	57.0385
5613.880	19666.8487	52.2705
5616.810	19662.2053	56.5668
5619.740	19687.1236	51.7439
5622.670	19686.6447	50.6872
5625.600	19661.0675	53.9931
5628.530	19568.9872	60.7980
5631.460	19564.9660	57.0547
5634.390	19563.1216	56.4102
5637.320	19501.4095	58.0257
5640.250	19405.1616	67.3192
5643.180	19377.3491	55.6183
5646.110	19357.4138	54.5249
5649.040	19355.7136	57.3600
5651.970	19342.4155	51.1838
5654.900	19338.6370	50.6655
5657.830	19310.6757	56.7265
5660.760	19305.6086	53.2735
5663.690	19314.5534	50.9359
5666.620	19260.7897	50.4874
5669.550	19216.0846	52.0918
5672.480	19156.5386	55.9883
5675.410	19145.0820	61.9872
5678.340	19119.7403	61.3507
5681.270	19091.1172	64.0325
5684.200	19091.6014	54.7354
5687.130	19107.3573	54.6179
5690.060	19096.2990	51.1659
5692.990	19066.9614	54.7451
5695.920	19017.6935	53.1620
5698.850	18968.7045	52.1650
5701.780	18924.1259	49.9590
5704.710	18901.7401	54.7768
5707.640	18886.9181	66.5592
5710.570	18876.3722	61.0288
5713.500	18818.0819	59.5984
5716.430	18797.5433	58.0592
5719.360	18769.7970	56.7330
5722.290	18743.0178	51.9413
5725.220	18764.3663	51.5648
5728.150	18761.5018	47.1982
5731.080	18739.9044	48.7077
5734.010	18699.6219	45.5273
5736.940	18671.5269	47.5163
5739.870	18625.4328	43.9426
5742.800	18579.4398	50.7995
5745.730	18554.7881	49.6313
5748.660	18553.9252	53.0455
5751.590	18542.9255	50.5015
5754.520	18505.7772	55.8950
5757.450	18451.9823	56.3620
5760.380	18429.6710	54.7391
5763.310	18417.2748	51.2358
5766.240	18347.3717	53.5442
5769.170	18278.9225	51.6952
5772.100	18235.7439	46.9485
5775.030	18122.4493	45.2736
5777.960	18002.3250	43.6518
5780.890	17945.0510	46.8177
5783.820	18003.3423	51.2068
5786.750	18065.6061	51.2379
5789.680	18087.9273	53.3350
5792.610	18039.0757	49.2713
5795.540	17992.4132	50.4462
5798.470	17986.2531	50.8509
5801.400	18022.0363	55.3854
5804.330	17985.4598	56.1736
5807.260	17988.4042	58.6915
5810.190	17965.0893	54.8268
5813.120	17960.9911	50.9942
5816.050	17957.8347	49.2059
5818.980	17989.1070	46.5676
5821.910	17952.8991	46.9549
5824.840	17902.2369	47.5482
5827.770	17852.1497	51.3004
5830.700	17818.1990	51.3859
5833.630	17827.4033	46.5478
5836.560	17795.9573	46.9850
5839.490	17734.4142	51.7438
5842.420	17712.4953	46.8990
5845.350	17676.5722	47.7561
5848.280	17630.0784	48.0476
5851.210	17602.9910	52.6807
5854.140	17626.3443	57.7019
5857.070	17613.7029	59.6007
5860.000	17560.8181	56.4100
5862.930	17518.5946	54.4252
5865.860	17533.3289	54.9067
5868.790	17539.6594	61.9278
5871.720	17596.2610	111.4536
5874.650	17648.9490	124.3566
5877.580	17545.1693	81.5781
5880.510	17395.2295	44.1078
5883.440	17196.0288	41.6831
5886.370	16875.5390	60.2714
5889.300	16593.9830	82.1667
5892.230	16535.2242	73.5950
5895.160	16637.5347	60.5547
5898.090	16859.0726	49.6444
5901.020	17058.5999	52.9213
5903.950	17172.7238	54.0691
5906.880	17172.2898	53.2554
5909.810	17171.1065	51.0496
5912.740	17154.7918	47.3167
5915.670	17144.7941	45.5952
5918.600	17129.3574	48.2973
5921.530	17079.8193	55.1763
5924.460	17084.5068	56.3535
5927.390	17073.8728	55.9722
5930.320	17072.2813	53.3410
5933.250	17070.3798	48.7044
5936.180	17045.1562	45.8215
5939.110	17001.1688	42.6253
5942.040	16929.0280	53.9009
5944.970	16889.2767	56.2442
5947.900	16878.4501	51.6825
5950.830	16864.5200	50.7898
5953.760	16809.7657	49.3014
5956.690	16745.0470	50.0078
5959.620	16727.0267	44.4547
5962.550	16769.4733	43.9035
5965.480	16754.8424	45.2502
5968.410	16735.6149	49.7077
5971.340	16686.2565	54.2280
5974.270	16656.2560	54.3800
5977.200	16615.8944	55.4151
5980.130	16602.5341	51.7065
5983.060	16592.1859	51.1409
5985.990	16581.9777	52.7323
5988.920	16556.3155	48.6847
5991.850	16525.3306	50.7989
5994.780	16522.9093	51.0001
5997.710	16509.7752	53.6932
6000.640	16466.8149	59.3756
6003.570	16441.4135	58.9418
6006.500	16433.0766	57.6617
6009.430	16394.8326	56.6963
6012.360	16390.7530	49.0173
6015.290	16395.1826	46.8435
6018.220	16370.1073	47.7934
6021.150	16382.3467	45.6704
6024.080	16361.6741	50.5167
6027.010	16340.5519	44.7793
6029.940	16294.6486	47.8120
6032.870	16263.5232	47.6574
6035.800	16240.5946	50.1139
6038.730	16236.7120	40.5630
6041.660	16215.6416	43.6562
6044.590	16155.9053	48.2846
6047.520	16149.4765	49.5551
6050.450	16152.0599	51.0224
6053.380	16120.9020	54.6970
6056.310	16106.2984	53.6226
6059.240	16064.9604	51.7194
6062.170	16069.8559	50.9927
6065.100	16065.0627	47.3238
6068.030	16036.4504	45.5052
6070.960	16018.0008	44.6438
6073.890	15999.1149	42.8096
6076.820	16002.4626	46.7179
6079.750	15949.8701	45.3377
6082.680	15911.3074	45.4507
6085.610	15854.1376	51.5581
6088.540	15855.8974	44.7152
6091.470	15851.9249	48.5251
6094.400	15794.9521	48.0534
6097.330	15801.0936	45.2583
6100.260	15824.3597	46.6937
6103.190	15813.8796	45.1235
6106.120	15761.0268	42.4113
6109.050	15713.4203	44.2991
6111.980	15669.6909	47.2029
6114.910	15655.4134	46.7072
6117.840	15658.8835	48.1927
6120.770	15650.2805	45.5753
6123.700	15620.3851	45.0773
6126.630	15572.5252	46.8571
6129.560	15592.6314	47.2705
6132.490	15611.7636	43.2796
6135.420	15623.0915	45.0837
6138.350	15545.5993	48.3471
6141.280	15486.8317	45.2969
6144.210	15413.7134	42.6805
6147.140	15345.3552	44.7803
6150.070	15272.5746	42.2819
6153.000	15199.7917	39.6320
6155.930	15133.6353	41.2429
6158.860	15170.3974	50.7504
6161.790	15257.1267	58.2939
6164.720	15263.2906	55.8646
6167.650	15253.7300	51.5094
6170.580	15222.3407	42.8920
6173.510	15189.2730	43.9387
6176.440	15141.6286	41.5910
6179.370	15103.7509	41.1411
6182.300	15119.7365	40.7163
6185.230	15123.1602	39.7585
6188.160	15147.6576	43.3698
6191.090	15130.9708	49.1444
6194.020	15098.9636	46.3315
6196.950	15062.6657	46.0710
6199.880	15052.2272	43.2573
6202.810	15036.8314	40.5384
6205.740	15019.6241	40.1366
6208.670	14998.9900	41.9079
6211.600	14998.7130	42.7090
6214.530	14986.1126	44.3511
6217.460	14973.7463	47.4208
6220.390	14941.0807	42.3153
6223.320	14918.0338	42.0178
6226.250	14901.2318	44.5234
6229.180	14882.6654	46.6363
6232.110	14839.5605	43.2879
6235.040	14776.0868	41.0616
6237.970	14721.6637	48.5012
6240.900	14714.6517	46.3619
6243.830	14714.4590	44.1666
6246.760	14704.1515	43.3637
6249.690	14720.1964	43.6385
6252.620	14751.9613	42.4638
6255.550	14758.2272	42.3474
6258.480	14758.4433	39.0476
6261.410	14697.2811	41.9407
6264.340	14617.9044	47.7028
6267.270	14584.4679	43.5219
6270.200	14555.6229	46.6199
6273.130	14502.8930	43.0074
6276.060	14453.4130	40.6613
6278.990	14384.1813	42.2394
6281.920	14308.2506	44.6206
6284.850	14287.0162	50.2174
6287.780	14391.8844	44.1024
6290.710	14486.0578	40.5283
6293.640	14532.2106	39.3323
6296.570	14539.8776	40.7005
6299.500	14493.8111	40.8458
6302.430	14449.4681	40.5512
6305.360	14423.9555	44.5440
6308.290	14399.0161	49.6182
6311.220	14367.0793	47.1892
6314.150	14331.6105	53.9204
6317.080	14259.6027	47.8919
6320.010	14228.4168	42.4871
6322.940	14197.3526	45.8885
6325.870	14133.7372	47.2219
6328.800	14106.8425	45.9306
6331.730	14082.2721	36.9218
6334.660	14068.3477	38.2969
6337.590	14071.8027	37.7061
6340.520	14022.0763	36.2384
6343.450	13890.0367	35.5873
6346.380	13845.0688	30.9112
6349.310	13920.3678	34.8550
6352.240	14029.2977	35.0862
6355.170	14080.2691	38.0085
6358.100	14106.8964	38.4555
6361.030	14052.8534	35.8421
6363.960	13957.6038	38.4942
6366.890	13840.0750	39.4308
6369.820	13769.4450	43.5417
6372.750	13793.0118	43.3049
6375.680	13839.8586	41.8500
6378.610	13870.3325	42.0252
6381.540	13882.8487	38.6595
6384.470	13909.4204	37.7753
6387.400	13933.6847	45.7619
6390.330	13926.4637	38.7550
6393.260	13909.4084	38.0502
6396.190	13868.1271	40.5527
6399.120	13846.0842	37.6010
6402.050	13809.0526	38.6881
6404.980	13776.1254	39.6931
6407.910	13734.4291	44.9294
6410.840	13698.4489	43.8222
6413.770	13669.3558	40.6011
6416.700	13679.6506	39.2058
6419.630	13695.2890	38.3139
6422.560	13705.5549	33.9206
6425.490	13692.8980	38.9154
6428.420	13659.4027	40.2687
6431.350	13618.7269	37.7999
6434.280	13598.6500	38.8194
6437.210	13561.4537	44.7719
6440.140	13524.5741	48.6426
6443.070	13474.5543	43.0523
6446.000	13457.0028	41.7120
6448.930	13409.2035	41.6569
6451.860	13341.4252	43.0938
6454.790	13292.7098	39.9071
6457.720	13308.0984	44.0555
6460.650	13362.2633	42.9234
6463.580	13406.8591	38.7896
6466.510	13414.6764	37.5747
6469.440	13393.5516	38.7305
6472.370	13353.1766	38.9719
6475.300	13302.8197	37.7573
6478.230	13264.6653	37.1120
6481.160	13245.3484	38.7777
6484.090	13245.2528	38.6775
6487.020	13238.2512	39.4158
6489.950	13217.6649	38.6204
6492.880	13237.8153	44.2678
6495.810	13246.4575	48.5412
6498.740	13231.0874	43.0126
6501.670	13178.1189	41.6896
6504.600	13130.6784	44.7155
6507.530	13101.9108	43.2857
6510.460	13078.0519	43.2696
6513.390	13027.1083	40.8085
6516.320	12974.7760	43.8832
6519.250	12906.2755	43.7753
6522.180	12868.5230	45.1640
6525.110	12845.1644	41.4471
6528.040	12790.1824	40.2587
6530.970	12686.8706	39.6382
6533.900	12578.6630	36.4677
6536.830	12449.2521	37.1387
6539.760	12263.0299	38.0635
6542.690	12000.9076	44.4112
6545.620	11644.0182	44.3578
6548.550	11167.2065	45.8708
6551.480	10541.9149	52.7867
6554.410	9771.9718	52.8541
6557.340	8901.7492	47.9137
6560.270	8314.5848	54.7703
6563.200	8414.1658	61.0958
6566.130	9103.5301	44.5299
6569.060	9902.1526	48.7015
6571.990	10579.4950	29.4679
6574.920	11116.6107	29.1708
6577.850	11513.6591	30.3128
6580.780	11832.1532	30.6176
6583.710	12061.5098	30.0635
6586.640	12220.9052	33.7786
6589.570	12318.7673	42.2573
6592.500	12402.4777	45.5898
6595.430	12476.7540	37.4580
6598.360	12532.1493	36.7238
6601.290	12563.6294	37.5196
6604.220	12585.3350	35.4919
6607.150	12600.7613	36.3347
6610.080	12556.8128	37.6303
6613.010	12522.1881	37.4998
6615.940	12554.1184	38.5799
6618.870	12584.4810	35.1091
6621.800	12590.9025	34.6948
6624.730	12585.3314	37.8283
6627.660	12580.3681	36.6116
6630.590	12577.3112	39.4357
6633.520	12568.0710	41.0362
6636.450	12546.3555	39.4871
6639.380	12519.3600	39.8009
6642.310	12492.3299	41.3913
6645.240	12456.4883	42.6958
6648.170	12446.2157	37.3496
6651.100	12446.2209	36.2207
6654.030	12434.8021	38.7773
6656.960	12421.5761	34.8558
6659.890	12400.2156	37.6369
6662.820	12385.9823	40.2814
6665.750	12374.3826	44.8852
6668.680	12383.4556	36.2916
6671.610	12422.9984	38.9950
6674.540	12467.6364	64.5839
6677.470	12471.5297	74.7145
6680.400	12410.0499	53.7619
6683.330	12342.1952	40.4341
6686.260	12323.8541	37.5976
6689.190	12317.4217	33.0781
6692.120	12293.8613	32.4821
6695.050	12283.5420	38.0461
6697.980	12261.1521	41.0245
6700.910	12253.7280	38.7948
6703.840	12242.3364	38.4175
6706.770	12223.9957	36.5804
6709.700	12204.1560	40.6243
6712.630	12206.9494	36.5017
6715.560	12194.5789	36.7929
6718.490	12152.4751	38.2809
6721.420	12123.9602	44.2275
6724.350	12122.7016	41.5643
6727.280	12095.3131	40.7110
6730.210	12076.5334	41.7550
6733.140	12067.7720	39.3396
6736.070	12073.2524	38.2383
6739.000	12072.3038	34.3526
6741.930	12062.7078	34.4323
6744.860	12055.5570	37.9229
6747.790	12039.9385	39.1900
6750.720	12036.2633	38.9700
6753.650	12016.7049	40.1537
6756.580	11992.4496	34.3434
6759.510	11981.7284	32.2738
6762.440	11959.4099	33.3114
6765.370	11944.8661	36.5523
6768.300	11935.2045	35.1891
6771.230	11920.3813	35.6104
6774.160	11897.4279	38.3959
6777.090	11882.0125	36.3607
6780.020	11888.9951	35.0314
6782.950	11887.8829	32.9158
6785.880	11864.7472	31.2649
6788.810	11831.5658	34.1695
6791.740	11812.1460	35.8700
6794.670	11815.3433	33.7548
6797.600	11794.6124	32.8654
6800.530	11787.6174	33.7898
6803.460	11780.5472	30.6574
6806.390	11769.1570	34.1883
6809.320	11759.8133	33.3509
6812.250	11760.6870	29.0306
6815.180	11734.9617	30.3424
6818.110	11704.0170	31.3409
6821.040	11674.2699	31.8652
6823.970	11658.1366	36.0773
6826.900	11655.2407	37.6274
6829.830	11635.6628	37.2620
6832.760	11631.8765	36.8297
6835.690	11617.2697	35.7140
6838.620	11597.9056	36.0190
6841.550	11578.9697	31.5117
6844.480	11546.3757	32.6971
6847.410	11523.3810	34.4043
6850.340	11501.2235	35.8829
6853.270	11482.6022	37.6676
6856.200	11462.5942	37.3680
6859.130	11429.1989	38.8883
6862.060	11424.5173	35.6008
6864.990	11418.4259	35.7339
6867.920	11411.3097	36.9289
6870.850	11407.7984	33.6664
6873.780	11418.7059	31.0973
6876.710	11430.0528	30.3649
6879.640	11404.5089	33.7268
6882.570	11370.4413	38.2139
6885.500	11355.0899	43.2960
6888.430	11371.9818	39.7729
6891.360	11372.2767	35.6056
6894.290	11357.5401	33.3095
6897.220	11359.5900	31.2097
6900.150	11361.3426	29.4675
6903.080	11334.7468	31.2578
6906.010	11317.0418	30.9691
6908.940	11303.1038	33.0532
6911.870	11282.3047	34.5902
6914.800	11268.5601	32.8146
6917.730	11236.7708	31.7474
6920.660	11215.1722	32.5817
6923.590	11209.8775	31.1841
6926.520	11201.5358	29.9766
6929.450	11172.9563	30.0446
6932.380	11157.2970	30.1379
6935.310	11148.4722	28.0900
6938.240	11126.6724	30.2460
6941.170	11122.1557	29.7815
6944.100	11113.6990	30.1907
6947.030	11100.2725	32.6100
6949.960	11081.7489	33.5166
6952.890	11066.0809	32.0671
6955.820	11051.8642	30.8561
6958.750	11038.6846	29.9201
6961.680	11031.0245	30.9669
6964.610	11015.6973	33.3164
6967.540	11006.0251	32.6746
6970.470	11003.4621	32.9688
6973.400	11012.4882	31.8659
6976.330	11019.3534	31.6595
6979.260	11012.5312	33.0666
6982.190	10981.6002	30.8609
6985.120	10952.5939	31.3332
6988.050	10924.3744	32.3102
6990.980	10897.5166	35.0963
6993.910	10864.9665	35.1151
6996.840	10839.3228	33.2460
6999.770	10820.5814	33.8364
7002.700	10818.2382	34.6280
7005.630	10825.6709	33.5495
7008.560	10821.3781	33.2059
7011.490	10815.0645	32.0427
7014.420	10826.6676	28.8741
7017.350	10809.8463	29.6228
7020.280	10793.8082	30.7729
7023.210	10787.6114	32.1299
7026.140	10778.1949	32.0994
7029.070	10770.5421	30.3438
7032.000	10770.3325	27.6123
7034.930	10751.9705	26.7537
7037.860	10723.5673	26.0922
7040.790	10708.3382	26.9533
7043.720	10695.1659	30.2000
7046.650	10690.3527	29.6228
7049.580	10680.4227	27.6796
7052.510	10667.3990	27.9785
7055.440	10648.1681	30.4115
7058.370	10650.4737	35.6308
7061.300	10654.4086	42.2325
7064.230	10661.4517	54.0661
7067.160	10621.9635	42.9776
7070.090	10573.3762	28.9193
7073.020	10547.3092	29.5790
7075.950	10550.6449	30.3841
7078.880	10549.5426	28.8317
7081.810	10528.3469	27.5322
7084.740	10500.9544	28.6478
7087.670	10511.3688	27.5038
7090.600	10501.6347	27.1536
7093.530	10482.5325	28.2804
7096.460	10460.3088	27.1373
7099.390	10462.6608	27.1704
7102.320	10471.0096	30.2746
7105.250	10466.9790	33.0050
7108.180	10444.6696	32.3336
7111.110	10418.4447	31.4657
7114.040	10397.5424	28.9367
7116.970	10389.9312	30.2147
7119.900	10398.8148	32.3379
7122.830	10396.1708	32.6795
7125.760	10387.6806	30.2990
7128.690	10375.3079	28.2312
7131.620	10363.9201	28.0636
7134.550	10341.5880	28.4678
7137.480	10334.8294	27.3830
7140.410	10342.7667	27.5313
7143.340	10352.3322	32.5226
7146.270	10337.2012	30.4700
7149.200	10292.2050	31.4819
7152.130	10250.7074	31.7322
7155.060	10228.3011	30.5373
7157.990	10224.2626	29.8444
7160.920	10223.0304	29.6633
7163.850	10211.3345	33.0741
7166.780	10203.3208	33.4386
7169.710	10196.8278	37.5409
7172.640	10185.1462	38.0764
7175.570	10165.9282	35.6126
7178.500	10144.3663	33.9660
7181.430	10137.9761	31.2161
7184.360	10131.6746	30.2444
7187.290	10118.2588	28.4028
7190.220	10097.5476	27.8786
7193.150	10082.0758	27.0015
7196.080	10084.2425	27.2718
7199.010	10077.0079	31.0872
7201.940	10056.0240	29.9314
7204.870	10056.1156	28.6793
7207.800	10056.8163	27.4951
7210.730	10054.1168	26.9217
7213.660	10031.8472	27.6478
7216.590	10002.8076	27.2598
7219.520	9997.3626	30.5266
7222.450	9967.3880	41.2191
7225.380	9947.6799	38.0487
7228.310	9943.5145	31.3532
7231.240	9935.7572	29.1204
7234.170	9949.4481	27.9900
7237.100	9944.3220	27.4082
7240.030	9929.2865	28.6683
7242.960	9925.7238	30.4289
7245.890	9910.8909	32.7609
7248.820	9904.9604	31.3554
7251.750	9885.2324	31.1665
7254.680	9865.9633	29.3565
7257.610	9855.9001	27.5148
7260.540	9841.7617	25.3066
7263.470	9821.2310	28.1505
7266.400	9790.2615	27.6461
7269.330	9758.0810	31.4536
7272.260	9751.8867	31.3618
7275.190	9749.6423	30.6566
7278.120	9772.8988	33.4715
7281.050	9780.6063	36.1643
7283.980	9759.6272	30.9835
7286.910	9728.0283	31.5819
7289.840	9707.4597	33.3724
7292.770	9696.7145	30.8476
7295.700	9695.6989	30.7737
7298.630	9684.7202	30.6954
7301.560	9665.4573	29.5835
7304.490	9655.3141	29.0473
7307.420	9629.2901	28.6297
7310.350	9621.1235	27.9320
7313.280	9630.3392	28.5452
7316.210	9622.7540	28.8983
7319.140	9613.2248	26.5513
7322.070	9620.2486	26.7996
7325.000	9608.6851	28.5600
7327.930	9593.5385	28.7349
7330.860	9581.7392	28.2242
7333.790	9552.0039	32.0150
7336.720	9522.4332	34.5008
7339.650	9525.8539	30.8811
7342.580	9530.0501	27.8879
7345.510	9524.4025	26.1313
7348.440	9514.3484	25.9585
7351.370	9495.7387	31.0824
7354.300	9468.6593	32.3379
7357.230	9462.8312	28.4916
7360.160	9449.8616	28.1175
7363.090	9425.9328	28.8121
7366.020	9413.6361	28.3661
7368.950	9431.9300	26.5488
7371.880	9448.6402	27.3295
7374.810	9446.1884	25.7323
7377.740	9425.3684	27.8198
7380.670	9402.6116	26.9581
7383.600	9385.2169	29.4324
7386.530	9373.1139	28.9522
7389.460	9390.7962	27.5938
7392.390	9381.0930	26.4223
7395.320	9353.7788	26.2099
7398.250	9317.0004	25.9616
7401.180	9294.3182	25.6180
7404.110	9287.9694	26.0655
7407.040	9282.9890	27.6927
7409.970	9275.5010	29.6770
7412.900	9260.5773	32.0523
7415.830	9243.0743	29.2997
7418.760	9228.4359	26.0987
7421.690	9212.7805	28.5256
7424.620	9199.4587	28.7535
7427.550	9203.6109	25.9803
7430.480	9206.7621	26.8101
7433.410	9189.2165	26.3066
7436.340	9147.4852	26.0636
7439.270	9103.7133	27.8034
7442.200	9095.6986	25.1045
7445.130	9132.3172	27.4255
7448.060	9148.5594	28.2894
7450.990	9135.4146	29.1730
7453.920	9117.0949	31.1479
7456.850	9103.4082	28.7101
7459.780	9075.3837	29.3479
7462.710	9037.8566	29.3112
7465.640	8999.9874	31.1937
7468.570	8994.7094	29.1444
7471.500	9016.8181	29.8435
7474.430	9036.5284	32.9857
7477.360	9029.7420	31.0738
7480.290	9020.0495	30.9964
7483.220	9024.4699	28.6418
7486.150	9016.5737	27.8754
7489.080	9006.2304	27.8930
7492.010	8986.3272	29.6774
7494.940	8971.7937	30.1787
7497.870	8946.1367	31.2392
7500.800	8950.0147	29.7974
7503.730	8953.3028	28.6610
7506.660	8946.3295	28.1510
7509.590	8945.1678	27.8971
7512.520	8936.7559	28.0464
7515.450	8927.3041	24.8027
7518.380	8923.6111	27.3545
7521.310	8924.6861	28.9524
7524.240	8909.5388	30.4618
7527.170	8886.4652	29.0825
7530.100	8868.5051	28.4779
7533.030	8866.0750	28.6929
7535.960	8853.2993	24.9831
7538.890	8841.1218	27.1042
7541.820	8826.8188	28.9808
7544.750	8821.4976	27.9144
7547.680	8798.2347	24.0948
7550.610	8786.9240	25.0484
7553.540	8794.4512	24.1146
7556.470	8791.3314	24.6733
7559.400	8767.6277	26.9139
7562.330	8755.7580	28.8834
7565.260	8734.0793	32.5364
7568.190	8725.1571	33.6106
7571.120	8731.7639	28.6149
7574.050	8727.8299	25.6316
7576.980	8713.0400	24.3858
7579.910	8692.4522	27.1582
7582.840	8686.6096	29.9917
7585.770	8672.9636	34.2758
7588.700	8649.6583	35.4822
7591.630	8613.3028	38.6434
7594.560	8578.0091	39.9604
7597.490	8575.6227	39.6535
7600.420	8570.1044	35.9595
7603.350	8602.9918	32.5987
7606.280	8615.8242	26.6247
7609.210	8616.0638	26.9289
7612.140	8602.7133	23.5581
7615.070	8609.2652	24.8517
7618.000	8568.1858	24.6573
7620.930	8530.1668	27.7096
7623.860	8521.2958	33.7787
7626.790	8502.3938	31.3266
7629.720	8488.9242	29.7466
7632.650	8487.4734	25.9854
7635.580	8481.2544	22.4107
7638.510	8475.9722	24.4386
7641.440	8464.6148	29.8745
7644.370	8465.1908	26.4785
7647.300	8466.9732	24.7355
7650.230	8443.2129	27.7000
7653.160	8425.4468	25.8152
7656.090	8423.9526	29.1912
7659.020	8402.4317	31.6976
7661.950	8365.6097	30.5060
7664.880	8354.1896	28.0427
7667.810	8374.7521	22.9429
7670.740	8379.2379	23.2975
7673.670	8382.8925	25.3295
7676.600	8375.8361	27.2291
7679.530	8355.7314	28.4607
7682.460	8329.8735	26.5056
7685.390	8309.5506	29.5377
7688.320	8286.9163	29.1797
7691.250	8284.3222	28.1802
7694.180	8262.0583	25.2792
7697.110	8241.4957	24.6633
7700.040	8248.0843	25.2947
7702.970	8241.8504	24.5935
7705.900	8228.0578	24.4581
7708.830	8210.1468	24.9769
7711.760	8206.1888	26.7798
7714.690	8220.1672	26.6528
7717.620	8225.5915	23.7012
7720.550	8226.7694	27.5191
7723.480	8232.1083	29.4689
7726.410	8238.3657	27.0602
7729.340	8231.8728	28.3906
7732.270	8210.6859	28.5534
7735.200	8189.9908	24.8949
7738.130	8193.2347	25.6666
7741.060	8186.7208	22.7864
7743.990	8167.5244	26.4167
7746.920	8162.8107	23.5266
7749.850	8161.2246	22.6088
7752.780	8156.1339	22.9039
7755.710	8151.5736	25.2343
7758.640	8134.0109	22.6471
7761.570	8094.9215	24.6845
7764.500	8017.2467	23.9579
7767.430	7866.8195	21.8178
7770.360	7652.5655	25.3841
7773.290	7595.7547	26.6092
7776.220	7763.3767	24.7500
7779.150	7943.0718	26.3640
7782.080	8029.4691	23.4289
7785.010	8052.7676	24.9369
7787.940	8045.4006	23.8359
7790.870	8039.5485	22.2832
7793.800	8028.6678	22.6355
7796.730	8032.9961	23.0262
7799.660	8052.2178	23.6257
7802.590	8046.0713	26.5111
7805.520	8017.4125	29.6034
7808.450	8003.8483	26.7388
7811.380	8010.2243	25.5361
7814.310	8003.5346	23.2855
7817.240	7993.4351	24.1317
7820.170	7988.7999	24.4259
7823.100	7984.8023	23.8587
7826.030	7973.6660	24.9233
7828.960	7966.3394	26.4796
7831.890	7948.7142	28.6484
7834.820	7939.6600	26.2375
7837.750	7927.1379	25.0439
7840.680	7916.4157	24.0599
7843.610	7889.0486	23.3743
7846.540	7873.9963	25.6507
7849.470	7879.2209	28.0394
7852.400	7890.9222	26.8583
7855.330	7891.4677	28.2616
7858.260	7883.3690	25.1654
7861.190	7878.4679	24.2090
7864.120	7886.3599	25.0299
7867.050	7865.3917	25.9781
7869.980	7811.8681	28.4816
7872.910	7766.9092	26.0873
7875.840	7742.6511	25.6796
7878.770	7758.1256	24.1505
7881.700	7768.2036	24.5310
7884.630	7762.6671	26.3234
7887.560	7750.0726	25.8398
7890.490	7721.1097	22.6948
7893.420	7690.5151	22.7757
7896.350	7697.0070	23.5693
7899.280	7746.5230	27.3607
7902.210	7780.1972	26.5798
7905.140	7766.3875	27.4566
7908.070	7748.6065	27.6115
7911.000	7722.7021	29.2031
7913.930	7684.6602	28.0151
7916.860	7661.0466	26.6992
7919.790	7662.4477	24.3433
7922.720	7653.5284	28.2139
7925.650	7643.7524	25.2673
7928.580	7647.6325	23.5994
7931.510	7637.8405	24.9507
7934.440	7634.7730	24.5692
7937.370	7637.0469	23.9371
7940.300	7634.0768	22.1728
7943.230	7623.2135	21.4926
7946.160	7605.7219	21.9427
7949.090	7582.8338	22.0508
7952.020	7576.1632	22.9581
7954.950	7592.4703	23.2730
7957.880	7588.9087	24.9455
7960.810	7579.5104	26.9074
7963.740	7574.3851	27.6902
7966.670	7566.9870	26.2532
7969.600	7556.8789	25.2297
7972.530	7572.3465	26.8394
7975.460	7572.7270	25.0644
7978.390	7580.0468	26.1430
7981.320	7569.6345	24.4849
7984.250	7555.8803	24.2203
7987.180	7536.7980	26.4984
7990.110	7515.1832	27.0206
7993.040	7507.1468	24.4152
7995.970	7499.4735	24.3860
7998.900	7500.3743	23.2766
8001.830	7474.6945	22.1872
8004.760	7476.7574	19.7583
8007.690	7483.8335	18.4573
8010.620	7485.7225	18.2633
8013.550	7479.2092	20.2830
8016.480	7495.5358	23.9651
8019.410	7504.9608	25.0140
8022.340	7488.8414	25.0030
8025.270	7477.8553	23.4506
8028.200	7468.5735	26.6337
8031.130	7434.9134	24.1080
8034.060	7398.1633	22.1972
8036.990	7372.9518	22.9471
8039.920	7366.0660	22.7777
8042.850	7358.7915	22.5024
8045.780	7359.1965	22.5102
8048.710	7349.1926	24.0052
8051.640	7327.6092	24.5825
8054.570	7312.6308	28.2960
8057.500	7312.1631	25.0178
8060.430	7308.9525	22.1673
8063.360	7330.7697	22.6888
8066.290	7352.4178	20.1584
8069.220	7333.8767	24.2817
8072.150	7334.8188	23.6100
8075.080	7331.0836	23.7455
8078.010	7317.2370	26.0476
8080.940	7281.5748	27.3082
8083.870	7264.3095	24.4558
8086.800	7250.7362	22.5270
8089.730	7241.8980	22.6511
8092.660	7247.6687	22.7859
8095.590	7241.2132	22.7183
8098.520	7213.5616	22.8229
8101.450	7193.2781	23.6567
8104.380	7199.1282	24.1224
8107.310	7197.6442	25.2355
8110.240	7197.9886	23.1788
8113.170	7197.0337	24.8349
8116.100	7202.2803	26.6931
8119.030	7192.8399	25.2239
8121.960	7201.5439	24.4872
8124.890	7208.1589	21.8903
8127.820	7214.0797	20.1974
8130.750	7194.6079	21.7239
8133.680	7173.0457	20.1720
8136.610	7132.1665	22.5752
8139.540	7119.4620	22.2520
8142.470	7111.2001	23.3106
8145.400	7100.3118	20.0194
8148.330	7102.3658	19.5822
8151.260	7109.9655	20.7687
8154.190	7105.5656	21.4090
8157.120	7104.3759	24.0083
8160.050	7080.7431	23.4655
8162.980	7072.4992	24.7946
8165.910	7053.7879	26.3183
8168.840	7028.7763	30.5411
8171.770	7021.7894	28.7278
8174.700	7032.5894	26.3763
8177.630	6994.0687	25.6588
8180.560	6918.8779	27.3009
8183.490	6852.4963	28.6757
8186.420	6849.7580	25.3010
8189.350	6891.2731	24.8031
8192.280	6935.1787	23.2755
8195.210	6928.8682	24.6474
8198.140	6906.7116	20.6300
8201.070	6912.7760	20.1555
8204.000	6904.1429	21.3004
8206.930	6881.4738	22.8481
8209.860	6845.0929	20.4994
8212.790	6804.7084	19.6017
8215.720	6793.7725	17.8984
8218.650	6805.0981	20.7068
8221.580	6809.6144	23.9940
8224.510	6834.4054	26.3400
8227.440	6846.7299	30.7804
8230.370	6843.2870	37.2619
8233.300	6852.8686	32.1270
8236.230	6847.5525	27.4615
8239.160	6830.1514	23.7007
8242.090	6806.2491	17.9788
8245.020	6830.4380	17.7259
8247.950	6846.8263	20.1153
8250.880	6834.2593	19.7203
8253.810	6833.7167	21.2369
8256.740	6818.0531	24.5626
8259.670	6811.2390	21.7647
8262.600	6803.5675	21.5829
8265.530	6793.0683	21.1860
8268.460	6784.2516	21.2506
8271.390	6793.9386	19.4924
8274.320	6801.4527	18.1129
8277.250	6798.1441	17.4459
8280.180	6773.7385	19.9124
8283.110	6756.6822	18.8926
8286.040	6742.9534	19.6088
8288.970	6734.1729	20.8190
8291.900	6741.8365	22.2740
8294.830	6712.5365	22.2407
8297.760	6677.4694	22.7802
8300.690	6675.3529	19.5327
8303.620	6711.1345	17.5204
8306.550	6706.7143	19.7599
8309.480	6708.2434	22.7345
8312.410	6698.4774	21.9167
8315.340	6700.0919	24.2605
8318.270	6692.6194	23.8338
8321.200	6694.2417	22.8866
8324.130	6689.2424	21.8310
8327.060	6675.6928	25.6294
8329.990	6647.2680	26.1207
8332.920	6642.7848	25.3124
8335.850	6636.6561	24.8304
8338.780	6620.0134	24.2036
8341.710	6579.7535	24.4212
8344.640	6557.7742	23.1360
8347.570	6593.4239	19.8539
8350.500	6582.1595	22.4838
8353.430	6547.4879	23.6015
8356.360	6564.9802	20.4366
8359.290	6571.5508	20.8551
8362.220	6564.1625	24.6605
8365.150	6549.7052	24.6086
8368.080	6533.3788	20.6491
8371.010	6558.8769	18.6516
8373.940	6571.7918	18.4271
8376.870	6576.1757	22.3578
8379.800	6571.6841	25.7815
8382.730	6557.9173	26.1874
8385.660	6557.8416	22.2318
8388.590	6522.0847	19.5690
8391.520	6507.8352	19.4440
8394.450	6518.3934	22.2585
8397.380	6526.9925	23.5737
8400.310	6528.9360	20.7227
8403.240	6522.8855	17.3210
8406.170	6483.1137	16.2603
8409.100	6443.0865	18.6311
8412.030	6413.8257	22.4442
8414.960	6428.7014	25.7723
8417.890	6495.0470	19.4839
8420.820	6550.5437	17.2684
8423.750	6544.0462	18.0221
8426.680	6470.9569	22.2903
8429.610	6393.5686	27.4303
8432.540	6356.0080	22.4723
8435.470	6330.0803	22.9662
8438.400	6276.6696	21.8362
8441.330	6207.6997	19.8149
8444.260	6154.8120	18.2008
8447.190	6247.1858	19.1088
8450.120	6394.1234	28.5386
8453.050	6452.7206	22.0462
8455.980	6422.5817	19.9094
8458.910	6333.3835	24.9416
8461.840	6214.1627	24.5349
8464.770	6156.6592	24.4579
8467.700	6204.7863	23.2319
8470.630	6310.2341	20.4205
8473.560	6414.7472	20.8296
8476.490	6511.7197	22.8990
8479.420	6576.2092	22.7492
8482.350	6596.4956	22.4909
8485.280	6550.5304	27.1702
8488.210	6463.9519	26.3844
8491.140	6327.2286	25.1648
8494.070	6174.6747	30.8183
8497.000	6025.5611	41.3967
8499.930	5897.2986	30.5447
8502.860	5911.7296	23.6515
8505.790	6068.8213	25.3799
8508.720	6241.0369	23.9973
8511.650	6393.4044	22.4489
8514.580	6501.5723	25.8582
8517.510	6558.6520	24.2954
8520.440	6580.3778	23.0360
8523.370	6569.5291	22.9807
8526.300	6533.2748	25.4966
8529.230	6442.8262	29.7279
8532.160	6314.4099	25.8721
8535.090	6109.9409	24.5085
8538.020	5891.6060	47.0664
8540.950	5697.1425	57.0795
8543.880	5634.4567	40.6919
8546.810	5713.9610	23.8770
8549.740	5934.7423	28.7468
8552.670	6149.2665	25.5848
8555.600	6328.1495	21.2282
8558.530	6473.9854	20.5612
8561.460	6589.2320	21.4312
8564.390	6659.7541	22.4008
8567.320	6691.0770	22.2493
8570.250	6692.8446	22.6938
8573.180	6673.3445	23.9640
8576.110	6619.3995	25.2378
8579.040	6531.6023	26.0064
8581.970	6389.2575	27.8649
8584.900	6190.2791	25.7067
8587.830	5945.9017	24.0059
8590.760	5669.8241	18.1328
8593.690	5418.9936	17.3885
8596.620	5314.3169	16.4419
8599.550	5418.1811	20.4700
8602.480	5668.5192	19.8467
8605.410	5956.0587	17.4487
8608.340	6184.4858	15.8243
8611.270	6358.5736	16.5886
8614.200	6503.5214	19.9499
8617.130	6609.4696	18.6989
8620.060	6650.2350	24.0097
8622.990	6663.6552	32.3147
8625.920	6656.6614	28.0862
8628.850	6677.4092	24.8505
8631.780	6699.3872	22.5727
8634.710	6676.8794	27.8997
8637.640	6619.0305	28.7309
8640.570	6571.0151	27.8781
8643.500	6477.0366	24.7715
8646.430	6337.1696	23.2438
8649.360	6114.4569	23.6070
8652.290	5852.2774	23.0000
8655.220	5583.2086	16.0169
8658.150	5290.3979	38.9430
8661.080	5064.7713	45.3670
8664.010	5009.4674	34.1411
8666.940	5158.9630	22.6106
8669.870	5449.0745	22.5255
8672.800	5711.2616	21.5040
8675.730	5867.0431	21.7643
8678.660	5971.1714	22.0326
8681.590	6110.5458	21.5472
8684.520	6313.8772	21.2002
8687.450	6517.9326	22.2659
8690.380	6646.0532	22.6088
8693.310	6723.4633	21.9915
8696.240	6762.7778	21.1513
8699.170	6757.1676	22.2150
8702.100	6757.0397	23.0719
8705.030	6750.8234	23.7558
8707.960	6742.8248	23.0235
8710.890	6728.7421	22.7772
8713.820	6696.1805	22.1132
8716.750	6646.8976	19.9353
8719.680	6592.9204	20.6615
8722.610	6535.8400	22.6712
8725.540	6466.9873	18.7919
8728.470	6368.4314	16.9361
8731.400	6244.0679	17.0551
8734.330	6062.4289	17.8805
8737.260	5823.9795	18.5315
8740.190	5525.9296	16.9008
8743.120	5181.7686	16.6133
8746.050	4871.5255	15.2557
8748.980	4751.6545	14.2403
8751.910	4891.5404	16.4383
8754.840	5199.6388	16.1868
8757.770	5529.7114	17.2274
8760.700	5801.6081	19.4583
8763.630	6032.7114	20.8786
8766.560	6210.8789	22.9654
8769.490	6348.0867	24.9022
8772.420	6453.3201	24.8243
8775.350	6500.2600	25.0301
8778.280	6548.7377	23.1711
8781.210	6585.6907	25.6945
8784.140	6623.2167	26.2829
8787.070	6659.6067	26.8354
8790.000	6701.0310	22.4394
8792.930	6736.4595	20.3201
8795.860	6750.8834	19.0986
8798.790	6738.5532	19.9966
8801.720	6739.3431	23.6209
8804.650	6760.9859	29.4635
8807.580	6760.4482	26.7873
8810.510	6731.2377	27.2421
8813.440	6706.4409	28.3146
8816.370	6650.4695	27.4008
8819.300	6619.4826	25.5791
8822.230	6607.7040	25.1824
8825.160	6552.9101	26.4642
8828.090	6523.1996	22.3811
8831.020	6480.2961	21.6276
8833.950	6374.8415	21.4236
8836.880	6303.2053	20.0961
8839.810	6222.4872	17.0681
8842.740	6091.2890	18.2017
8845.670	5898.3942	20.4040
8848.600	5665.9342	25.3456
8851.530	5400.3774	23.2865
8854.460	5056.1444	20.1952
8857.390	4679.3940	17.1797
8860.320	4468.6302	13.3367
8863.250	4517.9708	15.3608
8866.180	4790.2415	18.4642
8869.110	5148.6359	18.8994
8872.040	5472.4315	17.4948
8874.970	5718.9647	18.1122
8877.900	5915.3359	14.5695
8880.830	6046.5043	17.4739
8883.760	6120.4946	21.4897
8886.690	6217.3734	19.4343
8889.620	6321.6803	15.5048
8892.550	6391.0527	19.5449
8895.480	6446.8088	25.0250
8898.410	6486.8933	25.9716
8901.340	6490.4874	25.8015
8904.270	6494.6639	24.0021
8907.200	6475.2428	22.9209
8910.130	6476.4151	19.7665
8913.060	6518.5206	23.1662
8915.990	6532.8366	21.9628
8918.920	6560.1309	20.2352
8921.850	6575.7222	24.1473
8924.780	6551.5235	26.6461
8927.710	6517.6283	26.0666
8930.640	6499.7536	21.5910
8933.570	6482.0211	20.5084
8936.500	6468.2424	21.7058
8939.430	6464.2589	25.3291
8942.360	6487.5564	24.3246
8945.290	6524.7379	22.1817
8948.220	6529.0412	21.9997
8951.150	6545.7387	20.3721
8954.080	6517.8338	23.1760
8957.010	6468.6626	23.0587
8959.940	6448.6629	17.5242
8962.870	6435.1005	17.8928
8965.800	6444.1159	21.3296
8968.730	6425.0903	23.2748
8971.660	6362.4297	26.8776
8974.590	6312.5413	25.3177
8977.520	6264.6576	24.1456
8980.450	6222.1788	20.9558
8983.380	6140.8209	19.1506
8986.310	6053.2711	20.6037
8989.240	5992.7239	22.4935
8992.170	5916.8788	21.1275
8995.100	5789.6407	23.3170
8998.030	5596.5095	24.0647
9000.960	5344.4332	20.1166
9003.890	5057.8020	16.9871
9006.820	4723.7034	16.8536
9009.750	4396.1522	16.7128
9012.680	4220.4875	19.6088
9015.610	4331.9077	20.1291
9018.540	4646.8998	17.3660
9021.470	4962.2123	18.4165
9024.400	5220.5511	21.3585
9027.330	5423.1484	22.2394
9030.260	5581.2061	18.7431
9033.190	5721.6414	14.3330
9036.120	5838.9820	15.3795
9039.050	5912.7304	15.5336
9041.980	5970.3360	20.7754
9044.910	6007.1370	21.7670
9047.840	6045.7868	26.1241
9050.770	6079.6633	25.6028
9053.700	6092.1583	21.6896
9056.630	6058.2692	16.4030
9059.560	6031.7476	18.9585
9062.490	6071.4697	21.0716
9065.420	6151.6192	24.4034
9068.350	6216.0296	26.3118
9071.280	6266.0117	24.7501
9074.210	6287.4022	22.5965
9077.140	6273.0194	21.6961
9080.070	6250.9081	25.1931
9083.000	6225.4892	21.7742
9085.930	6181.2254	21.0106
9088.860	6150.0676	22.4204
9091.790	6107.5907	24.1931
9094.720	6097.5080	20.1010
9097.650	6135.6315	20.5194
9100.580	6153.4332	23.5080
9103.510	6156.9666	23.0808
9106.440	6156.3291	22.1304
9109.370	6167.4702	24.7621
9112.300	6183.0673	25.5931
9115.230	6190.3118	27.7932
9118.160	6169.7119	27.9760
9121.090	6116.6513	22.8039
9124.020	6086.4007	19.9520
9126.950	6074.5073	19.4034
9129.880	6078.2971	23.4718
9132.810	6098.8218	26.0851
9135.740	6128.4507	23.1215
9138.670	6156.2594	24.3623
9141.600	6167.4347	23.0176
9144.530	6148.4984	22.8484
9147.460	6118.9006	19.9744
9150.390	6099.1305	20.8459
9153.320	6096.8885	23.0859
9156.250	6115.7426	23.0372
9159.180	6120.2317	23.7488
9162.110	6106.1130	23.0852
9165.040	6053.9633	23.9897
9167.970	6007.1299	23.2591
9170.900	5958.3348	21.3919
9173.830	5926.4215	23.9493
9176.760	5935.2532	23.4023
9179.690	5935.5022	23.4996
9182.620	5927.9659	24.1024
9185.550	5930.4357	20.1501
9188.480	5919.8181	20.6058
9191.410	5900.0571	20.4366
9194.340	5838.8275	20.2348
9197.270	5749.1842	22.6032
9200.200	5665.8315	20.4298
9203.130	5574.0087	23.6817
9206.060	5452.6676	21.9530
9208.990	5310.1488	20.3911
9211.920	5114.4872	19.2709
9214.850	4894.3748	18.8942
9217.780	4647.7875	19.1558
9220.710	4378.3601	17.1292
9223.640	4105.1394	14.4923
9226.570	3932.1731	14.9299
9229.500	4009.4312	15.2437
9232.430	4262.8288	17.4015
9235.360	4532.5073	16.5051
9238.290	4764.7376	15.3224
9241.220	4953.3236	17.3436
9244.150	5127.3796	20.2152
9247.080	5288.9085	24.0377
9250.010	5409.7128	24.8310
9252.940	5481.1653	21.8094
9255.870	5476.2924	19.6204
9258.800	5386.8663	20.1415
9261.730	5343.7612	21.0643
9264.660	5425.5449	22.0316
9267.590	5576.5514	22.2795
9270.520	5692.9523	24.6091
9273.450	5742.5657	25.4019
9276.380	5755.6936	27.1158
9279.310	5761.2275	28.6988
9282.240	5745.9789	23.1796
9285.170	5759.8512	20.5278
9288.100	5781.7670	20.7620
9291.030	5810.9385	18.0883
9293.960	5850.4561	16.6330
9296.890	5885.8788	19.2740
9299.820	5905.2129	22.2680
9302.750	5870.5833	25.9313
9305.680	5818.3889	21.8113
9308.610	5765.8881	21.6926
9311.540	5703.3289	21.5539
9314.470	5662.9861	26.3831
9317.400	5680.2272	23.2754
9320.330	5709.1708	26.7424
9323.260	5753.7952	30.9958
9326.190	5789.6588	27.3061
9329.120	5798.6048	23.9260
9332.050	5781.5905	26.9808
9334.980	5725.1613	31.2090
9337.910	5680.6859	35.0162
9340.840	5685.8308	32.6526
9343.770	5711.3627	31.0204
9346.700	5712.2926	28.8256
9349.630	5685.2441	26.5988
9352.560	5682.3774	30.2776
9355.490	5694.8020	28.5851
9358.420	5701.0696	23.3815
9361.350	5685.6131	24.4760
9364.280	5667.9377	24.8317
9367.210	5670.4627	26.7133
9370.140	5652.2700	24.6122
9373.070	5620.9982	23.4842
9376.000	5619.6985	24.1758
9378.930	5630.3248	27.1976
9381.860	5592.9640	25.9486
9384.790	5559.8562	18.6291
9387.720	5522.1071	18.6065
9390.650	5502.7101	21.1528
9393.580	5514.0537	26.5520
9396.510	5544.8104	24.2821
9399.440	5553.4456	23.7095
9402.370	5572.9987	24.0831
9405.300	5605.0293	27.5924
9408.230	5588.9024	28.0400
9411.160	5544.3394	34.3429
9414.090	5509.7096	32.2189
9417.020	5487.1964	25.0810
9419.950	5482.2963	26.6039
9422.880	5501.7395	25.9203
9425.810	5515.4182	25.0107
9428.740	5551.6246	23.1054
9431.670	5562.7164	20.8429
9434.600	5546.5903	20.8221
9437.530	5530.3786	26.8235
9440.460	5515.5078	30.8979
9443.390	5516.3211	26.2303
9446.320	5520.8956	23.1957
9449.250	5512.6564	22.5385
9452.180	5494.1062	24.3688
9455.110	5440.1543	24.3673
9458.040	5392.9926	21.2680
9460.970	5425.5027	19.0441
9463.900	5469.5347	18.0247
9466.830	5476.3882	17.8618
9469.760	5461.9908	20.4376
9472.690	5441.6625	22.7539
9475.620	5425.3785	24.6415
9478.550	5387.7950	25.5505
9481.480	5365.9297	22.9788
9484.410	5383.6000	20.2472
9487.340	5349.1991	24.5821
9490.270	5311.0641	23.3143
9493.200	5314.5295	21.6473
9496.130	5310.3626	24.0842
9499.060	5287.4616	26.3902
9501.990	5278.5602	23.8192
9504.920	5277.2282	21.2150
9507.850	5280.8542	20.8870
9510.780	5266.6561	24.5977
9513.710	5198.1647	27.9624
9516.640	5091.1390	29.7594
9519.570	4969.3309	25.2351
9522.500	4871.3231	18.2590
9525.430	4775.3270	16.2040
9528.360	4669.6958	17.0439
9531.290	4496.9893	17.1507
9534.220	4300.9983	18.2420
9537.150	4060.0414	19.0953
9540.080	3807.9549	19.3287
9543.010	3635.8515	19.7750
9545.940	3633.8294	19.6414
9548.870	3803.6409	20.2711
9551.800	4028.6660	21.3965
9554.730	4265.4240	20.2007
9557.660	4476.0970	22.4454
9560.590	4639.1928	23.2317
9563.520	4760.0117	25.5038
9566.450	4866.8558	30.1256
9569.380	4962.4952	27.5000
9572.310	5026.2572	24.2880
9575.240	5020.2464	22.0056
9578.170	4992.1725	23.5205
9581.100	4993.4787	23.2183
9584.030	5029.5167	25.7729
9586.960	5075.6441	31.5192
9589.890	5106.1456	32.6444
9592.820	5143.9406	30.5964
9595.750	5142.7686	30.5959
9598.680	5116.0174	27.9846
9601.610	5102.1680	30.7266
9604.540	5081.5413	34.4434
9607.470	5119.2865	38.2322
9610.400	5155.9038	41.5802
9613.330	5144.0111	40.8603
9616.260	5077.6834	35.3530
9619.190	5050.3600	44.0276
9622.120	5056.7083	45.4374
9625.050	5028.7592	45.8268
9627.980	5004.8047	41.6150
9630.910	4985.4387	39.1903
9633.840	5008.0795	40.9258
9636.770	5042.2047	43.5250
9639.700	5043.9576	41.0328
9642.630	5022.2481	43.2932
9645.560	5014.2171	45.9811
9648.490	5012.6453	44.2569
9651.420	5010.8335	46.4402
9654.350	4968.5222	44.1226
9657.280	4961.8769	43.9068
9660.210	4947.7968	50.0698
9663.140	4934.2212	49.4111
9666.070	4907.9630	48.8662
9669.000	4917.9540	47.0359
9671.930	4939.4970	51.1052
9674.860	4952.2452	51.2827
9677.790	4953.2452	53.5887
9680.720	4926.2603	51.3635
9683.650	4938.1128	55.5528
9686.580	4917.6612	54.6954
9689.510	4881.0909	54.9595
9692.440	4860.4815	54.7043
9695.370	4871.8536	55.0058
9698.300	4876.0525	53.5162
9701.230	4880.6559	57.2945
