3298.680	100689.6309	581.4311
3301.060	100266.8296	701.3853
3303.440	99195.0029	630.9332
3305.820	99166.8579	528.2101
3308.200	99136.7951	522.9166
3310.580	98361.9732	578.4404
3312.960	98261.7875	549.9537
3315.340	98469.3594	548.3821
3317.720	98788.3684	586.7873
3320.100	97341.9921	682.8372
3322.480	95916.3869	547.3735
3324.860	96266.2792	492.9079
3327.240	96813.1739	503.5769
3329.620	97140.3210	497.6364
3332.000	96933.3492	561.6789
3334.380	95966.2108	521.3126
3336.760	95380.9004	490.6630
3339.140	94946.6230	477.8711
3341.520	95133.6231	480.1800
3343.900	95935.4528	493.5894
3346.280	95170.1479	425.1370
3348.660	94104.2694	500.3503
3351.040	95601.2910	466.9300
3353.420	97013.9408	531.9572
3355.800	96118.7183	647.3758
3358.180	94253.0357	554.3972
3360.560	95105.5734	602.6833
3362.940	96101.0129	503.1443
3365.320	95800.0388	536.0086
3367.700	94958.4923	490.5956
3370.080	94685.2691	509.7028
3372.460	95462.3805	519.3044
3374.840	96543.9113	526.6411
3377.220	94635.4813	624.2024
3379.600	93549.7920	395.7553
3381.980	94213.8905	410.1841
3384.360	95645.5302	429.7426
3386.740	96014.2706	547.5844
3389.120	95761.1650	479.2308
3391.500	94823.8529	434.0022
3393.880	95243.1062	526.9748
3396.260	96780.8528	439.5634
3398.640	97110.1229	573.6553
3401.020	95983.9156	597.5888
3403.400	95280.2589	458.0373
3405.780	95249.6039	415.6374
3408.160	95417.9207	389.6608
3410.540	96707.9041	418.5927
3412.920	96902.4497	483.8616
3415.300	96820.4050	446.6146
3417.680	96287.0257	508.4509
3420.060	95223.0075	549.6689
3422.440	95017.5281	466.9936
3424.820	96415.1424	388.9522
3427.200	97324.7216	386.4455
3429.580	97047.9152	506.0582
3431.960	95970.6567	554.8286
3434.340	95551.6488	543.2280
3436.720	94967.4942	555.4712
3439.100	94078.8780	490.0782
3441.480	93638.2908	522.4880
3443.860	94042.4380	489.2326
3446.240	95909.7759	414.9393
3448.620	96456.4411	561.1687
3451.000	96069.4309	536.2186
3453.380	95179.5243	504.3377
3455.760	94515.4313	454.9175
3458.140	93892.0301	384.7093
3460.520	93602.0783	416.0427
3462.900	94429.2380	413.7606
3465.280	94704.0819	577.2607
3467.660	95157.2369	521.6967
3470.040	94492.4318	552.9940
3472.420	93430.7729	450.1453
3474.800	93015.1572	426.3381
3477.180	93583.1856	508.4610
3479.560	94014.2205	606.2592
3481.940	93965.6087	527.9738
3484.320	94026.1705	448.7307
3486.700	93463.9340	479.2962
3489.080	93115.7467	424.6724
3491.460	92276.0309	445.8487
3493.840	91327.8869	379.9375
3496.220	91951.1816	411.8447
3498.600	93688.4295	391.1611
3500.980	94203.5614	507.2941
3503.360	93700.0525	542.1584
3505.740	93926.4476	488.7954
3508.120	93794.4473	424.7872
3510.500	93515.1232	397.9034
3512.880	93617.2830	411.6237
3515.260	93780.1059	413.0787
3517.640	94101.0721	338.1779
3520.020	93800.7926	360.9455
3522.400	93926.7940	416.2975
3524.780	94347.2078	588.1147
3527.160	94277.9006	389.5855
3529.540	94431.4361	371.6811
3531.920	94419.5098	405.0625
3534.300	94179.7206	363.8454
3536.680	94259.9590	368.2243
3539.060	94559.5162	383.7320
3541.440	94740.5271	420.8055
3543.820	94675.4231	444.1068
3546.200	94648.0333	494.6963
3548.580	94909.2849	436.6213
3550.960	94931.5559	469.4491
3553.340	94242.4455	476.4198
3555.720	92997.3437	489.2221
3558.100	92829.6098	496.0083
3560.480	93374.8013	453.6558
3562.860	93284.2433	386.6944
3565.240	92392.6161	395.9971
3567.620	91945.7375	350.7494
3570.000	91123.7660	476.6782
3572.380	91209.4136	386.7890
3574.760	91576.3384	398.5826
3577.140	91577.6912	420.1546
3579.520	92254.3326	446.6609
3581.900	91793.9992	433.2220
3584.280	91042.5709	440.5358
3586.660	90935.5836	414.7833
3589.040	91794.0957	395.5637
3591.420	92141.1692	431.7436
3593.800	91936.0450	547.3705
3596.180	92137.4407	579.8929
3598.560	92765.6330	519.9794
3600.940	92663.1804	407.8193
3603.320	91680.6395	377.3941
3605.700	91847.9004	402.6633
3608.080	91532.9679	356.0434
3610.460	91114.5143	446.0114
3612.840	90445.0301	555.7162
3615.220	90718.3118	499.8732
3617.600	91673.1418	351.3453
3619.980	91546.0168	456.9069
3622.360	91741.4679	417.6213
3624.740	91632.3515	578.1136
3627.120	91537.2467	553.8160
3629.500	91001.0694	456.1114
3631.880	91404.4627	499.6703
3634.260	92192.3428	467.6159
3636.640	92143.8033	459.3878
3639.020	91621.6855	409.4499
3641.400	91392.2403	398.0228
3643.780	91102.5412	404.0562
3646.160	91146.7444	381.3523
3648.540	91147.7644	401.7169
3650.920	91332.0806	329.4647
3653.300	91883.4957	431.3839
3655.680	91879.5916	429.8474
3658.060	91321.4626	406.2212
3660.440	91213.8928	342.4359
3662.820	91425.4718	330.4514
3665.200	91800.1424	348.7531
3667.580	92075.1656	347.1030
3669.960	91813.1615	407.9227
3672.340	91477.1860	487.2948
3674.720	90974.5087	434.6626
3677.100	90324.1796	386.3837
3679.480	90571.0862	358.4049
3681.860	90566.9901	369.9495
3684.240	90207.3370	385.6635
3686.620	90915.4738	404.8354
3689.000	91917.6872	416.8428
3691.380	93011.9010	417.1758
3693.760	93075.2192	433.1296
3696.140	93394.5637	420.9897
3698.520	95164.6783	415.4179
3700.900	94658.6814	588.5943
3703.280	92908.2617	465.2959
3705.660	96405.9662	431.2444
3708.040	98424.9463	375.3662
3710.420	93674.8463	401.3195
3712.800	96439.4359	478.2709
3715.180	108075.1201	599.8281
3717.560	109424.6758	465.0114
3719.940	98388.9798	530.5780
3722.320	96827.1061	386.3161
3724.700	112317.3818	516.5179
3727.080	126307.3864	668.8179
3729.460	122193.1146	599.0377
3731.840	103168.5727	572.8880
3734.220	93152.2782	479.8539
3736.600	108402.7386	467.4684
3738.980	132848.4250	823.1335
3741.360	146585.9488	834.1102
3743.740	139820.9817	518.1160
3746.120	117005.3694	540.1646
3748.500	95065.4551	451.6167
3750.880	97281.7296	490.5893
3753.260	122036.8499	965.5141
3755.640	148275.0797	828.8717
3758.020	165062.5445	615.3313
3760.400	169732.3159	639.9361
3762.780	161253.2637	693.4118
3765.160	139216.3115	624.6065
3767.540	110886.6800	500.2509
3769.920	94180.0220	417.0532
3772.300	106626.5477	474.9670
3774.680	139472.6266	594.7677
3777.060	173325.3459	668.0036
3779.440	199756.6166	700.5064
3781.820	214525.5237	814.3894
3784.200	217124.1085	821.0911
3786.580	208741.1042	973.7986
3788.960	191654.4790	748.4374
3791.340	163394.0766	699.6037
3793.720	128322.4697	610.1236
3796.100	99868.3745	488.0115
3798.480	97677.1226	432.8537
3800.860	124283.2880	550.7716
3803.240	159373.7364	666.8570
3805.620	191372.1046	886.0124
3808.000	217302.0518	826.7151
3810.380	233128.3883	1002.5421
3812.760	240310.5501	1041.2078
3815.140	245165.7644	1404.5731
3817.520	247392.4720	1388.9106
3819.900	240636.7621	1365.8900
3822.280	226684.9394	1047.8044
3824.660	205890.0948	783.9950
3827.040	180595.5317	693.8699
3829.420	149995.0994	601.3071
3831.800	116932.5067	511.6030
3834.180	93991.0819	428.2231
3836.560	99146.9692	424.3153
3838.940	127933.7403	620.7302
3841.320	163466.5637	666.2352
3843.700	195292.3340	1116.4191
3846.080	220278.3620	1235.2273
3848.460	238891.6092	1053.4007
3850.840	251300.6230	1025.8085
3853.220	258625.2821	930.0947
3855.600	263014.1684	891.5924
3857.980	267395.8996	1056.0575
3860.360	269849.5734	1003.0873
3862.740	267529.6837	1629.0091
3865.120	268088.9028	1676.9360
3867.500	269464.1854	1115.0943
3869.880	265233.1772	1180.3982
3872.260	255518.0437	877.2372
3874.640	242824.8869	920.2019
3877.020	223546.9627	820.2291
3879.400	200272.4125	795.1959
3881.780	172194.8322	735.6558
3884.160	138404.6163	659.1953
3886.540	106757.5384	539.8813
3888.920	94640.8039	459.5028
3891.300	112516.4196	446.2209
3893.680	144338.7983	594.6701
3896.060	175617.7301	798.0623
3898.440	201170.6079	734.9982
3900.820	221623.8514	741.4990
3903.200	237855.7655	755.3621
3905.580	250848.7969	831.7264
3907.960	263460.7578	940.5428
3910.340	268773.5755	1243.6393
3912.720	269418.7355	1353.7860
3915.100	270610.1915	1266.0549
3917.480	274349.1078	1196.6760
3919.860	276458.1870	1205.6684
3922.240	276623.3768	1213.0018
3924.620	277149.9053	1166.1763
3927.000	272913.0145	1315.8411
3929.380	257259.2744	1224.5568
3931.760	234015.9412	2000.4319
3934.140	231698.7695	2103.1951
3936.520	250243.4562	1565.0534
3938.900	266073.1260	1372.8124
3941.280	269398.3003	1219.4423
3943.660	266818.5441	1449.8834
3946.040	263912.0828	1000.2168
3948.420	258918.3252	1191.9177
3950.800	253169.6645	1203.5249
3953.180	245989.9002	1290.0333
3955.560	233174.5119	1111.6433
3957.940	215518.5924	1091.3631
3960.320	193418.4084	1020.1145
3962.700	165912.6900	745.3772
3965.080	132422.0109	877.0936
3967.460	100546.9328	889.0322
3969.840	89426.8425	817.1774
3972.220	107156.0747	549.8188
3974.600	138564.7169	738.5875
3976.980	169749.6932	906.8515
3979.360	194983.5680	1211.5356
3981.740	216075.6021	1356.1701
3984.120	232951.1176	999.2354
3986.500	244439.2369	959.7203
3988.880	252553.1669	1077.2316
3991.260	259322.6987	1060.6451
3993.640	263637.4069	990.6491
3996.020	265406.6529	1025.2166
3998.400	266936.7348	1023.3437
4000.780	267163.8326	1103.3332
4003.160	266164.9207	1151.8324
4005.540	266607.4580	1024.1355
4007.920	269359.8697	901.1372
4010.300	270581.7384	982.0334
4012.680	269982.6009	947.6439
4015.060	270663.4098	921.2283
4017.440	272028.2429	851.6666
4019.820	272269.1855	976.7408
4022.200	269453.2932	1205.5651
4024.580	265958.2303	1380.2615
4026.960	263615.0393	1006.0352
4029.340	263869.4180	894.9358
4031.720	265075.9782	779.2143
4034.100	267119.7700	771.5529
4036.480	268453.9459	846.4894
4038.860	269283.3320	937.8948
4041.240	268816.2264	892.2264
4043.620	266649.6768	1019.6496
4046.000	264038.9005	858.1255
4048.380	264400.2201	866.9434
4050.760	263795.6895	955.6181
4053.140	262494.9450	913.8411
4055.520	262129.7831	853.2962
4057.900	261700.7502	891.7556
4060.280	259820.7566	871.7824
4062.660	257760.9005	839.4551
4065.040	255366.1675	861.2379
4067.420	254325.2234	890.5283
4069.800	252836.5067	901.8632
4072.180	250572.6056	909.6356
4074.560	247961.2670	937.5473
4076.940	244909.8252	956.4075
4079.320	241898.3257	901.9575
4081.700	238397.5622	846.7315
4084.080	231400.9406	808.8751
4086.460	221484.8609	866.1853
4088.840	207629.0997	871.7293
4091.220	189476.5461	792.0748
4093.600	166589.9927	705.5240
4095.980	139247.4732	711.4472
4098.360	110092.2284	706.6303
4100.740	90120.7257	591.0284
4103.120	96650.1443	478.1493
4105.500	121489.9987	526.1175
4107.880	148932.0475	537.3226
4110.260	174099.8085	628.1895
4112.640	194938.9455	658.7878
4115.020	210250.7658	721.3712
4117.400	221385.1209	743.9935
4119.780	229133.9797	816.9108
4122.160	234372.1086	769.8235
4124.540	237166.4483	890.6969
4126.920	237111.5455	868.2015
4129.300	236396.2101	800.1495
4131.680	240502.8666	882.4780
4134.060	246259.4233	965.5044
4136.440	249216.5967	980.3678
4138.820	250237.4049	936.4724
4141.200	248911.7667	1036.2086
4143.580	248442.6620	976.2476
4145.960	248091.3510	830.7498
4148.340	248928.8049	886.4174
4150.720	249511.5103	928.6458
4153.100	249610.5448	897.5801
4155.480	249322.6214	954.9569
4157.860	248682.9634	912.4090
4160.240	247500.2494	929.5448
4162.620	246510.4026	980.8465
4165.000	246864.5360	908.1473
4167.380	247037.0966	926.1921
4169.760	244707.9220	744.7372
4172.140	240665.4269	845.5447
4174.520	239826.1045	906.6080
4176.900	239216.8585	772.6367
4179.280	239603.2455	807.8751
4181.660	242221.4303	753.2549
4184.040	243204.1435	775.2954
4186.420	243033.4049	841.4139
4188.800	243435.8619	968.3874
4191.180	244056.1800	1077.1195
4193.560	244761.9757	932.5073
4195.940	242652.6475	962.0622
4198.320	240900.1245	1081.7443
4200.700	239505.0595	967.9698
4203.080	239519.4137	820.2090
4205.460	240270.0707	877.6075
4207.840	241214.5543	778.5465
4210.220	241111.6666	853.3165
4212.600	240425.4008	868.6583
4214.980	239844.6217	874.5469
4217.360	239037.4894	774.3458
4219.740	237815.2094	803.0843
4222.120	236966.9070	712.7303
4224.500	235621.6876	1098.4473
4226.880	234151.1600	763.9539
4229.260	234783.2334	758.5095
4231.640	232642.8998	1042.4130
4234.020	232147.7536	822.2335
4236.400	234871.2989	756.1098
4238.780	236052.3804	744.1707
4241.160	235316.4856	813.7058
4243.540	233604.9082	787.4394
4245.920	231921.4528	758.3649
4248.300	230840.9194	809.9445
4250.680	231205.1808	832.3017
4253.060	231336.5078	807.4029
4255.440	231478.1413	825.5847
4257.820	231301.4078	782.9487
4260.200	230292.3467	776.4007
4262.580	231315.7666	801.0337
4264.960	231730.6675	876.8135
4267.340	230412.7858	840.2450
4269.720	227175.3066	843.5354
4272.100	225715.7046	931.7707
4274.480	225873.7179	767.1916
4276.860	227547.3494	775.1560
4279.240	228174.9554	786.4627
4281.620	227341.0369	771.2077
4284.000	225773.6192	813.6999
4286.380	224357.3245	804.6447
4288.760	221743.3621	871.0806
4291.140	219866.9396	772.2859
4293.520	219342.3624	817.4257
4295.900	218174.4361	857.3265
4298.280	215454.1953	857.5295
4300.660	213263.8383	802.7482
4303.040	213794.2527	774.7204
4305.420	214588.0494	702.0168
4307.800	215159.0233	939.4069
4310.180	213356.2499	1064.6700
4312.560	207894.9963	800.9979
4314.940	204531.8669	906.7189
4317.320	202031.1537	1205.1075
4319.700	199931.0680	954.5854
4322.080	194914.4603	785.5107
4324.460	187208.0749	905.4536
4326.840	176634.8021	697.1581
4329.220	164367.1206	679.7663
4331.600	148457.0558	720.1346
4333.980	128452.6689	599.9990
4336.360	105732.0039	574.1168
4338.740	86847.5199	635.1840
4341.120	84089.5665	530.9160
4343.500	100555.1900	422.0521
4345.880	123300.8720	462.5930
4348.260	143404.9786	494.5227
4350.640	159102.9952	541.7829
4353.020	172580.2079	539.3850
4355.400	184580.4200	550.5750
4357.780	192697.6071	574.8554
4360.160	198323.8551	656.3740
4362.540	202614.7988	692.3975
4364.920	205090.0308	676.1822
4367.300	205785.3176	767.5694
4369.680	206957.0928	811.1193
4372.060	208306.2048	748.3575
4374.440	209607.1359	762.4992
4376.820	212065.6083	828.0824
4379.200	212822.1665	874.6433
4381.580	209904.3435	841.5626
4383.960	206500.2425	853.5622
4386.340	207763.4882	970.4355
4388.720	209610.9111	832.3291
4391.100	209543.0458	661.7850
4393.480	208339.6357	713.9676
4395.860	207859.2849	699.2493
4398.240	208600.7919	645.8524
4400.620	209444.1942	645.4743
4403.000	210194.4241	807.9780
4405.380	210837.7247	676.0163
4407.760	211494.0775	667.6405
4410.140	210702.8779	742.2749
4412.520	208734.8751	725.8905
4414.900	205946.9181	648.7361
4417.280	205019.2670	734.7500
4419.660	207208.7420	687.3547
4422.040	209371.3794	727.1496
4424.420	210196.0151	737.7521
4426.800	210232.8328	696.1738
4429.180	209657.8608	683.0160
4431.560	209318.6047	733.5986
4433.940	209057.7901	693.5309
4436.320	208716.8273	720.4841
4438.700	208271.4975	660.6153
4441.080	205420.8007	771.9565
4443.460	204370.9771	647.9518
4445.840	204830.2030	681.3591
4448.220	204722.8219	724.6917
4450.600	204892.4904	702.5973
4452.980	205669.0600	688.5979
4455.360	206562.1511	692.6171
4457.740	206171.4761	730.8200
4460.120	205462.7852	649.0507
4462.500	204587.1700	645.7908
4464.880	203283.4327	782.9060
4467.260	201374.2590	1064.4604
4469.640	200283.0139	1052.6312
4472.020	200435.8765	768.0094
4474.400	201337.8344	583.4154
4476.780	199523.5027	619.3858
4479.160	193846.9164	599.4407
4481.540	191796.7180	581.6726
4483.920	196102.3218	602.2709
4486.300	199022.6676	620.5879
4488.680	198236.6165	633.3279
4491.060	198471.6888	623.6186
4493.440	200189.9939	772.5448
4495.820	201330.1154	718.7193
4498.200	201066.0230	716.6679
4500.580	199687.4166	723.2026
4502.960	199537.9880	713.6325
4505.340	198985.7516	773.8697
4507.720	198232.4952	742.1631
4510.100	198526.9838	685.6240
4512.480	198145.0182	664.1188
4514.860	197393.0172	629.5946
4517.240	196248.1062	666.7823
4519.620	194969.0249	642.9093
4522.000	193872.6612	708.0875
4524.380	195015.9606	616.2212
4526.760	195867.0985	656.3207
4529.140	195122.3709	717.7801
4531.520	193466.0098	810.8321
4533.900	193175.3828	801.5737
4536.280	194922.2666	874.8536
4538.660	195346.9364	961.4019
4541.040	194750.3210	793.5842
4543.420	194199.2989	696.4909
4545.800	191887.8292	715.9291
4548.180	188104.3443	624.2908
4550.560	187196.0369	597.4158
4552.940	187864.2113	592.1125
4555.320	188274.2785	573.1123
4557.700	188932.3080	563.0372
4560.080	190450.8314	595.4654
4562.460	190569.2135	605.9800
4564.840	190788.1103	579.5911
4567.220	191952.7056	602.7820
4569.600	190849.8162	589.3353
4571.980	189940.8244	648.0874
4574.360	190198.2580	640.3193
4576.740	190294.6619	642.1293
4579.120	189043.0365	677.7596
4581.500	186691.5475	664.2610
4583.880	185543.3512	634.0828
4586.260	185678.5680	652.5008
4588.640	185959.0046	709.4678
4591.020	186930.4120	653.6413
4593.400	188237.6456	579.5576
4595.780	189115.0370	637.6670
4598.160	189539.8630	573.2255
4600.540	189807.6366	621.7894
4602.920	189553.7383	669.2055
4605.300	189432.2153	755.2401
4607.680	188842.7084	717.8779
4610.060	188492.0146	676.8944
4612.440	187952.5366	618.4020
4614.820	186076.4959	609.2505
4617.200	184364.6464	609.4464
4619.580	184156.7744	580.9076
4621.960	185067.1731	605.8972
4624.340	185585.4489	620.6142
4626.720	184726.9811	623.7534
4629.100	183764.7030	644.2884
4631.480	182947.9105	657.1377
4633.860	183221.0741	570.1201
4636.240	183744.3930	550.9314
4638.620	184796.6910	634.1377
4641.000	185017.2584	711.3792
4643.380	183701.1249	614.5940
4645.760	183248.5939	586.5711
4648.140	183868.6381	563.6700
4650.520	183258.1542	681.3940
4652.900	182537.3210	681.1348
4655.280	182240.8041	616.9544
4657.660	181374.0505	633.5033
4660.040	181234.9495	602.1391
4662.420	181390.8342	597.3107
4664.800	180667.1437	657.1095
4667.180	180175.1772	656.5135
4669.560	180440.6033	653.2469
4671.940	180368.1327	618.2327
4674.320	180775.3206	714.3806
4676.700	180938.5059	749.6211
4679.080	181204.6127	808.7374
4681.460	181641.5991	1034.5767
4683.840	181903.6746	1066.4784
4686.220	180904.7091	1077.0772
4688.600	179376.5524	892.7669
4690.980	178666.7298	538.0986
4693.360	178484.2157	530.5238
4695.740	178042.1382	507.5091
4698.120	177900.1024	482.8513
4700.500	177188.9626	515.3530
4702.880	176636.9908	601.0493
4705.260	176725.7974	662.6154
4707.640	176780.2900	563.8068
4710.020	177515.8403	650.1634
4712.400	177265.8320	716.0493
4714.780	176539.9606	603.5734
4717.160	176101.2007	563.6705
4719.540	176322.2183	562.8052
4721.920	175830.6712	601.6689
4724.300	175355.0362	603.8954
4726.680	174820.1248	629.4817
4729.060	174332.4156	665.4823
4731.440	173603.0167	690.7201
4733.820	173265.9272	613.6671
4736.200	173264.0028	615.7366
4738.580	173162.3220	524.2942
4740.960	173304.0117	587.7927
4743.340	173553.7501	602.5956
4745.720	173578.9547	671.0397
4748.100	173428.8371	614.6285
4750.480	173047.1404	627.0467
4752.860	172099.9228	625.4368
4755.240	171511.8658	655.9158
4757.620	171126.6289	559.2067
4760.000	170198.0826	592.3808
4762.380	169453.9375	631.8868
4764.760	169691.1893	607.0274
4767.140	169725.7843	610.2892
4769.520	169047.8276	681.8791
4771.900	168564.4299	611.9458
4774.280	168711.8102	563.4656
4776.660	168506.7229	547.3680
4779.040	168097.5978	536.3683
4781.420	167991.6287	553.7263
4783.800	168066.6965	557.6008
4786.180	168253.0203	521.0238
4788.560	167926.8136	529.6509
4790.940	166927.7901	546.4170
4793.320	166691.3545	514.1535
4795.700	166461.5880	559.3757
4798.080	165517.8386	558.0819
4800.460	164926.1929	547.5631
4802.840	164344.9123	582.3663
4805.220	163857.0805	590.9045
4807.600	163724.8533	601.0772
4809.980	163551.8970	620.4805
4812.360	163486.8003	527.4837
4814.740	162744.1008	509.5728
4817.120	161966.3085	549.4424
4819.500	160649.8189	592.1068
4821.880	159413.9355	615.3648
4824.260	158820.0249	539.0027
4826.640	159050.8035	554.2717
4829.020	158109.5157	615.3397
4831.400	156503.3234	614.5837
4833.780	154440.8928	566.8751
4836.160	151729.9876	585.3310
4838.540	149389.0707	542.4067
4840.920	146272.8697	528.9252
4843.300	141424.1709	591.2402
4845.680	134825.8300	610.7809
4848.060	127366.9464	530.9184
4850.440	118890.9791	494.1754
4852.820	108068.7579	483.5647
4855.200	94628.4326	464.1826
4857.580	80106.0533	492.7374
4859.960	69806.7159	441.9507
4862.340	71253.0116	406.7450
4864.720	82749.9634	275.5269
4867.100	96834.1110	286.8767
4869.480	109236.1736	310.9801
4871.860	118809.7880	351.1892
4874.240	126653.0620	391.0316
4876.620	132872.9289	448.3805
4879.000	138643.8581	475.7041
4881.380	142749.3204	504.6952
4883.760	144860.7882	557.8241
4886.140	147247.6244	502.2314
4888.520	149027.4707	565.2186
4890.900	149673.1363	513.8731
4893.280	150729.3014	513.9398
4895.660	151980.5641	555.4196
4898.040	152705.0469	603.2246
4900.420	153334.2212	524.4316
4902.800	154070.4516	536.9676
4905.180	154527.0699	559.0395
4907.560	154248.8336	549.0352
4909.940	153638.5444	535.9581
4912.320	153473.0297	531.2517
4914.700	153837.7698	539.5197
4917.080	153201.7122	704.5167
4919.460	152069.3953	811.2660
4921.840	150830.2460	712.6929
4924.220	150337.8743	488.1209
4926.600	152009.7823	504.4018
4928.980	153074.7857	502.6843
4931.360	153148.6387	459.6969
4933.740	153438.9871	512.1961
4936.120	153886.5469	632.1267
4938.500	154482.9358	557.3016
4940.880	153604.8754	579.1399
4943.260	153281.0994	528.1933
4945.640	153371.9315	465.2393
4948.020	153457.0949	498.6725
4950.400	152795.2560	586.0118
4952.780	152092.4096	533.5240
4955.160	151606.5756	528.1528
4957.540	150910.5556	533.2107
4959.920	151342.1166	491.2201
4962.300	151696.3603	508.4962
4964.680	151402.2574	508.2812
4967.060	150845.8214	492.0897
4969.440	150977.2926	498.5605
4971.820	151544.2055	503.7952
4974.200	151405.9682	520.6652
4976.580	151182.6853	550.4141
4978.960	150503.8261	601.2337
4981.340	149734.4545	578.2519
4983.720	148956.6982	541.1474
4986.100	148544.7412	532.2387
4988.480	148883.3918	545.5442
4990.860	148876.3122	482.8433
4993.240	148756.5596	505.3044
4995.620	148822.1050	505.9094
4998.000	148203.5825	516.4012
5000.380	147450.0605	499.0170
5002.760	146779.5924	529.0189
5005.140	146411.1710	558.9252
5007.520	146379.6063	533.8358
5009.900	146706.1038	589.8653
5012.280	146252.8785	566.7773
5014.660	144841.3271	545.0210
5017.040	142613.6374	465.0781
5019.420	142098.4725	465.1179
5021.800	143766.7574	507.2932
5024.180	144967.4044	547.0417
5026.560	145112.2750	506.3014
5028.940	145201.6901	490.8046
5031.320	144799.9043	538.3413
5033.700	144786.9781	555.1073
5036.080	144046.9937	570.6646
5038.460	142973.2452	555.7381
5040.840	142473.3633	538.5981
5043.220	143249.2733	522.4354
5045.600	143941.3080	544.7819
5047.980	143751.9148	542.4434
5050.360	142983.8675	473.1457
5052.740	142375.7242	490.6244
5055.120	141876.7021	511.7407
5057.500	141904.1007	515.4685
5059.880	142640.1347	514.1469
5062.260	142918.4871	471.0231
5064.640	142969.4699	469.9184
5067.020	142813.8326	547.0275
5069.400	142418.8588	514.1130
5071.780	141808.3904	514.2242
5074.160	141795.3218	533.1656
5076.540	141888.5864	506.9752
5078.920	142099.4071	516.5999
5081.300	141511.6546	481.7470
5083.680	141439.4095	486.3757
5086.060	141545.2913	494.7846
5088.440	141235.7783	513.1991
5090.820	140671.5037	516.4891
5093.200	140336.3585	516.0526
5095.580	139991.7071	532.1785
5097.960	139440.5149	566.6820
5098.200	140605.8688	433.6659
5100.340	139435.4463	542.2521
5101.130	140677.6181	549.7606
5102.720	139587.5642	516.1456
5104.060	140601.7409	507.7551
5105.100	139789.0504	482.4058
5106.990	140882.6340	417.3144
5107.480	139775.8930	444.7494
5109.860	139605.5991	459.2918
5109.920	140843.5324	434.9999
5112.240	139528.2877	415.4362
5112.850	140835.9227	416.1173
5114.620	139182.8424	502.0544
5115.780	140516.7873	496.4988
5117.000	138859.9947	501.3921
5118.710	139919.4104	509.3247
5119.380	138642.1346	496.4776
5121.640	139699.0239	467.9104
5121.760	138467.2724	534.3949
5124.140	137861.4612	478.1614
5124.570	138643.6648	579.7927
5126.520	137172.0049	468.7385
5127.500	138632.2474	398.2751
5128.900	136842.8061	411.2162
5130.430	138062.4851	406.4242
5131.280	136653.2662	512.1662
5133.360	137571.9411	456.5949
5133.660	136507.4382	506.2961
5136.040	136204.9124	490.8443
5136.290	137056.4416	455.9165
5138.420	135892.4763	499.8278
5139.220	136589.0503	480.9726
5140.800	135798.8865	530.9792
5142.150	136758.2413	469.9541
5143.180	135904.1600	528.1166
5145.080	136826.9745	474.2688
5145.560	135737.0936	539.2561
5147.940	135448.7110	544.2994
5148.010	136426.9978	490.5631
5150.320	135150.7768	462.4597
5150.940	136088.9555	372.5081
5153.870	135954.9925	445.7486
5156.800	135956.0140	419.8611
5159.730	135422.5289	448.6746
5162.660	134358.7652	470.8649
5165.590	131258.1933	779.7599
5168.520	129954.1389	588.4291
5171.450	130272.2773	418.0545
5174.380	132619.5652	488.8539
5177.310	133962.8774	570.1656
5180.240	132502.3667	471.9886
5183.170	131352.3929	639.2920
5186.100	131477.7006	501.8143
5189.030	131322.7865	480.8209
5191.960	131257.7294	451.1227
5194.890	131512.3787	419.8064
5197.820	131829.4532	424.7490
5200.750	131683.6943	460.7862
5203.680	131627.6454	409.0960
5206.610	131746.2840	477.7641
5209.540	131940.3187	434.2249
5212.470	131711.3381	516.1551
5215.400	130685.7976	425.9529
5218.330	130676.1029	404.6438
5221.260	130727.3457	399.9197
5224.190	129339.2422	407.3132
5227.120	128794.4615	468.9922
5230.050	128460.5167	411.5644
5232.980	127681.1936	402.9287
5235.910	127532.2323	429.6749
5238.840	128684.3342	476.0720
5241.770	129173.9026	438.4959
5244.700	129161.0384	375.5417
5247.630	129178.6539	387.9583
5250.560	128761.6970	427.9383
5253.490	128506.7458	410.1765
5256.420	128404.6622	377.5394
5259.350	127902.1435	357.4771
5262.280	126151.7517	448.1483
5265.210	125559.5446	418.9862
5268.140	125333.2249	366.2374
5271.070	125434.9228	430.6935
5274.000	125353.7893	435.9833
5276.930	125098.3068	411.2519
5279.860	125013.7559	331.2962
5282.790	125337.5799	352.1584
5285.720	126165.9648	399.8727
5288.650	126687.7686	371.6847
5291.580	126492.0847	379.7615
5294.510	126083.9031	385.8322
5297.440	126065.0614	386.4119
5300.370	125811.5723	378.8421
5303.300	125375.4913	406.9685
5306.230	125150.4732	354.2035
5309.160	124385.9138	363.5664
5312.090	123356.9491	342.7575
5315.020	122234.6563	366.7476
5317.950	122277.3520	405.1542
5320.880	122575.7037	400.6155
5323.810	122666.0615	421.4606
5326.740	121546.1728	449.2335
5329.670	121793.0692	432.2334
5332.600	122257.2576	409.2406
5335.530	122078.9600	364.6329
5338.460	121741.6672	395.9195
5341.390	121857.7252	389.7373
5344.320	122535.3494	387.8667
5347.250	122662.3202	378.2259
5350.180	122758.5444	367.1523
5353.110	122010.5282	422.2851
5356.040	121994.9961	397.7648
5358.970	121571.6993	351.7519
5361.900	120688.3065	407.8032
5364.830	120385.1634	388.8480
5367.760	120190.6246	338.9712
5370.690	119706.3863	366.2082
5373.620	120365.5839	406.5210
5376.550	120864.2790	428.6982
5379.480	119834.3640	332.9882
5382.410	119249.7697	373.7237
5385.340	119396.8723	340.8733
5388.270	119453.8549	330.2213
5391.200	119002.5346	369.2640
5394.130	118455.1217	348.0886
5397.060	118049.6813	344.6114
5399.990	117478.6957	360.7580
5402.920	116989.3473	394.3762
5405.850	116992.3346	409.3271
5408.780	117200.8141	392.9863
5411.710	117317.8074	386.9437
5414.640	117589.4617	389.3431
5417.570	117673.0572	337.0215
5420.500	117159.9536	343.6740
5423.430	116685.2349	325.7379
5426.360	116410.8935	370.0958
5429.290	116118.3955	327.5307
5432.220	116226.3770	318.2436
5435.150	116387.5226	348.5689
5438.080	116060.0381	350.7727
5441.010	116213.0865	357.4354
5443.940	115776.6058	379.4351
5446.870	115707.6557	316.2646
5449.800	115455.8524	328.6784
5452.730	115046.5114	294.0261
5455.660	114802.0442	276.1340
5458.590	114716.1265	285.5646
5461.520	114534.5571	284.0341
5464.450	114139.5911	280.6983
5467.380	114121.7921	295.5049
5470.310	114197.4398	310.0921
5473.240	114081.5267	315.0680
5476.170	113785.5350	334.0447
5479.100	113341.5273	329.1132
5482.030	113182.5363	310.4001
5484.960	113165.7698	292.2759
5487.890	113110.3405	273.7928
5490.820	112910.5300	308.7076
5493.750	112924.6978	312.4823
5496.680	112986.7939	313.8786
5499.610	112584.3421	291.0392
5502.540	112008.2955	287.5332
5505.470	111583.1699	302.9520
5508.400	111400.9225	343.4461
5511.330	111396.8988	361.9768
5514.260	111581.6875	328.2622
5517.190	111674.9350	312.8725
5520.120	111527.3399	314.7661
5523.050	111072.0077	325.8778
5525.980	110470.8730	298.2444
5528.910	109833.9270	315.9564
5531.840	109463.1838	361.9798
5534.770	109547.1743	355.0106
5537.700	109764.2386	357.7511
5540.630	109992.6541	325.4164
5543.560	109802.2331	287.1272
5546.490	109498.9452	299.2148
5549.420	109443.6412	312.0461
5552.350	109400.3374	306.9506
5555.280	109162.1461	325.6572
5558.210	109053.0558	330.7366
5561.140	108862.5903	341.1319
5564.070	108467.6386	333.4734
5567.000	108495.0934	295.1654
5569.930	108336.1055	293.0190
5572.860	108023.1039	317.8321
5575.790	107505.5806	375.2250
5578.720	107432.9499	351.6782
5581.650	107464.9139	324.8187
5584.580	107328.1133	347.4775
5587.510	106968.9678	357.2317
5590.440	106814.9950	336.7484
5593.370	106686.6230	324.5258
5596.300	106615.3325	321.7039
5599.230	106520.7105	312.3947
5602.160	106442.5934	300.1915
5605.090	106298.6975	318.6070
5608.020	106078.3637	340.5925
5610.950	105877.8445	326.8548
5613.880	105630.9451	303.5439
5616.810	105538.6493	320.0904
5619.740	105606.0220	297.7480
5622.670	105569.8359	291.2981
5625.600	105329.5967	306.5838
5628.530	104906.3085	341.9502
5631.460	104881.4406	322.3524
5634.390	104905.5533	321.8692
5637.320	104538.9532	330.1210
5640.250	103984.3768	376.0875
5643.180	103782.9332	315.9506
5646.110	103673.5417	313.9055
5649.040	103697.8139	321.0632
5651.970	103605.2222	296.0669
5654.900	103367.6717	288.5066
5657.830	103076.8716	324.1353
5660.760	103019.1725	302.7168
5663.690	103186.8149	291.6203
5666.620	102960.8544	289.3274
5669.550	102738.4910	297.2240
5672.480	102504.4170	316.9622
5675.410	102470.8878	345.6757
5678.340	102140.1989	346.7110
5681.270	101923.3575	358.4086
5684.200	101842.0435	303.5193
5687.130	101968.0898	314.4345
5690.060	101971.8942	293.0104
5692.990	101728.4195	306.9155
5695.920	101508.1870	301.3081
5698.850	101386.8023	294.7668
5701.780	101242.2544	288.7527
5704.710	101013.7808	310.8625
5707.640	100880.6443	367.8071
5710.570	100817.1835	343.6639
5713.500	100414.1222	336.2875
5716.430	100291.8384	329.8445
5719.360	100105.4576	321.4809
5722.290	100018.7936	301.1745
5725.220	100113.0815	292.5382
5728.150	99983.7072	274.0807
5731.080	99786.1336	278.7965
5734.010	99612.9404	257.6676
5736.940	99584.8460	270.8962
5739.870	99364.1538	252.2044
5742.800	99060.5151	287.9699
5745.730	98993.1683	281.8694
5748.660	98841.4181	297.1268
5751.590	98699.0135	288.4364
5754.520	98446.0298	314.4459
5757.450	98177.2869	318.8043
5760.380	98098.0242	307.3318
5763.310	98067.3386	287.2014
5766.240	97762.8724	299.5475
5769.170	97521.8990	292.9709
5772.100	97608.7485	269.0286
5775.030	97406.4017	261.8192
5777.960	97389.5987	254.9641
5780.890	97259.9551	271.9113
5783.820	97028.5616	292.3479
5786.750	96735.4027	291.0708
5789.680	96541.9132	298.8720
5792.610	96358.3614	281.8477
5795.540	96182.6940	290.3174
5798.470	95997.9186	288.4898
5801.400	95897.8131	305.5131
5804.330	95613.5484	312.6457
5807.260	95642.7399	325.4978
5810.190	95440.1297	308.7645
5813.120	95389.7441	290.5708
5816.050	95238.1126	284.6701
5818.980	95345.3163	266.0177
5821.910	95218.2938	267.9448
5824.840	95032.1607	270.5791
5827.770	94754.5974	289.0893
5830.700	94577.3630	291.6265
5833.630	94538.7000	267.6949
5836.560	94363.5142	268.0289
5839.490	94052.0408	288.1998
5842.420	93979.7262	266.2228
5845.350	93875.8876	270.5943
5848.280	93661.5835	271.2222
5851.210	93401.3307	298.9297
5854.140	93411.8552	322.5190
5857.070	93145.3932	328.8675
5860.000	92892.8389	309.3786
5862.930	92756.3221	302.6225
5865.860	92885.5615	307.7193
5868.790	93014.1965	342.5114
5871.720	93284.3825	602.6625
5874.650	93487.7122	665.2742
5877.580	92849.6801	444.2674
5880.510	92126.5090	251.2699
5883.440	91489.3753	240.7296
5886.370	90738.0305	337.6581
5889.300	90099.3903	453.0872
5892.230	89877.0742	410.2556
5895.160	90105.6265	342.4788
5898.090	90451.1179	280.5941
5901.020	90640.2087	295.0712
5903.950	90908.6008	300.9759
5906.880	90763.1177	297.0187
5909.810	90710.0037	285.4711
5912.740	90590.3856	268.1760
5915.670	90496.6204	259.9597
5918.600	90423.6587	270.6483
5921.530	90191.8466	309.6124
5924.460	90196.9415	310.0317
5927.390	90061.6850	308.7575
5930.320	90009.3151	293.0884
5933.250	89965.7284	275.5136
5936.180	89778.5547	255.8160
5939.110	89610.7274	242.0408
5942.040	89260.9814	295.9751
5944.970	88952.9825	309.1686
5947.900	88932.9367	285.4786
5950.830	88880.1239	280.3365
5953.760	88651.4793	271.6988
5956.690	88331.0317	280.4714
5959.620	88131.2122	248.4847
5962.550	88337.3091	247.9984
5965.480	88235.7885	254.4014
5968.410	88197.8567	280.6330
5971.340	87971.4033	304.1140
5974.270	87908.5951	302.3413
5977.200	87608.3947	306.9121
5980.130	87389.7481	284.8583
5983.060	87276.7235	285.4030
5985.990	87198.9320	294.5150
5988.920	87107.7805	271.5624
5991.850	86926.0311	282.9173
5994.780	86864.2087	279.5655
5997.710	86770.6607	297.6818
6000.640	86561.4607	323.9607
6003.570	86350.5977	322.3317
6006.500	86359.0036	315.1804
6009.430	86170.5961	308.6691
6012.360	86043.6114	271.9975
6015.290	85900.2790	262.8187
6018.220	85793.4078	269.3075
6021.150	85832.8995	258.7613
6024.080	85850.7624	280.2885
6027.010	85641.2612	246.4780
6029.940	85431.2655	268.4576
6032.870	85227.4769	264.5547
6035.800	85173.2380	276.2852
6038.730	85240.9946	233.2397
6041.660	85047.1053	244.7900
6044.590	84679.8014	270.1713
6047.520	84596.4343	272.8370
6050.450	84514.6315	278.9159
6053.380	84328.2482	298.9245
6056.310	84209.5281	292.3064
6059.240	84048.5919	281.0922
6062.170	84069.3744	284.8100
6065.100	84040.8796	260.3882
6068.030	83884.5280	252.4555
6070.960	83738.8861	246.2895
6073.890	83598.8795	242.4095
6076.820	83509.1205	257.3483
6079.750	83358.3388	251.1141
6082.680	83110.8024	250.7402
6085.610	82804.0911	281.8728
6088.540	82791.1553	247.2572
6091.470	82766.3410	266.5246
6094.400	82554.7908	265.9213
6097.330	82433.3442	252.4194
6100.260	82452.8413	263.2607
6103.190	82437.9706	249.1118
6106.120	82188.3744	236.5229
6109.050	81962.6906	248.6818
6111.980	81778.3478	260.7466
6114.910	81652.3634	256.8244
6117.840	81624.9233	263.4387
6120.770	81544.9916	255.4299
6123.700	81327.4383	245.6069
6126.630	81125.9778	257.4081
6129.560	81253.4330	258.1763
6132.490	81275.2948	241.9690
6135.420	81273.2512	251.5343
6138.350	80869.7530	270.1985
6141.280	80590.4546	247.9753
6144.210	80198.9358	237.9569
6147.140	79826.5424	249.6736
6150.070	79553.3912	235.1264
6153.000	79173.6420	222.7872
6155.930	78795.7264	229.0466
6158.860	78858.4730	273.2493
6161.790	79417.4472	312.3337
6164.720	79643.2457	299.8076
6167.650	79752.0001	285.1775
6170.580	79635.6186	238.2322
6173.510	79431.3107	243.4687
6176.440	79217.3430	231.7940
6179.370	79008.6928	231.8223
6182.300	79078.3274	231.8101
6185.230	79006.5791	224.5178
6188.160	79038.5390	242.7445
6191.090	78981.0876	268.3123
6194.020	78794.9894	253.8968
6196.950	78683.6103	255.5549
6199.880	78708.3746	236.5090
6202.810	78663.3584	226.9848
6205.740	78504.7188	226.3349
6208.670	78305.0504	235.5823
6211.600	78157.9208	235.5005
6214.530	77979.0432	242.9923
6217.460	77839.6846	261.3444
6220.390	77647.9833	233.4190
6223.320	77524.3359	232.8092
6226.250	77428.3600	245.9422
6229.180	77352.7160	256.3346
6232.110	77091.2605	242.4075
6235.040	76676.4849	226.2955
6237.970	76338.0316	261.5812
6240.900	76319.1950	251.4175
6243.830	76171.0160	243.1874
6246.760	76043.9213	240.6274
6249.690	76084.6029	241.3905
6252.620	76321.4107	231.3897
6255.550	76511.6386	234.1963
6258.480	76510.8448	220.1310
6261.410	76277.1730	233.3095
6264.340	75959.9149	259.3280
6267.270	75858.8747	241.4877
6270.200	75826.6017	259.2038
6273.130	75734.3539	242.1551
6276.060	75729.6627	227.9073
6278.990	75854.1810	239.5178
6281.920	75919.2753	252.1194
6284.850	75731.7055	275.5004
6287.780	75648.2574	243.2277
6290.710	75522.2265	224.1269
6293.640	75382.6299	219.8700
6296.570	75335.7036	227.8120
6299.500	75112.0526	225.2599
6302.430	74888.3838	227.7397
6305.360	74784.8488	242.5196
6308.290	74703.3618	269.1200
6311.220	74535.4816	257.6518
6314.150	74309.3030	286.0425
6317.080	73911.5288	258.3717
6320.010	73665.5562	235.6769
6322.940	73475.5153	248.8964
6325.870	73127.4925	256.6407
6328.800	72981.6331	249.9391
6331.730	72830.8293	206.0201
6334.660	72708.8811	209.8195
6337.590	72735.1699	207.0674
6340.520	72616.7658	202.8294
6343.450	71993.9405	202.3788
6346.380	71635.9332	179.7887
6349.310	71932.4047	195.6381
6352.240	72505.9381	197.7656
6355.170	72845.4220	213.4156
6358.100	72960.4162	212.6299
6361.030	72670.9963	202.5068
6363.960	72197.4616	212.4708
6366.890	71643.5478	215.8541
6369.820	71214.3234	239.3582
6372.750	71243.7151	234.6124
6375.680	71581.1446	226.6794
6378.610	71826.4651	229.1681
6381.540	71746.5948	214.4255
6384.470	71723.3515	212.1631
6387.400	71768.7614	244.6366
6390.330	71680.3009	212.3835
6393.260	71583.8725	209.6104
6396.190	71386.8086	224.0223
6399.120	71238.5291	209.1455
6402.050	70993.0289	213.8535
6404.980	70832.9057	217.6940
6407.910	70616.6661	239.9016
6410.840	70415.9444	235.7962
6413.770	70225.4145	216.8463
6416.700	70174.3398	213.7117
6419.630	70284.1999	211.4265
6422.560	70445.5213	189.3095
6425.490	70342.3287	211.3763
6428.420	70158.3201	219.4194
6431.350	69890.6857	207.2053
6434.280	69715.3778	211.5166
6437.210	69612.8558	243.3143
6440.140	69466.6693	260.7108
6443.070	69297.6307	231.9394
6446.000	69251.6501	226.3846
6448.930	69032.8629	228.2884
6451.860	68571.7196	234.3800
6454.790	68108.1992	214.2450
6457.720	68088.5857	237.8432
6460.650	68452.9848	229.7928
6463.580	68759.3949	209.7290
6466.510	68865.1846	207.7365
6469.440	68662.7386	212.1807
6472.370	68485.5355	213.6173
6475.300	68260.6039	207.4219
6478.230	68149.5769	202.9985
6481.160	68085.3852	214.2842
6484.090	68012.4669	210.3029
6487.020	67924.7980	214.5947
6489.950	67717.9622	210.2707
6492.880	67701.3290	236.7393
6495.810	67712.6689	259.3280
6498.740	67561.9368	231.0038
6501.670	67300.9823	223.6706
6504.600	67039.9339	239.0503
6507.530	66892.6141	230.1486
6510.460	66693.9995	230.5249
6513.390	66391.3910	218.8162
6516.320	66052.4544	236.4585
6519.250	65717.7093	235.9481
6522.180	65533.6286	239.4605
6525.110	65398.3912	222.7966
6528.040	65097.9468	215.7833
6530.970	64563.1081	214.1434
6533.900	63895.7179	196.7380
6536.830	63100.7274	201.1148
6539.760	62060.9037	203.6127
6542.690	60620.9203	235.4973
6545.620	58704.4195	232.3143
6548.550	56312.5681	240.5218
6551.480	53331.0051	271.5087
6554.410	49637.4390	273.3205
6557.340	45274.3631	250.0164
6560.270	41615.3289	277.3139
6563.200	40952.1826	299.7675
6566.130	43965.9646	221.5529
6569.060	48037.6273	241.3776
6571.990	51677.6221	155.4062
6574.920	54633.7631	154.4684
6577.850	56917.9605	161.8957
6580.780	58734.8305	167.3200
6583.710	60083.3541	165.5234
6586.640	61121.3823	181.3639
6589.570	61860.2972	220.4104
6592.500	62419.8608	239.0847
6595.430	62882.9888	198.4952
6598.360	63220.1885	194.7863
6601.290	63429.7608	201.0400
6604.220	63605.3788	189.5877
6607.150	63773.2478	195.2966
6610.080	63761.5663	202.3005
6613.010	63717.2389	200.8916
6615.940	63799.0884	206.9845
6618.870	63843.5479	193.5245
6621.800	63812.5267	186.8308
6624.730	63766.0229	206.4281
6627.660	63717.3595	197.1094
6630.590	63719.4382	208.6363
6633.520	63666.9753	221.8599
6636.450	63582.5346	209.6899
6639.380	63496.3443	209.8623
6642.310	63413.7832	219.2841
6645.240	63250.8625	228.3829
6648.170	63140.5905	201.9691
6651.100	63118.0468	194.1489
6654.030	63056.7033	206.0354
6656.960	63034.8500	188.2022
6659.890	62937.6977	201.9433
6662.820	62830.9922	213.1197
6665.750	62688.2997	238.0617
6668.680	62713.2698	195.8048
6671.610	62835.3824	205.5794
6674.540	63058.1293	332.7482
6677.470	63057.3889	383.3307
6680.400	62688.1192	276.5001
6683.330	62397.3629	214.9824
6686.260	62270.3379	200.9714
6689.190	62250.8151	179.0633
6692.120	62190.8073	176.0334
6695.050	62068.7012	203.7455
6697.980	61985.0479	219.2112
6700.910	61926.5024	205.8511
6703.840	61803.2434	203.0342
6706.770	61708.1650	195.0466
6709.700	61625.9497	211.0605
6712.630	61600.3755	196.1088
6715.560	61544.6143	194.7263
6718.490	61367.5111	204.0601
6721.420	61205.9288	232.0088
6724.350	61150.6944	220.9067
6727.280	61020.1943	214.3493
6730.210	60901.9004	219.3629
6733.140	60827.3967	205.1145
6736.070	60859.2187	203.2567
6739.000	60897.5638	186.2486
6741.930	60817.6569	184.2389
6744.860	60686.9335	201.1792
6747.790	60611.6453	207.1048
6750.720	60587.0597	204.8890
6753.650	60440.6934	209.7742
6756.580	60319.6868	181.9055
6759.510	60240.5705	175.0180
6762.440	60170.3466	175.3186
6765.370	60135.0089	191.8510
6768.300	60036.3664	187.0390
6771.230	59968.8881	188.8494
6774.160	59828.1674	205.0696
6777.090	59750.6226	194.2735
6780.020	59759.8600	187.1682
6782.950	59760.1427	176.7523
6785.880	59637.5640	170.9916
6788.810	59450.3021	182.4059
6791.740	59323.1559	190.4937
6794.670	59352.9699	178.4921
6797.600	59278.0759	176.8084
6800.530	59191.7284	182.3816
6803.460	59159.3636	166.6087
6806.390	59097.8830	183.8304
6809.320	59044.8313	179.6145
6812.250	59026.0621	157.5486
6815.180	58911.6742	164.1976
6818.110	58734.9810	167.9039
6821.040	58586.4715	173.6260
6823.970	58435.2348	189.1372
6826.900	58400.6965	198.1539
6829.830	58319.1617	199.6898
6832.760	58350.9524	192.9273
6835.690	58289.6422	191.0551
6838.620	58234.4306	190.1788
6841.550	58158.1208	167.6368
6844.480	57958.2711	177.0935
6847.410	57814.0600	184.1490
6850.340	57700.8399	188.6008
6853.270	57647.9218	199.0825
6856.200	57536.8901	197.7350
6859.130	57406.6075	205.5704
6862.060	57402.3012	190.9530
6864.990	57395.3131	190.9471
6867.920	57312.0108	196.2356
6870.850	57200.8193	179.4642
6873.780	57235.9033	169.2276
6876.710	57214.4905	163.6286
6879.640	57116.7054	181.0278
6882.570	56965.2826	201.7640
6885.500	56883.8790	226.9268
6888.430	56920.0578	207.7787
6891.360	56870.3728	190.0552
6894.290	56796.8346	177.3387
6897.220	56793.2065	169.8815
6900.150	56786.0216	160.9880
6903.080	56644.1783	168.8126
6906.010	56562.4234	168.4339
6908.940	56472.2493	175.8440
6911.870	56366.4271	183.7486
6914.800	56309.5305	175.4499
6917.730	56146.7070	169.3788
6920.660	56008.3753	174.7894
6923.590	55965.7045	168.0964
6926.520	55955.6156	162.6331
6929.450	55822.8522	163.1119
6932.380	55768.3673	162.3955
6935.310	55724.9749	151.5895
6938.240	55609.5534	162.9266
6941.170	55569.2648	161.6621
6944.100	55517.6228	161.6256
6947.030	55411.2201	173.0403
6949.960	55302.6559	177.0281
6952.890	55203.9099	171.2985
6955.820	55079.1069	164.2790
6958.750	54988.9122	162.2835
6961.680	54969.0347	163.9042
6964.610	54907.7858	175.2180
6967.540	54859.8881	172.6052
6970.470	54820.7130	174.4882
6973.400	54847.9865	169.0611
6976.330	54851.5707	169.7809
6979.260	54785.9197	175.6888
6982.190	54631.7266	165.6353
6985.120	54484.7054	165.3549
6988.050	54364.5459	172.6581
6990.980	54263.6848	185.2150
6993.910	54118.6866	183.3665
6996.840	53951.9718	175.0117
6999.770	53761.7695	178.5922
7002.700	53694.5597	181.9409
7005.630	53691.0560	177.7672
7008.560	53672.4057	175.3163
7011.490	53689.1168	169.5927
7014.420	53758.4488	156.7199
7017.350	53670.4025	157.9961
7020.280	53574.1131	162.4957
7023.210	53538.0728	169.7635
7026.140	53497.8882	167.4688
7029.070	53465.5579	161.4822
7032.000	53434.1668	147.5037
7034.930	53309.6494	143.6982
7037.860	53214.5792	142.6874
7040.790	53139.0326	147.5106
7043.720	53045.0542	161.6052
7046.650	53005.4970	156.6450
7049.580	52956.5049	149.2408
7052.510	52911.3017	150.5607
7055.440	52835.2403	159.4728
7058.370	52866.7976	185.4758
7061.300	52902.1512	215.7146
7064.230	52909.6014	274.8911
7067.160	52689.7676	220.8313
7070.090	52422.3156	152.5460
7073.020	52250.7287	157.2276
7075.950	52263.7905	161.8258
7078.880	52239.9792	152.4891
7081.810	52098.1052	145.3766
7084.740	51941.1192	152.4240
7087.670	51945.2896	147.9602
7090.600	51853.3471	145.3558
7093.530	51764.2300	150.9865
7096.460	51629.7424	146.8981
7099.390	51626.6178	146.2589
7102.320	51625.5428	157.2447
7105.250	51564.1462	173.5829
7108.180	51348.8076	170.8791
7111.110	51053.3850	164.1898
7114.040	50888.1022	151.4555
7116.970	50899.6839	158.2169
7119.900	51068.8380	168.2773
7122.830	51197.3350	172.1860
7125.760	51200.0644	158.9942
7128.690	51154.2935	147.6961
7131.620	51101.7213	149.5632
7134.550	51032.0020	153.7352
7137.480	51011.3664	143.8819
7140.410	50999.7885	148.1089
7143.340	50994.0059	167.5156
7146.270	50900.4296	158.7639
7149.200	50688.3236	165.8115
7152.130	50499.6314	166.6371
7155.060	50400.4937	158.7138
7157.990	50381.7706	160.5972
7160.920	50347.5018	156.0579
7163.850	50274.3285	173.8823
7166.780	50208.6329	173.2547
7169.710	50161.4405	192.4339
7172.640	50155.8137	194.3502
7175.570	50101.8416	183.6471
7178.500	49990.4401	177.4647
7181.430	49921.9699	166.3611
7184.360	49881.7558	159.0718
7187.290	49807.9590	150.3011
7190.220	49696.3742	148.2489
7193.150	49611.2596	143.9193
7196.080	49616.9286	144.2767
7199.010	49609.5706	164.9801
7201.940	49495.1288	158.9192
7204.870	49453.9341	150.6436
7207.800	49425.5429	145.3112
7210.730	49405.7572	144.6321
7213.660	49312.1795	145.9481
7216.590	49202.4585	145.5023
7219.520	49231.7078	159.1430
7222.450	49175.7310	209.2958
7225.380	49086.9351	198.6570
7228.310	48970.3213	162.9203
7231.240	48873.4295	151.2148
7234.170	48928.4870	149.9989
7237.100	48905.3837	145.6897
7240.030	48785.2077	152.6977
7242.960	48733.0568	161.2620
7245.890	48656.5890	170.8773
7248.820	48639.1681	161.5194
7251.750	48534.3929	158.9628
7254.680	48441.8660	153.9084
7257.610	48378.7308	146.6838
7260.540	48302.4982	137.4817
7263.470	48238.8400	149.5566
7266.400	48086.2392	149.8457
7269.330	47909.9757	163.3788
7272.260	47899.4535	163.5923
7275.190	47918.5156	160.3628
7278.120	48007.8585	175.4365
7281.050	47989.1681	185.8613
7283.980	47861.7722	162.1813
7286.910	47662.8438	164.4372
7289.840	47553.2137	171.3378
7292.770	47506.7909	158.4358
7295.700	47496.0040	159.9160
7298.630	47489.3178	161.2303
7301.560	47425.5603	155.8809
7304.490	47358.8524	155.2143
7307.420	47197.3973	150.1161
7310.350	47154.2784	144.8472
7313.280	47199.6221	149.6576
7316.210	47162.6414	151.9091
7319.140	47137.9366	140.0507
7322.070	47117.7025	141.3965
7325.000	47075.0616	151.2568
7327.930	47023.4410	151.3990
7330.860	46981.8284	148.0109
7333.790	46830.8409	164.9439
7336.720	46679.7827	176.8332
7339.650	46716.2437	160.0578
7342.580	46751.0147	148.0000
7345.510	46711.6024	138.0346
7348.440	46619.7345	141.0877
7351.370	46526.7114	161.7159
7354.300	46418.2307	169.7928
7357.230	46423.0521	149.6705
7360.160	46369.4145	148.3061
7363.090	46247.7695	152.6527
7366.020	46182.1295	149.8896
7368.950	46250.2492	143.8029
7371.880	46269.4687	142.1926
7374.810	46228.4621	138.4572
7377.740	46134.5367	145.8448
7380.670	46019.9045	142.7567
7383.600	45907.9348	154.5222
7386.530	45834.7184	152.3332
7389.460	45896.0843	145.4181
7392.390	45839.5798	140.1112
7395.320	45724.2667	139.8947
7398.250	45583.0551	138.1867
7401.180	45474.6950	138.5201
7404.110	45404.1083	140.0665
7407.040	45353.3058	144.1685
7409.970	45311.5974	156.3594
7412.900	45242.3321	163.0907
7415.830	45198.9097	151.9842
7418.760	45192.5184	138.0240
7421.690	45192.2390	148.7740
7424.620	45140.9460	149.6608
7427.550	45110.1100	139.6065
7430.480	45079.0879	140.9753
7433.410	44994.2654	140.5892
7436.340	44863.8431	138.7245
7439.270	44712.3554	147.3375
7442.200	44647.6537	134.1277
7445.130	44684.6685	144.1060
7448.060	44629.6017	145.7362
7450.990	44544.1267	151.8413
7453.920	44455.8299	161.5621
7456.850	44393.2406	148.9143
7459.780	44269.2889	152.3507
7462.710	44163.8456	154.2241
7465.640	44104.3274	158.1452
7468.570	44074.8912	151.9680
7471.500	44081.3849	153.9488
7474.430	44076.4932	167.4554
7477.360	43994.4650	159.2834
7480.290	43940.0793	159.5206
7483.220	43963.9250	148.5586
7486.150	43949.0836	145.2094
7489.080	43876.0195	144.9492
7492.010	43769.6596	152.9161
7494.940	43692.0195	154.8817
7497.870	43559.1795	162.0840
7500.800	43574.2427	157.1113
7503.730	43584.9013	150.3065
7506.660	43516.0692	143.9355
7509.590	43468.9202	143.7666
7512.520	43415.2286	144.8501
7515.450	43386.3718	131.1220
7518.380	43387.2072	141.3601
7521.310	43411.4069	147.4854
7524.240	43355.7234	154.8761
7527.170	43225.1995	148.5623
7530.100	43127.8333	147.4745
7533.030	43113.3383	146.6860
7535.960	43043.1431	131.3568
7538.890	42986.8411	141.8349
7541.820	42937.2847	147.8504
7544.750	42909.9677	143.1002
7547.680	42808.0722	128.3296
7550.610	42795.3598	132.9242
7553.540	42798.6304	128.2101
7556.470	42801.8844	130.6731
7559.400	42703.5748	138.7275
7562.330	42630.6116	148.7640
7565.260	42520.5598	164.1030
7568.190	42477.6512	171.0211
7571.120	42504.8618	149.3048
7574.050	42452.2602	134.8775
7576.980	42358.0747	128.1205
7579.910	42253.5125	141.1963
7582.840	42213.3512	154.6976
7585.770	42117.9230	173.9678
7588.700	42032.1680	180.2425
7591.630	41919.3726	196.9004
7594.560	41772.3479	201.9286
7597.490	41808.8884	200.7697
7600.420	41743.3251	180.9457
7603.350	41858.6443	161.6980
7606.280	41890.6294	137.1605
7609.210	41850.3760	140.6114
7612.140	41716.5844	126.9642
7615.070	41768.1043	131.7486
7618.000	41618.2233	131.8267
7620.930	41528.6097	144.0043
7623.860	41464.0362	172.4324
7626.790	41411.3568	157.8357
7629.720	41319.5009	153.3280
7632.650	41329.1461	134.7635
7635.580	41264.5256	119.7899
7638.510	41207.1237	127.6341
7641.440	41181.0706	156.0747
7644.370	41218.6611	137.8540
7647.300	41246.1646	129.1915
7650.230	41093.3344	143.5664
7653.160	40986.7429	134.2355
7656.090	40948.8663	149.2588
7659.020	40877.7772	163.7038
7661.950	40886.3533	156.7292
7664.880	40889.2719	146.8943
7667.810	40905.6751	120.0922
7670.740	40845.0333	123.8872
7673.670	40850.8928	133.9739
7676.600	40794.2910	139.0069
7679.530	40654.8784	146.9378
7682.460	40513.1393	136.2606
7685.390	40418.8314	150.3651
7688.320	40314.4211	146.0427
7691.250	40349.4374	147.5189
7694.180	40308.2906	134.5932
7697.110	40294.9578	128.0037
7700.040	40310.2521	132.6588
7702.970	40219.3108	130.2022
7705.900	40103.8383	127.6009
7708.830	39954.4824	129.6183
7711.760	39894.5251	136.9825
7714.690	39948.0172	135.7377
7717.620	40022.9036	124.3800
7720.550	40043.3719	140.6426
7723.480	40008.7221	147.6315
7726.410	40009.9011	139.7329
7729.340	39965.8374	144.9995
7732.270	39841.5063	144.8819
7735.200	39720.8575	128.1409
7738.130	39687.1684	131.1447
7741.060	39652.9897	122.5185
7743.990	39560.3696	134.9469
7746.920	39549.9085	124.4496
7749.850	39555.9675	119.0028
7752.780	39497.3076	119.7008
7755.710	39466.8771	131.9909
7758.640	39388.0571	117.5264
7761.570	39212.2832	129.7489
7764.500	38908.5716	124.8807
7767.430	38203.8145	113.6421
7770.360	37025.9026	131.6408
7773.290	36358.7411	133.8584
7776.220	37005.4567	124.7847
7779.150	38090.4672	132.1094
7782.080	38695.7032	122.6477
7785.010	38866.8886	127.5422
7787.940	38830.2616	125.2474
7790.870	38795.1551	117.4718
7793.800	38692.1203	117.6320
7796.730	38715.4975	120.1146
7799.660	38800.9514	122.3647
7802.590	38747.9154	135.4976
7805.520	38610.9901	148.4542
7808.450	38539.9825	140.6747
7811.380	38540.9995	130.2072
7814.310	38543.0850	119.8724
7817.240	38455.4727	125.1308
7820.170	38412.0793	125.2656
7823.100	38387.2171	121.2951
7826.030	38358.8999	127.0118
7828.960	38340.7659	133.4933
7831.890	38248.8377	145.7019
7834.820	38182.2968	133.5354
7837.750	38102.2119	128.6663
7840.680	38033.6673	125.0702
7843.610	37918.1935	120.6590
7846.540	37839.6249	131.3491
7849.470	37856.6182	141.6047
7852.400	37837.4968	136.3473
7855.330	37819.1726	142.9477
7858.260	37806.1747	127.2674
7861.190	37772.4309	124.8865
7864.120	37809.4833	128.7213
7867.050	37714.0695	131.9594
7869.980	37485.3347	143.3047
7872.910	37308.9740	132.2868
7875.840	37125.3672	129.3606
7878.770	37150.8834	125.9288
7881.700	37222.7290	124.9186
7884.630	37251.9277	134.7159
7887.560	37207.4728	129.7640
7890.490	37100.5311	118.2814
7893.420	36950.6050	115.6970
7896.350	36877.4972	120.3578
7899.280	37076.0589	138.2582
7902.210	37248.5798	134.8383
7905.140	37221.9589	138.7408
7908.070	37141.7777	138.5652
7911.000	37024.2013	146.7568
7913.930	36850.6098	141.6203
7916.860	36784.8040	135.6560
7919.790	36739.8332	124.6533
7922.720	36668.8851	141.3270
7925.650	36662.4864	127.8476
7928.580	36649.3252	122.2452
7931.510	36590.1188	126.6469
7934.440	36529.2618	125.7439
7937.370	36547.5897	121.6811
7940.300	36523.7921	113.7217
7943.230	36474.1343	111.3574
7946.160	36366.3488	111.4888
7949.090	36253.0589	116.0977
7952.020	36186.1206	115.3505
7954.950	36259.9980	119.0453
7957.880	36269.0700	128.2384
7960.810	36237.5211	136.3422
7963.740	36158.2394	139.5137
7966.670	36142.9233	131.8765
7969.600	36071.8956	126.5964
7972.530	36144.7148	134.9087
7975.460	36139.5183	126.3935
7978.390	36175.7301	130.3712
7981.320	36105.9136	123.5293
7984.250	36043.6785	122.2587
7987.180	36004.1850	133.4030
7990.110	35882.6809	136.0920
7993.040	35816.9983	125.3659
7995.970	35789.0063	126.2610
7998.900	35724.0852	118.4262
8001.830	35629.8717	113.7556
8004.760	35629.6010	102.8816
8007.690	35683.3960	99.0707
8010.620	35709.0212	99.2338
8013.550	35674.0223	104.9168
8016.480	35726.9484	122.3737
8019.410	35749.8746	126.1850
8022.340	35681.1757	125.7374
8025.270	35663.7204	118.0621
8028.200	35631.3880	134.5548
8031.130	35473.5880	123.4040
8034.060	35295.9082	114.2305
8036.990	35178.5662	115.0212
8039.920	35114.2978	117.8203
8042.850	35068.5178	115.2715
8045.780	35022.4712	115.3455
8048.710	34987.1911	120.1277
8051.640	34871.1886	124.9390
8054.570	34772.1070	141.0736
8057.500	34769.5241	124.3927
8060.430	34767.5610	112.2401
8063.360	34883.4486	115.7603
8066.290	34973.4492	106.1590
8069.220	34904.6483	123.0659
8072.150	34907.0065	119.1805
8075.080	34880.3744	119.6821
8078.010	34805.2172	131.4857
8080.940	34628.0889	135.6582
8083.870	34562.4766	125.0905
8086.800	34472.9480	113.3398
8089.730	34416.6280	114.0388
8092.660	34468.8432	114.2552
8095.590	34441.6158	114.8694
8098.520	34334.3983	114.6970
8101.450	34229.8655	120.3166
8104.380	34236.3919	120.2141
8107.310	34220.2469	126.4695
8110.240	34180.2080	116.6860
8113.170	34196.5910	125.7413
8116.100	34250.4295	134.8735
8119.030	34196.3605	125.3987
8121.960	34209.0153	122.6568
8124.890	34241.6807	112.1624
8127.820	34240.5897	103.1262
8130.750	34175.3527	110.2460
8133.680	34064.1561	104.0536
8136.610	33881.0230	113.8546
8139.540	33766.2517	113.2300
8142.470	33738.0789	118.2889
8145.400	33699.7202	103.6648
8148.330	33687.4468	100.8567
8151.260	33761.6567	104.9914
8154.190	33733.9256	110.3349
8157.120	33729.2306	119.3582
8160.050	33631.0443	117.5843
8162.980	33583.2342	123.7397
8165.910	33515.2541	130.3970
8168.840	33372.2865	149.2692
8171.770	33352.9493	141.8255
8174.700	33385.7387	130.9253
8177.630	33270.6252	127.8776
8180.560	33053.3216	137.1838
8183.490	32812.1477	143.9299
8186.420	32771.9525	125.8745
8189.350	32845.2514	123.4100
8192.280	32891.9022	117.2920
8195.210	32803.3858	123.1305
8198.140	32675.4116	105.3628
8201.070	32714.6125	102.4063
8204.000	32712.2121	108.9434
8206.930	32741.0730	115.5948
8209.860	32674.7323	103.5891
8212.790	32559.3276	101.6555
8215.720	32482.2138	94.7700
8218.650	32459.4148	107.4623
8221.580	32456.0340	120.1287
8224.510	32449.3876	129.6147
8227.440	32449.1801	151.2324
8230.370	32405.7173	181.3339
8233.300	32444.1274	158.0859
8236.230	32471.4205	134.5558
8239.160	32454.7620	118.6929
8242.090	32347.0360	92.4679
8245.020	32272.7965	92.4346
8247.950	32224.3813	102.0788
8250.880	32160.3663	99.9114
8253.810	32196.6285	104.6183
8256.740	32164.6095	123.5635
8259.670	32158.0827	109.8177
8262.600	32161.8424	108.4034
8265.530	32132.6490	105.9889
8268.460	32085.8059	106.9171
8271.390	32118.1660	100.4983
8274.320	32171.4182	94.1686
8277.250	32159.6077	90.6454
8280.180	32024.2676	100.4779
8283.110	31961.7229	96.7494
8286.040	31870.1581	100.5473
8288.970	31827.4569	105.0504
8291.900	31879.9521	112.5561
8294.830	31739.8813	110.8450
8297.760	31524.8589	111.6638
8300.690	31541.9579	100.8580
8303.620	31686.1080	89.6556
8306.550	31684.6858	100.7909
8309.480	31691.0472	113.8003
8312.410	31687.8131	113.1499
8315.340	31709.4700	123.1993
8318.270	31668.0559	118.4537
8321.200	31621.0400	114.1430
8324.130	31609.8148	110.7453
8327.060	31462.0224	126.2415
8329.990	31259.0049	126.9509
8332.920	31100.5815	123.5532
8335.850	31049.5593	122.6063
8338.780	31102.7036	120.4676
8341.710	30985.8424	121.6379
8344.640	30922.4884	116.7055
8347.570	31104.7711	101.1682
8350.500	31075.9461	112.0225
8353.430	30908.0613	116.3370
8356.360	30978.9277	102.7485
8359.290	31005.3339	104.8850
8362.220	30943.8802	121.1217
8365.150	30914.7955	122.0966
8368.080	30852.6901	104.8208
8371.010	30973.9398	96.9437
8373.940	31005.1013	93.9012
8376.870	31017.7138	111.2487
8379.800	30984.5487	126.5023
8382.730	30943.6765	133.3743
8385.660	30950.7932	112.0442
8388.590	30769.5550	101.5309
8391.520	30668.6913	100.3987
8394.450	30690.0418	112.1158
8397.380	30727.1377	117.6533
8400.310	30804.1284	106.1196
8403.240	30841.7332	90.6787
8406.170	30635.1951	86.1375
8409.100	30371.9656	96.2196
8412.030	30151.4977	111.2965
8414.960	30188.6278	124.9231
8417.890	30533.1318	98.8259
8420.820	30857.6349	88.2966
8423.750	30836.9991	93.0876
8426.680	30503.3710	110.4943
8429.610	30205.8211	133.9022
8432.540	30048.0220	112.5177
8435.470	29821.2026	112.5496
8438.400	29505.7136	108.5876
8441.330	29226.4597	99.7442
8444.260	28833.9398	93.1631
8447.190	29013.4859	97.4771
8450.120	29801.4417	137.4512
8453.050	30292.6830	109.0200
8455.980	30291.3771	101.6273
8458.910	29930.3707	122.0530
8461.840	29316.6116	120.1676
8464.770	28923.0123	119.0620
8467.700	29022.2208	113.2465
8470.630	29465.4062	101.9215
8473.560	29972.7225	103.8552
8476.490	30437.8096	112.7862
8479.420	30720.1097	112.5844
8482.350	30819.4412	111.8871
8485.280	30715.7543	133.6059
8488.210	30443.5467	131.4666
8491.140	29860.7186	124.2545
8494.070	29124.7403	150.6323
8497.000	28264.5951	196.3621
8499.930	27512.4097	145.0357
8502.860	27508.6031	115.8496
8505.790	28215.1343	121.6905
8508.720	29043.5719	118.4810
8511.650	29788.4603	108.0956
8514.580	30277.2065	127.1034
8517.510	30557.4796	119.7542
8520.440	30640.4622	113.8191
8523.370	30651.3551	113.9943
8526.300	30579.1285	123.9896
8529.230	30230.9767	143.8182
8532.160	29749.8734	126.5954
8535.090	28910.3498	120.5428
8538.020	27788.2665	224.2852
8540.950	26555.5425	268.1821
8543.880	26018.4351	190.5122
8546.810	26409.7506	115.8353
8549.740	27533.5750	139.9025
8552.670	28589.1931	124.8082
8555.600	29468.7640	104.1555
8558.530	30151.5960	100.2977
8561.460	30720.8757	106.0779
8564.390	31057.3371	109.5135
8567.320	31204.3320	109.7961
8570.250	31168.3468	111.9696
8573.180	31074.3174	119.6761
8576.110	30842.5888	121.9903
8579.040	30565.1112	127.2944
8581.970	29988.3298	135.4369
8584.900	29168.5915	126.5056
8587.830	28185.9178	118.2852
8590.760	27041.2416	93.7375
8593.690	25792.1448	88.5046
8596.620	24949.1413	84.2849
8599.550	25116.7969	100.3602
8602.480	26192.7585	97.2439
8605.410	27508.9702	85.5842
8608.340	28582.8499	81.7601
8611.270	29382.1632	85.3244
8614.200	30103.8745	99.2501
8617.130	30695.3040	94.3342
8620.060	30961.6581	118.9431
8622.990	31067.9610	156.5748
8625.920	31066.4098	135.4396
8628.850	31116.8679	120.8555
8631.780	31099.4571	112.8676
8634.710	30953.4368	134.7018
8637.640	30746.9685	139.9727
8640.570	30568.6787	135.6757
8643.500	30220.1104	121.2566
8646.430	29686.0451	113.4158
8649.360	28776.6946	118.3008
8652.290	27685.2129	116.1238
8655.220	26546.4404	82.8801
8658.150	25064.6550	186.8081
8661.080	23662.7230	213.6993
8664.010	22982.8444	159.3895
8666.940	23526.2284	108.0872
8669.870	24923.2610	108.4674
8672.800	26280.7305	105.0758
8675.730	27231.4395	108.0438
8678.660	27908.5148	109.0472
8681.590	28575.4550	106.5099
8684.520	29319.4193	104.7464
8687.450	30022.4961	107.9707
8690.380	30472.5554	108.0652
8693.310	30825.0079	107.3426
8696.240	31140.8826	105.4539
8699.170	31272.5486	110.9166
8702.100	31316.7411	111.6120
8705.030	31287.5362	115.4569
8707.960	31262.1278	113.1657
8710.890	31241.9810	109.7909
8713.820	31116.0600	109.4058
8716.750	30848.0379	99.0952
8719.680	30552.7437	103.8694
8722.610	30224.0914	110.9617
8725.540	29889.3611	93.9810
8728.470	29514.6539	89.2841
8731.400	28991.5669	85.5006
8734.330	28222.1171	89.2887
8737.260	27226.1167	93.0814
8740.190	25979.9410	87.3072
8743.120	24463.6532	84.1352
8746.050	22896.1991	78.5449
8748.980	21936.9032	71.2572
8751.910	22235.5336	80.0299
8754.840	23585.3787	79.6459
8757.770	25155.8996	82.8205
8760.700	26442.4735	96.5370
8763.630	27505.8573	102.6861
8766.560	28304.1828	111.2907
8769.490	28976.0233	117.3356
8772.420	29505.0997	119.7495
8775.350	29700.8903	119.4701
8778.280	29966.7577	111.9096
8781.210	30193.8603	123.6068
8784.140	30372.3921	125.0043
8787.070	30533.7358	128.3106
8790.000	30745.6054	110.2718
8792.930	30959.0250	102.1503
8795.860	31061.9736	95.6269
8798.790	30998.7108	100.3099
8801.720	30968.2166	116.0135
8804.650	31026.5486	139.7964
8807.580	30971.8005	130.1618
8810.510	30864.1456	130.0526
8813.440	30846.7415	135.9848
8816.370	30642.4096	129.5636
8819.300	30490.7740	123.3910
8822.230	30352.6222	120.4620
8825.160	30043.6963	125.6342
8828.090	29934.2480	109.4182
8831.020	29768.7948	106.5604
8833.950	29304.5975	107.0212
8836.880	28980.9690	101.0454
8839.810	28616.6938	86.2969
8842.740	28095.3441	90.7101
8845.670	27303.2566	104.0016
8848.600	26341.9288	122.4935
8851.530	25244.5144	113.6049
8854.460	23767.6884	99.9537
8857.390	21996.6624	87.5552
8860.320	20654.8417	68.7506
8863.250	20426.0050	73.6582
8866.180	21503.5413	86.6697
8869.110	23167.3722	89.8092
8872.040	24725.6311	86.5400
8874.970	25905.0795	87.8808
8877.900	26841.4448	74.8333
8880.830	27421.9651	86.8368
8883.760	27722.2993	102.9375
8886.690	28158.8519	94.7592
8889.620	28660.7727	77.7358
8892.550	29024.2652	95.3349
8895.480	29379.8730	122.1950
8898.410	29604.3928	124.7141
8901.340	29656.0287	124.1405
8904.270	29697.8956	113.8711
8907.200	29585.5960	110.4597
8910.130	29482.0151	95.3506
8913.060	29637.8501	113.5467
8915.990	29841.8936	108.6622
8918.920	30097.6754	101.6515
8921.850	30163.0364	118.0960
8924.780	29967.7593	129.0599
8927.710	29734.1011	124.1459
8930.640	29698.7658	104.1273
8933.570	29729.9487	99.7833
8936.500	29739.1330	106.8222
8939.430	29754.6587	123.4134
8942.360	29882.8059	118.4203
8945.290	30069.3607	111.5463
8948.220	30076.6040	109.6910
8951.150	30117.1378	101.0623
8954.080	29950.7263	113.7608
8957.010	29686.2580	111.1955
8959.940	29601.6206	88.9939
8962.870	29531.1836	90.2931
8965.800	29539.0621	104.0030
8968.730	29499.0046	112.5544
8971.660	29215.3832	128.8438
8974.590	28934.5407	120.6728
8977.520	28643.9625	115.4859
8980.450	28390.8344	101.0894
8983.380	28027.7634	95.2706
8986.310	27663.3299	100.6327
8989.240	27387.1009	108.4783
8992.170	27073.5096	102.6836
8995.100	26510.4250	110.7157
8998.030	25675.1097	115.3585
9000.960	24642.9774	97.4773
9003.890	23524.5800	85.9085
9006.820	22092.5400	83.4814
9009.750	20526.3879	82.7959
9012.680	19361.6875	94.9793
9015.610	19419.5734	92.9098
9018.540	20680.6080	82.0566
9021.470	22220.7494	89.4174
9024.400	23486.9816	101.0772
9027.330	24456.8493	105.7709
9030.260	25197.3403	92.1487
9033.190	25829.1912	73.7070
9036.120	26365.2822	77.3494
9039.050	26789.8514	78.7781
9041.980	27146.3622	102.1654
9044.910	27435.8985	106.0891
9047.840	27675.1474	122.8421
9050.770	27805.2132	121.6975
9053.700	27823.2820	104.2823
9056.630	27521.9267	83.4621
9059.560	27027.0095	92.8486
9062.490	27042.8425	100.3212
9065.420	27635.2546	115.5061
9068.350	28233.2460	124.7755
9071.280	28564.1627	118.6959
9074.210	28576.9641	107.3402
9077.140	28387.8645	103.5034
9080.070	28275.0715	120.4485
9083.000	28210.7140	105.3305
9085.930	27982.6527	102.2415
9088.860	27710.9486	107.3044
9091.790	27431.0354	112.7919
9094.720	27448.9720	95.9619
9097.650	27768.9444	98.2072
9100.580	28053.3024	113.3805
9103.510	28152.5485	112.0202
9106.440	28089.3143	106.8311
9109.370	27990.5874	118.5012
9112.300	28023.5759	120.2365
9115.230	28188.6485	130.7213
9118.160	28209.1468	131.0876
9121.090	28011.7858	107.6212
9124.020	27848.9962	97.1129
9126.950	27766.3995	95.6901
9129.880	27773.2569	113.2441
9132.810	27905.2286	125.0976
9135.740	28118.4731	113.5845
9138.670	28289.3871	116.8803
9141.600	28344.6562	110.7867
9144.530	28191.0507	108.8341
9147.460	28000.0108	96.7835
9150.390	27938.7834	101.1841
9153.320	27924.2409	111.8791
9156.250	27986.3695	109.1402
9159.180	27986.1551	114.0836
9162.110	27941.1891	113.4943
9165.040	27710.7065	116.9896
9167.970	27458.4007	111.6243
9170.900	27225.3631	104.8688
9173.830	27057.0547	115.1965
9176.760	27078.2212	112.5748
9179.690	27129.1871	112.7755
9182.620	27170.2934	115.0286
9185.550	27180.1055	98.1281
9188.480	27061.8864	100.8779
9191.410	26871.0751	100.0713
9194.340	26507.0429	98.5977
9197.270	26085.3804	108.5326
9200.200	25753.5976	97.7731
9203.130	25403.4690	111.7450
9206.060	24883.2179	104.1798
9208.990	24225.3216	99.8364
9211.920	23292.5088	92.8451
9214.850	22281.0892	90.9005
9217.780	21274.8749	92.7889
9220.710	20198.7575	84.6692
9223.640	18953.0108	72.7702
9226.570	17883.6690	73.0817
9229.500	17817.7988	71.1987
9232.430	18781.6411	79.5974
9235.360	20037.0671	78.1625
9238.290	21161.7783	74.4450
9241.220	22038.9355	83.0415
9244.150	22824.7114	97.4067
9247.080	23552.3483	110.3470
9250.010	24171.3054	114.8298
9252.940	24623.8965	102.5173
9255.870	24745.4400	94.4485
9258.800	24400.6679	96.3388
9261.730	24079.4937	99.2380
9264.660	24351.6095	104.2537
9267.590	25078.9259	106.8192
9270.520	25739.4737	118.1690
9273.450	26043.8032	122.5423
9276.380	26094.7712	128.3712
9279.310	26160.4409	136.5093
9282.240	26149.7002	111.8327
9285.170	26230.2147	99.2129
9288.100	26336.2004	101.6604
9291.030	26468.1927	90.5077
9293.960	26644.7824	84.6387
9296.890	26821.3860	95.3982
9299.820	26898.0778	107.2296
9302.750	26742.1390	123.0254
9305.680	26536.7026	105.5094
9308.610	26275.6046	106.3752
9311.540	25994.4174	104.8704
9314.470	25799.8971	126.6293
9317.400	25832.9090	111.3659
9320.330	25937.7188	128.5251
9323.260	26144.9451	146.5724
9326.190	26376.8783	131.9732
9329.120	26493.5560	116.3436
9332.050	26456.3427	129.0001
9334.980	26238.2285	150.7386
9337.910	26022.6637	167.4741
9340.840	25964.6310	156.6528
9343.770	25933.6988	146.2657
9346.700	25880.3260	137.6602
9349.630	25766.7048	126.5834
9352.560	25769.2691	142.4428
9355.490	25859.8726	135.0253
9358.420	25967.0764	115.0415
9361.350	26010.0459	119.0137
9364.280	25941.2987	120.2455
9367.210	25868.4327	126.9427
9370.140	25731.9873	117.7581
9373.070	25528.8278	115.1665
9376.000	25512.7811	117.9980
9378.930	25642.3878	128.1384
9381.860	25631.9144	125.1132
9384.790	25625.1274	93.2880
9387.720	25532.1447	92.3954
9390.650	25388.8533	104.7385
9393.580	25310.5163	126.9923
9396.510	25260.9840	116.2345
9399.440	25057.0785	111.6440
9402.370	24890.7465	113.5868
9405.300	24945.0427	129.1843
9408.230	25006.4884	129.4565
9411.160	25014.4269	159.6996
9414.090	24957.9477	151.1530
9417.020	24910.0577	118.6256
9419.950	24961.0753	126.2140
9422.880	25066.5301	123.1084
9425.810	25026.6055	119.5518
9428.740	25160.7073	110.7320
9431.670	25240.7006	102.1335
9434.600	25131.8363	100.6098
9437.530	25021.7240	127.1479
9440.460	24980.9554	144.9588
9443.390	25069.0362	126.4364
9446.320	25119.7240	114.8090
9449.250	25070.8752	109.7189
9452.180	24978.1447	116.6138
9455.110	24697.9544	115.7656
9458.040	24497.5284	103.2659
9460.970	24627.9777	96.6441
9463.900	24801.1185	90.2325
9466.830	24836.5449	88.8602
9469.760	24818.3232	100.1402
9472.690	24729.6583	109.7599
9475.620	24639.7966	118.1351
9478.550	24427.1456	121.0278
9481.480	24269.7149	112.1613
9484.410	24347.4139	99.2588
9487.340	24176.2028	116.6218
9490.270	24023.7372	111.1842
9493.200	24072.0183	105.0312
9496.130	24118.8785	116.8969
9499.060	24024.6519	125.0537
9501.990	23935.7914	113.1687
9504.920	23915.2237	102.3267
9507.850	23841.4396	101.4759
9510.780	23707.9465	116.1137
9513.710	23377.9436	130.6666
9516.640	22948.2598	138.2420
9519.570	22444.3188	118.4666
9522.500	22069.9747	88.5998
9525.430	21659.7287	81.2826
9528.360	21215.9360	82.5998
9531.290	20475.7098	82.3039
9534.220	19656.9606	87.4526
9537.150	18705.3173	93.4993
9540.080	17597.6833	94.0240
9543.010	16605.4950	92.9246
9545.940	16249.4268	90.4784
9548.870	16787.7264	92.6075
9551.800	17772.1665	98.5424
9554.730	18888.0028	94.8691
9557.660	19886.8589	104.8506
9560.590	20678.9450	107.0242
9563.520	21241.5049	119.8046
9566.450	21781.7394	138.8215
9569.380	22275.3579	127.8616
9572.310	22608.4911	111.7942
9575.240	22666.9289	103.9610
9578.170	22616.5953	111.8618
9581.100	22610.9001	109.9397
9584.030	22746.5728	123.5525
9586.960	22919.3123	148.2143
9589.890	23127.6890	151.6862
9592.820	23363.2692	144.4727
9595.750	23358.5298	143.6087
9598.680	23147.8954	131.5210
9601.610	23010.5070	142.1637
9604.540	22942.8320	158.3769
9607.470	23237.3814	176.3532
9610.400	23511.4441	193.4212
9613.330	23455.7301	189.7275
9616.260	23036.7800	166.0658
9619.190	22788.3769	201.2103
9622.120	22779.6626	210.1019
9625.050	22788.3874	209.8291
9627.980	22899.3432	192.9528
9630.910	22908.5299	181.6304
9633.840	22994.6459	191.0912
9636.770	23121.9415	201.8305
9639.700	23161.7112	194.0555
9642.630	23054.5984	203.6424
9645.560	22994.9519	213.6408
9648.490	22996.7983	206.9625
9651.420	22936.2435	215.4866
9654.350	22639.8239	205.5979
9657.280	22533.0908	204.0859
9660.210	22486.4714	230.2985
9663.140	22618.4164	229.6657
9666.070	22632.1283	227.8245
9669.000	22718.6583	222.1738
9671.930	22801.0658	238.8720
9674.860	22838.7749	238.6275
9677.790	22784.4272	248.7751
9680.720	22637.9508	240.0987
9683.650	22708.2220	258.9115
9686.580	22647.1611	253.5174
9689.510	22496.5919	253.9034
9692.440	22494.1469	254.6903
9695.370	22620.6753	258.2794
9698.300	22652.9626	253.6610
9701.230	22655.0921	266.9672
