3298.680	228288.3783	1234.0601
3301.060	228056.0739	1523.3229
3303.440	227031.0803	1387.5286
3305.820	227525.0014	1127.7644
3308.200	227353.3400	1122.3839
3310.580	225152.8905	1259.7488
3312.960	224543.0762	1184.1310
3315.340	224733.9827	1186.0313
3317.720	224961.7386	1264.2690
3320.100	223542.7495	1506.4193
3322.480	222203.1051	1197.8010
3324.860	222566.3339	1061.5765
3327.240	222924.8544	1079.2275
3329.620	223081.2870	1076.4722
3332.000	222418.2902	1228.2412
3334.380	221543.5676	1128.8505
3336.760	220807.4488	1069.5396
3339.140	220185.6995	1042.9592
3341.520	220126.3111	1025.0614
3343.900	220626.2091	1068.8271
3346.280	220291.3379	910.2418
3348.660	219731.6347	1089.4311
3351.040	220062.4974	1022.4343
3353.420	220282.5020	1147.4160
3355.800	217881.0929	1429.5355
3358.180	215691.1962	1207.3504
3360.560	218728.5001	1333.3345
3362.940	219049.6360	1085.1878
3365.320	217545.1936	1151.1088
3367.700	217369.9123	1067.0513
3370.080	217650.8003	1105.5381
3372.460	218836.2524	1138.3980
3374.840	218932.3448	1142.7719
3377.220	214983.7441	1371.7706
3379.600	214363.0512	845.9729
3381.980	215028.9873	866.0368
3384.360	215856.1303	920.6418
3386.740	216081.5171	1190.1463
3389.120	216469.2958	1027.2572
3391.500	215446.9337	922.8403
3393.880	215691.5131	1143.7653
3396.260	216068.3904	915.9669
3398.640	215303.4195	1226.8642
3401.020	213866.3131	1293.9086
3403.400	213269.1842	982.1745
3405.780	213491.7304	867.2443
3408.160	214027.3690	803.7287
3410.540	215568.4406	870.4326
3412.920	215347.4445	1026.0590
3415.300	215161.3346	934.2480
3417.680	213324.3588	1072.3401
3420.060	211515.3202	1191.0978
3422.440	211536.5154	1006.6739
3424.820	213519.4938	795.4687
3427.200	214323.6293	785.7063
3429.580	213318.9411	1065.5715
3431.960	211756.1212	1181.0148
3434.340	211449.5514	1157.2409
3436.720	211398.6376	1200.3160
3439.100	211509.3594	1038.9890
3441.480	211875.9915	1138.7662
3443.860	211103.6519	1061.1219
3446.240	212230.1932	854.9726
3448.620	211415.2183	1189.2553
3451.000	210827.2500	1136.0924
3453.380	209903.9777	1073.2157
3455.760	209691.6299	961.5836
3458.140	209773.2114	813.3359
3460.520	209590.4400	889.4573
3462.900	209766.0661	867.0789
3465.280	208780.0321	1222.2849
3467.660	208387.3792	1114.1941
3470.040	207412.0960	1185.4569
3472.420	207352.6211	961.2777
3474.800	208129.8373	912.2566
3477.180	208204.3509	1087.5553
3479.560	207503.0398	1313.4879
3481.940	206687.3523	1121.3000
3484.320	206344.0623	948.2903
3486.700	205523.1285	1006.9160
3489.080	206570.6914	900.8800
3491.460	205871.4524	946.4302
3493.840	204039.5116	799.2176
3496.220	204449.9055	861.2041
3498.600	205646.6800	798.6818
3500.980	205206.1027	1061.6125
3503.360	204450.5899	1137.2416
3505.740	204872.1796	1021.9754
3508.120	204985.3866	871.2470
3510.500	205128.5464	838.5231
3512.880	204815.2757	845.6937
3515.260	204199.1459	844.2926
3517.640	204797.9482	684.5858
3520.020	204471.8233	739.0615
3522.400	204933.7214	858.5460
3524.780	205484.4962	1246.8606
3527.160	204238.0524	787.7279
3529.540	203868.5162	757.0180
3531.920	204150.6099	835.1412
3534.300	203738.3390	741.7823
3536.680	203464.6526	738.3960
3539.060	203197.7887	778.3187
3541.440	203420.3225	855.9777
3543.820	203050.0801	912.5497
3546.200	202370.5274	1018.2715
3548.580	202682.5623	894.6383
3550.960	202909.8944	956.8926
3553.340	202360.5716	979.1387
3555.720	200545.6126	1008.6304
3558.100	199915.7340	1032.5283
3560.480	200332.6685	938.3684
3562.860	200814.1831	776.5693
3565.240	200374.0458	812.9355
3567.620	200203.3836	710.6780
3570.000	198945.9882	1006.0416
3572.380	198841.6166	807.2352
3574.760	198900.6032	816.0322
3577.140	198606.8118	865.4193
3579.520	199989.0186	938.6856
3581.900	199370.8638	894.4154
3584.280	198430.6143	921.8937
3586.660	198028.8145	868.6985
3589.040	198837.7659	805.3259
3591.420	198819.9145	898.6771
3593.800	197365.3165	1140.5411
3596.180	196749.7018	1209.5482
3598.560	197406.3613	1078.8394
3600.940	197758.5083	817.2081
3603.320	196714.5055	766.1329
3605.700	197238.9932	826.9135
3608.080	196503.1638	732.1458
3610.460	195857.5679	932.7726
3612.840	194546.7958	1173.0523
3615.220	194648.3844	1031.6461
3617.600	196245.1331	701.3062
3619.980	195662.9089	943.0656
3622.360	195044.4937	854.7556
3624.740	194173.3130	1200.7324
3627.120	194152.7720	1156.0993
3629.500	194164.5146	946.2756
3631.880	194944.7710	1031.4479
3634.260	194952.4978	964.0758
3636.640	194043.6007	933.7586
3639.020	193986.2841	827.9781
3641.400	194874.2842	811.9414
3643.780	194370.3266	838.5436
3646.160	193982.8079	767.9188
3648.540	193463.9605	815.8999
3650.920	192885.8354	662.0795
3653.300	192915.4080	869.3247
3655.680	192555.0472	865.5595
3658.060	192008.4197	828.2049
3660.440	192278.5350	685.8229
3662.820	192163.1474	660.5211
3665.200	191991.2686	685.0970
3667.580	191902.9471	685.6425
3669.960	191250.0300	817.0486
3672.340	190520.7335	991.7900
3674.720	190325.2194	872.9949
3677.100	189801.3038	779.1611
3679.480	190294.6902	711.6425
3681.860	190210.5512	748.0191
3684.240	189788.4558	779.4491
3686.620	190102.0761	825.1384
3689.000	190349.5960	832.0358
3691.380	191068.2992	822.0513
3693.760	190524.1107	857.4993
3696.140	191039.6454	823.1428
3698.520	192848.3625	811.5841
3700.900	192423.8975	1161.5178
3703.280	191658.2128	938.8562
3705.660	197965.6955	854.6612
3708.040	200816.6256	736.7856
3710.420	192057.5437	784.4422
3712.800	194311.6946	930.0583
3715.180	212673.7376	1155.8083
3717.560	216911.6018	875.8759
3719.940	200087.3584	1047.8352
3722.320	194908.6884	755.3268
3724.700	220254.5875	994.8570
3727.080	247696.9239	1291.2028
3729.460	243444.0086	1155.9816
3731.840	210637.7500	1129.6977
3734.220	191711.2855	961.4962
3736.600	216433.5778	891.8141
3738.980	260494.1490	1584.4979
3741.360	290488.4794	1643.5766
3743.740	283706.6537	1014.2540
3746.120	242269.2596	1063.3735
3748.500	197693.3232	923.6366
3750.880	193693.8658	956.1796
3753.260	235343.3989	1837.7530
3755.640	287559.5699	1597.7232
3758.020	325866.6459	1158.8427
3760.400	337393.9911	1216.1314
3762.780	321310.3247	1341.5112
3765.160	279816.2457	1218.5139
3767.540	225500.3684	977.4133
3769.920	189582.1349	809.0530
3772.300	206623.7032	908.4246
3774.680	263237.6844	1074.4364
3777.060	321609.4701	1193.4703
3779.440	363600.7020	1235.1820
3781.820	386156.5557	1431.5878
3784.200	392544.3120	1438.5395
3786.580	384267.4101	1763.2530
3788.960	360993.8512	1350.9979
3791.340	315052.2213	1264.1730
3793.720	254223.4308	1150.5960
3796.100	201030.8295	969.1416
3798.480	190610.3329	819.2857
3800.860	232897.6938	994.7834
3803.240	293826.6053	1218.2858
3805.620	347473.2315	1597.9420
3808.000	384467.8660	1434.2126
3810.380	405738.6889	1721.6011
3812.760	417078.2606	1796.6180
3815.140	421034.7276	2384.4809
3817.520	418440.7120	2329.1983
3819.900	409191.3257	2308.5347
3822.280	398226.5408	1795.0217
3824.660	377977.3911	1393.6825
3827.040	344547.6852	1244.1072
3829.420	294641.0480	1095.4416
3831.800	234901.9163	991.5127
3834.180	189616.4696	845.2827
3836.560	193521.4600	808.1960
3838.940	241809.6933	1163.2553
3841.320	302049.2054	1217.1077
3843.700	349409.8525	1977.3316
3846.080	381509.0646	2092.6076
3848.460	403183.7863	1764.9485
3850.840	414832.1885	1673.9824
3853.220	421067.4695	1521.4481
3855.600	426059.0053	1423.1306
3857.980	432282.7728	1670.7856
3860.360	433583.3603	1581.9891
3862.740	427393.4567	2577.1275
3865.120	427266.3997	2671.1037
3867.500	429893.7343	1754.3889
3869.880	427409.0819	1849.4742
3872.260	420164.1690	1381.6579
3874.640	409395.6586	1521.8006
3877.020	390904.7699	1395.4239
3879.400	362763.8160	1410.8724
3881.780	321326.4957	1352.5750
3884.160	265794.7182	1218.2135
3886.540	209949.6347	1041.5669
3888.920	183380.4742	872.2497
3891.300	209089.6255	811.7722
3893.680	263753.6302	1088.8278
3896.060	317458.8839	1443.7821
3898.440	357284.7526	1307.8641
3900.820	383108.5414	1241.0518
3903.200	399883.9609	1235.8717
3905.580	410620.2602	1342.7651
3907.960	420535.1711	1469.3930
3910.340	424729.9314	1966.8567
3912.720	426222.4836	2125.0417
3915.100	426627.6572	1994.6349
3917.480	428652.5991	1844.9851
3919.860	429014.7422	1837.9881
3922.240	427315.6150	1853.3193
3924.620	429153.4470	1762.0214
3927.000	430686.4088	2060.6955
3929.380	428016.7323	2027.2643
3931.760	423141.4707	3611.9780
3934.140	422495.5499	3825.3860
3936.520	420612.8800	2620.6964
3938.900	421426.9522	2170.2434
3941.280	420975.0590	1914.2491
3943.660	418396.0723	2267.7649
3946.040	416308.9496	1600.2639
3948.420	411533.4165	1884.6437
3950.800	406595.6874	1932.2154
3953.180	400725.0320	2084.6678
3955.560	388218.4718	1840.2531
3957.940	370336.4658	1855.3685
3960.320	345238.6644	1778.2834
3962.700	308343.0438	1379.5785
3965.080	257321.6599	1681.7135
3967.460	205100.6372	1808.0392
3969.840	178742.0861	1634.8970
3972.220	199155.8834	1003.3066
3974.600	249201.7367	1307.4201
3976.980	299467.6160	1590.6521
3979.360	335608.7150	2060.6034
3981.740	361903.6990	2251.2160
3984.120	380793.5317	1641.9557
3986.500	391483.1390	1553.4511
3988.880	397461.9830	1684.6235
3991.260	402732.5666	1647.2671
3993.640	406549.5168	1542.1220
3996.020	408454.2717	1549.8506
3998.400	409427.7737	1561.1645
4000.780	408504.4205	1674.3612
4003.160	407437.5598	1724.6252
4005.540	406937.7691	1534.8079
4007.920	406997.9445	1344.7732
4010.300	407579.3472	1504.8530
4012.680	407387.0145	1439.9371
4015.060	407456.4623	1385.8927
4017.440	407886.7292	1275.3097
4019.820	407654.4301	1431.7270
4022.200	402289.2067	1812.7090
4024.580	393686.6456	2045.4513
4026.960	389940.5786	1489.9989
4029.340	394952.1414	1315.8773
4031.720	399926.6137	1137.3503
4034.100	402471.1713	1137.8597
4036.480	402532.6490	1260.9161
4038.860	402162.9205	1387.3227
4041.240	402386.8894	1313.1266
4043.620	402163.3831	1532.9877
4046.000	399218.6485	1265.7193
4048.380	398441.5572	1283.9167
4050.760	397798.5566	1449.7312
4053.140	397464.5590	1399.3241
4055.520	396938.9679	1250.7469
4057.900	395002.2779	1327.6670
4060.280	392951.3150	1309.0455
4062.660	392270.8660	1248.8460
4065.040	389283.5601	1289.5763
4067.420	387703.0391	1344.3191
4069.800	387023.1661	1428.2489
4072.180	385502.8674	1401.9846
4074.560	383335.8997	1469.8372
4076.940	380904.8576	1491.1732
4079.320	377804.6006	1381.7210
4081.700	374618.3882	1318.3982
4084.080	368705.1119	1272.9232
4086.460	359589.7872	1400.5796
4088.840	344923.3554	1449.6407
4091.220	323640.5828	1330.6302
4093.600	294392.1695	1226.8432
4095.980	253457.0837	1268.8212
4098.360	205467.1464	1309.8414
4100.740	169321.1925	1095.7329
4103.120	174675.6602	858.8076
4105.500	213644.7586	917.7593
4107.880	258757.2277	918.0101
4110.260	297145.4921	1052.8916
4112.640	324164.6282	1088.8248
4115.020	340908.4006	1167.0274
4117.400	352329.1793	1187.2776
4119.780	359048.9405	1248.7428
4122.160	362708.5263	1187.4890
4124.540	364362.8642	1369.9939
4126.920	362351.8882	1311.1784
4129.300	359979.8217	1192.1438
4131.680	365068.0505	1334.1661
4134.060	371467.5341	1425.1023
4136.440	373138.7896	1468.4897
4138.820	372872.1756	1403.7166
4141.200	370588.4337	1547.2945
4143.580	369886.4148	1465.5227
4145.960	368707.2239	1239.1768
4148.340	370056.0936	1303.9195
4150.720	371596.2605	1369.6449
4153.100	372639.5442	1342.0807
4155.480	373119.3533	1408.8656
4157.860	371783.6977	1357.2016
4160.240	369922.8188	1375.2956
4162.620	368435.3757	1459.1592
4165.000	368147.8645	1346.9224
4167.380	368001.4805	1358.1710
4169.760	367092.4289	1105.0205
4172.140	364443.4936	1270.8845
4174.520	363240.7864	1364.9876
4176.900	361286.1780	1157.6602
4179.280	360386.6441	1186.7529
4181.660	362445.4191	1111.4649
4184.040	363034.2653	1116.1180
4186.420	362496.8571	1225.9185
4188.800	362215.5107	1418.2419
4191.180	361371.6438	1586.1116
4193.560	361922.6092	1374.8179
4195.940	360866.9434	1426.1420
4198.320	360380.4117	1598.3835
4200.700	358459.8343	1434.5633
4203.080	356833.1303	1210.7730
4205.460	356303.4245	1284.3951
4207.840	356689.1769	1138.6365
4210.220	356578.7122	1240.2705
4212.600	356509.1483	1257.8685
4214.980	356575.6689	1292.5473
4217.360	355226.5532	1138.9043
4219.740	352599.9434	1181.9286
4222.120	352579.0989	1044.0270
4224.500	354197.2468	1637.6233
4226.880	352915.3471	1144.7086
4229.260	350709.9163	1115.9163
4231.640	346635.4381	1545.8740
4234.020	346523.1884	1207.1079
4236.400	349024.1227	1117.8933
4238.780	349372.2386	1103.5719
4241.160	348231.7257	1169.2781
4243.540	346930.3168	1165.9503
4245.920	346906.8158	1103.6887
4248.300	346921.6851	1210.8698
4250.680	346204.8775	1247.5128
4253.060	344473.4421	1210.4344
4255.440	343224.4246	1212.6249
4257.820	343540.7108	1164.7578
4260.200	342642.3292	1152.6172
4262.580	342112.7131	1173.1048
4264.960	340141.9340	1280.8260
4267.340	339029.8976	1254.8036
4269.720	338763.5957	1246.9419
4272.100	339324.3357	1396.6970
4274.480	337876.9431	1139.9310
4276.860	337032.2230	1157.8061
4279.240	336905.7504	1170.7371
4281.620	336247.1576	1149.9802
4284.000	335535.3583	1204.2529
4286.380	335204.9003	1214.7174
4288.760	333995.7019	1325.6310
4291.140	332080.9904	1172.9627
4293.520	330840.0664	1263.3607
4295.900	329666.2002	1301.7656
4298.280	328411.4258	1312.7991
4300.660	327892.2613	1233.5701
4303.040	327677.5800	1216.4514
4305.420	326729.0389	1092.3493
4307.800	327600.9149	1439.7090
4310.180	326591.3740	1623.5315
4312.560	322184.5179	1257.2713
4314.940	319161.5356	1415.3477
4317.320	314731.9428	1882.2637
4319.700	312517.2365	1498.8672
4322.080	308570.9439	1236.3538
4324.460	302093.5465	1471.8174
4326.840	290543.6350	1138.3488
4329.220	275663.7560	1128.3043
4331.600	254938.7270	1226.4359
4333.980	225878.6033	1042.3827
4336.360	190299.1804	1025.7084
4338.740	159162.9959	1155.0995
4341.120	150474.3245	938.6836
4343.500	173067.7909	720.3330
4345.880	209107.2648	802.7745
4348.260	241474.6714	827.3485
4350.640	264678.9058	912.6050
4353.020	280278.3527	883.3169
4355.400	291777.1865	876.1395
4357.780	298675.0285	886.4351
4360.160	303394.4233	1014.7329
4362.540	306936.0803	1056.8989
4364.920	309408.7503	1050.2371
4367.300	310255.9189	1155.7047
4369.680	311253.0591	1228.3228
4372.060	312244.0747	1126.1585
4374.440	313282.2498	1138.7413
4376.820	314808.6911	1238.8450
4379.200	314774.4149	1304.4842
4381.580	312246.8849	1242.3343
4383.960	308560.6986	1279.5413
4386.340	307443.6199	1436.4442
4388.720	307065.6166	1213.4537
4391.100	308280.5238	985.3417
4393.480	309822.1265	1084.5125
4395.860	310564.7754	1059.5145
4398.240	311318.2202	982.8003
4400.620	311704.0010	976.7802
4403.000	311492.5673	1218.4960
4405.380	310747.7822	999.8904
4407.760	310613.4521	970.3121
4410.140	309852.9664	1080.5441
4412.520	309147.4061	1072.9022
4414.900	307657.3804	980.9212
4417.280	306231.0773	1104.9347
4419.660	306164.9862	1032.4767
4422.040	306459.8278	1073.7553
4424.420	306479.6800	1090.5617
4426.800	306014.4916	1012.8874
4429.180	305000.1031	998.4388
4431.560	304654.5508	1074.4714
4433.940	304307.0656	1017.4788
4436.320	303405.6094	1065.8527
4438.700	303379.7476	983.6252
4441.080	302002.4642	1132.5929
4443.460	302340.8967	972.9312
4445.840	301597.7574	1027.4887
4448.220	299772.8799	1062.1150
4450.600	299944.7808	1045.9574
4452.980	301188.1541	1014.3931
4455.360	302178.9971	1019.1980
4457.740	301312.7350	1085.7383
4460.120	300053.3989	954.3467
4462.500	299309.9158	935.6474
4464.880	298318.2913	1137.7863
4467.260	295402.1666	1565.2445
4469.640	290697.7662	1529.1242
4472.020	287748.3785	1125.4988
4474.400	289443.1115	850.0566
4476.780	289826.3316	916.8425
4479.160	284551.5383	889.1664
4481.540	281564.3973	873.9127
4483.920	285763.0736	881.9325
4486.300	290093.3570	912.2568
4488.680	290438.3984	931.3229
4491.060	290598.4094	930.2635
4493.440	291589.7308	1122.4903
4495.820	292420.8483	1054.8495
4498.200	292711.8289	1053.7058
4500.580	291554.9057	1071.3662
4502.960	290627.2515	1054.1365
4505.340	289106.6780	1130.1459
4507.720	287617.8211	1098.0319
4510.100	287691.8344	1019.2225
4512.480	287171.4809	992.7526
4514.860	286853.8710	939.8842
4517.240	285960.2335	1001.0790
4519.620	284843.9136	950.6076
4522.000	283582.3471	1048.4370
4524.380	284602.8985	926.2397
4526.760	285841.6455	971.3680
4529.140	285424.3614	1077.1369
4531.520	284192.9990	1198.3685
4533.900	283411.6404	1194.2456
4536.280	283989.3968	1276.1074
4538.660	283175.1319	1393.3472
4541.040	282235.3574	1135.6000
4543.420	281728.5772	1012.4661
4545.800	280131.8845	1042.1721
4548.180	277354.2291	937.4742
4550.560	276391.4393	899.8051
4552.940	276343.7832	873.3518
4555.320	276604.3883	849.5150
4557.700	276411.1022	821.5379
4560.080	277426.5052	861.2537
4562.460	277971.2912	900.2941
4564.840	278167.0119	854.6124
4567.220	278653.8566	878.3847
4569.600	277396.8140	869.5431
4571.980	276841.6337	950.3965
4574.360	276392.1976	938.7645
4576.740	275631.4125	936.2706
4579.120	274442.1829	969.3335
4581.500	272597.3692	965.5479
4583.880	271493.1961	923.1521
4586.260	271240.5848	958.0332
4588.640	271643.1458	1051.7335
4591.020	272374.8702	956.7467
4593.400	272686.5691	852.9375
4595.780	272744.9469	939.6567
4598.160	272790.8528	839.3404
4600.540	273151.8188	896.6740
4602.920	272696.6490	973.4254
4605.300	272377.5483	1084.8269
4607.680	271341.2094	1036.9572
4610.060	270711.1307	993.8524
4612.440	270517.6250	895.4082
4614.820	269013.5686	888.5099
4617.200	267645.8673	886.5830
4619.580	266959.6702	857.9024
4621.960	266567.2863	871.4588
4624.340	266893.7097	899.6274
4626.720	266560.5840	895.6846
4629.100	265909.5260	920.4492
4631.480	264786.1432	959.2720
4633.860	265104.6902	841.1159
4636.240	265181.7408	788.4067
4638.620	265751.4034	910.0369
4641.000	265604.7451	1026.3948
4643.380	263964.0664	897.3501
4645.760	263709.1035	840.1535
4648.140	264553.1921	809.2882
4650.520	263547.0167	983.8119
4652.900	262588.9265	975.2345
4655.280	262684.8280	884.3562
4657.660	261478.5849	916.1844
4660.040	260409.9153	876.9210
4662.420	260655.7621	861.4267
4664.800	260587.9941	958.9007
4667.180	260701.5118	947.2849
4669.560	260662.3105	954.2625
4671.940	259651.2438	886.9357
4674.320	259232.9975	1025.7408
4676.700	259478.6610	1083.5731
4679.080	260005.0177	1167.3417
4681.460	260613.8128	1500.1868
4683.840	260785.0574	1523.6710
4686.220	259223.4789	1532.4227
4688.600	257126.4612	1283.4789
4690.980	256066.2893	767.8841
4693.360	255951.5724	753.5401
4695.740	255521.0053	726.1699
4698.120	255752.6351	705.7707
4700.500	255450.2698	755.6437
4702.880	255366.4703	867.4096
4705.260	254932.0515	964.0653
4707.640	254135.4114	826.2991
4710.020	254477.2571	932.4281
4712.400	253437.3111	1017.6493
4714.780	252346.6228	852.8403
4717.160	251782.4552	802.2599
4719.540	252240.2855	820.2421
4721.920	251509.1275	859.3220
4724.300	250859.9138	858.8262
4726.680	250492.5089	906.9100
4729.060	250525.9015	963.0869
4731.440	249695.7983	993.1575
4733.820	248871.5287	882.8694
4736.200	248490.6522	877.5116
4738.580	248036.9117	757.4893
4740.960	247790.6576	839.9021
4743.340	248058.5848	866.1650
4745.720	248102.8148	957.7194
4748.100	248173.4665	882.6043
4750.480	247778.9525	902.4143
4752.860	246554.3963	897.6644
4755.240	245712.9555	946.7195
4757.620	245229.8417	793.8258
4760.000	244491.5656	846.7249
4762.380	244277.6276	914.7377
4764.760	244570.0986	865.6427
4767.140	244104.2257	856.3283
4769.520	243037.8151	996.2854
4771.900	242364.5537	868.8737
4774.280	242302.7551	810.2698
4776.660	241932.1698	789.8330
4779.040	241382.4246	774.0026
4781.420	241100.3422	788.1571
4783.800	240959.5596	790.2607
4786.180	241089.9043	747.3278
4788.560	240488.0919	763.9878
4790.940	238993.7074	775.1055
4793.320	238632.0289	746.4040
4795.700	238516.1236	807.6443
4798.080	237603.1420	804.1009
4800.460	237236.0248	793.6100
4802.840	237026.4927	823.6483
4805.220	236631.1690	855.1874
4807.600	236042.9859	855.2698
4809.980	235507.8543	888.4721
4812.360	235289.3147	755.4392
4814.740	234128.3993	736.3068
4817.120	233079.9655	787.1309
4819.500	232018.0407	857.3045
4821.880	231571.6476	895.7699
4824.260	231515.1223	797.1077
4826.640	231779.6138	813.3441
4829.020	230579.5180	901.8373
4831.400	229224.1289	903.0991
4833.780	227617.9783	843.9406
4836.160	225135.7976	867.6138
4838.540	223392.4552	812.5974
4840.920	220803.6915	803.4338
4843.300	216253.8536	899.1040
4845.680	209721.4450	947.0007
4848.060	201943.5607	837.4671
4850.440	191926.7052	801.2013
4852.820	177529.5141	789.6141
4855.200	158094.6601	776.7294
4857.580	136213.9699	820.1794
4859.960	119632.9300	757.6605
4862.340	119050.8293	676.3898
4864.720	134273.0187	448.7032
4867.100	155458.4797	457.9943
4869.480	174907.7750	502.2130
4871.860	188818.4717	558.6892
4874.240	198641.5771	613.5832
4876.620	205161.8435	696.0498
4879.000	210802.3587	732.3738
4881.380	214435.3993	766.8691
4883.760	215865.9778	831.9902
4886.140	218138.4671	747.4046
4888.520	220023.2365	836.9709
4890.900	220278.5973	747.7774
4893.280	220231.4093	746.2881
4895.660	220323.7237	803.7562
4898.040	220694.1584	870.9773
4900.420	221390.1733	759.2660
4902.800	221956.1552	784.0023
4905.180	222037.7010	797.1555
4907.560	221657.7692	798.5206
4909.940	221060.0162	771.0404
4912.320	220561.6691	755.5156
4914.700	220658.4737	778.9970
4917.080	220126.0851	1018.4959
4919.460	218913.7163	1169.2767
4921.840	217011.5372	1011.4858
4924.220	215560.8122	707.8783
4926.600	216997.1707	727.1786
4928.980	218575.1343	724.6631
4931.360	219278.4824	651.6054
4933.740	219940.2839	737.6279
4936.120	220131.9849	903.4322
4938.500	220472.4571	806.8494
4940.880	218778.1165	824.8121
4943.260	217982.3829	754.7836
4945.640	217938.3995	663.9314
4948.020	217776.3499	720.3721
4950.400	217206.7039	823.4922
4952.780	216837.2854	753.9237
4955.160	217242.4977	759.1806
4957.540	216896.7844	770.8482
4959.920	216258.4133	705.5361
4962.300	215761.0387	715.3122
4964.680	215234.4698	715.0790
4967.060	214673.4511	696.2568
4969.440	214597.9894	712.0798
4971.820	215172.5151	716.7622
4974.200	214778.2470	737.5432
4976.580	214624.5415	782.1430
4978.960	214353.3222	854.1915
4981.340	213919.4699	816.4345
4983.720	213089.3814	771.9150
4986.100	211862.5411	755.6208
4988.480	211676.8858	770.8747
4990.860	211535.5293	682.4332
4993.240	211432.8646	724.9776
4995.620	211530.8319	707.8138
4998.000	210883.5201	729.0191
5000.380	210282.8002	721.0457
5002.760	209769.5234	759.5265
5005.140	209216.9648	781.4867
5007.520	208764.7556	755.6464
5009.900	209092.5894	833.4964
5012.280	208454.0567	802.1649
5014.660	207045.2321	774.1453
5017.040	205046.1052	663.3383
5019.420	204621.0895	676.9389
5021.800	205763.1301	729.0184
5024.180	206306.4739	775.6740
5026.560	206197.5185	713.8572
5028.940	206151.6450	692.0216
5031.320	205384.6798	750.7192
5033.700	205316.7911	772.3094
5036.080	204523.0954	807.7626
5038.460	203493.1857	780.7682
5040.840	202637.0422	763.5453
5043.220	203147.1054	739.5944
5045.600	203697.0631	767.6952
5047.980	203956.4328	766.5030
5050.360	203474.9761	669.4051
5052.740	202432.2815	685.8468
5055.120	201011.7638	719.5509
5057.500	200307.7301	726.6427
5059.880	201133.9826	727.5695
5062.260	202016.7024	661.5424
5064.640	202612.3662	652.0323
5067.020	202620.6555	775.3914
5069.400	202223.4716	718.4106
5071.780	201347.7889	722.2298
5074.160	201218.9543	746.1416
5076.540	201337.5706	712.4207
5078.920	201579.6022	724.5717
5081.300	200761.2459	678.9354
5083.680	200371.5929	685.5706
5086.060	200273.4315	691.6765
5088.440	199716.9352	727.9905
5090.820	198775.4280	721.2578
5093.200	198327.3632	710.9356
5095.580	197992.1802	743.1200
5097.960	197449.3094	787.2215
5098.200	198399.6005	614.9105
5100.340	197344.9004	759.3944
5101.130	198677.9519	778.8554
5102.720	197144.6716	727.9620
5104.060	198387.0061	721.2611
5105.100	197260.2809	670.8962
5106.990	198469.3936	598.1889
5107.480	197392.6732	616.9256
5109.860	197234.7937	646.1871
5109.920	198564.8543	617.9429
5112.240	197096.1529	582.4738
5112.850	198703.9205	592.2788
5114.620	196538.8952	700.2052
5115.780	198295.7384	709.9852
5117.000	196130.3829	701.7742
5118.710	197350.0182	720.7725
5119.380	195942.4811	692.5893
5121.640	197088.3666	659.5655
5121.760	195906.3618	752.2098
5124.140	195390.4953	673.1885
5124.570	196031.6060	819.2543
5126.520	194900.8413	657.9862
5127.500	196366.2319	556.6046
5128.900	194664.6147	578.6541
5130.430	195680.3393	576.6985
5131.280	194268.8633	724.1991
5133.360	195034.1755	655.5805
5133.660	193945.8344	702.9146
5136.040	193547.2701	703.7105
5136.290	194156.3375	639.6376
5138.420	193189.7432	703.7610
5139.220	193331.5488	679.7083
5140.800	192848.6188	752.6189
5142.150	193633.6552	673.2526
5143.180	192410.7793	749.1459
5145.080	193416.6392	670.7477
5145.560	191967.8995	758.6333
5147.940	191654.4926	766.5804
5148.010	192463.8374	686.3076
5150.320	191401.8601	664.6472
5150.940	191927.5435	527.1639
5153.870	191891.2027	632.2451
5156.800	192025.3009	595.9536
5159.730	191460.0451	623.5615
5162.660	190652.0287	683.8400
5165.590	187805.1756	1109.3667
5168.520	187466.6493	848.5152
5171.450	187929.4381	602.9672
5174.380	189711.6033	700.3104
5177.310	190225.6790	823.7989
5180.240	187975.5771	666.2407
5183.170	187138.9992	910.7757
5186.100	188114.7746	726.0391
5189.030	187646.2323	693.1052
5191.960	186862.0882	647.6512
5194.890	186516.7371	602.5823
5197.820	186612.3907	605.6683
5200.750	186221.0902	649.9491
5203.680	186253.7383	584.6068
5206.610	186684.5241	681.4029
5209.540	186831.6467	612.1738
5212.470	185918.4273	738.6375
5215.400	184011.4826	609.3672
5218.330	183573.7701	571.0473
5221.260	183687.2754	561.6786
5224.190	182500.4952	569.0427
5227.120	182601.8723	670.3896
5230.050	182545.4555	591.4449
5232.980	181445.9341	581.2338
5235.910	181105.3116	609.7766
5238.840	181900.5568	676.4147
5241.770	181673.1411	622.3212
5244.700	181406.5616	531.8463
5247.630	181412.6907	542.2614
5250.560	180807.5365	602.9868
5253.490	180435.2721	581.8660
5256.420	180427.9731	536.5556
5259.350	179908.9516	504.7173
5262.280	178120.3548	648.0134
5265.210	178148.0422	606.5081
5268.140	178492.5105	527.0877
5271.070	178941.1339	613.9104
5274.000	178534.3823	625.8083
5276.930	177686.7808	594.0912
5279.860	177030.2234	474.9557
5282.790	177168.6883	496.2944
5285.720	177789.6144	564.0560
5288.650	177618.9198	521.6820
5291.580	176995.1892	533.5977
5294.510	176544.6244	547.2576
5297.440	176693.7851	542.1673
5300.370	176558.1237	537.6753
5303.300	176217.9363	580.7295
5306.230	175959.0720	510.0796
5309.160	174894.6892	515.7427
5312.090	173540.0682	491.9901
5315.020	172514.2842	527.2424
5317.950	172351.1052	576.3031
5320.880	172593.3236	566.3458
5323.810	173000.1490	602.3693
5326.740	171840.8708	641.7148
5329.670	172071.6755	606.7980
5332.600	172363.8259	589.6057
5335.530	172157.8399	522.5537
5338.460	171637.6534	563.6777
5341.390	171164.4058	550.6235
5344.320	171714.2016	554.9306
5347.250	171582.4128	532.8115
5350.180	171439.4165	518.7665
5353.110	170324.6543	603.8866
5356.040	170345.4855	560.2331
5358.970	169895.3482	495.1267
5361.900	169349.7943	577.4208
5364.830	169202.8804	562.5628
5367.760	169104.9841	489.6841
5370.690	168356.5590	517.9272
5373.620	168936.6524	571.4810
5376.550	169243.1996	608.4689
5379.480	168089.9617	474.0276
5382.410	167369.1011	526.3222
5385.340	167212.4477	487.2748
5388.270	166950.1512	468.9518
5391.200	166259.6844	511.1526
5394.130	165638.0598	494.6973
5397.060	165169.6315	490.3349
5399.990	164436.9288	511.8912
5402.920	163923.2857	561.1869
5405.850	164254.0856	588.0939
5408.780	164439.1706	559.3876
5411.710	164519.9066	552.1375
5414.640	164698.1553	554.8174
5417.570	164754.1870	475.3002
5420.500	164186.8360	491.2792
5423.430	163644.5863	460.2109
5426.360	163119.4160	520.8206
5429.290	162479.5568	461.4732
5432.220	162398.9417	452.3153
5435.150	162439.0742	494.4825
5438.080	161806.9109	501.0889
5441.010	161950.6670	507.0784
5443.940	161434.4481	536.9641
5446.870	161355.2059	450.3728
5449.800	160894.0014	466.8650
5452.730	160150.5029	421.6239
5455.660	159833.4812	387.8236
5458.590	159750.9459	412.6811
5461.520	159353.9877	403.1611
5464.450	158597.3529	393.6195
5467.380	158518.0757	417.2320
5470.310	158559.7272	443.3172
5473.240	158550.6232	447.7022
5476.170	158468.4174	473.2395
5479.100	157899.4028	468.5721
5482.030	157227.0777	438.5395
5484.960	156908.2045	413.3277
5487.890	156843.8626	388.4403
5490.820	156640.7076	436.2164
5493.750	156644.5720	439.4424
5496.680	156817.5672	440.1774
5499.610	156464.8068	416.2296
5502.540	155600.9351	405.4625
5505.470	154967.7425	425.9111
5508.400	154615.8862	482.4024
5511.330	154463.4426	503.7451
5514.260	154689.1074	454.5327
5517.190	154893.9813	438.3049
5520.120	154735.4339	445.4281
5523.050	154603.5152	454.2925
5525.980	154406.1830	417.0371
5528.910	153558.1406	445.3735
5531.840	152724.7983	507.1166
5534.770	152425.5141	498.0435
5537.700	152400.1716	504.6024
5540.630	152392.1048	452.5132
5543.560	152176.3409	411.0323
5546.490	151862.8333	434.9806
5549.420	151741.5440	437.6666
5552.350	151623.5674	428.9400
5555.280	151257.8594	453.1427
5558.210	151019.1253	468.5327
5561.140	150724.4405	475.6513
5564.070	150588.8248	470.4219
5567.000	150542.9740	417.8161
5569.930	150342.6794	409.9326
5572.860	149950.0143	447.0786
5575.790	149003.5397	526.6475
5578.720	148780.3174	494.8654
5581.650	148955.4865	460.8471
5584.580	148920.1928	488.5772
5587.510	148574.5466	497.6195
5590.440	148392.3442	470.9739
5593.370	148027.2445	455.7027
5596.300	147766.5066	452.5168
5599.230	147694.1574	442.5434
5602.160	147475.8055	415.3553
5605.090	146962.8574	447.3450
5608.020	146667.5887	486.4817
5610.950	146380.6663	463.9117
5613.880	146267.0292	425.8396
5616.810	146255.2093	451.5774
5619.740	146200.4253	411.8770
5622.670	146036.8579	411.8696
5625.600	145676.4684	434.7726
5628.530	145002.6016	478.4547
5631.460	144877.7686	456.6297
5634.390	144842.5964	456.2887
5637.320	144272.9125	465.6505
5640.250	143422.3371	528.2629
5643.180	143030.5601	443.1000
5646.110	142865.9662	432.6133
5649.040	142908.1699	456.9260
5651.970	142963.7055	411.2156
5654.900	142869.3654	405.5363
5657.830	142601.6968	449.4017
5660.760	142619.0412	428.4853
5663.690	142615.9200	409.7219
5666.620	142089.9434	407.9209
5669.550	141680.7567	415.0453
5672.480	141239.1889	446.7922
5675.410	141108.2519	490.1358
5678.340	140747.2149	485.9624
5681.270	140626.5582	500.6765
5684.200	140422.1601	430.3253
5687.130	140595.0445	443.2261
5690.060	140460.6156	411.9682
5692.990	140092.4828	430.4159
5695.920	139601.9664	415.7713
5698.850	139539.8624	425.7427
5701.780	139365.3334	407.5633
5704.710	139216.8175	430.2273
5707.640	139043.7007	515.8869
5710.570	138846.6444	478.2858
5713.500	138126.8920	468.0491
5716.430	137845.8046	460.9324
5719.360	137486.9512	449.3200
5722.290	137313.1135	418.0171
5725.220	137467.0929	408.6699
5728.150	137303.8564	384.3047
5731.080	137013.7891	390.5915
5734.010	136760.3337	363.6147
5736.940	136526.9371	377.7335
5739.870	136323.4280	361.6510
5742.800	135937.7287	403.7839
5745.730	135789.9539	392.1189
5748.660	135634.6544	418.0390
5751.590	135573.5651	400.6592
5754.520	135152.7945	438.6951
5757.450	134767.0545	440.9106
5760.380	134665.6444	430.2028
5763.310	134484.0226	403.1803
5766.240	134141.0227	418.2014
5769.170	133783.5046	409.0875
5772.100	133738.6717	378.0798
5775.030	133500.4453	370.7843
5777.960	133469.0136	366.0727
5780.890	133226.5540	390.8444
5783.820	132874.8841	412.9769
5786.750	132438.4650	406.6925
5789.680	132270.0778	418.4784
5792.610	132040.5167	390.2460
5795.540	131788.1002	403.4207
5798.470	131509.8816	404.3973
5801.400	131363.8226	429.9866
5804.330	130956.8916	433.2743
5807.260	130887.3415	457.3509
5810.190	130636.3389	432.3135
5813.120	130481.4411	401.7465
5816.050	130407.5018	394.1674
5818.980	130573.8474	377.0560
5821.910	130243.6355	375.3249
5824.840	129890.8083	381.5535
5827.770	129574.1168	401.8482
5830.700	129247.5693	409.4295
5833.630	129200.5824	370.8606
5836.560	129039.3257	370.1265
5839.490	128534.4464	402.2205
5842.420	128320.3765	374.6424
5845.350	128217.7940	381.5191
5848.280	127875.9115	378.9509
5851.210	127660.9674	414.5379
5854.140	127734.4093	447.6221
5857.070	127478.3131	457.5538
5860.000	127076.9838	438.3835
5862.930	126801.7476	422.1643
5865.860	126615.1971	424.3782
5868.790	126551.9033	471.6710
5871.720	126551.5399	817.3151
5874.650	126497.4479	902.2090
5877.580	125669.6151	601.4944
5880.510	125349.8376	349.2180
5883.440	125155.9598	335.4950
5886.370	124945.3733	471.3365
5889.300	124829.7010	631.7213
5892.230	124758.1809	580.6868
5895.160	124622.3082	481.0778
5898.090	124444.2911	390.0938
5901.020	123992.5713	412.5283
5903.950	124026.5551	419.2214
5906.880	123796.7989	412.0424
5909.810	123716.7975	400.3947
5912.740	123578.0069	375.8809
5915.670	123348.4673	365.1432
5918.600	123195.9921	380.4773
5921.530	122925.1425	429.4986
5924.460	122978.0239	430.1343
5927.390	122831.2373	427.1757
5930.320	122725.1333	413.0851
5933.250	122621.1043	381.4117
5936.180	122339.2625	359.7774
5939.110	122012.5629	339.2401
5942.040	121558.6581	412.8603
5944.970	121150.7859	427.6865
5947.900	121124.8658	401.2372
5950.830	120980.3412	394.8798
5953.760	120541.2972	381.4380
5956.690	120074.8392	388.6365
5959.620	119734.0914	349.7769
5962.550	119971.5033	348.5437
5965.480	119979.9874	351.5668
5968.410	119933.9394	386.3277
5971.340	119589.6328	416.0523
5974.270	119426.4344	417.8080
5977.200	119007.4957	417.1233
5980.130	118716.0703	392.2542
5983.060	118634.2499	392.0748
5985.990	118650.5285	404.2918
5988.920	118586.7495	373.0210
5991.850	118274.0576	392.9896
5994.780	118104.3067	393.2694
5997.710	117977.9059	414.3130
6000.640	117815.2308	451.6366
6003.570	117507.5464	447.5345
6006.500	117579.0982	440.9407
6009.430	117338.7871	434.4752
6012.360	117221.2185	379.5880
6015.290	116954.8237	369.1925
6018.220	116696.1071	377.3416
6021.150	116787.6713	365.1283
6024.080	116534.6936	393.9331
6027.010	116351.2348	343.4567
6029.940	115997.9253	371.5184
6032.870	115768.4531	369.6011
6035.800	115491.1959	392.8959
6038.730	115565.0627	326.9659
6041.660	115391.6112	346.3911
6044.590	114926.1723	375.3866
6047.520	114716.3677	383.6884
6050.450	114713.7229	392.4476
6053.380	114457.6710	415.4440
6056.310	114261.4825	403.5011
6059.240	114002.1549	396.6682
6062.170	113945.1624	394.6832
6065.100	113856.6254	363.5203
6068.030	113599.4693	349.3649
6070.960	113412.5356	348.6152
6073.890	113202.1201	336.2051
6076.820	113145.5775	364.0024
6079.750	113017.1772	351.4125
6082.680	112657.8827	351.7198
6085.610	112226.3767	398.8377
6088.540	112201.6644	343.9169
6091.470	112038.1727	373.5620
6094.400	111629.5296	368.8344
6097.330	111562.5869	351.2357
6100.260	111757.7302	361.7456
6103.190	111702.0632	356.8638
6106.120	111329.3554	336.8698
6109.050	110945.8580	348.4995
6111.980	110736.5801	360.9008
6114.910	110544.2304	355.7709
6117.840	110512.1265	368.2296
6120.770	110533.9370	351.6385
6123.700	110249.2369	347.2600
6126.630	109887.1911	362.8015
6129.560	109986.3627	358.4087
6132.490	110086.4272	337.9872
6135.420	110136.2240	348.5220
6138.350	109693.9425	376.8517
6141.280	109344.0529	349.3558
6144.210	108859.2176	328.3116
6147.140	108364.5819	347.5339
6150.070	107934.6211	333.6205
6153.000	107618.8263	313.0885
6155.930	107062.8731	324.6913
6158.860	107092.0604	384.6547
6161.790	107633.9460	427.2428
6164.720	107878.8743	416.0425
6167.650	107914.9758	393.8636
6170.580	107776.1943	335.5911
6173.510	107417.7815	339.0262
6176.440	107020.8418	326.2405
6179.370	106759.5202	321.8921
6182.300	106733.1653	318.3108
6185.230	106657.6673	314.4862
6188.160	106804.6087	338.0103
6191.090	106632.6902	373.7733
6194.020	106384.0861	355.7276
6196.950	106161.3842	351.3256
6199.880	106144.6523	330.4613
6202.810	106048.6428	312.4485
6205.740	105843.3362	311.8550
6208.670	105540.0061	326.9956
6211.600	105333.6137	329.7429
6214.530	105133.7616	338.8430
6217.460	104919.9126	361.6597
6220.390	104657.6946	325.6369
6223.320	104453.7297	323.2023
6226.250	104343.6109	338.3026
6229.180	104243.8463	353.7115
6232.110	103913.2585	333.5795
6235.040	103493.9663	319.6290
6237.970	103087.2577	362.1429
6240.900	103083.8287	346.8874
6243.830	102974.5583	339.0475
6246.760	102818.4188	334.1050
6249.690	102808.7934	334.4887
6252.620	103000.7938	322.3237
6255.550	103049.0679	321.7026
6258.480	103012.2871	305.7253
6261.410	102601.9705	324.3518
6264.340	102172.2868	358.6796
6267.270	102037.5008	335.1861
6270.200	101956.9724	352.5801
6273.130	101808.9617	327.4593
6276.060	101829.9139	316.6205
6278.990	102014.7258	329.5438
6281.920	102124.4352	348.6243
6284.850	101905.3297	379.7336
6287.780	101721.5180	338.2346
6290.710	101516.1541	312.2700
6293.640	101337.5241	307.7909
6296.570	101304.5869	313.2725
6299.500	101041.1301	318.9576
6302.430	100703.0358	314.7113
6305.360	100627.9583	337.1713
6308.290	100387.6800	369.4003
6311.220	100223.8485	353.7157
6314.150	100005.8703	398.6370
6317.080	99436.9626	357.8379
6320.010	99030.2397	322.8793
6322.940	98695.6468	341.8484
6325.870	98205.9520	352.3982
6328.800	97987.7605	343.2679
6331.730	97748.9649	291.3038
6334.660	97639.4347	296.6389
6337.590	97727.6664	288.9016
6340.520	97481.6659	289.5351
6343.450	96714.5027	280.2191
6346.380	96111.3482	253.1297
6349.310	96370.2544	274.6693
6352.240	97098.1973	280.1432
6355.170	97593.3804	293.9571
6358.100	97798.5155	299.5182
6361.030	97477.4759	283.6038
6363.960	96884.3223	297.2126
6366.890	96212.5737	301.0010
6369.820	95610.5477	328.3153
6372.750	95484.6344	323.8926
6375.680	95956.8687	318.9169
6378.610	96238.5832	318.0389
6381.540	96259.4327	300.3236
6384.470	96156.3440	293.5758
6387.400	96205.1185	339.7327
6390.330	96051.1438	295.2924
6393.260	95934.8029	288.9313
6396.190	95716.9957	307.5910
6399.120	95497.3899	289.4374
6402.050	95140.7734	296.5677
6404.980	94910.4524	299.4553
6407.910	94723.0255	333.9224
6410.840	94490.8954	329.0344
6413.770	94334.8708	309.9161
6416.700	94367.7852	299.6721
6419.630	94229.2385	292.0090
6422.560	94262.2565	266.4609
6425.490	94217.3937	295.0956
6428.420	94031.9290	307.2187
6431.350	93747.2773	286.8081
6434.280	93648.0431	299.8748
6437.210	93406.6822	333.7760
6440.140	93221.4285	363.6774
6443.070	92819.0652	323.1028
6446.000	92764.2720	314.9934
6448.930	92642.5330	321.3530
6451.860	92328.8964	322.7622
6454.790	91953.8463	298.4488
6457.720	91833.2914	326.8995
6460.650	92031.4639	318.7397
6463.580	92216.6247	289.7785
6466.510	92242.0176	294.5262
6469.440	91908.1135	294.2917
6472.370	91685.0479	298.0858
6475.300	91350.6502	291.1859
6478.230	91215.0797	287.1619
6481.160	91148.2855	295.8064
6484.090	91066.8188	294.1821
6487.020	90999.0190	296.6573
6489.950	90935.9683	292.6158
6492.880	91100.8053	330.8335
6495.810	91055.0401	353.4813
6498.740	90778.1458	318.3283
6501.670	90291.1236	317.5233
6504.600	89925.3912	328.8900
6507.530	89711.7902	321.7118
6510.460	89620.3279	318.0213
6513.390	89465.1608	309.3380
6516.320	89109.0157	324.3257
6519.250	88668.8986	325.9365
6522.180	88434.1537	334.8616
6525.110	88374.9885	311.2984
6528.040	88237.9196	306.7249
6530.970	87752.8070	300.1864
6533.900	87183.4268	282.8544
6536.830	86546.3296	284.9604
6539.760	85592.9426	293.2388
6542.690	84098.0389	335.7219
6545.620	82162.6521	331.0482
6548.550	79626.3064	345.7182
6551.480	76277.6138	391.3824
6554.410	71896.6826	406.0503
6557.340	66567.0734	370.1138
6560.270	61974.5011	418.9439
6563.200	60385.0278	444.7601
6566.130	63309.6863	320.1286
6569.060	68177.1217	347.0646
6571.990	72852.8469	224.3508
6574.920	76633.9318	225.0068
6577.850	79284.6462	237.5180
6580.780	81289.8025	243.7966
6583.710	82830.6448	240.3809
6586.640	83813.9849	261.1423
6589.570	84372.8755	309.9828
6592.500	84811.2766	331.2778
6595.430	85036.8880	282.2347
6598.360	85243.3583	275.7843
6601.290	85390.8367	281.7249
6604.220	85493.5763	267.2108
6607.150	85555.0938	274.0397
6610.080	85396.7555	279.7868
6613.010	85213.8700	282.2512
6615.940	85295.3307	287.7743
6618.870	85169.5137	270.0048
6621.800	85144.5485	263.9585
6624.730	85073.1346	286.3020
6627.660	84942.0138	275.7449
6630.590	84876.1224	289.9160
6633.520	84785.0121	305.1450
6636.450	84659.4975	291.2724
6639.380	84504.4439	291.3093
6642.310	84344.6043	299.2217
6645.240	84126.0889	310.9228
6648.170	83943.4903	280.9437
6651.100	83914.2850	268.7613
6654.030	83843.1646	283.8368
6656.960	83755.7791	265.7166
6659.890	83671.8741	279.9722
6662.820	83509.9603	295.5056
6665.750	83247.3984	326.6100
6668.680	83222.7515	274.0461
6671.610	83378.4092	285.2958
6674.540	83515.6573	451.0611
6677.470	83438.8843	513.2595
6680.400	82973.6064	377.3678
6683.330	82633.3048	298.1035
6686.260	82540.1043	277.2818
6689.190	82552.0011	250.1656
6692.120	82424.9715	248.1593
6695.050	82293.3639	278.9239
6697.980	82194.4920	300.4084
6700.910	82074.6195	278.1101
6703.840	81902.3950	281.1221
6706.770	81746.2029	273.1143
6709.700	81635.9056	299.5373
6712.630	81668.0177	269.1777
6715.560	81586.9315	274.3469
6718.490	81338.4401	280.5551
6721.420	81105.6481	317.5947
6724.350	80993.4522	303.3536
6727.280	80800.8477	295.6902
6730.210	80655.5550	303.5079
6733.140	80566.0163	285.7724
6736.070	80613.8194	280.6650
6739.000	80666.7653	257.0231
6741.930	80588.3521	257.3925
6744.860	80460.6878	274.1654
6747.790	80287.2920	286.3748
6750.720	80244.2559	281.5788
6753.650	80065.5747	288.7942
6756.580	79851.6040	258.6758
6759.510	79714.0843	244.6360
6762.440	79610.5311	250.7730
6765.370	79470.4723	266.1113
6768.300	79376.2282	258.6730
6771.230	79286.9459	266.0468
6774.160	79090.6567	282.3064
6777.090	78948.2092	263.3295
6780.020	78946.5730	262.5079
6782.950	78896.0019	248.3591
6785.880	78746.8590	240.0106
6788.810	78563.2858	255.5826
6791.740	78365.5226	265.9366
6794.670	78374.2124	251.2989
6797.600	78280.0118	244.9508
6800.530	78193.7032	252.8104
6803.460	78084.2780	234.5340
6806.390	77988.0703	255.8052
6809.320	77954.0169	253.0361
6812.250	77940.2395	223.3572
6815.180	77727.7659	227.9387
6818.110	77487.1181	235.9332
6821.040	77298.6863	242.5232
6823.970	77163.5424	265.5034
6826.900	77110.2490	272.0437
6829.830	76987.6883	273.3702
6832.760	76976.0118	266.6539
6835.690	76922.7209	258.7659
6838.620	76773.8937	260.6599
6841.550	76695.9072	236.9027
6844.480	76482.8579	244.6325
6847.410	76235.0430	256.5750
6850.340	76130.3004	263.0635
6853.270	76088.5708	273.2020
6856.200	75930.9364	274.3608
6859.130	75689.5391	282.9116
6862.060	75633.6753	262.3484
6864.990	75555.7755	265.5891
6867.920	75399.7092	272.3076
6870.850	75365.9029	248.9329
6873.780	75453.4082	233.5718
6876.710	75483.9451	230.3638
6879.640	75291.7436	246.4425
6882.570	75016.2070	279.0131
6885.500	74910.0620	309.6725
6888.430	74983.2523	281.8773
6891.360	74950.7423	258.9984
6894.290	74792.9407	243.3014
6897.220	74801.9059	235.6074
6900.150	74790.6023	222.1792
6903.080	74561.3136	237.5991
6906.010	74434.8318	229.0039
6908.940	74316.8287	243.6485
6911.870	74128.2237	253.5005
6914.800	74090.9769	242.1857
6917.730	73897.1020	236.0840
6920.660	73705.3202	241.8685
6923.590	73637.4619	235.5070
6926.520	73587.8762	225.8412
6929.450	73385.5634	227.4307
6932.380	73308.1433	228.4886
6935.310	73298.7928	214.6697
6938.240	73127.0435	223.4802
6941.170	73053.0432	228.6803
6944.100	73051.8519	227.7909
6947.030	72875.4982	238.4417
6949.960	72700.9591	244.4838
6952.890	72554.2064	235.8416
6955.820	72405.6049	231.0395
6958.750	72265.5475	220.8280
6961.680	72216.4713	228.9022
6964.610	72104.7089	245.6466
6967.540	72026.3794	237.9168
6970.470	71986.5008	241.2506
6973.400	72049.2935	230.3234
6976.330	72114.0356	233.1079
6979.260	72023.5100	243.5103
6982.190	71741.6434	226.2331
6985.120	71554.1962	229.4084
6988.050	71415.1402	238.4032
6990.980	71264.6271	255.5009
6993.910	71090.4208	251.8670
6996.840	70936.9976	241.0402
6999.770	70777.1504	241.5011
7002.700	70685.5710	244.9239
7005.630	70601.7127	239.3131
7008.560	70475.7353	241.1788
7011.490	70457.9513	232.8654
7014.420	70544.5442	215.1286
7017.350	70420.1005	220.6104
7020.280	70323.8768	224.7740
7023.210	70283.4962	233.8461
7026.140	70187.4127	231.4546
7029.070	70081.4084	222.1077
7032.000	70059.1892	203.7524
7034.930	69912.1306	196.6350
7037.860	69736.2187	200.6232
7040.790	69554.0537	205.3884
7043.720	69413.1846	223.7212
7046.650	69375.9700	215.9587
7049.580	69351.1175	206.6137
7052.510	69277.4416	208.3411
7055.440	69148.0382	221.1093
7058.370	69157.4987	250.6979
7061.300	69154.5846	293.1756
7064.230	69147.8998	362.8671
7067.160	68847.2716	295.4762
7070.090	68555.1557	213.2860
7073.020	68424.1452	216.7604
7075.950	68427.9059	223.4841
7078.880	68383.6068	215.0537
7081.810	68262.9610	206.9735
7084.740	68109.8607	211.9213
7087.670	68114.6848	205.2530
7090.600	67998.0082	201.9474
7093.530	67826.4063	210.1930
7096.460	67628.6215	202.4048
7099.390	67670.7492	203.0109
7102.320	67684.6165	216.6188
7105.250	67609.7543	238.1069
7108.180	67448.1743	235.8818
7111.110	67301.6209	222.8741
7114.040	67247.0115	211.1365
7116.970	67216.8673	220.6654
7119.900	67183.3424	232.9649
7122.830	67123.7470	232.6780
7125.760	67077.4654	216.8701
7128.690	66948.3856	204.0700
7131.620	66800.8596	207.0539
7134.550	66699.7391	208.8509
7137.480	66644.2490	200.8113
7140.410	66642.6951	200.5021
7143.340	66739.3788	233.0692
7146.270	66647.7194	218.3895
7149.200	66328.1457	224.8452
7152.130	66013.8190	226.3411
7155.060	65834.4475	216.5469
7157.990	65821.3658	220.7819
7160.920	65802.7494	213.3142
7163.850	65747.6819	233.8579
7166.780	65665.1414	238.5358
7169.710	65612.4403	260.9412
7172.640	65561.5659	266.8782
7175.570	65465.0240	251.7692
7178.500	65310.4680	242.5263
7181.430	65266.0983	226.2573
7184.360	65223.7910	217.5148
7187.290	65113.4756	206.3795
7190.220	64928.6843	205.6804
7193.150	64801.4336	199.1223
7196.080	64796.3497	199.6155
7199.010	64802.3003	226.1198
7201.940	64674.1798	218.7976
7204.870	64659.5220	209.4072
7207.800	64627.7086	199.2985
7210.730	64520.1706	201.4732
7213.660	64357.0918	203.8358
7216.590	64235.0823	201.6970
7219.520	64344.7983	217.8808
7222.450	64264.0619	279.8602
7225.380	64094.8113	264.0894
7228.310	63895.6034	224.1365
7231.240	63763.5955	211.0893
7234.170	63780.4018	203.1528
7237.100	63705.4935	204.3092
7240.030	63579.5948	205.9931
7242.960	63554.8191	217.3824
7245.890	63476.9317	233.4693
7248.820	63424.2690	219.4016
7251.750	63267.1529	218.1393
7254.680	63123.2665	210.4114
7257.610	62979.1912	199.4501
7260.540	62894.0441	188.7586
7263.470	62833.7805	202.6532
7266.400	62640.4893	200.7363
7269.330	62399.3778	225.9180
7272.260	62336.3571	221.3459
7275.190	62383.3346	219.2096
7278.120	62513.0602	236.5390
7281.050	62486.8923	251.8886
7283.980	62338.9564	217.3038
7286.910	62147.7860	223.2796
7289.840	62005.3943	233.8340
7292.770	61884.6879	218.0911
7295.700	61811.9722	220.3640
7298.630	61778.7126	217.9996
7301.560	61681.3735	213.3565
7304.490	61634.1859	211.7986
7307.420	61487.7611	206.7519
7310.350	61441.0108	201.0061
7313.280	61398.6588	204.9838
7316.210	61314.8931	206.9502
7319.140	61284.3315	192.3641
7322.070	61279.9002	196.6592
7325.000	61180.6415	209.4076
7327.930	61097.6757	211.0307
7330.860	61049.6352	203.9471
7333.790	60852.1757	222.1810
7336.720	60632.3534	239.9409
7339.650	60614.7930	219.9643
7342.580	60671.6163	200.8936
7345.510	60671.2035	188.1214
7348.440	60543.4973	193.2086
7351.370	60412.5002	218.6768
7354.300	60265.9156	226.1671
7357.230	60256.6745	203.3726
7360.160	60153.5360	202.0044
7363.090	59967.2768	204.4162
7366.020	59856.6625	204.2325
7368.950	59971.2652	190.0700
7371.880	60026.4626	191.3883
7374.810	59940.4392	187.2966
7377.740	59842.9722	197.9097
7380.670	59676.9937	195.2145
7383.600	59563.1375	208.7817
7386.530	59487.5956	202.5752
7389.460	59550.0120	197.2428
7392.390	59445.5358	191.0129
7395.320	59249.6029	192.3036
7398.250	59061.9387	190.2104
7401.180	58981.5207	188.8507
7404.110	58906.8696	190.9482
7407.040	58836.1815	196.4614
7409.970	58817.4526	208.6771
7412.900	58740.8437	220.5667
7415.830	58655.0733	209.2817
7418.760	58670.3349	187.5220
7421.690	58676.0814	199.9566
7424.620	58523.5962	202.9201
7427.550	58384.7482	185.0892
7430.480	58369.4957	189.8899
7433.410	58238.4744	190.4884
7436.340	58055.8866	186.6242
7439.270	57907.7319	198.1922
7442.200	57875.8505	181.9129
7445.130	57931.3257	193.6554
7448.060	57869.8635	196.3370
7450.990	57698.3166	206.3213
7453.920	57523.2557	217.1211
7456.850	57462.1140	200.9834
7459.780	57398.9360	206.5256
7462.710	57279.0778	208.1900
7465.640	57142.8814	212.7465
7468.570	57061.3488	206.4623
7471.500	57002.7104	210.2315
7474.430	57020.4093	227.3563
7477.360	56946.5134	216.4376
7480.290	56841.9292	214.9709
7483.220	56874.3890	200.7805
7486.150	56816.3584	197.1911
7489.080	56711.1476	195.1961
7492.010	56604.7629	206.4082
7494.940	56533.5473	207.8317
7497.870	56305.9943	211.9948
7500.800	56273.3392	206.8216
7503.730	56327.6634	200.1056
7506.660	56305.3480	197.3840
7509.590	56284.9807	196.1247
7512.520	56195.9613	195.1337
7515.450	56102.4996	178.3627
7518.380	56038.1013	189.8724
7521.310	56005.3597	199.1059
7524.240	55924.6792	210.2735
7527.170	55826.4443	201.1488
7530.100	55738.9566	197.3054
7533.030	55682.5917	202.2988
7535.960	55598.2906	177.8891
7538.890	55470.0603	189.4624
7541.820	55371.3203	201.7625
7544.750	55357.9565	193.1651
7547.680	55249.4879	172.9344
7550.610	55207.3911	176.9891
7553.540	55234.0139	173.6387
7556.470	55220.9847	172.7180
7559.400	55078.8825	183.2369
7562.330	55003.2780	198.7465
7565.260	54859.5310	218.5590
7568.190	54773.1989	225.9157
7571.120	54808.2993	197.7389
7574.050	54736.6557	179.8249
7576.980	54610.1153	170.7145
7579.910	54512.5546	187.8021
7582.840	54445.6644	204.2002
7585.770	54310.0004	230.6685
7588.700	54149.7598	235.3894
7591.630	53933.0378	256.8573
7594.560	53754.8487	266.3485
7597.490	53829.6799	261.9902
7600.420	53830.0382	239.4019
7603.350	54096.2505	214.7470
7606.280	54275.3896	182.9938
7609.210	54265.2997	184.4809
7612.140	54188.1630	168.0930
7615.070	54148.1618	174.8587
7618.000	53816.4441	173.1281
7620.930	53610.2469	187.9793
7623.860	53466.5130	225.6236
7626.790	53396.0524	207.8026
7629.720	53325.6297	201.0476
7632.650	53346.5167	178.1467
7635.580	53283.2821	157.1836
7638.510	53227.5807	168.7279
7641.440	53186.7576	203.7351
7644.370	53231.7906	183.5589
7647.300	53263.3460	171.5037
7650.230	53116.5770	189.1247
7653.160	52981.6094	181.1336
7656.090	52983.4631	199.6377
7659.020	52911.9191	213.8540
7661.950	52926.8417	206.9533
7664.880	52900.1982	193.9609
7667.810	52824.9266	164.9120
7670.740	52664.6627	167.9137
7673.670	52598.3924	179.2917
7676.600	52523.1750	184.2245
7679.530	52382.1825	194.7373
7682.460	52223.6353	182.8606
7685.390	52090.1707	200.1954
7688.320	51945.5181	194.0235
7691.250	51992.4447	189.3903
7694.180	51945.5296	176.1561
7697.110	51932.6177	172.8124
7700.040	51911.8706	174.6223
7702.970	51766.8437	173.4018
7705.900	51603.8652	170.2798
7708.830	51468.3040	171.2758
7711.760	51402.4231	182.2055
7714.690	51443.7464	179.4954
7717.620	51464.2659	167.2882
7720.550	51464.2408	186.8068
7723.480	51449.6565	197.1682
7726.410	51436.5885	184.1398
7729.340	51346.5405	192.1796
7732.270	51227.1973	192.6106
7735.200	51075.6948	169.5220
7738.130	51046.4781	173.9478
7741.060	51018.9742	160.1060
7743.990	50868.9121	178.8002
7746.920	50858.2253	166.4863
7749.850	50842.1162	159.1132
7752.780	50737.1314	160.9332
7755.710	50672.3839	173.8776
7758.640	50584.0792	160.8645
7761.570	50343.1992	167.8445
7764.500	50011.3408	163.7447
7767.430	49408.4680	151.4890
7770.360	48360.9217	173.8168
7773.290	47684.7987	178.9008
7776.220	48051.0906	165.4245
7779.150	48930.5295	176.2115
7782.080	49610.2735	161.5858
7785.010	49835.0351	170.9736
7787.940	49816.6204	164.7943
7790.870	49772.2225	154.4790
7793.800	49664.5674	155.8523
7796.730	49669.7339	158.8428
7799.660	49794.7395	162.6444
7802.590	49719.4387	178.7352
7805.520	49553.9637	196.0364
7808.450	49432.4922	180.9784
7811.380	49412.0513	171.4110
7814.310	49379.7824	160.1954
7817.240	49282.2024	165.5899
7820.170	49214.9251	166.2603
7823.100	49205.3447	164.7753
7826.030	49186.1360	168.3819
7828.960	49187.7059	178.0937
7831.890	49082.6460	190.9113
7834.820	48977.7612	177.7932
7837.750	48871.1224	168.8833
7840.680	48767.1038	162.3275
7843.610	48606.1759	157.9494
7846.540	48475.5124	172.0743
7849.470	48482.8727	185.2680
7852.400	48514.0291	176.7474
7855.330	48503.5946	186.7679
7858.260	48462.1619	167.2801
7861.190	48420.9270	163.1968
7864.120	48441.8494	167.5705
7867.050	48299.4295	173.1540
7869.980	48031.2652	186.4562
7872.910	47834.1098	174.4434
7875.840	47593.1987	171.7327
7878.770	47600.0020	164.1520
7881.700	47636.9533	163.3292
7884.630	47648.1146	174.5298
7887.560	47604.7601	169.2919
7890.490	47504.9753	155.0583
7893.420	47427.1565	156.2353
7896.350	47314.7126	160.6295
7899.280	47424.0800	180.2677
7902.210	47600.4932	176.6055
7905.140	47590.8268	177.2132
7908.070	47495.1071	181.9619
7911.000	47335.8856	191.9317
7913.930	47137.5567	183.3357
7916.860	47049.3736	178.6411
7919.790	47026.8388	162.4038
7922.720	46959.4107	186.1836
7925.650	46942.1318	171.1378
7928.580	46966.7455	157.3648
7931.510	46909.6989	165.7124
7934.440	46826.8698	164.4129
7937.370	46822.3290	160.4052
7940.300	46797.6136	152.1013
7943.230	46723.9278	147.3111
7946.160	46570.6687	148.3255
7949.090	46331.4345	147.0735
7952.020	46201.2322	151.5081
7954.950	46277.2309	154.8715
7957.880	46320.1124	166.3066
7960.810	46267.9121	177.5068
7963.740	46197.0587	181.7207
7966.670	46167.2807	172.5700
7969.600	46090.1982	165.3150
7972.530	46163.4073	174.2839
7975.460	46151.0405	164.7789
7978.390	46168.1283	169.1794
7981.320	46103.3024	160.9711
7984.250	46024.2906	160.9740
7987.180	45919.0108	172.1112
7990.110	45766.4716	175.0572
7993.040	45720.6435	160.3541
7995.970	45719.9451	163.6013
7998.900	45668.2733	152.3962
8001.830	45500.8184	149.8504
8004.760	45473.4934	135.9464
8007.690	45522.9044	130.6302
8010.620	45558.2999	130.8464
8013.550	45535.4337	138.8587
8016.480	45630.6687	158.8913
8019.410	45658.5698	165.1917
8022.340	45528.7438	164.1472
8025.270	45516.0901	154.6973
8028.200	45432.9731	174.8758
8031.130	45202.8721	159.4023
8034.060	45007.4829	150.0453
8036.990	44877.0862	150.5718
8039.920	44789.4109	153.2958
8042.850	44723.4081	150.1528
8045.780	44742.6038	149.6622
8048.710	44671.1114	157.2360
8051.640	44511.4680	161.7819
8054.570	44393.7693	182.1744
8057.500	44387.0362	163.4062
8060.430	44371.3127	147.1842
8063.360	44466.3694	150.0907
8066.290	44606.9449	137.5533
8069.220	44512.4388	161.2866
8072.150	44510.3784	153.8210
8075.080	44462.1823	155.2387
8078.010	44329.9212	169.2337
8080.940	44131.0891	175.8941
8083.870	44037.5269	161.1938
8086.800	43955.3683	151.7541
8089.730	43887.1643	148.0880
8092.660	43936.0982	149.3551
8095.590	43845.9357	151.1039
8098.520	43679.6326	152.0393
8101.450	43610.1841	157.2130
8104.380	43606.6070	157.4492
8107.310	43555.8665	162.9390
8110.240	43522.5416	151.3706
8113.170	43511.5134	163.2328
8116.100	43543.3521	171.8879
8119.030	43517.8912	163.2605
8121.960	43557.7364	159.8308
8124.890	43566.8025	146.1624
8127.820	43581.5585	135.6971
8130.750	43510.1347	145.3561
8133.680	43313.3464	135.5411
8136.610	43126.4991	148.8813
8139.540	43014.2143	147.5103
8142.470	42974.4808	154.3731
8145.400	42925.0382	136.1939
8148.330	42898.7219	132.1686
8151.260	42964.5180	137.0202
8154.190	42920.0074	141.3705
8157.120	42873.2032	157.1525
8160.050	42789.3185	153.2491
8162.980	42737.4865	161.1602
8165.910	42680.9844	168.7565
8168.840	42464.6338	191.7279
8171.770	42403.4512	185.4204
8174.700	42421.5269	169.7359
8177.630	42365.2556	166.8546
8180.560	42223.0285	176.4960
8183.490	41939.8415	186.0423
8186.420	41855.3690	166.2465
8189.350	41866.0708	162.4330
8192.280	42036.5152	154.0287
8195.210	42013.7570	160.4729
8198.140	41889.1220	136.6110
8201.070	41883.9717	133.5234
8204.000	41793.7446	142.0138
8206.930	41664.8704	147.5880
8209.860	41567.9268	136.7986
8212.790	41494.0157	131.7995
8215.720	41378.8722	122.4855
8218.650	41340.6820	139.8443
8221.580	41291.9533	154.6698
8224.510	41237.6383	168.5639
8227.440	41174.1564	194.0749
8230.370	41168.7607	233.9571
8233.300	41209.1523	201.9706
8236.230	41214.9572	173.4963
8239.160	41203.3385	154.4578
8242.090	41129.6198	121.8736
8245.020	41220.0404	123.1295
8247.950	41254.7557	133.5707
8250.880	41116.4584	131.8082
8253.810	41042.2357	138.2386
8256.740	40903.0836	158.2736
8259.670	40845.7926	143.0591
8262.600	40764.6439	140.4800
8265.530	40697.5133	137.2864
8268.460	40657.6290	138.7043
8271.390	40716.1767	130.2778
8274.320	40822.5028	123.8045
8277.250	40764.1616	118.5455
8280.180	40600.2653	132.4573
8283.110	40517.1580	125.4346
8286.040	40409.4979	130.1771
8288.970	40325.6742	136.5240
8291.900	40385.4791	143.3424
8294.830	40216.0325	142.7031
8297.760	39979.0914	145.8050
8300.690	39975.4583	130.7457
8303.620	40147.8453	117.9428
8306.550	40169.7891	131.3492
8309.480	40158.0682	148.2523
8312.410	40138.5352	142.6561
8315.340	40142.5666	158.5522
8318.270	40099.1326	152.0372
8321.200	40056.0038	146.3683
8324.130	40074.2969	144.5785
8327.060	40002.1642	162.1559
8329.990	39900.8770	165.8833
8332.920	39907.2822	161.7945
8335.850	39854.0923	159.5775
8338.780	39664.9015	153.7970
8341.710	39344.5195	157.4951
8344.640	39220.4579	150.5035
8347.570	39388.3539	128.7326
8350.500	39343.9974	146.1989
8353.430	39123.6302	150.9393
8356.360	39169.3315	133.1668
8359.290	39208.9988	134.3409
8362.220	39136.3752	156.8001
8365.150	39077.3771	158.3920
8368.080	39003.4603	134.8322
8371.010	39194.5200	127.0634
8373.940	39218.0918	123.3102
8376.870	39167.0556	143.7878
8379.800	39117.7755	162.2258
8382.730	39077.1573	168.6228
8385.660	39155.3527	146.1668
8388.590	39006.0066	130.5384
8391.520	38860.5720	130.4307
8394.450	38785.5393	143.0844
8397.380	38771.1308	148.9017
8400.310	38779.0582	135.3758
8403.240	38834.6341	117.0652
8406.170	38654.0133	111.8504
8409.100	38453.6012	124.5317
8412.030	38251.1967	145.1808
8414.960	38189.6074	162.0347
8417.890	38493.9248	127.7715
8420.820	38791.2835	116.0255
8423.750	38764.5582	121.0520
8426.680	38389.0806	142.2928
8429.610	38084.0682	172.0944
8432.540	38023.6667	144.9558
8435.470	37891.9462	144.8664
8438.400	37533.2059	140.5625
8441.330	37189.2021	130.7657
8444.260	36830.3421	121.1201
8447.190	36845.4790	125.5627
8450.120	37385.0923	175.3310
8453.050	37903.2319	140.3152
8455.980	38011.2167	129.1895
8458.910	37711.5907	157.7160
8461.840	37162.0136	155.1798
8464.770	36847.8728	154.9253
8467.700	36916.7596	145.7681
8470.630	37212.1322	131.7117
8473.560	37611.4460	133.8579
8476.490	38129.4589	143.5204
8479.420	38506.5211	144.0079
8482.350	38671.0256	143.5963
8485.280	38558.0806	170.0915
8488.210	38247.0140	166.1055
8491.140	37713.9040	158.7529
8494.070	37259.4472	194.0735
8497.000	36630.9652	258.3274
8499.930	35667.8444	191.1700
8502.860	35241.7777	150.7635
8505.790	35673.9104	156.8857
8508.720	36420.8086	149.3347
8511.650	37247.4425	138.8878
8514.580	37889.7940	158.5807
8517.510	38287.2963	151.5350
8520.440	38430.5448	144.2125
8523.370	38500.4788	144.5738
8526.300	38428.1852	160.4484
8529.230	38023.3127	183.1168
8532.160	37460.0655	161.7003
8535.090	36680.8230	155.8305
8538.020	36005.3807	292.0034
8540.950	35138.8126	355.8001
8543.880	34214.3285	253.2804
8546.810	33877.2587	151.5077
8549.740	34642.8952	176.7534
8552.670	35687.7075	159.0627
8555.600	36741.3949	132.2812
8558.530	37597.8253	129.4065
8561.460	38393.1100	137.9502
8564.390	38930.6156	141.5052
8567.320	39199.1746	140.4693
8570.250	39203.5653	143.2741
8573.180	39102.5765	152.4496
8576.110	38827.5264	157.2418
8579.040	38437.3897	161.1616
8581.970	37732.0946	174.0253
8584.900	36743.5605	159.9444
8587.830	35529.2997	152.1443
8590.760	34213.2115	118.8015
8593.690	32902.6448	114.4382
8596.620	32031.5859	110.4751
8599.550	31968.1398	129.7194
8602.480	32829.3753	124.4662
8605.410	34222.8244	109.7631
8608.340	35543.3126	103.3705
8611.270	36641.8884	109.2538
8614.200	37592.4681	126.7256
8617.130	38344.2724	121.3271
8620.060	38712.5115	151.8084
8622.990	38893.6455	198.5690
8625.920	38968.8760	172.5169
8628.850	39101.7722	153.6138
8631.780	39071.8680	141.9293
8634.710	38888.0415	171.0911
8637.640	38652.7834	174.1898
8640.570	38438.1752	170.8949
8643.500	38026.4772	154.7315
8646.430	37372.2371	144.7608
8649.360	36245.2924	149.4748
8652.290	34954.4961	146.0297
8655.220	33746.4211	108.8835
8658.150	32478.3286	242.3799
8661.080	31258.9673	285.4860
8664.010	30257.3494	211.7297
8666.940	30196.4932	142.6940
8669.870	31307.8481	139.3010
8672.800	32784.6971	132.8533
8675.730	34018.5521	136.2562
8678.660	34993.7690	140.9940
8681.590	35865.8054	135.5664
8684.520	36773.6768	134.3931
8687.450	37649.7277	137.9958
8690.380	38234.3016	140.7289
8693.310	38658.8233	138.0690
8696.240	38947.1292	135.3661
8699.170	39037.2248	140.8513
8702.100	39056.0206	144.7120
8705.030	38999.2520	145.8366
8707.960	39008.3614	142.5377
8710.890	39015.7803	141.1312
8713.820	38873.5617	138.3429
8716.750	38575.3389	127.9422
8719.680	38204.5569	131.8186
8722.610	37828.4567	142.1353
8725.540	37542.4411	123.1512
8728.470	37128.7315	112.0011
8731.400	36525.1178	109.7654
8734.330	35572.7367	117.3793
8737.260	34335.1482	120.3754
8740.190	32805.3239	111.3665
8743.120	31043.6463	109.1129
8746.050	29376.5705	101.7484
8748.980	28331.9579	95.4934
8751.910	28361.5872	104.5470
8754.840	29567.5841	101.7156
8757.770	31262.6498	106.9693
8760.700	32843.6778	121.4758
8763.630	34250.3621	129.0422
8766.560	35308.9675	141.9396
8769.490	36152.5931	152.1992
8772.420	36803.8670	153.5154
8775.350	37014.3362	151.9264
8778.280	37237.8797	144.6328
8781.210	37463.5354	155.2926
8784.140	37679.0862	158.3253
8787.070	37881.2552	158.9637
8790.000	38089.0949	139.2875
8792.930	38280.1901	129.2766
8795.860	38316.7043	121.4188
8798.790	38220.4701	126.2600
8801.720	38291.6149	145.6153
8804.650	38537.3831	174.8260
8807.580	38506.9083	161.6585
8810.510	38220.5807	162.3435
8813.440	38072.2388	169.0796
8816.370	37819.5651	162.5258
8819.300	37674.4293	153.7634
8822.230	37545.8142	152.5397
8825.160	37223.7705	162.9346
8828.090	37133.3537	136.3923
8831.020	37017.5432	133.7015
8833.950	36564.2146	133.0048
8836.880	36273.4350	126.4082
8839.810	35925.9727	112.3598
8842.740	35320.6755	116.6730
8845.670	34381.0568	132.9399
8848.600	33195.5561	156.6485
8851.530	31830.0848	144.7442
8854.460	30051.0076	128.4699
8857.390	28086.7447	111.4883
8860.320	26646.8757	89.7495
8863.250	26207.4028	96.6389
8866.180	27082.3566	111.4612
8869.110	28853.7492	113.7837
8872.040	30739.5978	110.2704
8874.970	32236.6353	112.7139
8877.900	33434.2885	96.3590
8880.830	34228.9703	111.2753
8883.760	34647.6141	131.5906
8886.690	35168.5646	121.0473
8889.620	35728.8454	100.9798
8892.550	36088.8911	122.3587
8895.480	36368.9182	154.2138
8898.410	36510.7746	156.0789
8901.340	36537.0156	153.3841
8904.270	36622.7784	144.7989
8907.200	36644.3347	140.1380
8910.130	36721.9419	123.4289
8913.060	36851.3368	141.8874
8915.990	36798.8775	135.8817
8918.920	36953.0293	128.4770
8921.850	37154.3935	146.9084
8924.780	37141.0679	163.2938
8927.710	36873.1318	155.0028
8930.640	36589.7205	131.3472
8933.570	36408.2771	128.1213
8936.500	36315.6297	134.2182
8939.430	36320.4504	152.2710
8942.360	36429.4387	146.9492
8945.290	36605.0450	136.9276
8948.220	36642.6871	134.4212
8951.150	36733.1027	126.3071
8954.080	36564.0974	142.7437
8957.010	36326.7953	140.1315
8959.940	36271.5163	112.5893
8962.870	36219.4471	114.3263
8965.800	36248.4213	130.5584
8968.730	36191.3078	141.9760
8971.660	35893.9419	158.5899
8974.590	35613.6737	151.6127
8977.520	35330.7836	145.3623
8980.450	35104.6369	129.4126
8983.380	34792.1113	120.6289
8986.310	34477.3324	131.1991
8989.240	34251.3658	139.4690
8992.170	33944.5118	132.2232
8995.100	33307.9352	143.1616
8998.030	32306.7578	146.2583
9000.960	31055.0137	124.7222
9003.890	29662.8510	109.3045
9006.820	27964.9959	109.9484
9009.750	26242.9895	107.9539
9012.680	24980.8950	122.8071
9015.610	24826.6661	120.3207
9018.540	25902.7143	104.4541
9021.470	27479.7622	111.4015
9024.400	29045.3478	128.8902
9027.330	30360.4063	134.1897
9030.260	31342.0705	116.4415
9033.190	32152.2402	94.2420
9036.120	32784.6636	100.6557
9039.050	33253.5049	101.0771
9041.980	33603.5668	128.2649
9044.910	33856.8118	131.9773
9047.840	34035.8191	154.7251
9050.770	34155.8807	151.8944
9053.700	34315.3607	132.9009
9056.630	34373.9476	109.3297
9059.560	34289.9437	121.3407
9062.490	34279.7114	129.9629
9065.420	34397.3482	144.7299
9068.350	34633.4070	156.5567
9071.280	34944.8641	147.0294
9074.210	35177.1698	135.4093
9077.140	35126.0715	130.7567
9080.070	34930.8635	152.7309
9083.000	34833.1537	133.0444
9085.930	34731.2503	129.4373
9088.860	34607.5762	135.4480
9091.790	34340.0774	146.1474
9094.720	34154.0842	125.2787
9097.650	34177.0695	125.9705
9100.580	34208.6719	140.2146
9103.510	34307.7000	140.1799
9106.440	34408.7034	136.5350
9109.370	34551.2282	146.8391
9112.300	34531.5512	151.4970
9115.230	34438.4179	162.9680
9118.160	34282.8738	163.1302
9121.090	33996.0152	135.9323
9124.020	33786.3680	121.5195
9126.950	33715.5101	120.1005
9129.880	33745.7991	140.0250
9132.810	33866.4728	153.5237
9135.740	34039.4166	138.7303
9138.670	34174.4053	145.9801
9141.600	34234.9169	137.9202
9144.530	34088.4983	135.1486
9147.460	33919.7015	122.2032
9150.390	33868.6740	125.3313
9153.320	33850.1283	139.1486
9156.250	33935.3272	136.3124
9159.180	33932.8755	140.9421
9162.110	33897.6395	139.4611
9165.040	33664.1260	143.4105
9167.970	33373.9686	138.9431
9170.900	33138.6392	130.1992
9173.830	33011.9009	145.1538
9176.760	33089.7945	140.5659
9179.690	33086.0352	139.8170
9182.620	33051.0699	145.9617
9185.550	33098.0759	123.9082
9188.480	33087.3744	126.6314
9191.410	33010.1300	125.1152
9194.340	32667.6886	121.9820
9197.270	32222.5038	136.0487
9200.200	31871.3531	124.9977
9203.130	31530.0132	141.0851
9206.060	31045.6157	132.0952
9208.990	30456.5603	126.6494
9211.920	29547.9591	120.5494
9214.850	28397.1991	117.4049
9217.780	27049.7710	119.9752
9220.710	25613.6389	109.3278
9223.640	24173.2519	93.7264
9226.570	22998.4321	94.0391
9229.500	22749.4777	93.2418
9232.430	23561.4506	102.6993
9235.360	24949.5803	100.2905
9238.290	26373.3577	95.0961
9241.220	27495.4885	107.5855
9244.150	28430.4890	121.0415
9247.080	29242.0975	141.2296
9250.010	29946.3164	144.8219
9252.940	30500.7237	130.2295
9255.870	30673.0059	119.3771
9258.800	30348.1595	122.0922
9261.730	29978.0085	125.4886
9264.660	30113.8383	132.1659
9267.590	30660.6687	132.4737
9270.520	31293.1127	146.3775
9273.450	31648.9948	150.5565
9276.380	31703.1566	159.2463
9279.310	31696.7839	164.8692
9282.240	31627.4954	136.9118
9285.170	31766.8049	123.1803
9288.100	31920.0649	127.0224
9291.030	32079.8950	111.1593
9293.960	32240.8456	106.4252
9296.890	32425.7582	119.1290
9299.820	32525.3417	132.9275
9302.750	32350.4776	151.3076
9305.680	32056.3445	130.1851
9308.610	31765.5986	129.6480
9311.540	31461.5681	130.0406
9314.470	31248.8209	154.1144
9317.400	31322.6739	138.7901
9320.330	31477.4607	157.3740
9323.260	31650.8038	177.8833
9326.190	31836.0749	158.1914
9329.120	31947.9030	142.1317
9332.050	31874.5228	158.0264
9334.980	31587.1280	181.1515
9337.910	31336.2224	200.7923
9340.840	31324.3167	190.7182
9343.770	31426.9751	179.4756
9346.700	31417.5802	168.2117
9349.630	31180.1543	156.7781
9352.560	31123.6270	174.6479
9355.490	31292.2200	165.5174
9358.420	31471.0858	141.1337
9361.350	31410.8137	145.2918
9364.280	31275.0534	145.9074
9367.210	31181.9785	154.1344
9370.140	31043.2664	145.1064
9373.070	30830.5105	140.9087
9376.000	30838.9873	142.9479
9378.930	31003.3792	158.1569
9381.860	31058.8075	152.7553
9384.790	31025.7136	115.3431
9387.720	30878.5365	114.7027
9390.650	30706.6908	128.5592
9393.580	30548.3217	155.4473
9396.510	30526.5084	141.5517
9399.440	30581.7109	139.7600
9402.370	30877.7712	144.7950
9405.300	31171.7531	161.7853
9408.230	31082.3909	163.6661
9411.160	30789.0354	197.6928
9414.090	30488.4709	186.1632
9417.020	30256.3174	147.3665
9419.950	30206.1822	155.0307
9422.880	30284.9369	151.7834
9425.810	30273.0324	146.4375
9428.740	30561.3913	138.0207
9431.670	30695.3577	126.9678
9434.600	30498.8538	126.6024
9437.530	30327.4744	158.1430
9440.460	30249.5917	176.6284
9443.390	30288.5196	153.0975
9446.320	30336.0055	139.5715
9449.250	30278.2572	132.9048
9452.180	30232.2413	143.9033
9455.110	30010.4226	143.7462
9458.040	29778.2224	128.0201
9460.970	29885.7003	120.8506
9463.900	30002.8949	112.1454
9466.830	29976.8171	109.9918
9469.760	29864.9052	121.6674
9472.690	29796.3848	135.2324
9475.620	29771.5433	144.6971
9478.550	29546.5920	147.6634
9481.480	29454.7489	137.1320
9484.410	29591.0130	122.6534
9487.340	29384.5462	142.9556
9490.270	29193.5178	136.3314
9493.200	29179.5109	127.3068
9496.130	29246.5930	143.2461
9499.060	29210.2347	155.1957
9501.990	29228.8808	140.8454
9504.920	29287.3578	127.0202
9507.850	29251.9530	125.5031
9510.780	29135.3404	144.6630
9513.710	28794.3327	164.0526
9516.640	28323.3126	171.0848
9519.570	27757.0195	148.9725
9522.500	27383.6309	111.6058
9525.430	26967.8997	103.3006
9528.360	26496.8937	108.1743
9531.290	25671.4810	106.5552
9534.220	24720.1240	111.9848
9537.150	23526.8719	118.7120
9540.080	22229.0457	118.3723
9543.010	21148.0178	119.5548
9545.940	20611.5068	115.0501
9548.870	20917.0566	116.6024
9551.800	21863.5755	121.7271
9554.730	23247.5045	117.5788
9557.660	24610.6964	131.0181
9560.590	25612.7763	134.1474
9563.520	26322.7065	147.6994
9566.450	26945.6667	172.4021
9569.380	27464.2657	157.6262
9572.310	27776.3736	140.9976
9575.240	27729.9516	128.4695
9578.170	27658.8869	137.3806
9581.100	27721.0095	136.9972
9584.030	27926.1656	151.7543
9586.960	28110.9284	180.3534
9589.890	28262.5917	187.8556
9592.820	28449.6539	175.4013
9595.750	28460.2516	175.1469
9598.680	28349.5468	161.4050
9601.610	28321.3435	173.5379
9604.540	28235.3825	197.2733
9607.470	28401.8949	218.4484
9610.400	28586.9960	236.0713
9613.330	28536.5943	233.1023
9616.260	28219.3167	202.0421
9619.190	28122.3690	249.6450
9622.120	28103.3726	259.3182
9625.050	27937.9387	258.5131
9627.980	27917.2866	237.3870
9630.910	27809.8928	223.5792
9633.840	27832.0020	232.8043
9636.770	27985.9006	245.0957
9639.700	28115.8078	234.4010
9642.630	28046.3684	248.3645
9645.560	27992.7645	261.0575
9648.490	27977.6074	250.7925
9651.420	27951.2197	262.9916
9654.350	27743.8927	252.4202
9657.280	27780.6924	252.3099
9660.210	27709.8536	283.3834
9663.140	27700.8728	282.4514
9666.070	27609.8724	278.1057
9669.000	27688.0578	271.3391
9671.930	27746.3199	291.0624
9674.860	27774.9441	290.7491
9677.790	27737.5167	305.6872
9680.720	27609.6267	292.7953
9683.650	27715.1065	314.7898
9686.580	27630.1391	311.3092
9689.510	27470.4524	311.0887
9692.440	27422.8481	312.6670
9695.370	27557.7741	316.3434
9698.300	27618.7847	310.1099
9701.230	27671.9118	327.5904
