3298.680	72660.0865	417.3670
3301.060	72521.0990	503.4161
3303.440	72348.2714	461.7507
3305.820	72542.7058	383.9945
3308.200	72485.2114	377.4180
3310.580	71896.9649	423.0300
3312.960	71745.2407	399.7126
3315.340	71686.4451	397.7323
3317.720	71562.9462	419.7587
3320.100	71104.0885	500.1226
3322.480	70844.9504	403.2119
3324.860	70879.6696	359.3404
3327.240	70740.3935	366.5018
3329.620	70522.1517	355.9884
3332.000	70289.3561	403.7823
3334.380	70313.9598	380.1622
3336.760	70252.9690	361.8554
3339.140	70156.5164	349.8623
3341.520	70089.6207	345.1015
3343.900	70127.3918	356.8612
3346.280	69981.1011	310.2247
3348.660	69684.9345	363.5690
3351.040	69708.3259	336.1619
3353.420	69754.9100	375.5213
3355.800	68999.4028	464.2570
3358.180	68508.3254	401.8289
3360.560	69443.1823	436.2733
3362.940	69294.4538	357.9131
3365.320	68839.1001	384.2964
3367.700	68832.5282	352.4683
3370.080	68892.2082	366.6447
3372.460	69042.7252	371.9999
3374.840	69105.2649	378.1596
3377.220	68065.2732	447.0756
3379.600	68104.9075	287.6982
3381.980	68037.9235	290.3740
3384.360	67927.3377	305.1372
3386.740	67874.3541	387.6719
3389.120	68093.1421	337.8517
3391.500	68068.9040	308.2988
3393.880	68191.0848	375.5333
3396.260	67952.9937	304.4311
3398.640	67517.0216	395.9405
3401.020	67265.4073	415.7681
3403.400	67205.6206	321.7549
3405.780	67263.7498	290.1498
3408.160	67223.3613	268.7664
3410.540	67438.8560	290.7476
3412.920	67241.0709	334.3791
3415.300	67112.2332	303.4895
3417.680	66531.0837	347.9978
3420.060	66178.5767	379.1702
3422.440	66250.8469	327.5967
3424.820	66677.4870	266.3540
3427.200	66635.4038	260.5870
3429.580	66372.7191	344.4023
3431.960	65981.3273	378.0438
3434.340	65857.9665	369.2117
3436.720	65545.4414	383.1320
3439.100	65291.7628	333.5173
3441.480	65269.7254	362.9289
3443.860	65233.7552	339.0510
3446.240	65718.0686	278.1061
3448.620	65424.6010	375.9130
3451.000	65261.4831	362.4322
3453.380	65001.4494	342.8772
3455.760	64932.1720	310.0778
3458.140	64745.8187	260.2896
3460.520	64518.7680	285.0683
3462.900	64774.8171	282.6350
3465.280	64548.1925	391.5534
3467.660	64426.1216	349.3071
3470.040	63926.7038	368.9241
3472.420	63732.6055	305.6401
3474.800	63941.4826	289.8632
3477.180	64148.4736	344.9008
3479.560	63820.9499	411.3705
3481.940	63498.2007	350.6750
3484.320	63452.7324	300.5825
3486.700	63101.9360	319.3815
3489.080	63301.1728	284.9304
3491.460	63122.9516	303.1157
3493.840	62468.9055	258.6131
3496.220	62406.7595	275.7799
3498.600	62848.6376	257.2226
3500.980	62911.1567	336.0757
3503.360	62716.7295	354.9863
3505.740	62844.1645	328.9885
3508.120	62858.5127	283.2717
3510.500	62878.7010	266.9484
3512.880	62812.4130	273.3612
3515.260	62578.5123	270.4544
3517.640	62646.5656	223.1038
3520.020	62471.4429	239.7794
3522.400	62652.1381	275.9528
3524.780	62844.0723	385.6190
3527.160	62399.0123	251.8097
3529.540	62148.1999	244.4801
3531.920	62186.6613	263.1197
3534.300	62013.0723	235.0660
3536.680	61970.4371	237.8555
3539.060	61909.5730	247.5246
3541.440	61941.5794	272.6649
3543.820	61804.0603	287.6642
3546.200	61567.5017	316.7729
3548.580	61619.6492	279.8011
3550.960	61671.6090	300.4232
3553.340	61560.4757	308.9972
3555.720	60986.5341	317.1315
3558.100	60790.1170	325.3873
3560.480	60907.2394	295.0990
3562.860	61001.9953	249.7143
3565.240	60868.2070	256.8245
3567.620	60869.4769	226.4786
3570.000	60486.7595	316.6651
3572.380	60427.9565	255.5841
3574.760	60393.8264	257.5480
3577.140	60262.4316	273.2455
3579.520	60740.2005	295.1977
3581.900	60664.7700	282.3871
3584.280	60409.2222	290.0329
3586.660	60218.6300	272.8311
3589.040	60266.8464	257.4796
3591.420	60115.5450	276.9778
3593.800	59638.4375	350.1486
3596.180	59403.6386	373.2055
3598.560	59570.1094	332.7603
3600.940	59748.7016	258.1441
3603.320	59523.2799	244.0245
3605.700	59599.0666	257.8028
3608.080	59339.3026	228.9760
3610.460	59102.9769	287.6970
3612.840	58665.7732	358.5823
3615.220	58653.9895	318.8017
3617.600	59115.8143	222.3356
3619.980	58934.1526	294.1563
3622.360	58698.0064	269.3058
3624.740	58325.1465	366.8901
3627.120	58336.8098	350.9193
3629.500	58475.9625	291.7288
3631.880	58786.3987	318.3606
3634.260	58649.7327	299.0558
3636.640	58274.6814	286.7912
3639.020	58188.6690	259.9566
3641.400	58436.0447	253.3559
3643.780	58337.8760	256.7164
3646.160	58253.1285	240.0734
3648.540	58087.8474	254.5664
3650.920	57835.9523	207.4226
3653.300	57772.0307	269.1045
3655.680	57613.8363	266.3660
3658.060	57409.7411	255.5612
3660.440	57431.9610	215.7404
3662.820	57432.9963	206.6366
3665.200	57415.5849	214.3896
3667.580	57314.1979	212.8847
3669.960	57073.7007	253.8463
3672.340	56881.9823	301.5511
3674.720	56935.7379	270.3220
3677.100	56885.8002	241.5813
3679.480	56923.1358	223.0985
3681.860	56671.5428	229.4789
3684.240	56435.0513	240.9493
3686.620	56473.3187	253.1993
3689.000	56504.1407	256.2773
3691.380	56626.6732	248.7008
3693.760	56328.9770	262.4694
3696.140	56297.6630	252.1504
3698.520	56460.2712	245.1183
3700.900	56234.9038	347.5509
3703.280	56018.2766	279.2245
3705.660	57104.4466	253.6655
3708.040	57430.2089	217.2598
3710.420	55305.1053	236.0401
3712.800	55455.6500	272.8008
3715.180	59023.7697	328.8211
3717.560	59793.1456	253.2274
3719.940	56111.1598	299.1402
3722.320	54597.9318	219.5544
3724.700	59493.0056	274.3612
3727.080	64926.0062	341.4102
3729.460	64139.7128	315.3803
3731.840	57200.4593	317.5847
3734.220	52944.4403	269.1083
3736.600	57848.6523	249.4804
3738.980	66450.4401	409.2068
3741.360	72087.7671	413.9354
3743.740	70969.0454	261.2160
3746.120	62823.7647	294.0744
3748.500	53127.8559	254.8768
3750.880	51910.5894	262.8181
3753.260	60450.4659	476.2827
3755.640	70765.9451	395.6946
3758.020	77880.6445	288.2629
3760.400	79954.5618	302.5367
3762.780	77100.6647	329.8779
3765.160	69530.1285	307.8974
3767.540	58536.4775	263.2686
3769.920	50490.8441	223.0928
3772.300	53674.6701	239.9127
3774.680	65202.1172	280.4249
3777.060	76280.0085	292.4013
3779.440	83746.0252	293.6885
3781.820	87582.2602	329.2796
3784.200	88701.4978	328.9484
3786.580	87322.4993	405.6090
3788.960	83530.9929	318.6085
3791.340	75443.2980	318.0469
3793.720	63663.4258	303.3904
3796.100	52425.6016	255.8121
3798.480	49864.2211	223.4340
3800.860	58611.8778	261.5554
3803.240	70578.8529	296.3462
3805.620	80181.6109	371.1428
3808.000	86462.0332	328.1179
3810.380	89978.5328	388.3541
3812.760	91716.1923	396.6411
3815.140	91769.5341	521.1284
3817.520	90241.4349	503.9013
3819.900	88332.0012	502.4541
3822.280	87624.2657	399.4799
3824.660	85500.1301	327.1598
3827.040	80503.9294	304.6253
3829.420	71722.8637	278.6871
3831.800	59836.9302	263.4815
3834.180	49740.6495	227.6857
3836.560	50294.2919	214.3559
3838.940	60348.0373	296.6563
3841.320	71676.9754	289.4072
3843.700	79979.1270	457.3843
3846.080	85646.3530	477.2608
3848.460	89561.5788	394.0608
3850.840	91383.3841	375.3216
3853.220	92079.8340	328.6592
3855.600	92827.3556	312.1901
3857.980	94113.8711	374.2358
3860.360	94391.7378	348.8979
3862.740	92828.5705	559.9792
3865.120	92485.5928	579.4932
3867.500	92721.4021	379.3752
3869.880	92343.3720	407.2911
3872.260	91367.2249	310.9010
3874.640	89890.8742	341.4895
3877.020	86864.6604	318.5084
3879.400	82323.1460	322.4842
3881.780	75415.5381	320.1636
3884.160	65173.9084	305.8237
3886.540	53635.9676	273.5353
3888.920	47388.2684	229.2067
3891.300	52669.7732	209.0778
3893.680	63713.7654	267.4427
3896.060	73774.8136	334.3095
3898.440	80740.8913	292.7441
3900.820	85254.0032	280.7844
3903.200	88065.8649	277.8869
3905.580	89735.4802	299.3966
3907.960	91364.5583	324.1052
3910.340	91933.8568	429.3371
3912.720	92063.6585	463.5503
3915.100	91918.9315	432.4480
3917.480	92008.6618	400.4546
3919.860	91714.8670	401.5984
3922.240	91096.8898	396.4457
3924.620	91189.2552	376.3069
3927.000	91484.4551	439.0045
3929.380	91816.8070	437.1807
3931.760	91759.5971	779.8630
3934.140	91964.9674	834.6580
3936.520	91228.1780	565.1988
3938.900	90933.3934	471.4179
3941.280	90763.4334	412.9566
3943.660	90347.9933	490.4462
3946.040	89977.9791	342.1211
3948.420	88973.2495	407.5932
3950.800	88070.3873	420.8303
3953.180	87149.2804	458.1653
3955.560	85119.0010	403.5364
3957.940	82189.7095	415.9612
3960.320	78079.0162	406.6049
3962.700	71947.7677	322.5765
3965.080	62654.1375	416.2708
3967.460	51914.0820	456.5394
3969.840	45722.4168	418.7818
3972.220	49811.4446	253.7100
3974.600	59913.7658	317.0858
3976.980	69328.3213	374.1094
3979.360	75556.5318	467.7423
3981.740	80004.1628	500.5502
3984.120	83169.4835	359.7947
3986.500	84901.0439	335.3323
3988.880	85818.8767	360.3060
3991.260	86631.8834	354.7089
3993.640	87367.1196	332.7283
3996.020	87672.5499	334.4934
3998.400	87843.0711	336.5992
4000.780	87591.2655	367.5094
4003.160	87143.9755	372.2751
4005.540	86470.2946	333.7386
4007.920	85915.1844	284.4113
4010.300	85893.8364	311.9990
4012.680	86361.7061	304.6569
4015.060	86779.1109	299.4347
4017.440	86814.9993	270.8568
4019.820	86325.8504	307.4268
4022.200	84304.0220	380.2306
4024.580	81315.7930	422.4950
4026.960	80382.1207	304.8293
4029.340	82483.6910	276.1897
4031.720	84660.7128	246.5964
4034.100	85671.3785	248.6248
4036.480	85807.4002	273.1098
4038.860	85772.3322	298.8169
4041.240	85801.1249	285.1539
4043.620	85806.9836	331.2237
4046.000	85313.8439	273.5256
4048.380	85260.8537	283.8941
4050.760	85108.1076	309.4390
4053.140	85044.7997	298.7498
4055.520	84907.1965	279.1210
4057.900	84404.0141	283.0966
4060.280	84002.8109	281.6866
4062.660	84037.4870	270.8866
4065.040	83588.1240	284.0954
4067.420	83265.7069	290.8965
4069.800	83102.9939	306.9461
4072.180	82794.5360	303.7321
4074.560	82364.6696	311.6288
4076.940	82019.9808	319.9908
4079.320	81404.4702	300.9951
4081.700	80818.9019	286.7762
4084.080	79814.3151	276.2223
4086.460	78364.4030	306.4145
4088.840	75910.4286	323.4068
4091.220	72457.8092	303.1238
4093.600	67610.1252	286.3598
4095.980	60375.0971	304.8911
4098.360	50897.3393	323.4766
4100.740	42777.2190	280.3350
4103.120	43683.7180	220.7435
4105.500	51795.3232	223.3393
4107.880	60551.1556	217.5036
4110.260	67433.9204	241.2293
4112.640	71965.5672	241.3569
4115.020	74656.3625	254.2682
4117.400	76393.8486	257.2733
4119.780	77224.7266	270.5510
4122.160	77709.0421	257.9011
4124.540	78051.9925	295.1477
4126.920	77639.6597	286.2370
4129.300	77052.6706	257.0519
4131.680	77997.6492	283.9082
4134.060	79243.5294	310.0747
4136.440	79333.7913	310.0034
4138.820	78865.5825	298.0492
4141.200	77823.5832	325.6733
4143.580	77330.2684	305.9663
4145.960	77338.7065	256.9313
4148.340	78272.2114	279.2542
4150.720	78948.0643	291.2187
4153.100	79305.9049	285.7846
4155.480	79433.7446	306.2190
4157.860	79155.5688	292.7785
4160.240	78745.5908	295.0007
4162.620	78395.6506	313.5068
4165.000	78283.7944	286.0582
4167.380	78123.7079	293.2982
4169.760	77999.2821	235.2075
4172.140	77548.7400	270.6269
4174.520	77366.4948	295.7467
4176.900	76767.2555	248.0191
4179.280	76635.5328	255.9868
4181.660	77192.2538	240.3954
4184.040	77354.9678	243.7948
4186.420	77216.3711	262.7979
4188.800	77065.5030	301.2814
4191.180	76841.8137	340.7893
4193.560	77049.0735	295.4031
4195.940	76841.9655	305.7654
4198.320	76719.5940	342.7870
4200.700	76206.9538	307.2087
4203.080	75804.6464	260.6000
4205.460	75592.6655	269.5595
4207.840	75627.0337	245.2918
4210.220	75676.4978	265.4527
4212.600	75754.9480	270.3148
4214.980	75827.0475	274.3128
4217.360	75510.7989	243.0118
4219.740	74929.6874	252.9688
4222.120	75028.2543	223.4116
4224.500	75379.9161	346.3671
4226.880	75133.6576	243.7753
4229.260	74677.1507	240.7364
4231.640	73832.0503	331.6493
4234.020	73785.4552	266.2146
4236.400	74236.1363	237.5781
4238.780	74281.6673	235.3421
4241.160	74089.1246	253.7709
4243.540	73808.8782	245.8141
4245.920	73761.5572	236.2744
4248.300	73644.2745	256.7738
4250.680	73435.9085	263.2312
4253.060	73070.8186	258.3624
4255.440	72862.1334	260.1072
4257.820	73007.3698	251.6109
4260.200	72888.5023	244.3216
4262.580	72713.2501	248.4386
4264.960	72000.5292	267.0088
4267.340	71636.1853	264.6661
4269.720	71868.7825	266.6408
4272.100	72310.6870	296.8848
4274.480	72064.0846	242.8680
4276.860	71792.2424	248.2334
4279.240	71593.8257	247.2918
4281.620	71408.1150	240.7170
4284.000	71193.3371	251.6219
4286.380	71177.9842	256.9145
4288.760	70989.3710	279.2030
4291.140	70590.2660	247.0695
4293.520	70343.3087	265.4543
4295.900	70252.3204	272.7553
4298.280	70079.5497	277.4217
4300.660	70045.2363	261.4889
4303.040	69903.5455	254.3917
4305.420	69748.2695	231.0011
4307.800	69971.9083	304.5225
4310.180	69788.0866	346.7480
4312.560	68892.0310	264.5518
4314.940	68324.1114	303.5637
4317.320	67411.8814	404.1534
4319.700	67058.5488	321.0128
4322.080	66586.4498	266.7139
4324.460	65558.7777	317.8912
4326.840	63586.3086	249.8972
4329.220	61162.2946	253.9722
4331.600	57782.0039	280.2532
4333.980	52840.5188	246.9901
4336.360	46131.4298	252.8779
4338.740	39496.3536	289.0882
4341.120	37138.6021	232.7820
4343.500	41735.4198	175.7633
4345.880	48949.5000	185.1922
4348.260	54952.1662	189.2986
4350.640	58940.7052	200.8833
4353.020	61500.0583	194.2128
4355.400	63343.4708	190.1879
4357.780	64407.9143	191.2483
4360.160	65128.1107	215.9168
4362.540	65688.3651	223.9543
4364.920	66030.6178	219.7791
4367.300	66170.1301	244.6914
4369.680	66311.3404	259.3187
4372.060	66399.5925	238.5297
4374.440	66523.0108	241.8361
4376.820	66775.6159	262.3628
4379.200	66791.3638	276.5522
4381.580	66371.2863	263.1551
4383.960	65467.5620	270.4030
4386.340	64641.1208	301.4901
4388.720	64311.8461	255.7427
4391.100	64943.1107	207.9849
4393.480	65588.6532	226.2666
4395.860	65768.2699	223.8201
4398.240	65913.1794	209.0178
4400.620	66022.9642	205.5238
4403.000	65967.3148	255.0590
4405.380	65774.3413	213.8277
4407.760	65677.8361	209.5007
4410.140	65492.8458	231.2913
4412.520	65413.6092	225.0092
4414.900	65188.4716	207.2186
4417.280	64780.3596	232.3636
4419.660	64613.2553	218.9748
4422.040	64655.1896	228.9878
4424.420	64785.0835	229.2378
4426.800	64766.6518	213.1477
4429.180	64570.8918	212.6428
4431.560	64554.3920	226.0811
4433.940	64475.7761	217.6656
4436.320	64192.8451	221.8652
4438.700	64077.1202	207.1367
4441.080	63822.7620	239.1146
4443.460	63912.4468	204.4154
4445.840	63770.3831	216.7440
4448.220	63379.1119	223.3042
4450.600	63373.5345	218.8674
4452.980	63607.7494	217.4705
4455.360	63844.9289	216.0022
4457.740	63616.8253	227.1067
4460.120	63282.2605	199.0305
4462.500	62991.4264	197.3700
4464.880	62587.5797	238.4935
4467.260	61541.2351	326.4684
4469.640	59998.5488	314.4404
4472.020	59198.4842	231.6622
4474.400	60079.1582	175.8397
4476.780	61081.7768	189.8451
4479.160	60776.1177	189.1857
4481.540	60407.8200	185.3753
4483.920	61048.6669	188.0417
4486.300	61614.4210	190.9407
4488.680	61516.1130	197.3994
4491.060	61518.6953	192.6996
4493.440	61669.5257	237.4127
4495.820	61754.4657	219.6812
4498.200	61722.5271	222.2601
4500.580	61450.6492	224.2059
4502.960	61351.1531	222.2544
4505.340	61085.4348	237.2223
4507.720	60823.3327	227.2403
4510.100	60837.5216	209.3994
4512.480	60776.4009	202.6992
4514.860	60718.0219	195.4972
4517.240	60509.4770	208.3831
4519.620	60306.0243	198.3703
4522.000	59971.4439	222.8126
4524.380	60158.1551	189.5780
4526.760	60384.3843	204.2365
4529.140	60358.3084	223.4126
4531.520	60126.1537	250.6018
4533.900	60033.5240	251.5451
4536.280	60149.4357	269.4804
4538.660	59964.8971	292.4353
4541.040	59708.8831	241.4295
4543.420	59627.4581	213.6340
4545.800	59337.7963	221.3616
4548.180	58717.7163	196.8410
4550.560	58470.1427	187.3935
4552.940	58562.6770	185.6593
4555.320	58738.3184	179.6059
4557.700	58753.4392	174.9922
4560.080	58891.0044	184.6156
4562.460	58871.4795	190.4068
4564.840	58828.7911	181.4604
4567.220	58862.8296	189.1190
4569.600	58607.5418	179.7406
4571.980	58518.1783	203.7129
4574.360	58459.6689	201.4875
4576.740	58338.2814	198.0706
4579.120	58134.8999	209.2579
4581.500	57737.4086	205.5206
4583.880	57492.4774	194.2213
4586.260	57445.0173	200.3967
4588.640	57390.3377	221.2596
4591.020	57544.6850	202.9184
4593.400	57610.7433	180.1676
4595.780	57592.1253	196.2627
4598.160	57484.8985	177.2441
4600.540	57401.9568	190.0618
4602.920	57259.9098	199.7363
4605.300	57286.3161	227.2324
4607.680	57142.3722	218.2779
4610.060	57058.9341	208.0105
4612.440	57061.2656	188.2794
4614.820	56876.0146	183.6485
4617.200	56712.9284	189.1766
4619.580	56541.5043	180.4652
4621.960	56336.2694	185.0535
4624.340	56302.1391	192.9196
4626.720	56164.9229	187.3174
4629.100	56088.0120	196.3811
4631.480	55980.3549	204.0329
4633.860	56037.5041	177.2695
4636.240	55974.4713	164.4833
4638.620	55972.3406	192.6462
4641.000	55894.9964	218.1674
4643.380	55565.2579	188.2672
4645.760	55520.0188	176.7757
4648.140	55678.1717	171.5874
4650.520	55478.9578	208.8353
4652.900	55322.6944	204.2614
4655.280	55355.0313	188.5767
4657.660	55063.2768	192.9264
4660.040	54960.2250	184.4686
4662.420	55145.1380	181.2202
4664.800	55123.8305	200.8840
4667.180	55024.2504	200.2642
4669.560	54928.7237	199.1262
4671.940	54669.7129	187.2039
4674.320	54554.7491	215.3541
4676.700	54574.0386	225.6099
4679.080	54697.5941	244.5194
4681.460	54868.8985	312.5136
4683.840	54880.9929	322.6367
4686.220	54510.7854	323.6968
4688.600	54049.7489	270.7566
4690.980	53854.5876	159.7319
4693.360	53818.9771	158.6397
4695.740	53724.5483	152.3366
4698.120	53806.2519	147.8877
4700.500	53762.0927	156.7646
4702.880	53732.7841	184.0513
4705.260	53571.8790	201.7271
4707.640	53438.9906	172.7209
4710.020	53377.0021	195.4721
4712.400	53033.2040	216.0716
4714.780	52801.1430	182.5199
4717.160	52859.0353	168.5582
4719.540	53000.2601	172.5727
4721.920	52868.3502	182.5620
4724.300	52722.3189	183.5678
4726.680	52625.3772	190.4579
4729.060	52623.9625	201.2530
4731.440	52500.1161	209.2332
4733.820	52375.0964	185.0442
4736.200	52309.7507	186.7928
4738.580	52190.9473	159.3382
4740.960	52148.9544	180.3508
4743.340	52166.2694	183.4333
4745.720	52152.3043	203.9460
4748.100	52139.4441	185.0402
4750.480	52042.6295	188.6872
4752.860	51730.7762	188.2401
4755.240	51516.0832	198.4349
4757.620	51437.6524	167.8096
4760.000	51288.4420	180.4583
4762.380	51205.7595	191.5622
4764.760	51260.0299	181.8786
4767.140	51222.6621	180.8466
4769.520	51069.3617	209.0153
4771.900	50956.8238	185.8138
4774.280	50938.5536	171.1576
4776.660	50847.5721	166.7069
4779.040	50692.5320	162.0738
4781.420	50594.8697	168.5578
4783.800	50562.3158	170.6695
4786.180	50592.6117	158.1397
4788.560	50474.2892	160.1808
4790.940	50153.7201	165.1763
4793.320	50089.6850	158.7475
4795.700	50079.8066	169.8420
4798.080	49902.1741	170.8948
4800.460	49832.4891	166.5335
4802.840	49803.7969	175.4190
4805.220	49708.1898	181.3266
4807.600	49578.9359	183.1576
4809.980	49508.6775	185.9705
4812.360	49481.2433	158.8710
4814.740	49231.9948	153.7689
4817.120	49047.1384	169.5020
4819.500	48876.7776	177.6981
4821.880	48867.6368	188.3904
4824.260	48881.5524	168.1473
4826.640	48922.2601	171.5943
4829.020	48663.7693	191.5005
4831.400	48378.9407	190.9026
4833.780	48108.3266	179.1169
4836.160	47696.3742	184.5448
4838.540	47426.3094	173.5191
4840.920	47007.4172	170.8622
4843.300	46252.6855	193.8556
4845.680	45238.1647	205.8565
4848.060	44096.3063	183.8821
4850.440	42566.3036	177.7189
4852.820	40186.0150	180.5774
4855.200	36671.0690	181.5878
4857.580	32307.9783	197.8366
4859.960	28599.3354	183.9058
4862.340	28285.0613	161.3701
4864.720	31473.8408	106.8856
4867.100	35686.9724	105.6386
4869.480	39241.7838	114.3295
4871.860	41616.8897	124.5953
4874.240	43227.8638	133.1818
4876.620	44226.3529	150.3275
4879.000	45067.5374	155.2744
4881.380	45590.7571	162.0808
4883.760	45725.5893	174.8164
4886.140	46132.3958	158.0415
4888.520	46454.5206	175.9591
4890.900	46434.1256	159.8658
4893.280	46380.7601	158.5403
4895.660	46349.9406	171.5409
4898.040	46374.8371	182.9305
4900.420	46501.2658	161.8951
4902.800	46573.6534	163.6004
4905.180	46571.5472	168.1507
4907.560	46466.1684	166.9864
4909.940	46316.1811	160.2445
4912.320	46206.7065	159.6745
4914.700	46199.1669	163.8255
4917.080	45975.1236	211.5099
4919.460	45455.2625	243.8920
4921.840	44889.8073	214.3476
4924.220	44752.9676	145.1255
4926.600	45320.3556	150.9850
4928.980	45750.6297	152.7560
4931.360	45906.4094	139.2608
4933.740	46061.2149	155.1631
4936.120	46098.5319	191.2339
4938.500	46113.8418	168.8994
4940.880	45739.6694	172.8425
4943.260	45546.3679	157.5742
4945.640	45551.4668	141.0873
4948.020	45566.4643	152.2200
4950.400	45388.0811	173.8798
4952.780	45338.7806	159.4908
4955.160	45468.0736	160.9167
4957.540	45393.8542	163.6458
4959.920	45299.8470	147.6088
4962.300	45125.8482	150.8145
4964.680	45036.3014	152.4071
4967.060	44972.9245	146.0055
4969.440	44938.8845	148.5745
4971.820	45004.6014	151.7001
4974.200	44889.0991	156.8600
4976.580	44851.9276	164.5161
4978.960	44770.5696	179.6329
4981.340	44726.5505	174.0265
4983.720	44505.7664	160.2050
4986.100	44244.3534	160.4196
4988.480	44224.4454	162.1820
4990.860	44235.1316	144.3298
4993.240	44209.3129	150.5108
4995.620	44211.8239	149.4739
4998.000	44047.5621	155.1065
5000.380	43881.4357	149.8290
5002.760	43715.7029	159.2532
5005.140	43561.5687	166.2388
5007.520	43490.3793	160.8594
5009.900	43560.7552	174.2876
5012.280	43417.9503	168.5894
5014.660	43102.6504	161.2114
5017.040	42746.4192	140.3098
5019.420	42691.5063	143.6427
5021.800	42944.0900	153.8838
5024.180	43052.5494	163.6800
5026.560	42966.5508	149.6991
5028.940	42928.6569	145.0303
5031.320	42727.1079	158.5297
5033.700	42705.9447	164.2868
5036.080	42630.2756	170.4920
5038.460	42422.8759	162.7301
5040.840	42247.4817	160.5148
5043.220	42301.6423	155.6405
5045.600	42368.1816	163.7841
5047.980	42393.6602	159.3189
5050.360	42373.5655	141.9434
5052.740	42241.6328	144.6632
5055.120	41914.4698	153.0789
5057.500	41736.2149	152.1033
5059.880	41909.0395	153.2149
5062.260	42089.4424	140.2780
5064.640	42217.8895	138.3083
5067.020	42196.2764	163.7412
5069.400	42071.8689	153.3287
5071.780	41923.9572	151.6415
5074.160	41909.4217	157.3375
5076.540	41917.3246	150.0581
5078.920	41957.1541	154.9907
5081.300	41766.1407	143.5378
5083.680	41664.2841	143.8106
5086.060	41635.7593	147.1266
5088.440	41540.8901	153.1354
5090.820	41354.3538	152.9422
5093.200	41226.6979	151.1566
5095.580	41157.7056	157.3180
5097.960	41038.9420	165.0543
5098.200	41076.3619	132.7779
5100.340	40989.4799	159.4025
5101.130	41126.2130	166.4395
5102.720	40958.4261	152.5185
5104.060	41006.6691	151.9065
5105.100	40997.1711	142.7935
5106.990	41004.4516	127.0453
5107.480	41022.8705	131.6584
5109.860	41000.7302	135.6224
5109.920	41050.5600	132.0699
5112.240	40976.3461	122.7119
5112.850	41065.2197	128.6913
5114.620	40838.2893	149.9707
5115.780	40977.5444	149.9738
5117.000	40736.6455	148.1082
5118.710	40817.3852	150.6952
5119.380	40679.9713	145.5963
5121.640	40721.3737	139.6515
5121.760	40664.6533	158.7277
5124.140	40540.4711	142.4575
5124.570	40454.2919	173.0149
5126.520	40384.0226	138.2725
5127.500	40528.1507	120.3562
5128.900	40326.5818	123.0191
5130.430	40394.0456	124.4820
5131.280	40241.7980	150.5338
5133.360	40301.3375	141.1504
5133.660	40188.7045	147.5608
5136.040	40134.0698	146.7211
5136.290	40182.4769	138.1513
5138.420	40065.2405	149.5618
5139.220	39995.4851	144.4839
5140.800	39968.1082	157.0432
5142.150	40069.9176	144.1687
5143.180	39863.7975	156.9578
5145.080	39934.3000	143.4917
5145.560	39685.6599	159.8414
5147.940	39565.1794	160.5247
5148.010	39744.7926	145.8608
5150.320	39489.0638	137.4976
5150.940	39641.2729	112.4653
5153.870	39588.4546	135.3100
5156.800	39592.8761	126.5454
5159.730	39556.0830	133.7882
5162.660	39458.1936	143.6004
5165.590	38897.6692	232.1262
5168.520	38902.7259	179.9004
5171.450	38984.9648	127.2801
5174.380	39350.9028	149.0133
5177.310	39341.5955	172.6857
5180.240	38913.4790	142.4430
5183.170	38802.7800	191.7311
5186.100	39005.1446	151.5739
5189.030	38840.1032	147.2060
5191.960	38575.3735	135.6258
5194.890	38476.3032	127.8005
5197.820	38541.6564	126.8988
5200.750	38460.5154	137.4202
5203.680	38480.2772	121.4479
5206.610	38585.1511	143.8075
5209.540	38633.2304	127.9189
5212.470	38401.1252	152.9815
5215.400	37974.6180	127.6028
5218.330	37924.7888	120.9425
5221.260	37933.7410	121.2067
5224.190	37657.2088	121.3440
5227.120	37690.2653	140.2856
5230.050	37720.8849	124.0708
5232.980	37557.9186	121.2252
5235.910	37533.8434	129.5858
5238.840	37728.2319	142.0008
5241.770	37619.3168	130.8274
5244.700	37506.6602	112.5119
5247.630	37479.2495	114.8458
5250.560	37290.9724	127.0569
5253.490	37125.2670	123.9459
5256.420	37189.1467	113.9183
5259.350	37190.3270	107.7237
5262.280	36903.4408	134.7806
5265.210	36961.0798	127.4365
5268.140	37037.7693	111.8522
5271.070	37125.9774	132.0561
5274.000	37058.9604	132.2540
5276.930	36895.8243	124.7611
5279.860	36697.5353	99.7294
5282.790	36669.9735	105.7682
5285.720	36769.4034	117.7931
5288.650	36696.2560	109.8341
5291.580	36443.2648	112.1100
5294.510	36311.3004	114.3100
5297.440	36315.6774	116.2142
5300.370	36329.3410	114.9253
5303.300	36329.4413	121.4025
5306.230	36351.8256	109.4167
5309.160	36170.2720	109.6123
5312.090	35935.0185	104.1658
5315.020	35653.7814	108.5702
5317.950	35615.7323	120.1508
5320.880	35698.9742	120.4441
5323.810	35810.7716	126.4597
5326.740	35649.7029	135.1973
5329.670	35705.1988	127.0609
5332.600	35758.9815	122.7920
5335.530	35672.7931	113.0693
5338.460	35502.4077	120.6406
5341.390	35345.1369	116.7069
5344.320	35379.7449	115.5669
5347.250	35362.2372	113.4415
5350.180	35373.2261	109.3455
5353.110	35157.6340	127.9767
5356.040	35172.3545	119.2379
5358.970	35108.1301	104.4930
5361.900	34988.0670	120.7534
5364.830	34983.2820	117.5424
5367.760	34953.7726	102.6454
5370.690	34768.7903	109.5657
5373.620	34825.7109	119.0211
5376.550	34925.8455	127.8466
5379.480	34702.9422	101.4372
5382.410	34513.1048	110.8836
5385.340	34451.4208	103.1936
5388.270	34358.3831	99.3524
5391.200	34287.4287	109.3179
5394.130	34195.5413	104.2072
5397.060	34147.6983	103.1975
5399.990	34040.5961	106.5741
5402.920	33955.7446	118.7360
5405.850	33940.1604	122.4808
5408.780	33910.8457	117.5772
5411.710	33926.8287	116.2936
5414.640	33990.0449	115.7994
5417.570	33978.4603	101.2596
5420.500	33815.4438	103.2625
5423.430	33636.6605	97.2500
5426.360	33545.3572	109.7013
5429.290	33458.4073	98.8349
5432.220	33534.4924	96.8471
5435.150	33569.9615	105.0186
5438.080	33418.7931	105.4753
5441.010	33430.2168	107.3033
5443.940	33316.1993	113.1767
5446.870	33263.3382	95.8108
5449.800	33185.7754	97.8853
5452.730	33035.7996	88.7563
5455.660	32986.5666	82.9491
5458.590	32961.0085	85.6160
5461.520	32869.8448	86.4847
5464.450	32704.6862	84.0474
5467.380	32660.2969	88.9470
5470.310	32674.2653	94.4894
5473.240	32737.2396	94.6210
5476.170	32708.4885	98.8047
5479.100	32563.3851	97.7490
5482.030	32437.5350	93.3955
5484.960	32370.3126	87.3857
5487.890	32323.3544	82.1288
5490.820	32283.8396	92.8175
5493.750	32260.2238	93.4648
5496.680	32289.9767	94.6693
5499.610	32213.4767	87.5401
5502.540	32077.0854	85.5708
5505.470	31951.3546	90.8637
5508.400	31858.0638	101.0035
5511.330	31868.2970	105.8620
5514.260	31940.6344	97.1544
5517.190	31987.9364	93.0481
5520.120	31973.0864	93.6138
5523.050	31921.7812	96.3368
5525.980	31877.0994	89.2135
5528.910	31708.0410	94.5809
5531.840	31532.5485	107.8637
5534.770	31477.0782	104.5689
5537.700	31446.5322	103.6686
5540.630	31422.3691	95.0945
5543.560	31368.3249	84.7427
5546.490	31294.7316	90.7486
5549.420	31285.5482	93.4910
5552.350	31259.1457	90.7162
5555.280	31176.3962	95.0856
5558.210	31115.2144	97.0376
5561.140	31077.6516	101.4261
5564.070	31000.5100	98.6960
5567.000	31042.7329	87.5162
5569.930	31008.0599	86.3672
5572.860	30888.1551	95.3321
5575.790	30678.2099	110.1826
5578.720	30629.9447	103.2309
5581.650	30646.6957	97.4642
5584.580	30676.1833	102.6637
5587.510	30624.2158	103.6519
5590.440	30556.4997	99.8579
5593.370	30507.4435	94.9334
5596.300	30461.5120	94.5523
5599.230	30425.1931	92.5802
5602.160	30384.3707	88.0337
5605.090	30332.1994	94.1984
5608.020	30229.9825	100.9883
5610.950	30179.5524	95.7377
5613.880	30191.3181	91.0484
5616.810	30180.7933	95.6415
5619.740	30145.8060	88.2894
5622.670	30100.6631	86.9047
5625.600	30026.6931	90.7524
5628.530	29882.9114	100.3504
5631.460	29832.1007	95.9796
5634.390	29803.4368	94.0248
5637.320	29722.4360	96.5266
5640.250	29514.1050	110.4544
5643.180	29435.9982	92.0073
5646.110	29403.3382	92.5046
5649.040	29414.8178	94.8534
5651.970	29421.1408	86.9469
5654.900	29420.9131	85.3628
5657.830	29384.7081	94.0959
5660.760	29346.8214	90.0437
5663.690	29361.7688	85.3392
5666.620	29239.8004	85.7572
5669.550	29149.7485	87.6694
5672.480	29093.5262	91.7887
5675.410	29069.5264	101.4816
5678.340	28989.4638	101.2978
5681.270	28956.5896	104.6765
5684.200	28939.6511	90.7347
5687.130	28973.1862	93.2748
5690.060	28908.0747	86.3734
5692.990	28839.4666	90.5350
5695.920	28745.7870	88.2343
5698.850	28729.0192	87.7862
5701.780	28696.7408	85.7101
5704.710	28655.4136	91.0902
5707.640	28631.7192	107.0300
5710.570	28593.6566	101.0038
5713.500	28434.7065	97.4685
5716.430	28373.2873	95.0856
5719.360	28301.8504	93.5767
5722.290	28256.9223	87.1579
5725.220	28293.2553	85.6009
5728.150	28258.7205	81.5378
5731.080	28208.3608	81.5625
5734.010	28149.0516	76.9951
5736.940	28112.8627	80.2770
5739.870	28032.6151	75.8128
5742.800	27979.1246	85.2213
5745.730	27938.3409	83.1328
5748.660	27926.7511	87.3145
5751.590	27886.8150	84.0980
5754.520	27806.1815	91.5801
5757.450	27754.7323	93.6042
5760.380	27715.9017	90.2441
5763.310	27671.7955	84.8936
5766.240	27577.8500	88.1977
5769.170	27524.5394	85.3363
5772.100	27520.9017	79.3884
5775.030	27457.0752	76.6025
5777.960	27424.4033	76.3269
5780.890	27375.7418	81.2511
5783.820	27302.7009	86.6167
5786.750	27241.8968	85.1551
5789.680	27260.5467	87.1110
5792.610	27192.0881	82.5547
5795.540	27122.3361	83.2029
5798.470	27066.6408	84.4530
5801.400	27047.6603	89.7026
5804.330	26947.4095	91.3210
5807.260	26927.7346	94.9210
5810.190	26875.0021	88.7346
5813.120	26853.2965	83.0228
5816.050	26827.8348	81.7731
5818.980	26842.9004	78.0789
5821.910	26788.5281	79.4941
5824.840	26711.6283	79.4644
5827.770	26635.1171	84.0083
5830.700	26590.0918	84.8290
5833.630	26582.5720	77.9844
5836.560	26518.5611	78.2188
5839.490	26420.1589	84.4827
5842.420	26375.2501	76.8078
5845.350	26353.7822	79.3492
5848.280	26284.9009	79.0605
5851.210	26245.0168	86.9601
5854.140	26252.5500	93.6646
5857.070	26208.2835	94.1054
5860.000	26111.2485	90.5690
5862.930	26034.3264	86.8477
5865.860	26002.8655	88.4529
5868.790	25969.9177	97.2973
5871.720	25910.2455	167.1367
5874.650	25825.5364	184.9595
5877.580	25691.1794	123.1814
5880.510	25703.3605	73.5252
5883.440	25693.7484	70.5708
5886.370	25612.1003	96.9450
5889.300	25555.1942	130.7205
5892.230	25540.5094	118.7785
5895.160	25546.1091	99.5404
5898.090	25537.3801	82.4884
5901.020	25445.7438	85.8331
5903.950	25478.1787	88.8784
5906.880	25438.0716	86.0095
5909.810	25425.6040	82.9960
5912.740	25379.4479	77.4676
5915.670	25365.3682	77.0671
5918.600	25322.7567	78.5384
5921.530	25259.8803	88.6323
5924.460	25258.4625	89.7091
5927.390	25222.7376	89.0181
5930.320	25220.8004	84.2619
5933.250	25202.0122	80.4576
5936.180	25141.6023	74.4331
5939.110	25078.6319	71.8378
5942.040	24946.7923	85.8028
5944.970	24857.8808	88.5918
5947.900	24868.3326	84.5580
5950.830	24846.2403	81.4135
5953.760	24764.8111	78.9640
5956.690	24640.5860	81.8492
5959.620	24584.3824	72.0894
5962.550	24614.8975	73.2604
5965.480	24600.0355	73.6769
5968.410	24623.4562	81.0537
5971.340	24538.3571	86.4040
5974.270	24490.3612	86.2451
5977.200	24389.0921	87.3830
5980.130	24345.5726	81.6540
5983.060	24363.2015	81.6626
5985.990	24361.5028	83.8258
5988.920	24344.9924	77.4757
5991.850	24286.3163	82.8020
5994.780	24258.4198	81.1770
5997.710	24230.3016	84.7823
6000.640	24177.4576	93.6265
6003.570	24153.4611	92.6332
6006.500	24148.6759	90.3864
6009.430	24075.9717	89.0186
6012.360	24060.0619	79.4806
6015.290	24004.6258	75.4116
6018.220	23929.6716	77.2088
6021.150	23884.1617	74.2232
6024.080	23820.3735	80.3573
6027.010	23791.5881	72.7970
6029.940	23711.9962	77.0291
6032.870	23645.1606	76.0802
6035.800	23599.2621	79.5455
6038.730	23606.7723	67.0627
6041.660	23545.7524	71.5934
6044.590	23461.0888	77.0755
6047.520	23492.2216	78.7200
6050.450	23506.5604	80.7836
6053.380	23463.6406	85.9563
6056.310	23419.0351	83.5704
6059.240	23374.8367	81.7675
6062.170	23364.0129	81.2284
6065.100	23366.7301	75.9490
6068.030	23307.8609	72.9471
6070.960	23235.0245	70.9747
6073.890	23216.6929	69.0787
6076.820	23195.3410	75.0727
6079.750	23177.7889	72.1555
6082.680	23070.7841	73.1662
6085.610	22971.9507	82.1110
6088.540	22960.0121	71.5321
6091.470	22933.2295	76.3202
6094.400	22869.7277	75.1760
6097.330	22862.7714	72.3936
6100.260	22905.0285	74.7750
6103.190	22905.3983	72.9020
6106.120	22822.3744	68.9076
6109.050	22752.7949	72.4802
6111.980	22693.3974	74.8944
6114.910	22676.4468	74.2858
6117.840	22669.4504	76.2415
6120.770	22668.6704	73.0995
6123.700	22647.4499	71.7303
6126.630	22586.2190	73.6659
6129.560	22612.7494	74.5043
6132.490	22612.1902	69.9827
6135.420	22583.1711	72.0548
6138.350	22487.7293	77.0344
6141.280	22381.8777	72.1273
6144.210	22292.5630	68.6330
6147.140	22238.6981	71.8188
6150.070	22191.9259	68.1302
6153.000	22176.1769	65.3809
6155.930	22115.1791	67.9020
6158.860	22086.2830	79.8271
6161.790	22109.3327	88.7549
6164.720	22100.9197	86.4651
6167.650	22068.1851	79.4980
6170.580	22051.1178	68.7365
6173.510	21990.1663	70.8269
6176.440	21911.9829	66.3058
6179.370	21846.5260	66.6606
6182.300	21861.6505	65.9245
6185.230	21854.2883	65.3387
6188.160	21867.2687	68.5868
6191.090	21833.7938	77.9590
6194.020	21783.5484	72.4584
6196.950	21733.3595	73.2213
6199.880	21726.2421	68.6658
6202.810	21723.9934	64.9320
6205.740	21658.3991	65.2033
6208.670	21608.0740	67.3669
6211.600	21569.3649	67.9397
6214.530	21527.9976	70.1578
6217.460	21458.8415	74.2628
6220.390	21405.8088	67.3747
6223.320	21393.8167	66.8620
6226.250	21356.6365	69.2502
6229.180	21355.0359	73.1940
6232.110	21305.1820	69.4905
6235.040	21202.8370	65.9790
6237.970	21122.0150	74.9745
6240.900	21120.3432	72.6225
6243.830	21115.7290	69.0851
6246.760	21064.9931	68.5941
6249.690	21051.5640	69.2212
6252.620	21077.0432	66.7354
6255.550	21088.6111	66.2353
6258.480	21061.4137	63.4523
6261.410	20993.2066	66.4210
6264.340	20892.4269	73.7673
6267.270	20855.0878	68.6638
6270.200	20843.6450	73.0674
6273.130	20802.1146	67.7560
6276.060	20806.9132	64.8670
6278.990	20827.5374	67.5249
6281.920	20844.7429	71.1516
6284.850	20802.8437	78.4243
6287.780	20774.2161	69.7115
6290.710	20756.0861	64.8073
6293.640	20727.4959	62.4781
6296.570	20711.4810	64.0737
6299.500	20655.4942	64.6337
6302.430	20584.1203	64.4262
6305.360	20550.6015	68.6129
6308.290	20513.5378	76.1582
6311.220	20495.6491	72.2730
6314.150	20443.2637	81.3870
6317.080	20326.9542	73.3081
6320.010	20256.4975	66.6266
6322.940	20182.0903	70.2864
6325.870	20058.9900	73.0047
6328.800	20008.7373	70.2513
6331.730	19963.3054	59.2527
6334.660	19939.9840	61.0650
6337.590	19968.3248	59.4730
6340.520	19947.1451	58.5915
6343.450	19788.4027	57.4810
6346.380	19641.2888	51.4550
6349.310	19697.3443	55.5766
6352.240	19853.0004	56.4422
6355.170	19941.3709	60.2587
6358.100	19985.6307	61.6605
6361.030	19917.1972	58.6209
6363.960	19778.6280	61.0258
6366.890	19638.6060	62.3326
6369.820	19500.2799	68.2135
6372.750	19484.6826	65.7873
6375.680	19589.0125	64.5564
6378.610	19659.0535	64.8172
6381.540	19630.3368	62.1797
6384.470	19618.4581	59.8685
6387.400	19646.6392	69.0460
6390.330	19612.7051	61.1459
6393.260	19593.6944	60.3295
6396.190	19537.7502	64.3126
6399.120	19481.3272	59.8327
6402.050	19386.8240	60.8686
6404.980	19355.9712	61.5095
6407.910	19345.8098	68.6113
6410.840	19310.0369	67.1151
6413.770	19265.0539	63.4815
6416.700	19255.3816	60.9931
6419.630	19252.3938	60.7146
6422.560	19256.5239	54.7968
6425.490	19245.8110	61.0518
6428.420	19198.5372	62.8005
6431.350	19145.0165	59.3792
6434.280	19110.8780	61.0902
6437.210	19070.9556	68.3463
6440.140	19010.8291	72.6945
6443.070	18962.1485	65.6065
6446.000	18939.3011	64.3961
6448.930	18911.9800	65.2058
6451.860	18861.6255	66.8389
6454.790	18784.2746	61.4331
6457.720	18724.5657	67.0011
6460.650	18756.5590	65.2352
6463.580	18803.5104	59.9743
6466.510	18816.1892	59.5645
6469.440	18760.6730	59.9254
6472.370	18704.1278	59.9087
6475.300	18641.7469	58.5912
6478.230	18609.8667	58.2765
6481.160	18623.0831	60.7625
6484.090	18606.8345	60.3991
6487.020	18580.4636	61.0095
6489.950	18564.6862	60.0855
6492.880	18589.1005	67.2627
6495.810	18584.7675	72.7148
6498.740	18516.2760	64.9353
6501.670	18395.4113	63.3892
6504.600	18295.0169	67.1811
6507.530	18274.0755	65.5869
6510.460	18285.5459	65.3938
6513.390	18285.9037	63.1035
6516.320	18226.2132	66.3907
6519.250	18138.3697	67.0601
6522.180	18108.6465	68.4727
6525.110	18098.8632	63.0145
6528.040	18073.5582	62.9512
6530.970	17994.1605	61.8545
6533.900	17902.3351	58.4635
6536.830	17816.3800	59.2071
6539.760	17680.0303	60.4648
6542.690	17479.5840	69.1830
6545.620	17191.7813	69.3861
6548.550	16785.0850	72.2716
6551.480	16235.6700	84.3423
6554.410	15530.4461	87.4630
6557.340	14534.4297	81.8187
6560.270	13551.8351	91.1555
6563.200	13127.0407	96.7151
6566.130	13726.8698	70.0487
6569.060	14694.3897	75.1833
6571.990	15517.5885	48.5467
6574.920	16116.1520	47.5901
6577.850	16524.5251	49.3740
6580.780	16845.1454	50.3932
6583.710	17081.0683	49.5474
6586.640	17249.5357	53.4565
6589.570	17337.4493	63.7187
6592.500	17394.4566	68.6122
6595.430	17424.1935	56.6094
6598.360	17436.3559	56.5635
6601.290	17447.6714	58.0237
6604.220	17468.4063	54.7212
6607.150	17478.2426	56.4823
6610.080	17441.8948	57.2958
6613.010	17392.8237	57.1285
6615.940	17406.7255	57.7146
6618.870	17404.0176	55.1932
6621.800	17379.3109	54.2515
6624.730	17341.4467	57.6512
6627.660	17310.5254	55.6163
6630.590	17295.4797	59.0240
6633.520	17282.5920	62.0504
6636.450	17260.0298	59.1487
6639.380	17227.8855	59.0972
6642.310	17191.8412	60.9293
6645.240	17133.3234	63.7669
6648.170	17106.2027	56.9733
6651.100	17094.7962	54.6270
6654.030	17067.6384	57.3929
6656.960	17060.6870	53.2967
6659.890	17014.7494	57.0430
6662.820	16997.4225	60.0424
6665.750	16952.7773	66.8177
6668.680	16925.3985	54.9770
6671.610	16941.1564	57.9212
6674.540	16959.2071	91.2968
6677.470	16918.5903	103.9258
6680.400	16842.3879	75.5226
6683.330	16796.6282	59.7797
6686.260	16795.4913	56.5666
6689.190	16798.0670	50.4125
6692.120	16780.6084	50.6805
6695.050	16746.0319	57.1697
6697.980	16716.4890	60.7868
6700.910	16692.8793	57.6350
6703.840	16670.6149	56.4249
6706.770	16636.2563	54.2717
6709.700	16602.5077	60.1390
6712.630	16598.6016	54.7070
6715.560	16569.5605	55.2924
6718.490	16524.3024	57.0399
6721.420	16488.0306	64.3691
6724.350	16470.3918	61.2341
6727.280	16426.8101	59.6693
6730.210	16401.9658	60.7090
6733.140	16392.3950	57.7816
6736.070	16397.0439	56.2424
6739.000	16395.4947	51.6137
6741.930	16385.3330	52.0304
6744.860	16354.3369	56.1563
6747.790	16310.4773	57.4861
6750.720	16299.0042	56.7760
6753.650	16268.0667	59.1064
6756.580	16233.5471	52.0131
6759.510	16209.1024	49.6456
6762.440	16176.4894	50.7475
6765.370	16155.5818	54.6828
6768.300	16125.0312	52.0280
6771.230	16100.2249	52.6796
6774.160	16054.9381	56.5464
6777.090	16037.8827	54.2415
6780.020	16040.4188	52.4967
6782.950	16034.7240	50.5024
6785.880	16011.6973	47.6644
6788.810	15966.5967	51.5629
6791.740	15934.4053	52.5104
6794.670	15931.4203	50.6657
6797.600	15896.5041	50.1965
6800.530	15872.3519	50.4727
6803.460	15858.2758	47.4269
6806.390	15828.6291	51.0424
6809.320	15820.1484	50.7556
6812.250	15823.8651	45.2075
6815.180	15781.2293	46.5897
6818.110	15732.7729	47.4652
6821.040	15700.7624	48.9605
6823.970	15671.3424	53.6978
6826.900	15656.0107	55.5250
6829.830	15632.1751	54.3738
6832.760	15631.8433	54.1580
6835.690	15627.5541	52.9185
6838.620	15611.1885	52.8524
6841.550	15586.9686	47.9372
6844.480	15526.7125	49.3914
6847.410	15473.2489	51.1325
6850.340	15446.9208	52.6523
6853.270	15440.5367	55.1085
6856.200	15412.0123	54.1115
6859.130	15367.1960	56.7717
6862.060	15348.7450	52.6742
6864.990	15340.6907	53.4276
6867.920	15305.1476	54.0786
6870.850	15263.8025	49.5990
6873.780	15289.9891	46.5834
6876.710	15307.6943	45.9421
6879.640	15271.2138	49.9586
6882.570	15218.4844	55.4927
6885.500	15185.9751	62.4274
6888.430	15189.5365	56.4333
6891.360	15194.2463	52.5725
6894.290	15176.6209	49.0023
6897.220	15169.5332	46.9170
6900.150	15166.4218	44.7999
6903.080	15119.7206	47.5819
6906.010	15093.5636	46.3771
6908.940	15074.6927	49.0941
6911.870	15048.9933	50.9271
6914.800	15023.8658	48.9173
6917.730	14970.7029	47.8640
6920.660	14927.1581	47.8971
6923.590	14913.5386	46.7386
6926.520	14907.8381	44.5271
6929.450	14872.7652	45.2103
6932.380	14861.4017	45.2714
6935.310	14857.9414	42.8598
6938.240	14827.0668	45.2011
6941.170	14823.1948	45.6738
6944.100	14814.2007	45.2273
6947.030	14780.9557	47.9180
6949.960	14744.1437	48.9202
6952.890	14701.6399	48.0082
6955.820	14670.0381	45.9690
6958.750	14658.9671	44.9363
6961.680	14654.9038	46.3328
6964.610	14629.2083	49.2320
6967.540	14616.5786	48.6169
6970.470	14610.4181	48.3332
6973.400	14621.6920	47.1518
6976.330	14633.8639	47.5367
6979.260	14607.6222	48.7822
6982.190	14553.7419	45.8205
6985.120	14514.9716	46.3393
6988.050	14482.8453	47.7195
6990.980	14455.0440	50.8649
6993.910	14416.5697	51.0173
6996.840	14405.1405	49.0222
6999.770	14390.7516	48.9995
7002.700	14367.2648	50.1638
7005.630	14342.1458	49.5574
7008.560	14303.2291	48.1322
7011.490	14295.9691	47.6171
7014.420	14313.3209	43.2547
7017.350	14285.8192	43.9672
7020.280	14257.7648	44.9649
7023.210	14240.2245	47.1487
7026.140	14220.2711	46.2173
7029.070	14202.3127	44.5153
7032.000	14191.6231	41.5060
7034.930	14167.6385	40.0481
7037.860	14149.7108	39.7821
7040.790	14132.0950	41.8559
7043.720	14104.9492	44.8519
7046.650	14087.1710	43.7381
7049.580	14067.3739	41.7432
7052.510	14057.4228	42.6489
7055.440	14035.6315	45.6385
7058.370	14032.6583	51.2315
7061.300	14015.0430	59.4629
7064.230	13989.5491	73.4335
7067.160	13932.7740	60.0087
7070.090	13892.2647	42.4952
7073.020	13858.3041	42.9798
7075.950	13866.1409	44.7511
7078.880	13861.5968	43.0526
7081.810	13826.1232	41.1636
7084.740	13794.0252	42.9322
7087.670	13797.8255	41.6208
7090.600	13770.6349	40.5696
7093.530	13741.2020	42.2947
7096.460	13701.5304	39.9295
7099.390	13700.4364	40.6023
7102.320	13699.6477	44.1366
7105.250	13691.4667	47.8581
7108.180	13661.0395	47.0320
7111.110	13629.9323	44.7360
7114.040	13614.1042	42.2290
7116.970	13603.7287	43.9691
7119.900	13596.0456	46.5981
7122.830	13581.0755	47.4237
7125.760	13555.3354	43.5982
7128.690	13536.5162	41.7866
7131.620	13519.5534	41.6924
7134.550	13488.0475	42.1688
7137.480	13477.4460	41.1169
7140.410	13486.7962	41.2427
7143.340	13501.7514	46.7974
7146.270	13484.4187	44.9041
7149.200	13420.8372	45.5922
7152.130	13360.1847	45.4994
7155.060	13335.4364	44.0131
7157.990	13329.5513	44.6289
7160.920	13323.2023	43.8044
7163.850	13305.1675	47.3539
7166.780	13289.0250	47.8384
7169.710	13279.3567	52.8187
7172.640	13270.2955	53.3357
7175.570	13251.0498	50.2452
7178.500	13205.9122	48.9041
7181.430	13185.1465	45.3105
7184.360	13187.3090	43.7732
7187.290	13171.3680	42.0776
7190.220	13139.1283	41.8552
7193.150	13109.3971	39.8669
7196.080	13112.9738	40.4409
7199.010	13107.3430	44.7900
7201.940	13070.5310	43.8147
7204.870	13071.2910	41.6885
7207.800	13060.9773	40.7316
7210.730	13035.6229	39.3602
7213.660	13008.7463	41.0732
7216.590	12997.1280	39.7345
7219.520	13007.4198	43.8045
7222.450	12979.6013	56.6595
7225.380	12952.3231	53.1275
7228.310	12902.3182	44.4163
7231.240	12853.6027	42.0254
7234.170	12853.2818	40.8011
7237.100	12851.7830	40.1960
7240.030	12829.6026	41.6331
7242.960	12828.9261	44.0886
7245.890	12821.8023	46.7027
7248.820	12823.9705	43.7248
7251.750	12804.6291	43.9823
7254.680	12774.1419	42.2340
7257.610	12741.1204	40.0704
7260.540	12717.1229	37.5064
7263.470	12703.4509	40.8133
7266.400	12669.9515	39.9857
7269.330	12621.8068	44.7940
7272.260	12600.9326	44.2690
7275.190	12597.6048	43.3159
7278.120	12616.9108	47.5970
7281.050	12607.3005	50.6016
7283.980	12581.1554	43.9290
7286.910	12550.0590	45.6625
7289.840	12527.1171	46.8109
7292.770	12503.2003	43.7202
7295.700	12490.2209	43.0075
7298.630	12486.7623	43.8174
7301.560	12476.0938	42.6882
7304.490	12466.4889	42.0692
7307.420	12432.0102	40.8563
7310.350	12424.7184	40.4153
7313.280	12418.0665	41.5429
7316.210	12403.3295	41.3286
7319.140	12392.8112	38.7659
7322.070	12382.2442	38.9434
7325.000	12363.5068	41.1525
7327.930	12338.6587	41.7288
7330.860	12322.3061	40.1629
7333.790	12283.0739	44.9759
7336.720	12240.1222	48.1509
7339.650	12244.8717	43.5469
7342.580	12259.3300	40.3248
7345.510	12250.5306	37.9394
7348.440	12226.8750	37.9848
7351.370	12202.1285	43.9008
7354.300	12176.3593	45.9046
7357.230	12167.3157	40.7791
7360.160	12147.3084	40.6270
7363.090	12110.9879	41.2278
7366.020	12091.4428	40.5428
7368.950	12109.9362	38.2801
7371.880	12116.1557	39.1286
7374.810	12098.4616	37.6462
7377.740	12075.2117	39.8650
7380.670	12050.1679	38.6988
7383.600	12027.5001	41.9951
7386.530	12010.4147	41.2733
7389.460	12024.1656	40.0508
7392.390	12002.9206	37.9644
7395.320	11959.7804	38.1480
7398.250	11921.9480	37.7288
7401.180	11904.1201	37.5604
7404.110	11892.4475	37.8756
7407.040	11877.1170	39.3229
7409.970	11865.3808	41.9437
7412.900	11834.8233	44.2353
7415.830	11819.4159	41.4215
7418.760	11821.4704	37.8011
7421.690	11833.8748	40.2933
7424.620	11817.7700	40.5354
7427.550	11787.9224	37.0689
7430.480	11760.5109	38.6497
7433.410	11741.7253	38.4934
7436.340	11723.7776	37.6769
7439.270	11705.1955	39.9047
7442.200	11709.3187	37.0032
7445.130	11713.0999	38.9288
7448.060	11680.7476	39.8071
7450.990	11634.8712	41.1226
7453.920	11599.2833	43.3184
7456.850	11594.0663	40.1283
7459.780	11573.1444	41.3262
7462.710	11557.9207	41.8437
7465.640	11551.0071	42.8857
7468.570	11544.6868	40.6139
7471.500	11527.5302	41.4206
7474.430	11510.0801	44.9185
7477.360	11485.2849	42.8700
7480.290	11459.6763	42.7111
7483.220	11461.9152	40.2429
7486.150	11455.1253	39.4154
7489.080	11432.4175	39.1685
7492.010	11408.9618	41.0620
7494.940	11394.9017	41.9198
7497.870	11345.6991	42.5042
7500.800	11335.0954	41.6933
7503.730	11340.9412	39.6110
7506.660	11337.8214	38.8748
7509.590	11345.0193	37.9761
7512.520	11322.8435	38.6927
7515.450	11299.0184	35.7390
7518.380	11289.1904	38.2974
7521.310	11289.7704	40.1354
7524.240	11272.8474	41.8054
7527.170	11244.2472	40.2339
7530.100	11223.8808	39.6111
7533.030	11207.7463	39.7292
7535.960	11185.4360	35.7442
7538.890	11171.8793	37.9120
7541.820	11154.1138	40.0604
7544.750	11147.3939	38.7581
7547.680	11126.5341	34.4957
7550.610	11118.1569	36.2320
7553.540	11118.0686	35.1425
7556.470	11116.3372	35.1916
7559.400	11088.1712	37.3252
7562.330	11067.0998	40.0567
7565.260	11038.3785	44.1573
7568.190	11024.6997	45.4505
7571.120	11030.1992	39.3416
7574.050	11019.8178	35.4312
7576.980	11000.8331	34.8970
7579.910	10982.2024	38.1195
7582.840	10971.1900	41.6045
7585.770	10945.4783	46.5227
7588.700	10906.9202	47.9722
7591.630	10874.2272	52.2188
7594.560	10839.2279	53.6043
7597.490	10842.5721	53.1017
7600.420	10809.3095	48.1971
7603.350	10824.8666	44.2126
7606.280	10836.0441	37.5475
7609.210	10845.5295	37.0586
7612.140	10830.2547	34.1934
7615.070	10838.8716	35.7650
7618.000	10796.0912	35.3212
7620.930	10755.3989	38.5865
7623.860	10730.4645	45.6070
7626.790	10704.6437	41.7804
7629.720	10686.5147	41.0559
7632.650	10692.0222	35.9408
7635.580	10685.5134	32.6064
7638.510	10677.1964	34.5062
7641.440	10667.3380	41.2263
7644.370	10661.0698	36.8211
7647.300	10664.9883	34.6380
7650.230	10640.4878	38.2102
7653.160	10622.4411	36.2715
7656.090	10631.7387	40.3003
7659.020	10617.5115	42.8917
7661.950	10624.2123	41.6505
7664.880	10620.7892	38.8276
7667.810	10594.9345	32.7413
7670.740	10557.5640	33.3300
7673.670	10550.2362	35.8200
7676.600	10538.5785	37.4708
7679.530	10510.4248	38.7258
7682.460	10486.1958	36.8664
7685.390	10462.8007	40.7468
7688.320	10428.7080	39.3470
7691.250	10433.2197	39.0566
7694.180	10420.1065	36.3855
7697.110	10420.0248	34.5450
7700.040	10406.9451	35.6957
7702.970	10377.6471	34.8532
7705.900	10359.1232	34.6351
7708.830	10333.9430	34.8908
7711.760	10321.7820	36.8292
7714.690	10328.1381	36.1075
7717.620	10336.2867	33.6121
7720.550	10328.4708	38.0617
7723.480	10315.4317	39.4106
7726.410	10314.4385	37.2305
7729.340	10295.4750	38.8981
7732.270	10266.3065	38.5633
7735.200	10234.1405	34.7277
7738.130	10242.1217	35.5896
7741.060	10231.6303	32.5456
7743.990	10201.6387	36.2486
7746.920	10188.9716	33.3851
7749.850	10187.1101	31.6247
7752.780	10176.7229	32.4790
7755.710	10168.0082	35.1291
7758.640	10150.9571	32.7410
7761.570	10108.1504	34.4918
7764.500	10067.5621	34.1848
7767.430	9992.7311	31.3809
7770.360	9822.4710	35.6394
7773.290	9701.1640	36.8249
7776.220	9764.5340	34.0325
7779.150	9905.7348	35.8206
7782.080	9984.0417	32.9288
7785.010	9994.0445	34.4657
7787.940	9984.9917	33.5777
7790.870	9982.0177	31.5759
7793.800	9959.1917	31.1075
7796.730	9953.4702	32.4146
7799.660	9982.5537	32.7764
7802.590	9963.7641	35.8708
7805.520	9925.7862	39.5185
7808.450	9913.6433	35.9817
7811.380	9910.0058	34.6938
7814.310	9907.6493	32.7086
7817.240	9878.1186	33.5882
7820.170	9865.6947	33.1978
7823.100	9863.5871	32.8903
7826.030	9857.7025	34.3963
7828.960	9854.0357	36.1469
7831.890	9828.4475	38.6549
7834.820	9814.7066	35.2276
7837.750	9789.0749	34.3549
7840.680	9755.0789	32.6187
7843.610	9707.0938	32.0856
7846.540	9668.5719	34.9498
7849.470	9678.9046	37.4078
7852.400	9708.7063	36.3920
7855.330	9709.1609	37.9927
7858.260	9708.1939	34.3570
7861.190	9698.7855	33.1638
7864.120	9700.6382	33.7095
7867.050	9675.7406	34.9482
7869.980	9634.2627	37.6922
7872.910	9602.1660	35.3659
7875.840	9576.5431	34.4966
7878.770	9573.5599	33.2587
7881.700	9566.0350	33.3726
7884.630	9558.4125	35.5292
7887.560	9555.7055	34.9736
7890.490	9555.9126	31.2725
7893.420	9559.3492	31.5191
7896.350	9549.9697	32.3468
7899.280	9560.6777	36.7248
7902.210	9567.5914	36.3308
7905.140	9535.2591	36.8799
7908.070	9514.9677	36.8251
7911.000	9482.7791	38.3721
7913.930	9441.0811	37.1306
7916.860	9421.0047	35.9278
7919.790	9418.1781	32.9112
7922.720	9392.8921	37.3467
7925.650	9392.3439	34.2283
7928.580	9394.5277	32.2326
7931.510	9379.8892	33.7545
7934.440	9364.6313	33.5331
7937.370	9372.3252	32.3676
7940.300	9374.3958	30.6608
7943.230	9373.2613	29.8814
7946.160	9353.7906	29.9932
7949.090	9305.3728	30.4426
7952.020	9269.9441	31.4723
7954.950	9269.1296	31.8846
7957.880	9272.9845	33.7372
7960.810	9265.2907	35.9266
7963.740	9244.9012	36.9907
7966.670	9244.2145	35.0111
7969.600	9221.9665	33.6418
7972.530	9233.6180	36.0781
7975.460	9236.6128	33.5257
7978.390	9243.3348	34.6375
7981.320	9222.4659	32.8801
7984.250	9197.6249	32.7272
7987.180	9188.7586	34.8399
7990.110	9155.7666	35.8955
7993.040	9139.3606	32.8774
7995.970	9145.1888	33.1021
7998.900	9137.2202	31.6480
8001.830	9106.2562	30.7559
8004.760	9103.1080	27.4998
8007.690	9110.0623	27.3290
8010.620	9115.5258	26.5850
8013.550	9104.9607	28.1978
8016.480	9117.8771	32.2447
8019.410	9121.6514	33.9519
8022.340	9096.5205	33.7747
8025.270	9095.1311	31.4603
8028.200	9080.7257	35.3445
8031.130	9035.9077	32.5832
8034.060	8993.1901	30.6707
8036.990	8963.0862	30.8890
8039.920	8956.1224	31.0313
8042.850	8944.9847	30.8646
8045.780	8939.6806	30.6856
8048.710	8915.1012	31.7761
8051.640	8884.3527	32.4755
8054.570	8875.2303	37.1740
8057.500	8871.8973	33.0751
8060.430	8868.0602	30.5767
8063.360	8885.7787	30.6724
8066.290	8902.3185	27.9446
8069.220	8887.5753	32.3701
8072.150	8893.5622	31.7037
8075.080	8876.2788	31.8016
8078.010	8854.5718	34.3814
8080.940	8814.2248	35.7961
8083.870	8794.8724	32.5326
8086.800	8779.3257	30.2679
8089.730	8766.9432	30.0691
8092.660	8783.9492	30.2234
8095.590	8772.6247	30.7942
8098.520	8727.4497	30.7042
8101.450	8707.2368	31.7974
8104.380	8710.4327	31.6619
8107.310	8706.0722	33.2552
8110.240	8702.3876	31.2580
8113.170	8707.8344	33.0745
8116.100	8716.1321	35.5483
8119.030	8699.9075	33.1974
8121.960	8700.0977	31.8964
8124.890	8703.0797	29.4609
8127.820	8701.8491	28.0094
8130.750	8691.1927	29.5839
8133.680	8660.7881	27.7556
8136.610	8616.3661	30.2875
8139.540	8583.8303	30.2256
8142.470	8578.5537	30.8382
8145.400	8564.4999	27.4098
8148.330	8561.5124	27.0240
8151.260	8579.3992	28.6535
8154.190	8564.4728	29.0473
8157.120	8559.8524	31.5876
8160.050	8544.2846	31.1148
8162.980	8530.7385	32.6490
8165.910	8512.0050	34.3219
8168.840	8475.4931	39.1680
8171.770	8469.9582	37.1822
8174.700	8474.9335	34.2683
8177.630	8466.1032	33.4097
8180.560	8446.9956	35.8488
8183.490	8409.8807	37.3804
8186.420	8398.1729	33.2773
8189.350	8402.8493	32.7725
8192.280	8416.9040	31.3038
8195.210	8395.3066	32.1428
8198.140	8374.5623	27.8575
8201.070	8376.7143	27.4564
8204.000	8352.1153	28.9993
8206.930	8340.4463	30.2615
8209.860	8347.2101	28.1662
8212.790	8353.4625	27.3148
8215.720	8347.2983	25.9213
8218.650	8330.8627	28.6473
8221.580	8302.2260	31.7458
8224.510	8279.0036	34.5701
8227.440	8259.9046	39.1962
8230.370	8262.1980	47.1792
8233.300	8280.4028	40.9378
8236.230	8265.4910	35.3821
8239.160	8255.8406	31.3660
8242.090	8234.1796	25.1245
8245.020	8240.2375	25.0560
8247.950	8237.8585	27.4891
8250.880	8204.2446	26.7933
8253.810	8188.4994	28.6812
8256.740	8154.7019	32.1559
8259.670	8150.7218	29.2555
8262.600	8130.0685	28.6502
8265.530	8117.7350	27.7656
8268.460	8095.1063	27.8771
8271.390	8109.6614	26.7327
8274.320	8131.8546	24.9195
8277.250	8125.1980	24.6788
8280.180	8104.4655	26.9439
8283.110	8084.4407	26.0731
8286.040	8063.6632	26.5784
8288.970	8047.6504	27.8591
8291.900	8045.7115	29.3185
8294.830	8018.2743	29.2989
8297.760	7974.2700	29.0862
8300.690	7974.9501	26.5102
8303.620	8011.0330	23.9994
8306.550	8007.4316	26.5194
8309.480	8008.3096	29.6944
8312.410	7991.2258	28.6974
8315.340	7994.2564	31.6899
8318.270	7988.4718	30.9919
8321.200	7982.3165	29.9698
8324.130	7979.7548	28.8198
8327.060	7954.8610	32.7130
8329.990	7942.2450	33.2754
8332.920	7943.2905	32.4752
8335.850	7928.4641	32.3577
8338.780	7893.3127	31.6064
8341.710	7837.6915	32.0823
8344.640	7816.3173	30.1467
8347.570	7847.2821	26.2892
8350.500	7828.7204	29.3204
8353.430	7788.1177	30.5840
8356.360	7802.8490	26.6391
8359.290	7812.0218	27.5224
8362.220	7792.1740	31.5052
8365.150	7784.5315	31.6286
8368.080	7770.0542	27.5340
8371.010	7796.6496	25.4751
8373.940	7809.4897	25.1939
8376.870	7805.4901	29.1046
8379.800	7786.8534	32.5223
8382.730	7772.0916	34.1662
8385.660	7793.3041	29.3148
8388.590	7772.5238	26.9505
8391.520	7740.5567	26.7973
8394.450	7726.7561	29.0412
8397.380	7708.7946	30.5429
8400.310	7704.2757	27.3817
8403.240	7719.7188	23.7993
8406.170	7700.6419	22.7847
8409.100	7673.6864	25.0334
8412.030	7635.3393	28.9276
8414.960	7612.6325	32.6417
8417.890	7656.8319	25.9540
8420.820	7701.2456	23.6677
8423.750	7696.9345	24.4404
8426.680	7625.9225	28.7820
8429.610	7585.9304	34.7981
8432.540	7603.3896	29.4556
8435.470	7589.9093	29.6160
8438.400	7533.0917	28.4923
8441.330	7494.1319	26.7803
8444.260	7414.0471	24.9537
8447.190	7380.3362	25.6273
8450.120	7460.8596	35.3668
8453.050	7530.1678	27.8890
8455.980	7544.3478	26.2855
8458.910	7509.0613	32.0803
8461.840	7438.8038	31.4713
8464.770	7406.6557	31.6937
8467.700	7420.4455	29.7900
8470.630	7445.3868	26.6896
8473.560	7477.8767	27.3289
8476.490	7537.5382	28.8982
8479.420	7577.2756	28.8194
8482.350	7591.8042	28.5971
8485.280	7568.0809	33.6329
8488.210	7537.2542	33.3141
8491.140	7480.6851	31.7138
8494.070	7445.7327	39.0305
8497.000	7378.4818	51.8029
8499.930	7222.2818	39.0300
8502.860	7133.0726	31.0228
8505.790	7185.7696	31.9433
8508.720	7273.9713	30.3835
8511.650	7370.0538	27.9573
8514.580	7443.6546	31.7562
8517.510	7481.6401	29.8786
8520.440	7494.3205	28.7120
8523.370	7501.7520	28.6613
8526.300	7487.4584	31.4143
8529.230	7441.8358	36.1709
8532.160	7379.7787	32.4997
8535.090	7294.0989	31.0827
8538.020	7241.8008	58.6501
8540.950	7136.3368	71.7792
8543.880	6979.8280	51.9882
8546.810	6901.2125	31.2768
8549.740	6990.5297	36.1338
8552.670	7114.8046	32.1341
8555.600	7251.0974	26.7694
8558.530	7368.3235	26.0172
8561.460	7477.0219	26.9857
8564.390	7553.3940	28.1981
8567.320	7575.8231	27.1429
8570.250	7564.5382	28.1886
8573.180	7545.2409	29.8842
8576.110	7500.9554	30.6898
8579.040	7454.8953	31.7892
8581.970	7348.7254	33.9268
8584.900	7208.0677	32.0507
8587.830	7043.1833	30.1030
8590.760	6873.7549	24.3926
8593.690	6697.1064	23.8939
8596.620	6558.0608	23.5163
8599.550	6524.8705	26.8691
8602.480	6660.6024	25.5342
8605.410	6860.1591	22.3953
8608.340	7034.3090	21.2731
8611.270	7175.4621	22.1772
8614.200	7307.5996	25.4334
8617.130	7406.7568	24.3388
8620.060	7451.9944	29.8701
8622.990	7475.1140	38.2194
8625.920	7491.9861	33.7777
8628.850	7506.3179	30.3482
8631.780	7496.3313	27.8104
8634.710	7460.0513	33.0607
8637.640	7415.5282	34.0454
8640.570	7384.6912	33.4753
8643.500	7327.3955	30.2298
8646.430	7236.5709	28.7454
8649.360	7060.5681	29.5971
8652.290	6876.9700	29.4653
8655.220	6721.7874	22.3780
8658.150	6571.1053	49.3417
8661.080	6387.4644	58.2438
8664.010	6207.3925	43.5111
8666.940	6167.3414	28.9360
8669.870	6336.5116	27.9487
8672.800	6559.1189	26.8706
8675.730	6759.9715	27.6328
8678.660	6929.9992	27.8112
8681.590	7075.7368	27.3197
8684.520	7202.6217	26.4965
8687.450	7296.2583	27.5852
8690.380	7352.0278	27.3148
8693.310	7395.2898	27.0071
8696.240	7433.8526	26.3323
8699.170	7452.5873	27.0181
8702.100	7455.6910	28.0520
8705.030	7440.3989	28.8349
8707.960	7442.2438	27.9579
8710.890	7445.0112	27.7689
8713.820	7429.7355	27.2658
8716.750	7384.2662	24.8068
8719.680	7315.6326	26.0360
8722.610	7247.8041	27.6014
8725.540	7201.0808	23.9621
8728.470	7144.6861	22.6566
8731.400	7060.4917	22.1986
8734.330	6918.3058	23.5065
8737.260	6730.7406	24.3328
8740.190	6506.9922	22.6909
8743.120	6241.8718	22.4696
8746.050	5967.9068	21.3191
8748.980	5769.3425	19.4927
8751.910	5761.1796	21.5925
8754.840	5963.6128	21.0812
8757.770	6232.4039	21.8697
8760.700	6476.9681	24.5546
8763.630	6697.9450	25.6492
8766.560	6849.7875	28.2954
8769.490	6968.8336	29.6542
8772.420	7059.2387	29.4294
8775.350	7076.8261	29.4189
8778.280	7092.6608	27.5117
8781.210	7115.7237	29.6949
8784.140	7140.9882	30.4232
8787.070	7180.6318	30.9744
8790.000	7216.6139	26.8517
8792.930	7248.8598	25.0351
8795.860	7256.4620	23.7563
8798.790	7236.8397	24.1681
8801.720	7255.7327	28.1374
8804.650	7299.7731	33.7247
8807.580	7291.8684	31.2150
8810.510	7247.2951	31.1678
8813.440	7227.7154	33.0958
8816.370	7184.6577	32.0024
8819.300	7156.4277	30.2188
8822.230	7133.8141	29.3011
8825.160	7073.8237	31.0982
8828.090	7054.9627	26.7701
8831.020	7042.7827	26.1214
8833.950	6976.8954	26.5029
8836.880	6946.4985	24.9529
8839.810	6894.7639	22.4146
8842.740	6799.3159	22.9330
8845.670	6661.7927	25.7890
8848.600	6478.0506	31.2709
8851.530	6271.4510	29.0602
8854.460	5994.2480	25.9391
8857.390	5661.8139	22.9101
8860.320	5384.0882	18.3314
8863.250	5278.4865	19.9503
8866.180	5444.4787	22.8895
8869.110	5755.6031	23.0413
8872.040	6055.4045	22.3412
8874.970	6288.9263	22.9014
8877.900	6476.4111	19.4295
8880.830	6589.4746	21.6304
8883.760	6639.3626	25.5317
8886.690	6711.0986	23.7262
8889.620	6795.9086	19.8542
8892.550	6846.1178	23.4241
8895.480	6893.7748	29.6973
8898.410	6920.0168	29.9438
8901.340	6926.0199	29.4108
8904.270	6942.4323	28.1078
8907.200	6949.2340	26.9078
8910.130	6962.4641	23.8509
8913.060	6982.6314	27.6943
8915.990	6966.2825	25.9382
8918.920	6987.5119	24.3355
8921.850	7027.5894	28.4763
8924.780	7042.1997	31.2046
8927.710	6989.0450	29.8950
8930.640	6923.1569	25.5087
8933.570	6870.5978	24.1509
8936.500	6844.2815	25.3296
8939.430	6846.8063	28.7770
8942.360	6878.4794	28.0634
8945.290	6919.4938	26.6534
8948.220	6922.2516	26.3581
8951.150	6934.2886	25.0010
8954.080	6896.8376	26.6514
8957.010	6852.9050	27.0969
8959.940	6838.8000	21.7820
8962.870	6838.1156	22.1881
8965.800	6849.7707	25.4576
8968.730	6848.3962	27.2184
8971.660	6791.5510	30.8293
8974.590	6747.3745	28.8940
8977.520	6696.8968	27.9601
8980.450	6651.1191	25.0362
8983.380	6599.7514	23.4603
8986.310	6555.2560	25.3041
8989.240	6529.3312	26.3705
8992.170	6492.5217	26.0238
8995.100	6403.9876	27.9327
8998.030	6244.9657	29.0049
9000.960	6038.3089	24.9089
9003.890	5826.4363	21.8280
9006.820	5551.1358	22.2795
9009.750	5244.3222	21.7573
9012.680	4992.9598	24.7037
9015.610	4947.8831	24.2830
9018.540	5160.2758	21.3453
9021.470	5452.3820	22.6269
9024.400	5712.0376	25.2164
9027.330	5903.3108	26.5130
9030.260	6042.3809	22.8757
9033.190	6166.6596	18.4274
9036.120	6273.8400	19.5740
9039.050	6355.7049	20.1504
9041.980	6413.3397	24.7556
9044.910	6446.7495	25.9926
9047.840	6477.4972	29.8605
9050.770	6485.4350	29.1690
9053.700	6500.1876	25.5261
9056.630	6524.9934	20.7829
9059.560	6543.3112	23.7662
9062.490	6551.1515	25.1068
9065.420	6546.2590	28.2474
9068.350	6564.2508	29.9015
9071.280	6613.5238	28.4323
9074.210	6664.4692	26.0116
9077.140	6666.4962	25.7038
9080.070	6627.8816	29.2811
9083.000	6603.6758	25.6656
9085.930	6597.3636	25.3040
9088.860	6586.5186	27.0159
9091.790	6540.0760	28.2514
9094.720	6510.4809	24.2213
9097.650	6494.6350	24.0760
9100.580	6466.8639	26.6987
9103.510	6470.4925	26.8360
9106.440	6507.8706	25.8487
9109.370	6554.4680	28.7002
9112.300	6560.4883	29.4661
9115.230	6539.4581	31.5496
9118.160	6492.0447	31.0909
9121.090	6422.1679	26.0061
9124.020	6374.6332	23.1096
9126.950	6360.3541	23.3577
9129.880	6363.5082	26.8982
9132.810	6381.2720	29.2844
9135.740	6419.2739	26.7693
9138.670	6457.4142	27.7226
9141.600	6464.7264	26.5599
9144.530	6435.0514	26.2437
9147.460	6397.8300	23.3927
9150.390	6398.4437	23.9398
9153.320	6400.2556	26.7413
9156.250	6412.7992	26.1986
9159.180	6411.2384	27.0893
9162.110	6395.6387	26.7922
9165.040	6346.2286	27.5107
9167.970	6283.9294	26.4753
9170.900	6247.1201	24.5036
9173.830	6232.9882	27.6717
9176.760	6255.9576	27.1372
9179.690	6264.1333	27.1622
9182.620	6273.2348	27.8682
9185.550	6286.8124	23.9620
9188.480	6274.6547	24.3439
9191.410	6247.2597	24.0262
9194.340	6182.7351	23.4182
9197.270	6114.5117	26.2704
9200.200	6068.0875	24.0044
9203.130	6023.6356	27.5906
9206.060	5957.6551	26.0995
9208.990	5879.6903	24.8684
9211.920	5738.3443	23.8731
9214.850	5549.8803	23.2403
9217.780	5322.6877	23.8367
9220.710	5082.3224	21.7859
9223.640	4817.4788	19.2888
9226.570	4564.3225	19.0366
9229.500	4493.0259	18.5653
9232.430	4656.8937	20.4956
9235.360	4927.9640	19.4972
9238.290	5182.4436	19.3876
9241.220	5372.4521	21.1714
9244.150	5524.4387	24.2188
9247.080	5646.0501	27.4824
9250.010	5744.5101	28.1883
9252.940	5834.5128	24.9705
9255.870	5891.3117	23.3440
9258.800	5852.9170	23.7342
9261.730	5778.8530	24.8591
9264.660	5774.2257	25.9282
9267.590	5854.8724	25.4258
9270.520	5949.0141	27.9835
9273.450	5995.0603	28.4527
9276.380	5998.3595	30.2125
9279.310	6002.0803	31.6516
9282.240	5992.3525	26.4107
9285.170	6004.8058	24.2136
9288.100	6012.4691	24.2624
9291.030	6038.1964	21.8253
9293.960	6073.5652	20.5294
9296.890	6107.5400	22.7166
9299.820	6126.4202	25.5389
9302.750	6091.4044	29.1680
9305.680	6038.1746	25.4000
9308.610	5984.8470	24.9652
9311.540	5922.2328	25.0301
9314.470	5871.2982	29.0974
9317.400	5882.8503	26.7174
9320.330	5914.3314	30.2879
9323.260	5973.2469	33.8318
9326.190	6009.0449	30.9158
9329.120	6025.9931	27.1944
9332.050	6011.1996	30.3358
9334.980	5962.4523	34.7500
9337.910	5909.7371	38.5135
9340.840	5901.9149	35.9396
9343.770	5921.2947	34.3689
9346.700	5919.1708	32.1874
9349.630	5888.1754	29.8160
9352.560	5887.2443	33.4664
9355.490	5903.5855	32.2039
9358.420	5922.2549	27.0033
9361.350	5902.7614	27.7122
9364.280	5891.6319	27.9938
9367.210	5880.7635	29.6917
9370.140	5860.2186	27.7819
9373.070	5836.2205	27.0739
9376.000	5846.5396	27.8911
9378.930	5875.9179	30.5342
9381.860	5874.3090	29.5334
9384.790	5871.9643	22.2692
9387.720	5851.2721	22.5576
9390.650	5826.5980	24.7352
9393.580	5805.7352	29.7077
9396.510	5793.8984	27.1578
9399.440	5794.3867	26.6594
9402.370	5831.4897	27.2987
9405.300	5883.2704	30.9572
9408.230	5864.1923	31.1540
9411.160	5801.2395	37.6268
9414.090	5736.9583	35.0370
9417.020	5699.4588	27.7608
9419.950	5695.2771	29.4912
9422.880	5712.4519	29.0115
9425.810	5712.9572	27.8795
9428.740	5764.2571	26.3228
9431.670	5784.7417	24.1194
9434.600	5772.1606	24.1394
9437.530	5757.4692	30.2717
9440.460	5741.6136	33.6033
9443.390	5732.8368	29.7741
9446.320	5729.0091	26.6863
9449.250	5702.4373	25.4572
9452.180	5684.5024	27.4590
9455.110	5643.1745	27.3196
9458.040	5628.6640	24.4654
9460.970	5660.7840	23.2444
9463.900	5683.4957	21.9172
9466.830	5682.6696	21.5540
9469.760	5660.4919	23.9075
9472.690	5636.9941	25.7289
9475.620	5623.9064	27.7290
9478.550	5588.8179	28.5378
9481.480	5570.2491	26.7821
9484.410	5581.2672	23.4036
9487.340	5542.7992	27.4484
9490.270	5520.2411	26.2607
9493.200	5540.8155	24.9896
9496.130	5566.1230	27.8060
9499.060	5559.7061	30.2278
9501.990	5548.6889	27.0581
9504.920	5543.4575	24.5305
9507.850	5531.7562	24.0717
9510.780	5517.3023	28.0907
9513.710	5463.7087	31.3811
9516.640	5380.4930	33.2672
9519.570	5290.4667	28.6717
9522.500	5241.2898	22.1159
9525.430	5180.1066	20.5688
9528.360	5111.0146	21.0122
9531.290	4975.7634	20.8652
9534.220	4813.7598	22.2242
9537.150	4629.0777	23.5088
9540.080	4409.8803	24.0089
9543.010	4177.1826	24.1734
9545.940	4034.7032	23.0997
9548.870	4096.3633	23.2106
9551.800	4298.0920	24.4998
9554.730	4546.1141	23.6448
9557.660	4771.7908	25.9190
9560.590	4936.5494	26.4261
9563.520	5055.4856	28.5847
9566.450	5164.8508	33.1744
9569.380	5245.7428	30.6266
9572.310	5293.6422	27.3759
9575.240	5286.6874	24.8283
9578.170	5264.6588	26.4865
9581.100	5253.4505	26.5162
9584.030	5287.8154	29.2210
9586.960	5323.0126	34.8332
9589.890	5359.9972	35.7903
9592.820	5396.1421	34.0080
9595.750	5397.5999	33.5793
9598.680	5378.4836	31.4103
9601.610	5360.1689	33.8277
9604.540	5346.8847	37.4543
9607.470	5378.6128	41.4424
9610.400	5406.3156	44.5972
9613.330	5403.8043	44.8164
9616.260	5364.5222	38.6072
9619.190	5355.2530	47.6552
9622.120	5352.1968	49.9478
9625.050	5316.8917	49.8157
9627.980	5314.0140	45.5090
9630.910	5309.9819	42.8987
9633.840	5323.3347	44.2661
9636.770	5339.3402	47.0307
9639.700	5336.2692	44.8690
9642.630	5314.3296	47.3032
9645.560	5315.5107	49.9246
9648.490	5315.0690	48.2538
9651.420	5318.8902	50.3644
9654.350	5290.9481	48.4789
9657.280	5304.2419	48.3439
9660.210	5289.3557	54.4565
9663.140	5266.4307	53.4572
9666.070	5229.3273	52.9844
9669.000	5252.3711	51.3193
9671.930	5282.3554	55.8605
9674.860	5302.4244	55.6891
9677.790	5298.0361	58.4804
9680.720	5259.9460	55.7335
9683.650	5267.6076	60.1792
9686.580	5248.2400	59.3893
9689.510	5218.4065	59.5281
9692.440	5208.8454	59.7156
9695.370	5235.6344	60.5475
9698.300	5244.6461	58.4559
9701.230	5255.5702	62.2539
