3298.680	32.3091	0.1932
3301.060	32.1419	0.2282
3303.440	32.0607	0.2076
3305.820	32.1682	0.1791
3308.200	32.0839	0.1779
3310.580	31.8433	0.1918
3312.960	31.7490	0.1835
3315.340	31.5877	0.1824
3317.720	31.4962	0.1932
3320.100	31.3774	0.2254
3322.480	31.4871	0.1831
3324.860	31.4794	0.1648
3327.240	31.3866	0.1684
3329.620	31.2919	0.1661
3332.000	31.1216	0.1850
3334.380	31.1577	0.1747
3336.760	31.1345	0.1675
3339.140	31.0099	0.1609
3341.520	30.9047	0.1572
3343.900	30.7529	0.1620
3346.280	30.7198	0.1404
3348.660	30.7564	0.1653
3351.040	30.5367	0.1547
3353.420	30.3404	0.1728
3355.800	30.1136	0.2041
3358.180	30.0670	0.1817
3360.560	30.4756	0.1956
3362.940	30.3128	0.1630
3365.320	29.9926	0.1687
3367.700	30.0573	0.1607
3370.080	30.0634	0.1660
3372.460	30.0290	0.1663
3374.840	29.8273	0.1666
3377.220	29.4142	0.1955
3379.600	29.4835	0.1268
3381.980	29.4455	0.1319
3384.360	29.3539	0.1360
3386.740	29.1640	0.1700
3389.120	29.1578	0.1473
3391.500	29.1717	0.1359
3393.880	29.2262	0.1653
3396.260	29.1350	0.1367
3398.640	28.9311	0.1735
3401.020	28.7505	0.1822
3403.400	28.7524	0.1417
3405.780	28.7915	0.1281
3408.160	28.7201	0.1193
3410.540	28.7206	0.1282
3412.920	28.5778	0.1472
3415.300	28.4721	0.1331
3417.680	28.2256	0.1503
3420.060	28.1533	0.1663
3422.440	28.1339	0.1441
3424.820	28.2665	0.1184
3427.200	28.0958	0.1156
3429.580	27.9618	0.1483
3431.960	27.7264	0.1623
3434.340	27.6072	0.1603
3436.720	27.6320	0.1663
3439.100	27.6946	0.1441
3441.480	27.8744	0.1563
3443.860	27.6382	0.1461
3446.240	27.5497	0.1223
3448.620	27.3469	0.1611
3451.000	27.2900	0.1551
3453.380	27.2109	0.1460
3455.760	27.2586	0.1343
3458.140	27.2771	0.1145
3460.520	27.2294	0.1254
3462.900	27.1847	0.1230
3465.280	26.9102	0.1641
3467.660	26.8112	0.1512
3470.040	26.7112	0.1594
3472.420	26.7641	0.1309
3474.800	26.8219	0.1254
3477.180	26.6099	0.1460
3479.560	26.4201	0.1739
3481.940	26.3982	0.1508
3484.320	26.3308	0.1309
3486.700	26.2528	0.1380
3489.080	26.4306	0.1244
3491.460	26.2652	0.1297
3493.840	26.1526	0.1134
3496.220	26.1431	0.1188
3498.600	26.0574	0.1109
3500.980	25.8602	0.1417
3503.360	25.6951	0.1493
3505.740	25.7195	0.1371
3508.120	25.6979	0.1175
3510.500	25.7433	0.1124
3512.880	25.7145	0.1172
3515.260	25.5056	0.1150
3517.640	25.5203	0.0966
3520.020	25.4059	0.1027
3522.400	25.4363	0.1159
3524.780	25.4539	0.1607
3527.160	25.2610	0.1077
3529.540	25.2054	0.1033
3531.920	25.1542	0.1090
3534.300	25.0166	0.0993
3536.680	25.0312	0.1016
3539.060	24.9455	0.1048
3541.440	24.8820	0.1152
3543.820	24.7802	0.1176
3546.200	24.6555	0.1312
3548.580	24.6772	0.1174
3550.960	24.6567	0.1220
3553.340	24.5877	0.1252
3555.720	24.3497	0.1305
3558.100	24.2603	0.1312
3560.480	24.2827	0.1195
3562.860	24.3977	0.1042
3565.240	24.2897	0.1059
3567.620	24.2550	0.0957
3570.000	24.0643	0.1281
3572.380	24.0423	0.1063
3574.760	24.0409	0.1086
3577.140	23.9060	0.1122
3579.520	24.0460	0.1189
3581.900	23.9932	0.1163
3584.280	23.8532	0.1178
3586.660	23.7741	0.1131
3589.040	23.7579	0.1063
3591.420	23.6802	0.1138
3593.800	23.4650	0.1397
3596.180	23.3755	0.1487
3598.560	23.3830	0.1327
3600.940	23.4647	0.1039
3603.320	23.3351	0.0996
3605.700	23.3037	0.1068
3608.080	23.1299	0.0930
3610.460	22.9611	0.1152
3612.840	22.7859	0.1425
3615.220	22.7990	0.1279
3617.600	22.9823	0.0906
3619.980	22.9620	0.1160
3622.360	22.8295	0.1075
3624.740	22.6373	0.1456
3627.120	22.6623	0.1386
3629.500	22.7045	0.1162
3631.880	22.8074	0.1250
3634.260	22.7484	0.1207
3636.640	22.5554	0.1150
3639.020	22.5457	0.1036
3641.400	22.6309	0.1004
3643.780	22.5511	0.1028
3646.160	22.4184	0.0963
3648.540	22.3732	0.1016
3650.920	22.3019	0.0849
3653.300	22.2309	0.1074
3655.680	22.1384	0.1076
3658.060	22.0601	0.0994
3660.440	22.1100	0.0878
3662.820	22.0382	0.0835
3665.200	22.0011	0.0857
3667.580	21.9439	0.0872
3669.960	21.8006	0.1008
3672.340	21.6895	0.1184
3674.720	21.7517	0.1064
3677.100	21.7050	0.0946
3679.480	21.6954	0.0884
3681.860	21.6999	0.0908
3684.240	21.6068	0.0961
3686.620	21.5568	0.0995
3689.000	21.4161	0.0997
3691.380	21.3854	0.0993
3693.760	21.2344	0.1015
3696.140	21.2083	0.0979
3698.520	21.1000	0.0960
3700.900	21.0508	0.1322
3703.280	21.0568	0.1077
3705.660	21.0621	0.0992
3708.040	21.0076	0.0843
3710.420	20.8524	0.0925
3712.800	20.7158	0.1056
3715.180	20.7419	0.1171
3717.560	20.8548	0.0926
3719.940	20.9354	0.1143
3722.320	20.8071	0.0877
3724.700	20.6863	0.0966
3727.080	20.6813	0.1152
3729.460	20.7949	0.1065
3731.840	20.7489	0.1154
3734.220	20.6828	0.1096
3736.600	20.6247	0.0888
3738.980	20.3767	0.1263
3741.360	20.4059	0.1186
3743.740	20.5006	0.0792
3746.120	20.4373	0.0910
3748.500	20.2139	0.0964
3750.880	20.2326	0.1038
3753.260	20.1363	0.1587
3755.640	20.0576	0.1132
3758.020	20.1878	0.0773
3760.400	20.1835	0.0778
3762.780	20.0465	0.0884
3765.160	19.9938	0.0864
3767.540	19.9734	0.0847
3769.920	19.8925	0.0896
3772.300	19.8908	0.0860
3774.680	19.9467	0.0802
3777.060	19.8266	0.0756
3779.440	19.7852	0.0728
3781.820	19.7348	0.0768
3784.200	19.6106	0.0772
3786.580	19.5050	0.0916
3788.960	19.5712	0.0785
3791.340	19.4953	0.0832
3793.720	19.3554	0.0845
3796.100	19.2882	0.0916
3798.480	19.1773	0.0865
3800.860	19.1859	0.0785
3803.240	19.0543	0.0791
3805.620	18.9427	0.0887
3808.000	18.8723	0.0747
3810.380	18.7645	0.0843
3812.760	18.6763	0.0856
3815.140	18.6637	0.1072
3817.520	18.6318	0.1067
3819.900	18.5050	0.1074
3822.280	18.4658	0.0870
3824.660	18.4306	0.0703
3827.040	18.5493	0.0704
3829.420	18.6060	0.0699
3831.800	18.5994	0.0739
3834.180	18.5622	0.0840
3836.560	18.5925	0.0774
3838.940	18.5358	0.0847
3841.320	18.4315	0.0728
3843.700	18.2722	0.1059
3846.080	18.2164	0.1040
3848.460	18.2689	0.0835
3850.840	18.3090	0.0792
3853.220	18.3399	0.0707
3855.600	18.3425	0.0653
3857.980	18.3436	0.0750
3860.360	18.3513	0.0723
3862.740	18.1118	0.1130
3865.120	18.0211	0.1162
3867.500	18.0779	0.0788
3869.880	18.0554	0.0833
3872.260	18.0197	0.0654
3874.640	18.0120	0.0716
3877.020	17.9363	0.0691
3879.400	17.9117	0.0741
3881.780	17.8917	0.0765
3884.160	17.6978	0.0781
3886.540	17.2961	0.0839
3888.920	16.8503	0.0841
3891.300	16.9890	0.0636
3893.680	17.3608	0.0699
3896.060	17.6093	0.0792
3898.440	17.6593	0.0670
3900.820	17.6364	0.0616
3903.200	17.5861	0.0593
3905.580	17.4917	0.0608
3907.960	17.5620	0.0661
3910.340	17.4646	0.0844
3912.720	17.3928	0.0895
3915.100	17.3351	0.0842
3917.480	17.3546	0.0791
3919.860	17.3020	0.0791
3922.240	17.1852	0.0795
3924.620	17.1960	0.0773
3927.000	17.2458	0.0925
3929.380	17.3243	0.0900
3931.760	17.4306	0.1538
3934.140	17.4651	0.1624
3936.520	17.2054	0.1115
3938.900	17.0334	0.0914
3941.280	16.9393	0.0812
3943.660	16.8755	0.0958
3946.040	16.8444	0.0691
3948.420	16.7351	0.0796
3950.800	16.6432	0.0823
3953.180	16.6602	0.0892
3955.560	16.6075	0.0820
3957.940	16.4791	0.0867
3960.320	16.3607	0.0907
3962.700	16.3156	0.0792
3965.080	16.3943	0.1097
3967.460	16.6094	0.1474
3969.840	16.7289	0.1567
3972.220	16.5509	0.0854
3974.600	16.4077	0.0895
3976.980	16.3355	0.0902
3979.360	16.1618	0.1037
3981.740	16.1706	0.1041
3984.120	16.2189	0.0740
3986.500	16.1682	0.0683
3988.880	16.1137	0.0731
3991.260	16.0974	0.0711
3993.640	16.1239	0.0666
3996.020	16.1045	0.0679
3998.400	16.0750	0.0666
4000.780	15.9856	0.0720
4003.160	15.8537	0.0740
4005.540	15.7512	0.0664
4007.920	15.7098	0.0592
4010.300	15.6232	0.0629
4012.680	15.4993	0.0598
4015.060	15.3599	0.0592
4017.440	15.1770	0.0534
4019.820	15.0549	0.0588
4022.200	14.8608	0.0717
4024.580	14.7156	0.0800
4026.960	14.5935	0.0617
4029.340	14.6947	0.0546
4031.720	14.8620	0.0480
4034.100	14.9979	0.0491
4036.480	15.0918	0.0525
4038.860	15.1573	0.0581
4041.240	15.2289	0.0552
4043.620	15.3028	0.0638
4046.000	15.2177	0.0538
4048.380	15.1793	0.0552
4050.760	15.1395	0.0602
4053.140	15.1069	0.0583
4055.520	15.1023	0.0548
4057.900	15.0948	0.0553
4060.280	15.0821	0.0550
4062.660	15.1110	0.0518
4065.040	15.0247	0.0537
4067.420	15.0549	0.0569
4069.800	15.0462	0.0586
4072.180	14.9821	0.0587
4074.560	14.9809	0.0616
4076.940	14.9760	0.0633
4079.320	14.9578	0.0599
4081.700	14.9031	0.0571
4084.080	14.8226	0.0564
4086.460	14.8120	0.0616
4088.840	14.7319	0.0660
4091.220	14.6735	0.0640
4093.600	14.6600	0.0657
4095.980	14.6757	0.0761
4098.360	14.6684	0.0924
4100.740	14.7058	0.0978
4103.120	14.6879	0.0738
4105.500	14.5673	0.0622
4107.880	14.4444	0.0548
4110.260	14.4503	0.0552
4112.640	14.4515	0.0528
4115.020	14.3998	0.0534
4117.400	14.3395	0.0529
4119.780	14.3143	0.0547
4122.160	14.2354	0.0515
4124.540	14.2188	0.0578
4126.920	14.2589	0.0559
4129.300	14.2324	0.0524
4131.680	14.2605	0.0555
4134.060	14.2705	0.0587
4136.440	14.2128	0.0590
4138.820	14.2030	0.0571
4141.200	14.1546	0.0627
4143.580	14.1675	0.0606
4145.960	14.1113	0.0518
4148.340	14.0607	0.0526
4150.720	14.0430	0.0565
4153.100	14.0370	0.0543
4155.480	14.0561	0.0566
4157.860	13.9757	0.0548
4160.240	13.9287	0.0553
4162.620	13.8565	0.0584
4165.000	13.8486	0.0535
4167.380	13.8502	0.0554
4169.760	13.8544	0.0463
4172.140	13.7785	0.0525
4174.520	13.7440	0.0552
4176.900	13.6674	0.0478
4179.280	13.5969	0.0488
4181.660	13.5657	0.0451
4184.040	13.5564	0.0467
4186.420	13.5086	0.0502
4188.800	13.4716	0.0559
4191.180	13.4182	0.0628
4193.560	13.4422	0.0553
4195.940	13.3407	0.0569
4198.320	13.3341	0.0626
4200.700	13.2779	0.0571
4203.080	13.2066	0.0491
4205.460	13.1884	0.0515
4207.840	13.1886	0.0466
4210.220	13.1529	0.0494
4212.600	13.1740	0.0509
4214.980	13.2367	0.0510
4217.360	13.1687	0.0455
4219.740	13.0713	0.0479
4222.120	13.1195	0.0443
4224.500	13.1547	0.0633
4226.880	13.1151	0.0457
4229.260	13.0751	0.0453
4231.640	13.0051	0.0604
4234.020	13.0078	0.0491
4236.400	13.0668	0.0457
4238.780	13.0504	0.0457
4241.160	13.0260	0.0475
4243.540	12.9553	0.0469
4245.920	12.9468	0.0457
4248.300	12.9269	0.0478
4250.680	12.8689	0.0497
4253.060	12.8391	0.0476
4255.440	12.7860	0.0476
4257.820	12.8361	0.0471
4260.200	12.7979	0.0465
4262.580	12.7713	0.0472
4264.960	12.7076	0.0503
4267.340	12.6633	0.0491
4269.720	12.6843	0.0504
4272.100	12.6888	0.0556
4274.480	12.6148	0.0459
4276.860	12.5607	0.0465
4279.240	12.5334	0.0467
4281.620	12.4982	0.0452
4284.000	12.4584	0.0479
4286.380	12.4655	0.0488
4288.760	12.4258	0.0523
4291.140	12.3473	0.0468
4293.520	12.2971	0.0500
4295.900	12.2966	0.0519
4298.280	12.2989	0.0517
4300.660	12.2884	0.0489
4303.040	12.2349	0.0473
4305.420	12.1950	0.0433
4307.800	12.2095	0.0558
4310.180	12.1740	0.0634
4312.560	12.0257	0.0489
4314.940	11.9317	0.0551
4317.320	11.8220	0.0731
4319.700	11.8304	0.0585
4322.080	11.8412	0.0492
4324.460	11.8232	0.0596
4326.840	11.7008	0.0487
4329.220	11.6133	0.0502
4331.600	11.5558	0.0584
4333.980	11.5638	0.0558
4336.360	11.6335	0.0628
4338.740	11.7594	0.0863
4341.120	11.7261	0.0747
4343.500	11.5333	0.0484
4345.880	11.4460	0.0448
4348.260	11.4838	0.0412
4350.640	11.5263	0.0413
4353.020	11.5073	0.0394
4355.400	11.5145	0.0376
4357.780	11.4813	0.0373
4360.160	11.4478	0.0412
4362.540	11.4697	0.0423
4364.920	11.4788	0.0412
4367.300	11.4527	0.0453
4369.680	11.4350	0.0478
4372.060	11.4156	0.0445
4374.440	11.4060	0.0443
4376.820	11.4236	0.0477
4379.200	11.4330	0.0499
4381.580	11.4156	0.0487
4383.960	11.3974	0.0507
4386.340	11.3628	0.0556
4388.720	11.2684	0.0479
4391.100	11.2417	0.0401
4393.480	11.2204	0.0421
4395.860	11.2094	0.0409
4398.240	11.2216	0.0384
4400.620	11.2590	0.0389
4403.000	11.2730	0.0470
4405.380	11.2641	0.0391
4407.760	11.2506	0.0393
4410.140	11.2011	0.0423
4412.520	11.1914	0.0421
4414.900	11.1912	0.0386
4417.280	11.1549	0.0439
4419.660	11.1203	0.0414
4422.040	11.0827	0.0430
4424.420	11.0869	0.0434
4426.800	11.0760	0.0400
4429.180	11.0449	0.0401
4431.560	11.0369	0.0419
4433.940	11.0184	0.0409
4436.320	10.9524	0.0411
4438.700	10.8883	0.0386
4441.080	10.8207	0.0429
4443.460	10.8090	0.0371
4445.840	10.7452	0.0396
4448.220	10.6436	0.0410
4450.600	10.6200	0.0399
4452.980	10.5882	0.0389
4455.360	10.5385	0.0386
4457.740	10.4117	0.0400
4460.120	10.2347	0.0361
4462.500	10.0578	0.0346
4464.880	9.8814	0.0413
4467.260	9.6947	0.0535
4469.640	9.4849	0.0520
4472.020	9.3054	0.0391
4474.400	9.3207	0.0312
4476.780	9.5312	0.0338
4479.160	9.7931	0.0337
4481.540	9.9796	0.0343
4483.920	10.1040	0.0358
4486.300	10.1860	0.0348
4488.680	10.2111	0.0358
4491.060	10.2567	0.0357
4493.440	10.3214	0.0427
4495.820	10.3323	0.0402
4498.200	10.3336	0.0403
4500.580	10.2855	0.0414
4502.960	10.2212	0.0402
4505.340	10.1824	0.0431
4507.720	10.1405	0.0405
4510.100	10.1317	0.0380
4512.480	10.1111	0.0373
4514.860	10.0668	0.0365
4517.240	10.0176	0.0388
4519.620	9.9690	0.0369
4522.000	9.8589	0.0392
4524.380	9.8202	0.0347
4526.760	9.8278	0.0366
4529.140	9.8027	0.0390
4531.520	9.7390	0.0434
4533.900	9.6833	0.0435
4536.280	9.6361	0.0458
4538.660	9.5612	0.0500
4541.040	9.4933	0.0415
4543.420	9.4964	0.0377
4545.800	9.4959	0.0385
4548.180	9.5022	0.0351
4550.560	9.5315	0.0342
4552.940	9.5210	0.0346
4555.320	9.5762	0.0326
4557.700	9.5988	0.0322
4560.080	9.6162	0.0338
4562.460	9.6273	0.0340
4564.840	9.6183	0.0321
4567.220	9.6337	0.0339
4569.600	9.6185	0.0333
4571.980	9.6326	0.0370
4574.360	9.6289	0.0361
4576.740	9.6461	0.0356
4579.120	9.6445	0.0375
4581.500	9.6068	0.0373
4583.880	9.5916	0.0360
4586.260	9.5895	0.0368
4588.640	9.5939	0.0404
4591.020	9.5810	0.0366
4593.400	9.5674	0.0334
4595.780	9.5641	0.0360
4598.160	9.5569	0.0333
4600.540	9.5321	0.0348
4602.920	9.5102	0.0365
4605.300	9.5135	0.0404
4607.680	9.4675	0.0391
4610.060	9.4741	0.0369
4612.440	9.4774	0.0351
4614.820	9.4514	0.0342
4617.200	9.4313	0.0345
4619.580	9.4208	0.0335
4621.960	9.3728	0.0339
4624.340	9.3337	0.0348
4626.720	9.3384	0.0347
4629.100	9.3292	0.0356
4631.480	9.2806	0.0369
4633.860	9.2940	0.0324
4636.240	9.2524	0.0312
4638.620	9.2129	0.0351
4641.000	9.1746	0.0385
4643.380	9.1253	0.0341
4645.760	9.0747	0.0323
4648.140	9.0582	0.0315
4650.520	9.0330	0.0368
4652.900	9.0033	0.0366
4655.280	8.9604	0.0340
4657.660	8.8636	0.0349
4660.040	8.8126	0.0334
4662.420	8.7896	0.0321
4664.800	8.7303	0.0353
4667.180	8.6331	0.0348
4669.560	8.5476	0.0343
4671.940	8.4208	0.0325
4674.320	8.2569	0.0353
4676.700	8.1155	0.0367
4679.080	7.9461	0.0378
4681.460	7.7210	0.0461
4683.840	7.4417	0.0458
4686.220	7.2344	0.0458
4688.600	7.3190	0.0395
4690.980	7.5900	0.0265
4693.360	7.8303	0.0269
4695.740	7.9950	0.0267
4698.120	8.1132	0.0261
4700.500	8.2104	0.0278
4702.880	8.3013	0.0320
4705.260	8.3637	0.0351
4707.640	8.3685	0.0299
4710.020	8.4116	0.0338
4712.400	8.3272	0.0368
4714.780	8.2701	0.0323
4717.160	8.3164	0.0298
4719.540	8.4168	0.0304
4721.920	8.4394	0.0325
4724.300	8.4775	0.0325
4726.680	8.5312	0.0340
4729.060	8.5625	0.0358
4731.440	8.5283	0.0365
4733.820	8.5199	0.0336
4736.200	8.5168	0.0339
4738.580	8.5007	0.0299
4740.960	8.4937	0.0322
4743.340	8.5000	0.0335
4745.720	8.4939	0.0357
4748.100	8.4830	0.0334
4750.480	8.4577	0.0336
4752.860	8.4328	0.0338
4755.240	8.3878	0.0358
4757.620	8.3894	0.0306
4760.000	8.3597	0.0326
4762.380	8.3605	0.0339
4764.760	8.3858	0.0330
4767.140	8.3610	0.0332
4769.520	8.3159	0.0366
4771.900	8.2945	0.0333
4774.280	8.2819	0.0308
4776.660	8.2733	0.0303
4779.040	8.2667	0.0298
4781.420	8.2584	0.0308
4783.800	8.2333	0.0312
4786.180	8.2209	0.0294
4788.560	8.1877	0.0295
4790.940	8.1379	0.0300
4793.320	8.1185	0.0290
4795.700	8.1114	0.0309
4798.080	8.0816	0.0307
4800.460	8.0749	0.0303
4802.840	8.0607	0.0316
4805.220	8.0269	0.0324
4807.600	7.9953	0.0326
4809.980	7.9778	0.0326
4812.360	7.9802	0.0294
4814.740	7.9406	0.0282
4817.120	7.8902	0.0302
4819.500	7.8555	0.0318
4821.880	7.8638	0.0335
4824.260	7.8570	0.0304
4826.640	7.8403	0.0308
4829.020	7.7780	0.0336
4831.400	7.7367	0.0337
4833.780	7.6842	0.0317
4836.160	7.6177	0.0323
4838.540	7.5921	0.0310
4840.920	7.5486	0.0302
4843.300	7.4885	0.0335
4845.680	7.4049	0.0365
4848.060	7.3487	0.0330
4850.440	7.3164	0.0335
4852.820	7.2438	0.0354
4855.200	7.1769	0.0381
4857.580	7.1166	0.0450
4859.960	7.1556	0.0474
4862.340	7.1664	0.0428
4864.720	7.1163	0.0276
4867.100	7.1269	0.0249
4869.480	7.1767	0.0243
4871.860	7.1922	0.0251
4874.240	7.2242	0.0261
4876.620	7.2476	0.0277
4879.000	7.2924	0.0289
4881.380	7.3080	0.0295
4883.760	7.3006	0.0313
4886.140	7.3481	0.0287
4888.520	7.3797	0.0312
4890.900	7.3816	0.0291
4893.280	7.3583	0.0298
4895.660	7.3336	0.0304
4898.040	7.3525	0.0321
4900.420	7.3481	0.0292
4902.800	7.3550	0.0295
4905.180	7.3409	0.0303
4907.560	7.3204	0.0301
4909.940	7.2895	0.0292
4912.320	7.2660	0.0291
4914.700	7.2380	0.0299
4917.080	7.1772	0.0363
4919.460	7.1179	0.0408
4921.840	7.0724	0.0368
4924.220	7.0053	0.0276
4926.600	6.9994	0.0273
4928.980	7.0327	0.0277
4931.360	7.1191	0.0257
4933.740	7.1914	0.0285
4936.120	7.2423	0.0338
4938.500	7.2781	0.0313
4940.880	7.2129	0.0311
4943.260	7.2215	0.0294
4945.640	7.2481	0.0270
4948.020	7.2739	0.0281
4950.400	7.2588	0.0326
4952.780	7.2177	0.0299
4955.160	7.2562	0.0300
4957.540	7.2368	0.0300
4959.920	7.2087	0.0285
4962.300	7.1964	0.0289
4964.680	7.1914	0.0297
4967.060	7.1621	0.0282
4969.440	7.1648	0.0287
4971.820	7.1832	0.0291
4974.200	7.1573	0.0301
4976.580	7.1606	0.0314
4978.960	7.1390	0.0327
4981.340	7.1273	0.0322
4983.720	7.1179	0.0310
4986.100	7.0845	0.0309
4988.480	7.0527	0.0310
4990.860	7.0702	0.0290
4993.240	7.0611	0.0296
4995.620	7.0151	0.0290
4998.000	7.0037	0.0300
5000.380	6.9876	0.0303
5002.760	6.9772	0.0312
5005.140	6.9209	0.0318
5007.520	6.8758	0.0307
5009.900	6.8038	0.0326
5012.280	6.7127	0.0313
5014.660	6.6018	0.0304
5017.040	6.6029	0.0284
5019.420	6.7185	0.0292
5021.800	6.8056	0.0305
5024.180	6.8326	0.0314
5026.560	6.8113	0.0304
5028.940	6.8127	0.0303
5031.320	6.8186	0.0320
5033.700	6.8292	0.0328
5036.080	6.7833	0.0327
5038.460	6.7692	0.0328
5040.840	6.7346	0.0319
5043.220	6.7167	0.0315
5045.600	6.6950	0.0316
5047.980	6.6969	0.0315
5050.360	6.6677	0.0292
5052.740	6.6772	0.0298
5055.120	6.6673	0.0311
5057.500	6.6565	0.0304
5059.880	6.6592	0.0308
5062.260	6.6465	0.0287
5064.640	6.6706	0.0290
5067.020	6.6599	0.0319
5069.400	6.6601	0.0305
5071.780	6.6260	0.0306
5074.160	6.5775	0.0315
5076.540	6.5866	0.0305
5078.920	6.6289	0.0308
5081.300	6.5925	0.0295
5083.680	6.5713	0.0293
5086.060	6.5772	0.0299
5088.440	6.5532	0.0301
5090.820	6.5161	0.0311
5093.200	6.4942	0.0302
5095.580	6.5173	0.0310
5097.960	6.5344	0.0326
5098.200	6.4688	0.0452
5100.340	6.5080	0.0326
5101.130	6.5193	0.0480
5102.720	6.4866	0.0307
5104.060	6.4844	0.0460
5105.100	6.4584	0.0289
5106.990	6.4285	0.0445
5107.480	6.4414	0.0283
5109.860	6.4407	0.0286
5109.920	6.4615	0.0450
5112.240	6.4556	0.0268
5112.850	6.4648	0.0443
5114.620	6.4290	0.0302
5115.780	6.4334	0.0464
5117.000	6.4008	0.0301
5118.710	6.3868	0.0460
5119.380	6.3848	0.0305
5121.640	6.3902	0.0448
5121.760	6.3726	0.0316
5124.140	6.3652	0.0292
5124.570	6.3356	0.0463
5126.520	6.3728	0.0294
5127.500	6.3304	0.0415
5128.900	6.3638	0.0272
5130.430	6.3438	0.0421
5131.280	6.3447	0.0311
5133.360	6.3625	0.0432
5133.660	6.3282	0.0304
5136.040	6.3264	0.0313
5136.290	6.2594	0.0432
5138.420	6.2871	0.0309
5139.220	6.2419	0.0426
5140.800	6.2571	0.0324
5142.150	6.2872	0.0428
5143.180	6.2620	0.0323
5145.080	6.2958	0.0421
5145.560	6.2585	0.0335
5147.940	6.2141	0.0343
5148.010	6.2492	0.0426
5150.320	6.1964	0.0315
5150.940	6.2241	0.0386
5153.870	6.2173	0.0398
5156.800	6.2461	0.0408
5159.730	6.2463	0.0396
5162.660	6.2150	0.0396
5165.590	6.1230	0.0481
5168.520	6.1646	0.0419
5171.450	6.1978	0.0376
5174.380	6.2100	0.0384
5177.310	6.2300	0.0405
5180.240	6.1456	0.0368
5183.170	6.0615	0.0405
5186.100	6.1212	0.0367
5189.030	6.1179	0.0358
5191.960	6.0760	0.0346
5194.890	6.0692	0.0336
5197.820	6.0873	0.0323
5200.750	6.0791	0.0338
5203.680	6.0399	0.0317
5206.610	6.0096	0.0339
5209.540	6.0114	0.0323
5212.470	6.0078	0.0346
5215.400	5.9456	0.0310
5218.330	5.9801	0.0309
5221.260	5.9345	0.0300
5224.190	5.9065	0.0292
5227.120	5.9295	0.0323
5230.050	5.9058	0.0303
5232.980	5.8981	0.0298
5235.910	5.8790	0.0308
5238.840	5.8961	0.0325
5241.770	5.8524	0.0306
5244.700	5.8561	0.0291
5247.630	5.8688	0.0296
5250.560	5.8563	0.0296
5253.490	5.8407	0.0298
5256.420	5.8110	0.0290
5259.350	5.7722	0.0280
5262.280	5.7304	0.0306
5265.210	5.7894	0.0311
5268.140	5.7811	0.0280
5271.070	5.7486	0.0303
5274.000	5.7367	0.0304
5276.930	5.7038	0.0292
5279.860	5.6768	0.0264
5282.790	5.6870	0.0267
5285.720	5.6908	0.0284
5288.650	5.6734	0.0274
5291.580	5.6409	0.0280
5294.510	5.6347	0.0269
5297.440	5.6256	0.0272
5300.370	5.6131	0.0265
5303.300	5.5795	0.0271
5306.230	5.5674	0.0265
5309.160	5.5687	0.0264
5312.090	5.5576	0.0252
5315.020	5.5144	0.0262
5317.950	5.5082	0.0275
5320.880	5.5245	0.0268
5323.810	5.5070	0.0275
5326.740	5.4568	0.0277
5329.670	5.4564	0.0270
5332.600	5.4539	0.0274
5335.530	5.4627	0.0255
5338.460	5.4479	0.0264
5341.390	5.4145	0.0254
5344.320	5.4140	0.0256
5347.250	5.3636	0.0247
5350.180	5.3686	0.0247
5353.110	5.3250	0.0265
5356.040	5.3421	0.0256
5358.970	5.3326	0.0240
5361.900	5.2827	0.0257
5364.830	5.2515	0.0251
5367.760	5.2401	0.0235
5370.690	5.2012	0.0238
5373.620	5.2039	0.0252
5376.550	5.2014	0.0258
5379.480	5.1515	0.0228
5382.410	5.0894	0.0236
5385.340	5.0492	0.0224
5388.270	5.0101	0.0223
5391.200	4.9692	0.0231
5394.130	4.9279	0.0226
5397.060	4.8749	0.0225
5399.990	4.7918	0.0217
5402.920	4.7381	0.0230
5405.850	4.6851	0.0229
5408.780	4.6228	0.0224
5411.710	4.5981	0.0223
5414.640	4.5916	0.0218
5417.570	4.6393	0.0210
5420.500	4.6750	0.0207
5423.430	4.7170	0.0205
5426.360	4.7664	0.0222
5429.290	4.7932	0.0208
5432.220	4.8300	0.0212
5435.150	4.8587	0.0221
5438.080	4.8423	0.0218
5441.010	4.8639	0.0222
5443.940	4.8686	0.0230
5446.870	4.9100	0.0207
5449.800	4.8945	0.0209
5452.730	4.8747	0.0202
5455.660	4.8720	0.0197
5458.590	4.8843	0.0200
5461.520	4.8874	0.0200
5464.450	4.8874	0.0199
5467.380	4.8875	0.0204
5470.310	4.9076	0.0206
5473.240	4.8893	0.0210
5476.170	4.8901	0.0215
5479.100	4.8778	0.0214
5482.030	4.8864	0.0206
5484.960	4.8712	0.0201
5487.890	4.8609	0.0196
5490.820	4.8486	0.0204
5493.750	4.8525	0.0206
5496.680	4.8617	0.0207
5499.610	4.8563	0.0197
5502.540	4.8221	0.0195
5505.470	4.8027	0.0217
5508.400	4.8095	0.0211
5511.330	4.8106	0.0219
5514.260	4.8153	0.0205
5517.190	4.8113	0.0203
5520.120	4.8011	0.0201
5523.050	4.7893	0.0203
5525.980	4.7886	0.0200
5528.910	4.7718	0.0200
5531.840	4.7388	0.0214
5534.770	4.7437	0.0217
5537.700	4.7162	0.0213
5540.630	4.7330	0.0206
5543.560	4.7369	0.0195
5546.490	4.7275	0.0195
5549.420	4.7065	0.0198
5552.350	4.7031	0.0198
5555.280	4.6810	0.0199
5558.210	4.6685	0.0200
5561.140	4.6578	0.0208
5564.070	4.6539	0.0208
5567.000	4.6564	0.0197
5569.930	4.6515	0.0192
5572.860	4.6376	0.0204
5575.790	4.6379	0.0219
5578.720	4.6248	0.0208
5581.650	4.5921	0.0204
5584.580	4.5982	0.0208
5587.510	4.5857	0.0211
5590.440	4.5790	0.0207
5593.370	4.5735	0.0199
5596.300	4.5496	0.0199
5599.230	4.5487	0.0194
5602.160	4.5357	0.0185
5605.090	4.5409	0.0194
5608.020	4.5087	0.0206
5610.950	4.4961	0.0197
5613.880	4.4999	0.0188
5616.810	4.4985	0.0192
5619.740	4.4972	0.0190
5622.670	4.4851	0.0185
5625.600	4.4707	0.0192
5628.530	4.4543	0.0198
5631.460	4.4598	0.0194
5634.390	4.4378	0.0194
5637.320	4.4277	0.0196
5640.250	4.4132	0.0211
5643.180	4.4056	0.0189
5646.110	4.4046	0.0186
5649.040	4.4087	0.0192
5651.970	4.4066	0.0183
5654.900	4.3806	0.0179
5657.830	4.3833	0.0193
5660.760	4.3959	0.0187
5663.690	4.3797	0.0179
5666.620	4.3525	0.0181
5669.550	4.3579	0.0181
5672.480	4.3298	0.0188
5675.410	4.3189	0.0194
5678.340	4.3013	0.0197
5681.270	4.3036	0.0198
5684.200	4.2968	0.0181
5687.130	4.2960	0.0182
5690.060	4.2915	0.0179
5692.990	4.2801	0.0182
5695.920	4.2570	0.0179
5698.850	4.2420	0.0179
5701.780	4.2431	0.0175
5704.710	4.2419	0.0181
5707.640	4.2271	0.0198
5710.570	4.2350	0.0191
5713.500	4.2106	0.0190
5716.430	4.1972	0.0188
5719.360	4.1986	0.0181
5722.290	4.1792	0.0175
5725.220	4.1708	0.0170
5728.150	4.1731	0.0169
5731.080	4.1776	0.0170
5734.010	4.1622	0.0163
5736.940	4.1630	0.0165
5739.870	4.1533	0.0162
5742.800	4.1362	0.0168
5745.730	4.1390	0.0169
5748.660	4.1132	0.0170
5751.590	4.1149	0.0171
5754.520	4.0986	0.0178
5757.450	4.0955	0.0177
5760.380	4.0960	0.0177
5763.310	4.0935	0.0169
5766.240	4.0553	0.0183
5769.170	4.0502	0.0172
5772.100	4.0479	0.0172
5775.030	4.0399	0.0163
5777.960	4.0474	0.0158
5780.890	4.0641	0.0163
5783.820	4.0401	0.0170
5786.750	4.0010	0.0168
5789.680	4.0028	0.0173
5792.610	3.9916	0.0164
5795.540	3.9729	0.0168
5798.470	3.9710	0.0167
5801.400	3.9654	0.0173
5804.330	3.9613	0.0175
5807.260	3.9568	0.0176
5810.190	3.9461	0.0171
5813.120	3.9350	0.0163
5816.050	3.9233	0.0162
5818.980	3.9266	0.0159
5821.910	3.9274	0.0162
5824.840	3.9124	0.0161
5827.770	3.9010	0.0163
5830.700	3.8816	0.0166
5833.630	3.8689	0.0156
5836.560	3.8700	0.0157
5839.490	3.8605	0.0164
5842.420	3.8391	0.0153
5845.350	3.8288	0.0156
5848.280	3.8114	0.0156
5851.210	3.8122	0.0163
5854.140	3.7988	0.0169
5857.070	3.7782	0.0175
5860.000	3.7323	0.0166
5862.930	3.7104	0.0163
5865.860	3.6744	0.0166
5868.790	3.5982	0.0169
5871.720	3.4957	0.0248
5874.650	3.4295	0.0268
5877.580	3.4293	0.0193
5880.510	3.4809	0.0144
5883.440	3.5706	0.0143
5886.370	3.6549	0.0173
5889.300	3.6888	0.0214
5892.230	3.7138	0.0201
5895.160	3.7074	0.0179
5898.090	3.6940	0.0157
5901.020	3.6840	0.0158
5903.950	3.6832	0.0161
5906.880	3.6879	0.0162
5909.810	3.6693	0.0157
5912.740	3.6710	0.0151
5915.670	3.6801	0.0148
5918.600	3.6698	0.0153
5921.530	3.6322	0.0161
5924.460	3.6387	0.0164
5927.390	3.6453	0.0163
5930.320	3.6418	0.0163
5933.250	3.6466	0.0153
5936.180	3.6350	0.0149
5939.110	3.6150	0.0144
5942.040	3.6046	0.0160
5944.970	3.6098	0.0164
5947.900	3.5981	0.0155
5950.830	3.5988	0.0153
5953.760	3.6101	0.0157
5956.690	3.5690	0.0156
5959.620	3.5754	0.0141
5962.550	3.5678	0.0146
5965.480	3.5644	0.0144
5968.410	3.5655	0.0150
5971.340	3.5446	0.0157
5974.270	3.5388	0.0157
5977.200	3.5368	0.0160
5980.130	3.5463	0.0153
5983.060	3.5313	0.0152
5985.990	3.5185	0.0156
5988.920	3.5158	0.0149
5991.850	3.5043	0.0149
5994.780	3.5029	0.0150
5997.710	3.5061	0.0155
6000.640	3.4835	0.0168
6003.570	3.4698	0.0163
6006.500	3.4680	0.0160
6009.430	3.4717	0.0157
6012.360	3.4732	0.0147
6015.290	3.4625	0.0143
6018.220	3.4483	0.0143
6021.150	3.4390	0.0142
6024.080	3.4492	0.0148
6027.010	3.4403	0.0139
6029.940	3.4323	0.0144
6032.870	3.4295	0.0143
6035.800	3.4133	0.0148
6038.730	3.4103	0.0133
6041.660	3.4077	0.0138
6044.590	3.3897	0.0145
6047.520	3.3796	0.0144
6050.450	3.3764	0.0147
6053.380	3.3665	0.0153
6056.310	3.3632	0.0154
6059.240	3.3349	0.0150
6062.170	3.3426	0.0151
6065.100	3.3451	0.0143
6068.030	3.3398	0.0136
6070.960	3.3372	0.0137
6073.890	3.3334	0.0137
6076.820	3.3199	0.0139
6079.750	3.3150	0.0136
6082.680	3.2969	0.0137
6085.610	3.2826	0.0148
6088.540	3.2832	0.0137
6091.470	3.2852	0.0142
6094.400	3.2700	0.0139
6097.330	3.2843	0.0135
6100.260	3.2766	0.0137
6103.190	3.2778	0.0137
6106.120	3.2570	0.0132
6109.050	3.2397	0.0136
6111.980	3.2316	0.0138
6114.910	3.2477	0.0139
6117.840	3.2424	0.0140
6120.770	3.2260	0.0135
6123.700	3.2302	0.0136
6126.630	3.2125	0.0139
6129.560	3.2197	0.0136
6132.490	3.2213	0.0132
6135.420	3.2243	0.0135
6138.350	3.2089	0.0140
6141.280	3.2059	0.0132
6144.210	3.1982	0.0131
6147.140	3.1873	0.0132
6150.070	3.1864	0.0127
6153.000	3.1777	0.0125
6155.930	3.1472	0.0126
6158.860	3.1508	0.0142
6161.790	3.1511	0.0151
6164.720	3.1576	0.0148
6167.650	3.1455	0.0145
6170.580	3.1464	0.0129
6173.510	3.1360	0.0130
6176.440	3.1113	0.0126
6179.370	3.1071	0.0123
6182.300	3.1062	0.0124
6185.230	3.1048	0.0124
6188.160	3.1101	0.0130
6191.090	3.1092	0.0136
6194.020	3.0886	0.0131
6196.950	3.0896	0.0133
6199.880	3.0787	0.0127
6202.810	3.0751	0.0124
6205.740	3.0715	0.0123
6208.670	3.0612	0.0122
6211.600	3.0523	0.0125
6214.530	3.0432	0.0128
6217.460	3.0424	0.0130
6220.390	3.0321	0.0125
6223.320	3.0251	0.0126
6226.250	3.0271	0.0128
6229.180	3.0180	0.0130
6232.110	3.0173	0.0127
6235.040	3.0010	0.0122
6237.970	2.9959	0.0137
6240.900	2.9982	0.0130
6243.830	2.9987	0.0129
6246.760	2.9838	0.0130
6249.690	2.9751	0.0126
6252.620	2.9751	0.0120
6255.550	2.9765	0.0121
6258.480	2.9699	0.0121
6261.410	2.9745	0.0125
6264.340	2.9483	0.0131
6267.270	2.9475	0.0124
6270.200	2.9395	0.0128
6273.130	2.9353	0.0122
6276.060	2.9352	0.0119
6278.990	2.9496	0.0122
6281.920	2.9496	0.0126
6284.850	2.9455	0.0136
6287.780	2.9361	0.0128
6290.710	2.9236	0.0119
6293.640	2.9159	0.0118
6296.570	2.9367	0.0121
6299.500	2.9341	0.0121
6302.430	2.9048	0.0122
6305.360	2.8845	0.0124
6308.290	2.8798	0.0131
6311.220	2.8827	0.0131
6314.150	2.8844	0.0137
6317.080	2.8609	0.0127
6320.010	2.8452	0.0122
6322.940	2.8370	0.0123
6325.870	2.8196	0.0125
6328.800	2.8137	0.0124
6331.730	2.8130	0.0109
6334.660	2.8130	0.0110
6337.590	2.8045	0.0110
6340.520	2.8022	0.0109
6343.450	2.8010	0.0109
6346.380	2.8044	0.0105
6349.310	2.8065	0.0108
6352.240	2.8018	0.0110
6355.170	2.7966	0.0112
6358.100	2.7977	0.0112
6361.030	2.8053	0.0110
6363.960	2.7924	0.0110
6366.890	2.7623	0.0113
6369.820	2.7561	0.0118
6372.750	2.7516	0.0120
6375.680	2.7652	0.0116
6378.610	2.7572	0.0117
6381.540	2.7438	0.0113
6384.470	2.7449	0.0109
6387.400	2.7558	0.0119
6390.330	2.7474	0.0112
6393.260	2.7465	0.0110
6396.190	2.7384	0.0113
6399.120	2.7327	0.0110
6402.050	2.7231	0.0110
6404.980	2.7036	0.0114
6407.910	2.7030	0.0117
6410.840	2.6954	0.0118
6413.770	2.6945	0.0113
6416.700	2.6928	0.0111
6419.630	2.6909	0.0108
6422.560	2.6832	0.0104
6425.490	2.6863	0.0111
6428.420	2.6742	0.0111
6431.350	2.6600	0.0110
6434.280	2.6664	0.0109
6437.210	2.6492	0.0118
6440.140	2.6436	0.0123
6443.070	2.6443	0.0115
6446.000	2.6425	0.0115
6448.930	2.6320	0.0112
6451.860	2.6396	0.0116
6454.790	2.6276	0.0111
6457.720	2.6196	0.0116
6460.650	2.6183	0.0113
6463.580	2.6157	0.0108
6466.510	2.6009	0.0111
6469.440	2.6069	0.0109
6472.370	2.5956	0.0110
6475.300	2.5763	0.0107
6478.230	2.5762	0.0105
6481.160	2.5796	0.0109
6484.090	2.5669	0.0107
6487.020	2.5660	0.0109
6489.950	2.5652	0.0108
6492.880	2.5626	0.0115
6495.810	2.5594	0.0121
6498.740	2.5510	0.0112
6501.670	2.5291	0.0110
6504.600	2.5097	0.0113
6507.530	2.5157	0.0112
6510.460	2.5062	0.0112
6513.390	2.4921	0.0108
6516.320	2.4823	0.0111
6519.250	2.4606	0.0111
6522.180	2.4547	0.0114
6525.110	2.4541	0.0108
6528.040	2.4339	0.0106
6530.970	2.4120	0.0104
6533.900	2.3961	0.0100
6536.830	2.3901	0.0102
6539.760	2.3670	0.0104
6542.690	2.3421	0.0111
6545.620	2.3103	0.0113
6548.550	2.2797	0.0118
6551.480	2.2436	0.0133
6554.410	2.2222	0.0141
6557.340	2.2303	0.0139
6560.270	2.2711	0.0167
6563.200	2.2848	0.0180
6566.130	2.2633	0.0132
6569.060	2.2498	0.0132
6571.990	2.2463	0.0094
6574.920	2.2574	0.0091
6577.850	2.2722	0.0090
6580.780	2.2884	0.0091
6583.710	2.3076	0.0091
6586.640	2.3219	0.0095
6589.570	2.3309	0.0107
6592.500	2.3355	0.0112
6595.430	2.3491	0.0099
6598.360	2.3544	0.0099
6601.290	2.3596	0.0098
6604.220	2.3721	0.0096
6607.150	2.3636	0.0096
6610.080	2.3579	0.0100
6613.010	2.3585	0.0098
6615.940	2.3613	0.0099
6618.870	2.3563	0.0095
6621.800	2.3549	0.0097
6624.730	2.3579	0.0100
6627.660	2.3442	0.0095
6630.590	2.3405	0.0101
6633.520	2.3412	0.0103
6636.450	2.3462	0.0101
6639.380	2.3448	0.0102
6642.310	2.3394	0.0104
6645.240	2.3351	0.0105
6648.170	2.3301	0.0099
6651.100	2.3279	0.0096
6654.030	2.3262	0.0100
6656.960	2.3174	0.0094
6659.890	2.3141	0.0098
6662.820	2.2976	0.0102
6665.750	2.2891	0.0107
6668.680	2.2761	0.0093
6671.610	2.2539	0.0097
6674.540	2.2339	0.0134
6677.470	2.1931	0.0150
6680.400	2.1676	0.0116
6683.330	2.1752	0.0097
6686.260	2.2015	0.0094
6689.190	2.2210	0.0089
6692.120	2.2395	0.0088
6695.050	2.2545	0.0094
6697.980	2.2511	0.0101
6700.910	2.2586	0.0097
6703.840	2.2678	0.0098
6706.770	2.2599	0.0095
6709.700	2.2500	0.0100
6712.630	2.2598	0.0096
6715.560	2.2557	0.0094
6718.490	2.2460	0.0097
6721.420	2.2355	0.0105
6724.350	2.2352	0.0100
6727.280	2.2368	0.0099
6730.210	2.2310	0.0100
6733.140	2.2332	0.0096
6736.070	2.2352	0.0099
6739.000	2.2307	0.0093
6741.930	2.2323	0.0092
6744.860	2.2250	0.0097
6747.790	2.2219	0.0099
6750.720	2.2158	0.0095
6753.650	2.2116	0.0098
6756.580	2.2114	0.0093
6759.510	2.2084	0.0088
6762.440	2.2011	0.0087
6765.370	2.2025	0.0093
6768.300	2.1971	0.0094
6771.230	2.1965	0.0093
6774.160	2.1866	0.0095
6777.090	2.1751	0.0093
6780.020	2.1798	0.0091
6782.950	2.1750	0.0087
6785.880	2.1739	0.0085
6788.810	2.1661	0.0090
6791.740	2.1633	0.0091
6794.670	2.1662	0.0088
6797.600	2.1608	0.0088
6800.530	2.1585	0.0089
6803.460	2.1508	0.0085
6806.390	2.1414	0.0088
6809.320	2.1392	0.0087
6812.250	2.1451	0.0082
6815.180	2.1468	0.0084
6818.110	2.1346	0.0086
6821.040	2.1263	0.0086
6823.970	2.1205	0.0091
6826.900	2.1284	0.0095
6829.830	2.1295	0.0093
6832.760	2.1236	0.0091
6835.690	2.1154	0.0091
6838.620	2.1161	0.0092
6841.550	2.1122	0.0087
6844.480	2.1014	0.0088
6847.410	2.0931	0.0090
6850.340	2.0928	0.0089
6853.270	2.0898	0.0093
6856.200	2.0788	0.0093
6859.130	2.0793	0.0094
6862.060	2.0777	0.0091
6864.990	2.0759	0.0091
6867.920	2.0717	0.0096
6870.850	2.0658	0.0093
6873.780	2.0531	0.0090
6876.710	2.0583	0.0088
6879.640	2.0598	0.0087
6882.570	2.0544	0.0093
6885.500	2.0558	0.0100
6888.430	2.0519	0.0095
6891.360	2.0504	0.0091
6894.290	2.0378	0.0086
6897.220	2.0408	0.0084
6900.150	2.0343	0.0081
6903.080	2.0300	0.0083
6906.010	2.0271	0.0085
6908.940	2.0267	0.0088
6911.870	2.0256	0.0087
6914.800	2.0172	0.0085
6917.730	2.0082	0.0083
6920.660	2.0094	0.0085
6923.590	2.0142	0.0082
6926.520	2.0132	0.0082
6929.450	2.0129	0.0081
6932.380	2.0045	0.0081
6935.310	2.0000	0.0078
6938.240	1.9947	0.0081
6941.170	1.9920	0.0080
6944.100	1.9916	0.0081
6947.030	1.9887	0.0083
6949.960	1.9861	0.0084
6952.890	1.9769	0.0083
6955.820	1.9678	0.0082
6958.750	1.9704	0.0081
6961.680	1.9734	0.0082
6964.610	1.9641	0.0082
6967.540	1.9574	0.0083
6970.470	1.9564	0.0082
6973.400	1.9578	0.0081
6976.330	1.9587	0.0081
6979.260	1.9627	0.0084
6982.190	1.9543	0.0080
6985.120	1.9461	0.0080
6988.050	1.9412	0.0082
6990.980	1.9441	0.0087
6993.910	1.9369	0.0084
6996.840	1.9263	0.0082
6999.770	1.9239	0.0084
7002.700	1.9199	0.0084
7005.630	1.9179	0.0083
7008.560	1.9169	0.0082
7011.490	1.9123	0.0080
7014.420	1.9131	0.0076
7017.350	1.9079	0.0077
7020.280	1.9086	0.0080
7023.210	1.9082	0.0080
7026.140	1.9022	0.0080
7029.070	1.8976	0.0078
7032.000	1.9053	0.0075
7034.930	1.9075	0.0073
7037.860	1.8964	0.0074
7040.790	1.8854	0.0076
7043.720	1.8847	0.0077
7046.650	1.8840	0.0078
7049.580	1.8734	0.0075
7052.510	1.8690	0.0076
7055.440	1.8647	0.0077
7058.370	1.8578	0.0084
7061.300	1.8328	0.0091
7064.230	1.7922	0.0106
7067.160	1.7631	0.0091
7070.090	1.7741	0.0074
7073.020	1.8083	0.0074
7075.950	1.8324	0.0075
7078.880	1.8336	0.0075
7081.810	1.8311	0.0072
7084.740	1.8274	0.0075
7087.670	1.8313	0.0073
7090.600	1.8278	0.0071
7093.530	1.8208	0.0073
7096.460	1.8213	0.0073
7099.390	1.8231	0.0073
7102.320	1.8220	0.0076
7105.250	1.8214	0.0079
7108.180	1.8121	0.0079
7111.110	1.8074	0.0078
7114.040	1.8031	0.0073
7116.970	1.8014	0.0076
7119.900	1.8055	0.0078
7122.830	1.8075	0.0081
7125.760	1.8071	0.0077
7128.690	1.8000	0.0072
7131.620	1.7936	0.0073
7134.550	1.7888	0.0074
7137.480	1.7844	0.0073
7140.410	1.7780	0.0072
7143.340	1.7816	0.0079
7146.270	1.7841	0.0075
7149.200	1.7740	0.0078
7152.130	1.7708	0.0077
7155.060	1.7627	0.0075
7157.990	1.7553	0.0075
7160.920	1.7542	0.0074
7163.850	1.7529	0.0080
7166.780	1.7471	0.0080
7169.710	1.7431	0.0085
7172.640	1.7386	0.0086
7175.570	1.7366	0.0083
7178.500	1.7332	0.0081
7181.430	1.7354	0.0077
7184.360	1.7332	0.0077
7187.290	1.7334	0.0075
7190.220	1.7271	0.0074
7193.150	1.7208	0.0073
7196.080	1.7217	0.0073
7199.010	1.7175	0.0077
7201.940	1.7139	0.0075
7204.870	1.7148	0.0075
7207.800	1.7159	0.0072
7210.730	1.7116	0.0070
7213.660	1.7108	0.0070
7216.590	1.7123	0.0071
7219.520	1.7134	0.0073
7222.450	1.7109	0.0088
7225.380	1.7110	0.0085
7228.310	1.7041	0.0076
7231.240	1.6943	0.0076
7234.170	1.6959	0.0073
7237.100	1.6940	0.0074
7240.030	1.6926	0.0076
7242.960	1.6928	0.0077
7245.890	1.6926	0.0078
7248.820	1.6895	0.0076
7251.750	1.6866	0.0077
7254.680	1.6811	0.0074
7257.610	1.6806	0.0071
7260.540	1.6799	0.0071
7263.470	1.6743	0.0073
7266.400	1.6653	0.0072
7269.330	1.6656	0.0077
7272.260	1.6685	0.0077
7275.190	1.6560	0.0076
7278.120	1.6390	0.0078
7281.050	1.6314	0.0081
7283.980	1.6276	0.0074
7286.910	1.6234	0.0075
7289.840	1.6333	0.0079
7292.770	1.6416	0.0075
7295.700	1.6429	0.0074
7298.630	1.6400	0.0074
7301.560	1.6366	0.0074
7304.490	1.6369	0.0073
7307.420	1.6378	0.0073
7310.350	1.6357	0.0071
7313.280	1.6404	0.0071
7316.210	1.6381	0.0072
7319.140	1.6323	0.0068
7322.070	1.6312	0.0069
7325.000	1.6298	0.0071
7327.930	1.6268	0.0073
7330.860	1.6187	0.0071
7333.790	1.6140	0.0076
7336.720	1.6105	0.0078
7339.650	1.6125	0.0074
7342.580	1.6132	0.0071
7345.510	1.6096	0.0069
7348.440	1.6049	0.0068
7351.370	1.5997	0.0074
7354.300	1.5951	0.0075
7357.230	1.5946	0.0070
7360.160	1.5966	0.0070
7363.090	1.5971	0.0069
7366.020	1.5934	0.0070
7368.950	1.5857	0.0068
7371.880	1.5834	0.0068
7374.810	1.5827	0.0067
7377.740	1.5805	0.0070
7380.670	1.5786	0.0069
7383.600	1.5771	0.0071
7386.530	1.5795	0.0070
7389.460	1.5798	0.0068
7392.390	1.5731	0.0068
7395.320	1.5692	0.0067
7398.250	1.5581	0.0067
7401.180	1.5526	0.0066
7404.110	1.5529	0.0068
7407.040	1.5529	0.0068
7409.970	1.5511	0.0071
7412.900	1.5529	0.0073
7415.830	1.5526	0.0070
7418.760	1.5446	0.0067
7421.690	1.5455	0.0070
7424.620	1.5423	0.0070
7427.550	1.5417	0.0066
7430.480	1.5396	0.0066
7433.410	1.5360	0.0066
7436.340	1.5314	0.0065
7439.270	1.5268	0.0069
7442.200	1.5256	0.0067
7445.130	1.5312	0.0068
7448.060	1.5296	0.0068
7450.990	1.5189	0.0072
7453.920	1.5194	0.0073
7456.850	1.5178	0.0070
7459.780	1.5173	0.0072
7462.710	1.5115	0.0074
7465.640	1.5023	0.0074
7468.570	1.5006	0.0071
7471.500	1.5025	0.0071
7474.430	1.4983	0.0075
7477.360	1.4931	0.0071
7480.290	1.4913	0.0071
7483.220	1.4927	0.0069
7486.150	1.4950	0.0068
7489.080	1.4933	0.0066
7492.010	1.4850	0.0069
7494.940	1.4800	0.0069
7497.870	1.4750	0.0072
7500.800	1.4757	0.0069
7503.730	1.4762	0.0068
7506.660	1.4713	0.0068
7509.590	1.4700	0.0067
7512.520	1.4635	0.0067
7515.450	1.4626	0.0064
7518.380	1.4616	0.0066
7521.310	1.4601	0.0068
7524.240	1.4582	0.0069
7527.170	1.4567	0.0068
7530.100	1.4521	0.0068
7533.030	1.4490	0.0068
7535.960	1.4481	0.0064
7538.890	1.4445	0.0066
7541.820	1.4396	0.0068
7544.750	1.4356	0.0068
7547.680	1.4343	0.0062
7550.610	1.4311	0.0062
7553.540	1.4278	0.0061
7556.470	1.4278	0.0063
7559.400	1.4216	0.0063
7562.330	1.4161	0.0066
7565.260	1.4092	0.0070
7568.190	1.4107	0.0071
7571.120	1.4111	0.0066
7574.050	1.4050	0.0062
7576.980	1.4027	0.0062
7579.910	1.3970	0.0064
7582.840	1.3946	0.0068
7585.770	1.3951	0.0071
7588.700	1.3931	0.0073
7591.630	1.3948	0.0081
7594.560	1.3997	0.0090
7597.490	1.3892	0.0098
7600.420	1.3866	0.0100
7603.350	1.3883	0.0102
7606.280	1.3735	0.0097
7609.210	1.3552	0.0091
7612.140	1.3569	0.0081
7615.070	1.3731	0.0074
7618.000	1.3790	0.0064
7620.930	1.3752	0.0069
7623.860	1.3689	0.0079
7626.790	1.3665	0.0077
7629.720	1.3655	0.0077
7632.650	1.3640	0.0073
7635.580	1.3611	0.0069
7638.510	1.3608	0.0068
7641.440	1.3636	0.0075
7644.370	1.3702	0.0070
7647.300	1.3689	0.0067
7650.230	1.3648	0.0069
7653.160	1.3604	0.0066
7656.090	1.3591	0.0068
7659.020	1.3589	0.0071
7661.950	1.3573	0.0070
7664.880	1.3606	0.0067
7667.810	1.3551	0.0060
7670.740	1.3522	0.0060
7673.670	1.3548	0.0064
7676.600	1.3564	0.0065
7679.530	1.3480	0.0066
7682.460	1.3457	0.0063
7685.390	1.3446	0.0067
7688.320	1.3385	0.0065
7691.250	1.3394	0.0066
7694.180	1.3420	0.0063
7697.110	1.3372	0.0061
7700.040	1.3329	0.0062
7702.970	1.3296	0.0063
7705.900	1.3315	0.0062
7708.830	1.3346	0.0063
7711.760	1.3383	0.0063
7714.690	1.3354	0.0063
7717.620	1.3346	0.0060
7720.550	1.3274	0.0065
7723.480	1.3250	0.0067
7726.410	1.3240	0.0064
7729.340	1.3195	0.0065
7732.270	1.3177	0.0065
7735.200	1.3202	0.0061
7738.130	1.3191	0.0064
7741.060	1.3164	0.0060
7743.990	1.3089	0.0063
7746.920	1.3068	0.0060
7749.850	1.3064	0.0059
7752.780	1.3031	0.0059
7755.710	1.3088	0.0062
7758.640	1.3106	0.0060
7761.570	1.2997	0.0064
7764.500	1.2959	0.0062
7767.430	1.2964	0.0060
7770.360	1.2989	0.0063
7773.290	1.2960	0.0064
7776.220	1.2917	0.0062
7779.150	1.2910	0.0062
7782.080	1.2870	0.0060
7785.010	1.2781	0.0060
7787.940	1.2771	0.0060
7790.870	1.2834	0.0060
7793.800	1.2806	0.0057
7796.730	1.2754	0.0059
7799.660	1.2775	0.0060
7802.590	1.2750	0.0063
7805.520	1.2739	0.0068
7808.450	1.2762	0.0063
7811.380	1.2695	0.0060
7814.310	1.2597	0.0060
7817.240	1.2608	0.0062
7820.170	1.2673	0.0060
7823.100	1.2721	0.0060
7826.030	1.2632	0.0060
7828.960	1.2547	0.0062
7831.890	1.2501	0.0065
7834.820	1.2547	0.0061
7837.750	1.2525	0.0060
7840.680	1.2501	0.0060
7843.610	1.2377	0.0058
7846.540	1.2335	0.0062
7849.470	1.2418	0.0064
7852.400	1.2445	0.0063
7855.330	1.2485	0.0065
7858.260	1.2438	0.0061
7861.190	1.2435	0.0060
7864.120	1.2452	0.0061
7867.050	1.2417	0.0062
7869.980	1.2378	0.0064
7872.910	1.2267	0.0062
7875.840	1.2228	0.0062
7878.770	1.2232	0.0060
7881.700	1.2231	0.0061
7884.630	1.2185	0.0061
7887.560	1.2225	0.0061
7890.490	1.2222	0.0058
7893.420	1.2212	0.0058
7896.350	1.2250	0.0059
7899.280	1.2259	0.0063
7902.210	1.2213	0.0063
7905.140	1.2173	0.0064
7908.070	1.2100	0.0062
7911.000	1.2016	0.0065
7913.930	1.2115	0.0064
7916.860	1.2098	0.0062
7919.790	1.2006	0.0060
7922.720	1.1957	0.0064
7925.650	1.1940	0.0061
7928.580	1.1989	0.0059
7931.510	1.1972	0.0061
7934.440	1.1907	0.0060
7937.370	1.1892	0.0058
7940.300	1.1892	0.0057
7943.230	1.1920	0.0057
7946.160	1.1893	0.0057
7949.090	1.1919	0.0057
7952.020	1.1844	0.0057
7954.950	1.1765	0.0058
7957.880	1.1772	0.0060
7960.810	1.1728	0.0062
7963.740	1.1774	0.0063
7966.670	1.1807	0.0061
7969.600	1.1730	0.0059
7972.530	1.1711	0.0063
7975.460	1.1687	0.0061
7978.390	1.1702	0.0061
7981.320	1.1649	0.0059
7984.250	1.1607	0.0059
7987.180	1.1592	0.0062
7990.110	1.1637	0.0061
7993.040	1.1673	0.0059
7995.970	1.1625	0.0058
7998.900	1.1502	0.0058
8001.830	1.1478	0.0057
8004.760	1.1448	0.0056
8007.690	1.1471	0.0055
8010.620	1.1524	0.0054
8013.550	1.1531	0.0055
8016.480	1.1506	0.0058
8019.410	1.1474	0.0059
8022.340	1.1453	0.0059
8025.270	1.1576	0.0058
8028.200	1.1556	0.0061
8031.130	1.1435	0.0057
8034.060	1.1358	0.0056
8036.990	1.1364	0.0057
8039.920	1.1353	0.0057
8042.850	1.1276	0.0056
8045.780	1.1295	0.0057
8048.710	1.1273	0.0058
8051.640	1.1218	0.0057
8054.570	1.1166	0.0063
8057.500	1.1206	0.0058
8060.430	1.1248	0.0056
8063.360	1.1286	0.0057
8066.290	1.1253	0.0054
8069.220	1.1212	0.0057
8072.150	1.1216	0.0057
8075.080	1.1194	0.0057
8078.010	1.1183	0.0059
8080.940	1.1133	0.0060
8083.870	1.1101	0.0058
8086.800	1.1051	0.0054
8089.730	1.0969	0.0055
8092.660	1.0977	0.0055
8095.590	1.0983	0.0055
8098.520	1.0948	0.0056
8101.450	1.0890	0.0056
8104.380	1.0908	0.0057
8107.310	1.0909	0.0058
8110.240	1.0868	0.0056
8113.170	1.0910	0.0058
8116.100	1.0938	0.0061
8119.030	1.0879	0.0058
8121.960	1.0826	0.0057
8124.890	1.0826	0.0055
8127.820	1.0835	0.0054
8130.750	1.0810	0.0055
8133.680	1.0763	0.0054
8136.610	1.0753	0.0055
8139.540	1.0742	0.0055
8142.470	1.0691	0.0057
8145.400	1.0640	0.0053
8148.330	1.0702	0.0054
8151.260	1.0637	0.0054
8154.190	1.0636	0.0055
8157.120	1.0707	0.0058
8160.050	1.0654	0.0057
8162.980	1.0577	0.0061
8165.910	1.0553	0.0059
8168.840	1.0492	0.0063
8171.770	1.0443	0.0060
8174.700	1.0472	0.0059
8177.630	1.0450	0.0059
8180.560	1.0392	0.0061
8183.490	1.0339	0.0063
8186.420	1.0381	0.0060
8189.350	1.0356	0.0057
8192.280	1.0350	0.0056
8195.210	1.0351	0.0058
8198.140	1.0335	0.0054
8201.070	1.0276	0.0053
8204.000	1.0237	0.0054
8206.930	1.0220	0.0054
8209.860	1.0253	0.0052
8212.790	1.0284	0.0051
8215.720	1.0275	0.0052
8218.650	1.0201	0.0052
8221.580	1.0150	0.0055
8224.510	1.0070	0.0059
8227.440	0.9978	0.0064
8230.370	0.9998	0.0072
8233.300	1.0049	0.0065
8236.230	1.0005	0.0059
8239.160	1.0008	0.0054
8242.090	1.0018	0.0050
8245.020	0.9946	0.0050
8247.950	1.0035	0.0052
8250.880	0.9980	0.0051
8253.810	0.9909	0.0052
8256.740	0.9813	0.0055
8259.670	0.9881	0.0053
8262.600	0.9900	0.0054
8265.530	0.9898	0.0053
8268.460	0.9925	0.0052
8271.390	0.9943	0.0051
8274.320	0.9951	0.0052
8277.250	0.9974	0.0052
8280.180	0.9962	0.0053
8283.110	0.9922	0.0053
8286.040	0.9950	0.0052
8288.970	0.9970	0.0053
8291.900	0.9858	0.0055
8294.830	0.9852	0.0056
8297.760	0.9903	0.0055
8300.690	0.9881	0.0052
8303.620	0.9825	0.0051
8306.550	0.9795	0.0054
8309.480	0.9889	0.0055
8312.410	0.9826	0.0055
8315.340	0.9807	0.0056
8318.270	0.9826	0.0056
8321.200	0.9821	0.0055
8324.130	0.9853	0.0054
8327.060	0.9844	0.0058
8329.990	0.9852	0.0059
8332.920	0.9769	0.0057
8335.850	0.9726	0.0057
8338.780	0.9666	0.0057
8341.710	0.9764	0.0057
8344.640	0.9902	0.0056
8347.570	0.9713	0.0052
8350.500	0.9570	0.0054
8353.430	0.9744	0.0057
8356.360	0.9693	0.0053
8359.290	0.9684	0.0054
8362.220	0.9698	0.0056
8365.150	0.9683	0.0056
8368.080	0.9691	0.0053
8371.010	0.9668	0.0051
8373.940	0.9640	0.0050
8376.870	0.9639	0.0053
8379.800	0.9671	0.0058
8382.730	0.9683	0.0059
8385.660	0.9569	0.0054
8388.590	0.9563	0.0053
8391.520	0.9513	0.0052
8394.450	0.9599	0.0055
8397.380	0.9751	0.0056
8400.310	0.9677	0.0054
8403.240	0.9436	0.0049
8406.170	0.9434	0.0050
8409.100	0.9465	0.0052
8412.030	0.9523	0.0055
8414.960	0.9523	0.0058
8417.890	0.9425	0.0051
8420.820	0.9358	0.0051
8423.750	0.9401	0.0050
8426.680	0.9466	0.0054
8429.610	0.9651	0.0060
8432.540	0.9570	0.0054
8435.470	0.9308	0.0054
8438.400	0.9276	0.0055
8441.330	0.9358	0.0052
8444.260	0.9307	0.0051
8447.190	0.9256	0.0051
8450.120	0.9383	0.0059
8453.050	0.9301	0.0053
8455.980	0.9255	0.0052
8458.910	0.9218	0.0057
8461.840	0.9331	0.0056
8464.770	0.9431	0.0056
8467.700	0.9366	0.0054
8470.630	0.9228	0.0051
8473.560	0.9222	0.0050
8476.490	0.9217	0.0054
8479.420	0.9289	0.0053
8482.350	0.9191	0.0053
8485.280	0.9178	0.0056
8488.210	0.9211	0.0056
8491.140	0.9191	0.0056
8494.070	0.9255	0.0063
8497.000	0.9261	0.0078
8499.930	0.9131	0.0064
8502.860	0.9110	0.0056
8505.790	0.9069	0.0056
8508.720	0.9016	0.0054
8511.650	0.9040	0.0052
8514.580	0.9021	0.0055
8517.510	0.8984	0.0052
8520.440	0.9000	0.0052
8523.370	0.8994	0.0051
8526.300	0.8939	0.0053
8529.230	0.8901	0.0058
8532.160	0.8969	0.0055
8535.090	0.9089	0.0055
8538.020	0.9210	0.0085
8540.950	0.9221	0.0102
8543.880	0.9062	0.0079
8546.810	0.9010	0.0055
8549.740	0.8973	0.0059
8552.670	0.8846	0.0054
8555.600	0.8816	0.0051
8558.530	0.8832	0.0049
8561.460	0.8845	0.0050
8564.390	0.8849	0.0051
8567.320	0.8846	0.0050
8570.250	0.8825	0.0050
8573.180	0.8841	0.0052
8576.110	0.8827	0.0051
8579.040	0.8815	0.0053
8581.970	0.8815	0.0055
8584.900	0.8782	0.0054
8587.830	0.8737	0.0053
8590.760	0.8743	0.0048
8593.690	0.8721	0.0048
8596.620	0.8758	0.0049
8599.550	0.8701	0.0053
8602.480	0.8636	0.0051
8605.410	0.8683	0.0048
8608.340	0.8707	0.0046
8611.270	0.8756	0.0048
8614.200	0.8699	0.0051
8617.130	0.8710	0.0050
8620.060	0.8644	0.0053
8622.990	0.8671	0.0061
8625.920	0.8576	0.0055
8628.850	0.8579	0.0051
8631.780	0.8670	0.0050
8634.710	0.8535	0.0056
8637.640	0.8517	0.0055
8640.570	0.8527	0.0055
8643.500	0.8488	0.0053
8646.430	0.8472	0.0053
8649.360	0.8447	0.0054
8652.290	0.8527	0.0053
8655.220	0.8551	0.0048
8658.150	0.8600	0.0076
8661.080	0.8681	0.0088
8664.010	0.8558	0.0072
8666.940	0.8398	0.0056
8669.870	0.8428	0.0054
8672.800	0.8436	0.0052
8675.730	0.8355	0.0051
8678.660	0.8387	0.0052
8681.590	0.8386	0.0049
8684.520	0.8375	0.0049
8687.450	0.8381	0.0049
8690.380	0.8348	0.0049
8693.310	0.8357	0.0048
8696.240	0.8380	0.0047
8699.170	0.8376	0.0048
8702.100	0.8375	0.0049
8705.030	0.8372	0.0050
8707.960	0.8329	0.0049
8710.890	0.8301	0.0049
8713.820	0.8298	0.0049
8716.750	0.8270	0.0047
8719.680	0.8167	0.0047
8722.610	0.8248	0.0049
8725.540	0.8262	0.0046
8728.470	0.8265	0.0046
8731.400	0.8252	0.0044
8734.330	0.8233	0.0046
8737.260	0.8267	0.0048
8740.190	0.8135	0.0046
8743.120	0.8135	0.0046
8746.050	0.8134	0.0047
8748.980	0.8147	0.0047
8751.910	0.8094	0.0050
8754.840	0.8128	0.0048
8757.770	0.8186	0.0049
8760.700	0.8144	0.0049
8763.630	0.8082	0.0050
8766.560	0.8224	0.0051
8769.490	0.8116	0.0053
8772.420	0.8016	0.0052
8775.350	0.8212	0.0053
8778.280	0.8149	0.0051
8781.210	0.8030	0.0053
8784.140	0.7961	0.0052
8787.070	0.7995	0.0053
8790.000	0.8004	0.0050
8792.930	0.7998	0.0047
8795.860	0.7922	0.0045
8798.790	0.7913	0.0046
8801.720	0.7987	0.0049
8804.650	0.8064	0.0052
8807.580	0.8011	0.0050
8810.510	0.7958	0.0054
8813.440	0.7942	0.0054
8816.370	0.7871	0.0054
8819.300	0.7789	0.0051
8822.230	0.7834	0.0051
8825.160	0.8146	0.0052
8828.090	0.7989	0.0050
8831.020	0.7709	0.0048
8833.950	0.7902	0.0050
8836.880	0.7959	0.0050
8839.810	0.7841	0.0048
8842.740	0.7825	0.0047
8845.670	0.7875	0.0048
8848.600	0.7861	0.0053
8851.530	0.7797	0.0052
8854.460	0.7758	0.0050
8857.390	0.7713	0.0049
8860.320	0.7692	0.0047
8863.250	0.7734	0.0048
8866.180	0.7866	0.0051
8869.110	0.7883	0.0051
8872.040	0.7722	0.0047
8874.970	0.7711	0.0048
8877.900	0.7641	0.0046
8880.830	0.7726	0.0047
8883.760	0.7961	0.0050
8886.690	0.7862	0.0047
8889.620	0.7557	0.0044
8892.550	0.7573	0.0048
8895.480	0.7622	0.0051
8898.410	0.7640	0.0052
8901.340	0.7652	0.0051
8904.270	0.7589	0.0052
8907.200	0.7495	0.0050
8910.130	0.7475	0.0049
8913.060	0.7474	0.0050
8915.990	0.7740	0.0049
8918.920	0.7892	0.0048
8921.850	0.7755	0.0049
8924.780	0.7531	0.0052
8927.710	0.7531	0.0051
8930.640	0.7478	0.0049
8933.570	0.7455	0.0048
8936.500	0.7450	0.0048
8939.430	0.7498	0.0052
8942.360	0.7513	0.0049
8945.290	0.7552	0.0049
8948.220	0.7381	0.0048
8951.150	0.7485	0.0048
8954.080	0.7622	0.0050
8957.010	0.7714	0.0049
8959.940	0.7500	0.0047
8962.870	0.7294	0.0046
8965.800	0.7377	0.0049
8968.730	0.7401	0.0049
8971.660	0.7411	0.0051
8974.590	0.7367	0.0052
8977.520	0.7303	0.0049
8980.450	0.7288	0.0047
8983.380	0.7406	0.0048
8986.310	0.7433	0.0051
8989.240	0.7368	0.0051
8992.170	0.7315	0.0051
8995.100	0.7318	0.0051
8998.030	0.7361	0.0051
9000.960	0.7345	0.0050
9003.890	0.7265	0.0048
9006.820	0.7190	0.0049
9009.750	0.7231	0.0050
9012.680	0.7280	0.0054
9015.610	0.7332	0.0056
9018.540	0.7292	0.0050
9021.470	0.7291	0.0049
9024.400	0.7279	0.0050
9027.330	0.7292	0.0053
9030.260	0.7284	0.0048
9033.190	0.7180	0.0044
9036.120	0.7223	0.0045
9039.050	0.7195	0.0044
9041.980	0.7120	0.0047
9044.910	0.7125	0.0047
9047.840	0.7144	0.0050
9050.770	0.7077	0.0049
9053.700	0.7050	0.0048
9056.630	0.7136	0.0045
9059.560	0.7178	0.0046
9062.490	0.7142	0.0048
9065.420	0.7090	0.0049
9068.350	0.7070	0.0051
9071.280	0.7055	0.0049
9074.210	0.7048	0.0050
9077.140	0.7080	0.0049
9080.070	0.7076	0.0050
9083.000	0.7098	0.0049
9085.930	0.7075	0.0048
9088.860	0.7072	0.0049
9091.790	0.7052	0.0050
9094.720	0.7008	0.0047
9097.650	0.7010	0.0047
9100.580	0.7014	0.0049
9103.510	0.6930	0.0048
9106.440	0.6965	0.0049
9109.370	0.6937	0.0050
9112.300	0.6936	0.0051
9115.230	0.6936	0.0052
9118.160	0.6878	0.0052
9121.090	0.6937	0.0048
9124.020	0.6910	0.0046
9126.950	0.6897	0.0047
9129.880	0.6886	0.0050
9132.810	0.6841	0.0051
9135.740	0.6783	0.0050
9138.670	0.6802	0.0050
9141.600	0.6816	0.0047
9144.530	0.6822	0.0048
9147.460	0.6816	0.0047
9150.390	0.6897	0.0048
9153.320	0.6860	0.0052
9156.250	0.6885	0.0050
9159.180	0.6809	0.0050
9162.110	0.6829	0.0049
9165.040	0.6817	0.0050
9167.970	0.6745	0.0048
9170.900	0.6680	0.0047
9173.830	0.6683	0.0050
9176.760	0.6664	0.0050
9179.690	0.6698	0.0050
9182.620	0.6706	0.0050
9185.550	0.6778	0.0047
9188.480	0.6750	0.0046
9191.410	0.6780	0.0048
9194.340	0.6782	0.0047
9197.270	0.6716	0.0049
9200.200	0.6691	0.0049
9203.130	0.6630	0.0049
9206.060	0.6653	0.0049
9208.990	0.6648	0.0048
9211.920	0.6653	0.0049
9214.850	0.6668	0.0048
9217.780	0.6595	0.0049
9220.710	0.6537	0.0048
9223.640	0.6578	0.0048
9226.570	0.6607	0.0048
9229.500	0.6647	0.0051
9232.430	0.6704	0.0050
9235.360	0.6666	0.0048
9238.290	0.6648	0.0047
9241.220	0.6590	0.0049
9244.150	0.6512	0.0049
9247.080	0.6540	0.0052
9250.010	0.6475	0.0051
9252.940	0.6421	0.0050
9255.870	0.6456	0.0047
9258.800	0.6441	0.0048
9261.730	0.6451	0.0048
9264.660	0.6464	0.0048
9267.590	0.6466	0.0049
9270.520	0.6428	0.0050
9273.450	0.6411	0.0050
9276.380	0.6342	0.0052
9279.310	0.6306	0.0054
9282.240	0.6288	0.0051
9285.170	0.6341	0.0049
9288.100	0.6369	0.0049
9291.030	0.6355	0.0048
9293.960	0.6372	0.0050
9296.890	0.6365	0.0052
9299.820	0.6331	0.0055
9302.750	0.6374	0.0058
9305.680	0.6439	0.0056
9308.610	0.6424	0.0057
9311.540	0.6405	0.0057
9314.470	0.6337	0.0062
9317.400	0.6125	0.0060
9320.330	0.6252	0.0063
9323.260	0.6225	0.0066
9326.190	0.6004	0.0063
9329.120	0.6016	0.0059
9332.050	0.6079	0.0061
9334.980	0.6076	0.0064
9337.910	0.6082	0.0067
9340.840	0.5945	0.0066
9343.770	0.5885	0.0066
9346.700	0.5964	0.0061
9349.630	0.5910	0.0057
9352.560	0.5888	0.0060
9355.490	0.5932	0.0064
9358.420	0.5879	0.0062
9361.350	0.5820	0.0060
9364.280	0.5781	0.0060
9367.210	0.5782	0.0065
9370.140	0.5856	0.0066
9373.070	0.6201	0.0063
9376.000	0.6154	0.0064
9378.930	0.5877	0.0065
9381.860	0.6014	0.0065
9384.790	0.6071	0.0061
9387.720	0.6119	0.0058
9390.650	0.6077	0.0056
9393.580	0.5993	0.0057
9396.510	0.5946	0.0054
9399.440	0.6021	0.0054
9402.370	0.6048	0.0056
9405.300	0.6071	0.0058
9408.230	0.6062	0.0059
9411.160	0.5979	0.0064
9414.090	0.6029	0.0061
9417.020	0.6119	0.0057
9419.950	0.6127	0.0057
9422.880	0.6029	0.0060
9425.810	0.5960	0.0064
9428.740	0.5898	0.0066
9431.670	0.5945	0.0062
9434.600	0.6015	0.0058
9437.530	0.6328	0.0064
9440.460	0.6184	0.0069
9443.390	0.5999	0.0066
9446.320	0.6027	0.0060
9449.250	0.6036	0.0058
9452.180	0.5979	0.0059
9455.110	0.5970	0.0061
9458.040	0.5927	0.0062
9460.970	0.5833	0.0061
9463.900	0.5746	0.0060
9466.830	0.5821	0.0060
9469.760	0.5808	0.0059
9472.690	0.5936	0.0060
9475.620	0.6021	0.0060
9478.550	0.6000	0.0062
9481.480	0.5940	0.0063
9484.410	0.6022	0.0060
9487.340	0.5927	0.0060
9490.270	0.5943	0.0060
9493.200	0.5879	0.0064
9496.130	0.5741	0.0065
9499.060	0.5808	0.0068
9501.990	0.5808	0.0062
9504.920	0.5799	0.0058
9507.850	0.5872	0.0055
9510.780	0.5880	0.0059
9513.710	0.5897	0.0064
9516.640	0.6023	0.0067
9519.570	0.5992	0.0066
9522.500	0.5942	0.0062
9525.430	0.5844	0.0060
9528.360	0.5735	0.0058
9531.290	0.5750	0.0057
9534.220	0.5791	0.0057
9537.150	0.5894	0.0061
9540.080	0.5837	0.0062
9543.010	0.5810	0.0065
9545.940	0.5827	0.0065
9548.870	0.5882	0.0064
9551.800	0.5904	0.0064
9554.730	0.5850	0.0062
9557.660	0.5710	0.0064
9560.590	0.5700	0.0063
9563.520	0.5842	0.0064
9566.450	0.5886	0.0068
9569.380	0.5824	0.0065
9572.310	0.5728	0.0061
9575.240	0.5734	0.0058
9578.170	0.5715	0.0061
9581.100	0.5689	0.0060
9584.030	0.5761	0.0061
9586.960	0.5877	0.0065
9589.890	0.5902	0.0067
9592.820	0.5814	0.0068
9595.750	0.5693	0.0066
9598.680	0.5761	0.0064
9601.610	0.5774	0.0066
9604.540	0.5785	0.0067
9607.470	0.5820	0.0070
9610.400	0.5753	0.0072
9613.330	0.5731	0.0071
9616.260	0.5801	0.0069
9619.190	0.5874	0.0076
9622.120	0.5832	0.0080
9625.050	0.5742	0.0078
9627.980	0.5773	0.0074
9630.910	0.5767	0.0071
9633.840	0.5734	0.0071
9636.770	0.5726	0.0075
9639.700	0.5761	0.0075
9642.630	0.5783	0.0075
9645.560	0.5735	0.0077
9648.490	0.5644	0.0075
9651.420	0.5675	0.0077
9654.350	0.5701	0.0077
9657.280	0.5755	0.0077
9660.210	0.5742	0.0082
9663.140	0.5774	0.0083
9666.070	0.5819	0.0083
9669.000	0.5834	0.0080
9671.930	0.5806	0.0085
9674.860	0.5716	0.0087
9677.790	0.5789	0.0088
9680.720	0.5704	0.0083
9683.650	0.5711	0.0088
9686.580	0.5766	0.0089
9689.510	0.5833	0.0089
9692.440	0.5804	0.0089
9695.370	0.5773	0.0089
9698.300	0.5844	0.0087
9701.230	0.5880	0.0092
