3298.680	14.1859	0.1214
3301.060	14.0812	0.1391
3303.440	14.1478	0.1317
3305.820	14.1677	0.1152
3308.200	14.1183	0.1174
3310.580	14.0608	0.1281
3312.960	13.9633	0.1227
3315.340	14.0103	0.1259
3317.720	14.0721	0.1266
3320.100	14.1031	0.1396
3322.480	14.1034	0.1211
3324.860	13.9474	0.1155
3327.240	13.8477	0.1137
3329.620	13.7591	0.1070
3332.000	13.7490	0.1193
3334.380	13.5696	0.1110
3336.760	13.6012	0.1066
3339.140	13.5569	0.1035
3341.520	13.5764	0.1039
3343.900	13.6964	0.1022
3346.280	13.6705	0.0929
3348.660	13.6888	0.1071
3351.040	13.6780	0.0991
3353.420	13.5413	0.1097
3355.800	13.5233	0.1247
3358.180	13.4755	0.1177
3360.560	13.6547	0.1230
3362.940	13.5530	0.1088
3365.320	13.5042	0.1128
3367.700	13.3968	0.1021
3370.080	13.3252	0.1085
3372.460	13.2837	0.1082
3374.840	13.2659	0.1091
3377.220	13.0785	0.1197
3379.600	13.1344	0.0841
3381.980	13.1387	0.0844
3384.360	13.2162	0.0940
3386.740	13.2482	0.1097
3389.120	13.3275	0.0989
3391.500	13.2971	0.0969
3393.880	13.2966	0.1091
3396.260	13.1135	0.0948
3398.640	13.0648	0.1115
3401.020	13.0339	0.1116
3403.400	13.0817	0.0972
3405.780	13.0940	0.0882
3408.160	13.0196	0.0839
3410.540	13.0545	0.0850
3412.920	12.9488	0.0954
3415.300	12.8616	0.0907
3417.680	12.8265	0.0982
3420.060	12.8628	0.1068
3422.440	12.9130	0.0959
3424.820	12.8630	0.0786
3427.200	12.8463	0.0797
3429.580	12.9345	0.1008
3431.960	12.8623	0.1043
3434.340	12.8010	0.1024
3436.720	12.7165	0.1050
3439.100	12.7855	0.0981
3441.480	12.8236	0.1054
3443.860	12.7245	0.1007
3446.240	12.6076	0.0851
3448.620	12.6768	0.1052
3451.000	12.7014	0.1028
3453.380	12.5859	0.0977
3455.760	12.5519	0.0900
3458.140	12.5652	0.0814
3460.520	12.4892	0.0843
3462.900	12.4797	0.0845
3465.280	12.4873	0.1036
3467.660	12.4984	0.0981
3470.040	12.4489	0.1057
3472.420	12.5221	0.0895
3474.800	12.4858	0.0898
3477.180	12.4414	0.1011
3479.560	12.4152	0.1094
3481.940	12.3259	0.1011
3484.320	12.2702	0.0970
3486.700	12.2469	0.0961
3489.080	12.2532	0.0855
3491.460	12.2352	0.0924
3493.840	12.2855	0.0827
3496.220	12.3618	0.0877
3498.600	12.2670	0.0804
3500.980	12.1309	0.0972
3503.360	12.1489	0.1027
3505.740	12.1680	0.0946
3508.120	12.1919	0.0821
3510.500	12.1375	0.0802
3512.880	12.1277	0.0842
3515.260	11.9684	0.0874
3517.640	12.0291	0.0705
3520.020	12.0031	0.0732
3522.400	11.9837	0.0824
3524.780	12.0773	0.1042
3527.160	11.8849	0.0834
3529.540	11.9875	0.0711
3531.920	11.8722	0.0770
3534.300	11.8798	0.0725
3536.680	11.8522	0.0755
3539.060	11.8653	0.0772
3541.440	11.9308	0.0809
3543.820	11.9149	0.0856
3546.200	11.8743	0.0972
3548.580	11.9470	0.0824
3550.960	11.9050	0.0918
3553.340	11.8156	0.0933
3555.720	11.8536	0.1018
3558.100	11.8598	0.0989
3560.480	11.7899	0.0856
3562.860	11.7971	0.0741
3565.240	11.6771	0.0781
3567.620	11.6602	0.0736
3570.000	11.6445	0.0940
3572.380	11.6158	0.0772
3574.760	11.5310	0.0743
3577.140	11.4433	0.0816
3579.520	11.5043	0.0834
3581.900	11.5206	0.0863
3584.280	11.5555	0.0875
3586.660	11.5852	0.0839
3589.040	11.6120	0.0785
3591.420	11.4673	0.0814
3593.800	11.4843	0.0944
3596.180	11.4140	0.0966
3598.560	11.4730	0.0908
3600.940	11.5337	0.0752
3603.320	11.3885	0.0734
3605.700	11.4175	0.0753
3608.080	11.3377	0.0750
3610.460	11.3837	0.0840
3612.840	11.3286	0.0946
3615.220	11.2126	0.0884
3617.600	11.4241	0.0680
3619.980	11.4106	0.0837
3622.360	11.3478	0.0790
3624.740	11.1967	0.0954
3627.120	11.2017	0.0917
3629.500	11.1889	0.0821
3631.880	11.2855	0.0905
3634.260	11.2159	0.0844
3636.640	11.0308	0.0852
3639.020	11.1067	0.0785
3641.400	11.1445	0.0729
3643.780	11.0405	0.0738
3646.160	10.9736	0.0695
3648.540	10.9983	0.0759
3650.920	10.9852	0.0622
3653.300	11.0117	0.0775
3655.680	10.8354	0.0764
3658.060	10.8461	0.0771
3660.440	10.8834	0.0636
3662.820	10.9008	0.0628
3665.200	10.9036	0.0647
3667.580	10.8948	0.0702
3669.960	10.8690	0.0757
3672.340	10.8386	0.0852
3674.720	10.8079	0.0766
3677.100	10.8633	0.0700
3679.480	10.8764	0.0669
3681.860	10.8304	0.0692
3684.240	10.8173	0.0741
3686.620	10.7900	0.0728
3689.000	10.7517	0.0730
3691.380	10.7230	0.0749
3693.760	10.6263	0.0726
3696.140	10.6565	0.0720
3698.520	10.6150	0.0726
3700.900	10.6443	0.0873
3703.280	10.6854	0.0789
3705.660	10.6192	0.0724
3708.040	10.5630	0.0664
3710.420	10.5107	0.0736
3712.800	10.5492	0.0767
3715.180	10.5160	0.0836
3717.560	10.5053	0.0728
3719.940	10.5775	0.0845
3722.320	10.5749	0.0675
3724.700	10.4213	0.0736
3727.080	10.4094	0.0798
3729.460	10.5449	0.0794
3731.840	10.5837	0.0817
3734.220	10.6059	0.0812
3736.600	10.4481	0.0673
3738.980	10.2816	0.0864
3741.360	10.2419	0.0819
3743.740	10.2613	0.0580
3746.120	10.3680	0.0721
3748.500	10.4142	0.0766
3750.880	10.3757	0.0772
3753.260	10.2607	0.1019
3755.640	10.2119	0.0821
3758.020	10.2751	0.0579
3760.400	10.3013	0.0650
3762.780	10.1687	0.0670
3765.160	10.1434	0.0716
3767.540	10.1485	0.0691
3769.920	10.1695	0.0777
3772.300	10.1340	0.0739
3774.680	10.1529	0.0631
3777.060	10.2042	0.0580
3779.440	10.1961	0.0563
3781.820	10.1394	0.0616
3784.200	10.0756	0.0596
3786.580	10.0037	0.0675
3788.960	9.9752	0.0587
3791.340	9.9319	0.0630
3793.720	9.8570	0.0672
3796.100	9.8900	0.0738
3798.480	9.9182	0.0687
3800.860	9.9476	0.0631
3803.240	9.9639	0.0626
3805.620	9.9369	0.0692
3808.000	10.0053	0.0587
3810.380	10.0520	0.0639
3812.760	10.0804	0.0714
3815.140	10.0802	0.0822
3817.520	10.0315	0.0779
3819.900	9.9356	0.0776
3822.280	9.8645	0.0670
3824.660	9.7188	0.0565
3827.040	9.6508	0.0539
3829.420	9.5718	0.0567
3831.800	9.5007	0.0549
3834.180	9.4817	0.0623
3836.560	9.4057	0.0592
3838.940	9.3526	0.0647
3841.320	9.4744	0.0542
3843.700	9.5857	0.0749
3846.080	9.7078	0.0767
3848.460	9.8697	0.0632
3850.840	9.9859	0.0635
3853.220	10.0901	0.0575
3855.600	10.1722	0.0558
3857.980	10.2651	0.0633
3860.360	10.2292	0.0606
3862.740	10.0797	0.0814
3865.120	9.9628	0.0806
3867.500	9.9440	0.0656
3869.880	9.9016	0.0664
3872.260	9.6672	0.0557
3874.640	9.5124	0.0589
3877.020	9.2811	0.0529
3879.400	9.0416	0.0552
3881.780	8.8336	0.0583
3884.160	8.6457	0.0575
3886.540	8.5115	0.0638
3888.920	8.3542	0.0626
3891.300	8.3342	0.0460
3893.680	8.4893	0.0527
3896.060	8.6886	0.0584
3898.440	9.0107	0.0529
3900.820	9.3024	0.0470
3903.200	9.5264	0.0462
3905.580	9.7593	0.0515
3907.960	9.9966	0.0607
3910.340	10.0957	0.0698
3912.720	10.2339	0.0734
3915.100	10.3367	0.0720
3917.480	10.4845	0.0693
3919.860	10.5660	0.0697
3922.240	10.5284	0.0709
3924.620	10.5672	0.0707
3927.000	10.6200	0.0852
3929.380	10.8181	0.0801
3931.760	10.9523	0.1187
3934.140	10.9284	0.1209
3936.520	10.6079	0.0911
3938.900	10.3220	0.0809
3941.280	10.1504	0.0679
3943.660	9.9856	0.0774
3946.040	9.7820	0.0600
3948.420	9.5318	0.0665
3950.800	9.2857	0.0666
3953.180	8.9993	0.0673
3955.560	8.6890	0.0603
3957.940	8.3797	0.0618
3960.320	8.0207	0.0624
3962.700	7.6948	0.0571
3965.080	7.4912	0.0683
3967.460	7.2600	0.0857
3969.840	7.0191	0.0804
3972.220	6.8596	0.0535
3974.600	7.0443	0.0559
3976.980	7.3537	0.0576
3979.360	7.6999	0.0672
3981.740	8.0396	0.0727
3984.120	8.3789	0.0599
3986.500	8.7501	0.0581
3988.880	9.0550	0.0723
3991.260	9.2361	0.0728
3993.640	9.4862	0.0671
3996.020	9.8272	0.0696
3998.400	10.1542	0.0755
4000.780	10.4273	0.0767
4003.160	10.5690	0.0729
4005.540	10.7866	0.0682
4007.920	11.0261	0.0603
4010.300	11.1411	0.0689
4012.680	11.2406	0.0726
4015.060	11.3563	0.0654
4017.440	11.4393	0.0615
4019.820	11.5236	0.0679
4022.200	11.6219	0.0804
4024.580	11.6505	0.0870
4026.960	11.6332	0.0720
4029.340	11.6040	0.0617
4031.720	11.6053	0.0499
4034.100	11.6603	0.0481
4036.480	11.6789	0.0583
4038.860	11.6061	0.0664
4041.240	11.5379	0.0597
4043.620	11.5655	0.0687
4046.000	11.4519	0.0581
4048.380	11.4049	0.0579
4050.760	11.2928	0.0636
4053.140	11.1754	0.0595
4055.520	11.0726	0.0567
4057.900	10.8703	0.0581
4060.280	10.5786	0.0547
4062.660	10.4356	0.0537
4065.040	10.2126	0.0560
4067.420	10.0718	0.0567
4069.800	9.8053	0.0579
4072.180	9.5560	0.0590
4074.560	9.3595	0.0549
4076.940	9.0754	0.0545
4079.320	8.8162	0.0522
4081.700	8.4687	0.0504
4084.080	8.1762	0.0461
4086.460	7.9018	0.0496
4088.840	7.5334	0.0506
4091.220	7.1506	0.0487
4093.600	6.7796	0.0469
4095.980	6.4697	0.0516
4098.360	6.1724	0.0571
4100.740	5.8650	0.0558
4103.120	5.7700	0.0450
4105.500	5.8817	0.0422
4107.880	6.2330	0.0393
4110.260	6.6721	0.0399
4112.640	7.0145	0.0380
4115.020	7.3047	0.0408
4117.400	7.6603	0.0422
4119.780	7.9548	0.0462
4122.160	8.2063	0.0441
4124.540	8.5719	0.0585
4126.920	8.8436	0.0579
4129.300	8.9820	0.0483
4131.680	9.2033	0.0547
4134.060	9.4368	0.0567
4136.440	9.6455	0.0577
4138.820	9.8067	0.0581
4141.200	9.9761	0.0641
4143.580	10.2023	0.0642
4145.960	10.3562	0.0558
4148.340	10.4936	0.0595
4150.720	10.7578	0.0632
4153.100	10.9228	0.0628
4155.480	11.0094	0.0639
4157.860	11.1125	0.0631
4160.240	11.2315	0.0697
4162.620	11.3621	0.0713
4165.000	11.4761	0.0658
4167.380	11.5296	0.0642
4169.760	11.6333	0.0541
4172.140	11.7862	0.0645
4174.520	11.8150	0.0684
4176.900	11.8037	0.0614
4179.280	11.8165	0.0630
4181.660	11.8976	0.0558
4184.040	11.9722	0.0581
4186.420	12.0241	0.0655
4188.800	12.0337	0.0704
4191.180	12.0731	0.0775
4193.560	12.1807	0.0693
4195.940	12.2171	0.0728
4198.320	12.2541	0.0781
4200.700	12.2586	0.0721
4203.080	12.2708	0.0667
4205.460	12.2874	0.0675
4207.840	12.2908	0.0633
4210.220	12.2539	0.0652
4212.600	12.2963	0.0656
4214.980	12.3155	0.0666
4217.360	12.2201	0.0606
4219.740	12.1395	0.0645
4222.120	12.2059	0.0540
4224.500	12.2847	0.0814
4226.880	12.1702	0.0621
4229.260	12.1217	0.0607
4231.640	12.0822	0.0780
4234.020	12.0655	0.0650
4236.400	12.0479	0.0605
4238.780	11.9487	0.0602
4241.160	11.9460	0.0647
4243.540	11.8792	0.0620
4245.920	11.7983	0.0598
4248.300	11.7170	0.0654
4250.680	11.6441	0.0663
4253.060	11.5655	0.0602
4255.440	11.5191	0.0619
4257.820	11.4697	0.0624
4260.200	11.3415	0.0598
4262.580	11.2567	0.0592
4264.960	11.1204	0.0643
4267.340	11.0050	0.0605
4269.720	10.9125	0.0617
4272.100	10.8710	0.0662
4274.480	10.7326	0.0566
4276.860	10.6030	0.0595
4279.240	10.4498	0.0569
4281.620	10.3699	0.0550
4284.000	10.2301	0.0584
4286.380	10.0680	0.0555
4288.760	9.8751	0.0588
4291.140	9.6892	0.0524
4293.520	9.5550	0.0545
4295.900	9.4013	0.0567
4298.280	9.2305	0.0568
4300.660	9.1285	0.0534
4303.040	8.9304	0.0500
4305.420	8.7323	0.0455
4307.800	8.5286	0.0549
4310.180	8.2868	0.0591
4312.560	8.0182	0.0504
4314.940	7.7740	0.0537
4317.320	7.5120	0.0618
4319.700	7.2776	0.0503
4322.080	7.0779	0.0438
4324.460	6.8169	0.0488
4326.840	6.5021	0.0414
4329.220	6.2187	0.0405
4331.600	5.8787	0.0435
4333.980	5.6025	0.0408
4336.360	5.3225	0.0437
4338.740	5.0722	0.0499
4341.120	4.8394	0.0430
4343.500	4.8859	0.0334
4345.880	5.1967	0.0334
4348.260	5.4850	0.0311
4350.640	5.8141	0.0329
4353.020	6.1361	0.0330
4355.400	6.3928	0.0314
4357.780	6.5991	0.0326
4360.160	6.7870	0.0358
4362.540	6.9880	0.0383
4364.920	7.2856	0.0397
4367.300	7.5107	0.0445
4369.680	7.6814	0.0455
4372.060	7.8589	0.0446
4374.440	8.0842	0.0485
4376.820	8.2835	0.0521
4379.200	8.4602	0.0548
4381.580	8.6159	0.0555
4383.960	8.7444	0.0531
4386.340	8.9489	0.0596
4388.720	9.0674	0.0549
4391.100	9.1813	0.0466
4393.480	9.2626	0.0501
4395.860	9.3592	0.0496
4398.240	9.4723	0.0481
4400.620	9.5858	0.0478
4403.000	9.6652	0.0582
4405.380	9.8008	0.0507
4407.760	9.9092	0.0493
4410.140	9.9545	0.0554
4412.520	10.0402	0.0548
4414.900	10.0870	0.0485
4417.280	10.1024	0.0550
4419.660	10.1303	0.0547
4422.040	10.2010	0.0569
4424.420	10.2913	0.0580
4426.800	10.3670	0.0543
4429.180	10.4049	0.0545
4431.560	10.4521	0.0567
4433.940	10.5364	0.0559
4436.320	10.5443	0.0597
4438.700	10.5626	0.0541
4441.080	10.5788	0.0585
4443.460	10.6348	0.0542
4445.840	10.6296	0.0585
4448.220	10.6044	0.0590
4450.600	10.6647	0.0565
4452.980	10.7888	0.0555
4455.360	10.8957	0.0568
4457.740	10.8629	0.0589
4460.120	10.8239	0.0540
4462.500	10.8939	0.0525
4464.880	10.9179	0.0633
4467.260	10.9310	0.0779
4469.640	10.9366	0.0783
4472.020	10.8948	0.0656
4474.400	10.9065	0.0518
4476.780	10.9296	0.0558
4479.160	10.9391	0.0548
4481.540	10.9894	0.0521
4483.920	11.0056	0.0517
4486.300	10.9597	0.0518
4488.680	10.8819	0.0559
4491.060	10.9779	0.0544
4493.440	10.9392	0.0650
4495.820	10.9983	0.0629
4498.200	11.0009	0.0648
4500.580	10.9973	0.0630
4502.960	10.9959	0.0640
4505.340	10.9577	0.0652
4507.720	10.8887	0.0640
4510.100	10.9475	0.0586
4512.480	10.8709	0.0602
4514.860	10.8719	0.0554
4517.240	10.9179	0.0623
4519.620	10.8649	0.0609
4522.000	10.8388	0.0599
4524.380	10.8052	0.0539
4526.760	10.7763	0.0597
4529.140	10.7707	0.0597
4531.520	10.7574	0.0660
4533.900	10.8016	0.0675
4536.280	10.8363	0.0726
4538.660	10.7982	0.0733
4541.040	10.7492	0.0681
4543.420	10.7601	0.0604
4545.800	10.7255	0.0625
4548.180	10.7223	0.0596
4550.560	10.7218	0.0554
4552.940	10.6829	0.0526
4555.320	10.6557	0.0512
4557.700	10.6311	0.0503
4560.080	10.6444	0.0513
4562.460	10.6342	0.0555
4564.840	10.5941	0.0513
4567.220	10.5939	0.0526
4569.600	10.5889	0.0524
4571.980	10.5744	0.0575
4574.360	10.5903	0.0558
4576.740	10.4961	0.0579
4579.120	10.4635	0.0608
4581.500	10.4269	0.0580
4583.880	10.4021	0.0564
4586.260	10.4133	0.0585
4588.640	10.4275	0.0608
4591.020	10.3918	0.0557
4593.400	10.3375	0.0499
4595.780	10.3166	0.0542
4598.160	10.3347	0.0510
4600.540	10.3209	0.0551
4602.920	10.2843	0.0594
4605.300	10.3005	0.0624
4607.680	10.2969	0.0608
4610.060	10.2348	0.0589
4612.440	10.2698	0.0555
4614.820	10.1844	0.0515
4617.200	10.2189	0.0534
4619.580	10.1980	0.0506
4621.960	10.1412	0.0524
4624.340	10.1234	0.0546
4626.720	10.1354	0.0547
4629.100	10.1634	0.0559
4631.480	10.1062	0.0567
4633.860	10.1114	0.0487
4636.240	10.0668	0.0470
4638.620	10.0645	0.0539
4641.000	9.9976	0.0609
4643.380	9.8817	0.0541
4645.760	9.9085	0.0520
4648.140	10.0056	0.0490
4650.520	9.9670	0.0565
4652.900	9.9481	0.0552
4655.280	9.9074	0.0539
4657.660	9.8304	0.0537
4660.040	9.8195	0.0528
4662.420	9.8342	0.0541
4664.800	9.8464	0.0563
4667.180	9.8526	0.0562
4669.560	9.8376	0.0546
4671.940	9.7292	0.0531
4674.320	9.7491	0.0572
4676.700	9.7218	0.0610
4679.080	9.7317	0.0640
4681.460	9.7566	0.0743
4683.840	9.7629	0.0754
4686.220	9.6456	0.0754
4688.600	9.5582	0.0699
4690.980	9.4640	0.0469
4693.360	9.4309	0.0447
4695.740	9.4594	0.0412
4698.120	9.4729	0.0400
4700.500	9.4738	0.0438
4702.880	9.5257	0.0536
4705.260	9.4501	0.0554
4707.640	9.4098	0.0480
4710.020	9.4256	0.0551
4712.400	9.3807	0.0585
4714.780	9.2974	0.0489
4717.160	9.2473	0.0470
4719.540	9.2624	0.0466
4721.920	9.1968	0.0507
4724.300	9.2065	0.0525
4726.680	9.1442	0.0532
4729.060	9.0830	0.0559
4731.440	9.0957	0.0560
4733.820	9.0375	0.0493
4736.200	9.0137	0.0511
4738.580	8.9674	0.0420
4740.960	8.9241	0.0468
4743.340	8.8984	0.0492
4745.720	8.8323	0.0525
4748.100	8.8021	0.0495
4750.480	8.7703	0.0488
4752.860	8.7092	0.0518
4755.240	8.6149	0.0541
4757.620	8.5916	0.0463
4760.000	8.5241	0.0487
4762.380	8.4787	0.0497
4764.760	8.4429	0.0462
4767.140	8.3934	0.0468
4769.520	8.3421	0.0509
4771.900	8.2695	0.0474
4774.280	8.2028	0.0440
4776.660	8.1557	0.0431
4779.040	8.0271	0.0424
4781.420	8.0216	0.0404
4783.800	7.9693	0.0423
4786.180	7.8882	0.0397
4788.560	7.7809	0.0414
4790.940	7.6886	0.0415
4793.320	7.6540	0.0401
4795.700	7.5710	0.0410
4798.080	7.4587	0.0408
4800.460	7.3728	0.0424
4802.840	7.2777	0.0428
4805.220	7.1689	0.0424
4807.600	7.0639	0.0419
4809.980	6.9700	0.0435
4812.360	6.9096	0.0369
4814.740	6.7697	0.0358
4817.120	6.6122	0.0374
4819.500	6.5319	0.0408
4821.880	6.4501	0.0389
4824.260	6.3333	0.0382
4826.640	6.2180	0.0372
4829.020	6.0671	0.0390
4831.400	5.9276	0.0395
4833.780	5.8241	0.0353
4836.160	5.6349	0.0368
4838.540	5.5015	0.0341
4840.920	5.3837	0.0340
4843.300	5.2012	0.0385
4845.680	5.0062	0.0377
4848.060	4.8682	0.0339
4850.440	4.7084	0.0319
4852.820	4.5060	0.0329
4855.200	4.2854	0.0335
4857.580	4.0832	0.0365
4859.960	3.8616	0.0364
4862.340	3.7173	0.0325
4864.720	3.8152	0.0212
4867.100	4.0627	0.0184
4869.480	4.2893	0.0197
4871.860	4.4856	0.0229
4874.240	4.6751	0.0239
4876.620	4.8121	0.0285
4879.000	4.9956	0.0296
4881.380	5.1595	0.0303
4883.760	5.2092	0.0333
4886.140	5.3833	0.0312
4888.520	5.5144	0.0341
4890.900	5.5965	0.0336
4893.280	5.6945	0.0341
4895.660	5.8134	0.0365
4898.040	5.9219	0.0371
4900.420	6.0171	0.0355
4902.800	6.1422	0.0366
4905.180	6.2484	0.0371
4907.560	6.3525	0.0370
4909.940	6.4269	0.0359
4912.320	6.4863	0.0372
4914.700	6.5493	0.0379
4917.080	6.6455	0.0486
4919.460	6.7408	0.0527
4921.840	6.7991	0.0500
4924.220	6.8664	0.0370
4926.600	6.8842	0.0386
4928.980	6.9131	0.0384
4931.360	6.9801	0.0347
4933.740	7.0491	0.0387
4936.120	7.1023	0.0471
4938.500	7.1692	0.0421
4940.880	7.1290	0.0471
4943.260	7.1472	0.0416
4945.640	7.2653	0.0361
4948.020	7.3081	0.0389
4950.400	7.2918	0.0463
4952.780	7.3049	0.0451
4955.160	7.3757	0.0442
4957.540	7.3870	0.0430
4959.920	7.3826	0.0399
4962.300	7.3862	0.0423
4964.680	7.3809	0.0425
4967.060	7.4053	0.0420
4969.440	7.4882	0.0417
4971.820	7.5804	0.0434
4974.200	7.4994	0.0456
4976.580	7.5406	0.0450
4978.960	7.5824	0.0479
4981.340	7.5891	0.0479
4983.720	7.5386	0.0470
4986.100	7.5180	0.0459
4988.480	7.5975	0.0456
4990.860	7.5867	0.0436
4993.240	7.6000	0.0427
4995.620	7.6365	0.0450
4998.000	7.6250	0.0480
5000.380	7.6520	0.0430
5002.760	7.6340	0.0469
5005.140	7.6407	0.0483
5007.520	7.6434	0.0458
5009.900	7.6731	0.0515
5012.280	7.6728	0.0507
5014.660	7.6396	0.0494
5017.040	7.6591	0.0442
5019.420	7.6605	0.0439
5021.800	7.6714	0.0466
5024.180	7.6166	0.0495
5026.560	7.6234	0.0473
5028.940	7.6922	0.0445
5031.320	7.6204	0.0490
5033.700	7.6265	0.0489
5036.080	7.6618	0.0525
5038.460	7.6078	0.0551
5040.840	7.6465	0.0499
5043.220	7.6908	0.0478
5045.600	7.6601	0.0513
5047.980	7.6555	0.0505
5050.360	7.6468	0.0448
5052.740	7.6583	0.0473
5055.120	7.6237	0.0471
5057.500	7.6167	0.0516
5059.880	7.6000	0.0469
5062.260	7.6344	0.0454
5064.640	7.6309	0.0440
5067.020	7.6459	0.0504
5069.400	7.6164	0.0487
5071.780	7.6070	0.0465
5074.160	7.6127	0.0497
5076.540	7.6192	0.0513
5078.920	7.6150	0.0480
5081.300	7.6217	0.0444
5083.680	7.6184	0.0473
5086.060	7.6270	0.0473
5088.440	7.5793	0.0465
5090.820	7.5109	0.0515
5093.200	7.5076	0.0514
5095.580	7.5330	0.0491
5097.960	7.5489	0.0513
5098.200	7.5327	0.0434
5100.340	7.5297	0.0488
5101.130	7.5322	0.0542
5102.720	7.4902	0.0499
5104.060	7.5376	0.0532
5105.100	7.4776	0.0502
5106.990	7.4776	0.0389
5107.480	7.4858	0.0419
5109.860	7.4612	0.0423
5109.920	7.4462	0.0440
5112.240	7.4895	0.0375
5112.850	7.4613	0.0438
5114.620	7.4587	0.0460
5115.780	7.4051	0.0508
5117.000	7.3854	0.0477
5118.710	7.4073	0.0523
5119.380	7.4119	0.0471
5121.640	7.4323	0.0484
5121.760	7.4833	0.0505
5124.140	7.3884	0.0471
5124.570	7.3323	0.0579
5126.520	7.3935	0.0440
5127.500	7.3498	0.0360
5128.900	7.3898	0.0386
5130.430	7.4192	0.0414
5131.280	7.3890	0.0494
5133.360	7.4702	0.0494
5133.660	7.3940	0.0530
5136.040	7.3575	0.0490
5136.290	7.3192	0.0451
5138.420	7.3862	0.0494
5139.220	7.3040	0.0501
5140.800	7.3092	0.0511
5142.150	7.2808	0.0457
5143.180	7.3007	0.0499
5145.080	7.2867	0.0474
5145.560	7.2650	0.0500
5147.940	7.2486	0.0514
5148.010	7.2509	0.0492
5150.320	7.2547	0.0450
5150.940	7.2228	0.0325
5153.870	7.2071	0.0438
5156.800	7.2056	0.0387
5159.730	7.2773	0.0465
5162.660	7.2985	0.0476
5165.590	7.2135	0.0655
5168.520	7.1943	0.0564
5171.450	7.1210	0.0423
5174.380	7.2472	0.0492
5177.310	7.1557	0.0549
5180.240	7.0642	0.0443
5183.170	7.0701	0.0608
5186.100	7.0709	0.0483
5189.030	7.0093	0.0464
5191.960	6.9850	0.0446
5194.890	7.0113	0.0403
5197.820	7.0335	0.0410
5200.750	6.9766	0.0439
5203.680	7.0327	0.0426
5206.610	6.9558	0.0462
5209.540	6.9521	0.0405
5212.470	7.0002	0.0449
5215.400	6.9022	0.0391
5218.330	6.8855	0.0377
5221.260	6.9370	0.0362
5224.190	6.9037	0.0374
5227.120	6.9927	0.0413
5230.050	6.9991	0.0387
5232.980	6.8896	0.0369
5235.910	6.9118	0.0395
5238.840	6.9396	0.0445
5241.770	6.8612	0.0407
5244.700	6.8864	0.0341
5247.630	6.9193	0.0350
5250.560	6.8213	0.0379
5253.490	6.8695	0.0373
5256.420	6.8683	0.0351
5259.350	6.8335	0.0331
5262.280	6.7651	0.0422
5265.210	6.7874	0.0390
5268.140	6.7863	0.0355
5271.070	6.7836	0.0395
5274.000	6.7775	0.0410
5276.930	6.7272	0.0389
5279.860	6.6571	0.0301
5282.790	6.6796	0.0294
5285.720	6.7160	0.0360
5288.650	6.7048	0.0354
5291.580	6.6350	0.0349
5294.510	6.6607	0.0360
5297.440	6.6543	0.0350
5300.370	6.6849	0.0351
5303.300	6.5817	0.0385
5306.230	6.6385	0.0337
5309.160	6.6065	0.0323
5312.090	6.6157	0.0300
5315.020	6.5952	0.0337
5317.950	6.5477	0.0372
5320.880	6.5263	0.0366
5323.810	6.5120	0.0392
5326.740	6.4992	0.0389
5329.670	6.5100	0.0373
5332.600	6.5174	0.0373
5335.530	6.5173	0.0329
5338.460	6.4929	0.0357
5341.390	6.4754	0.0343
5344.320	6.4566	0.0335
5347.250	6.4503	0.0328
5350.180	6.4378	0.0324
5353.110	6.4318	0.0362
5356.040	6.4266	0.0345
5358.970	6.4036	0.0313
5361.900	6.3672	0.0349
5364.830	6.3714	0.0340
5367.760	6.3426	0.0310
5370.690	6.3338	0.0340
5373.620	6.3324	0.0368
5376.550	6.3284	0.0383
5379.480	6.3163	0.0315
5382.410	6.2961	0.0328
5385.340	6.2655	0.0303
5388.270	6.2573	0.0297
5391.200	6.2928	0.0320
5394.130	6.2583	0.0299
5397.060	6.2063	0.0308
5399.990	6.2045	0.0315
5402.920	6.2133	0.0343
5405.850	6.2143	0.0358
5408.780	6.2082	0.0373
5411.710	6.1985	0.0344
5414.640	6.1745	0.0346
5417.570	6.1432	0.0290
5420.500	6.1586	0.0303
5423.430	6.1321	0.0278
5426.360	6.1389	0.0326
5429.290	6.1167	0.0296
5432.220	6.1046	0.0283
5435.150	6.0799	0.0299
5438.080	6.0685	0.0315
5441.010	6.0637	0.0310
5443.940	6.0682	0.0342
5446.870	6.0940	0.0289
5449.800	6.0983	0.0301
5452.730	6.0487	0.0245
5455.660	6.0110	0.0219
5458.590	5.9975	0.0227
5461.520	5.9815	0.0238
5464.450	5.9526	0.0228
5467.380	5.9470	0.0246
5470.310	5.9489	0.0280
5473.240	5.9444	0.0280
5476.170	5.9642	0.0313
5479.100	5.9342	0.0289
5482.030	5.9263	0.0273
5484.960	5.9321	0.0248
5487.890	5.8972	0.0224
5490.820	5.8998	0.0268
5493.750	5.8946	0.0272
5496.680	5.8474	0.0280
5499.610	5.8413	0.0250
5502.540	5.8572	0.0257
5505.470	5.8344	0.0259
5508.400	5.8111	0.0292
5511.330	5.7975	0.0306
5514.260	5.8093	0.0291
5517.190	5.7995	0.0267
5520.120	5.7687	0.0284
5523.050	5.7699	0.0289
5525.980	5.7699	0.0247
5528.910	5.7735	0.0273
5531.840	5.7524	0.0311
5534.770	5.7489	0.0307
5537.700	5.7461	0.0300
5540.630	5.7345	0.0275
5543.560	5.7175	0.0248
5546.490	5.7015	0.0273
5549.420	5.6722	0.0269
5552.350	5.6613	0.0266
5555.280	5.6841	0.0279
5558.210	5.6729	0.0287
5561.140	5.6819	0.0296
5564.070	5.6532	0.0302
5567.000	5.6352	0.0250
5569.930	5.6161	0.0256
5572.860	5.5901	0.0263
5575.790	5.5962	0.0321
5578.720	5.5858	0.0299
5581.650	5.5878	0.0289
5584.580	5.5954	0.0299
5587.510	5.5786	0.0313
5590.440	5.5643	0.0296
5593.370	5.5390	0.0275
5596.300	5.5481	0.0292
5599.230	5.5254	0.0265
5602.160	5.5026	0.0258
5605.090	5.4864	0.0283
5608.020	5.4994	0.0304
5610.950	5.4889	0.0271
5613.880	5.4613	0.0273
5616.810	5.4702	0.0288
5619.740	5.4773	0.0277
5622.670	5.4671	0.0247
5625.600	5.4526	0.0282
5628.530	5.4340	0.0287
5631.460	5.4158	0.0277
5634.390	5.4206	0.0268
5637.320	5.3904	0.0296
5640.250	5.3627	0.0311
5643.180	5.3366	0.0269
5646.110	5.3335	0.0275
5649.040	5.3402	0.0278
5651.970	5.3471	0.0253
5654.900	5.3375	0.0245
5657.830	5.3429	0.0285
5660.760	5.3283	0.0274
5663.690	5.3092	0.0249
5666.620	5.3095	0.0240
5669.550	5.3077	0.0258
5672.480	5.3072	0.0260
5675.410	5.2778	0.0272
5678.340	5.2722	0.0288
5681.270	5.2638	0.0285
5684.200	5.2653	0.0271
5687.130	5.2543	0.0260
5690.060	5.2362	0.0250
5692.990	5.2340	0.0257
5695.920	5.2192	0.0261
5698.850	5.1929	0.0258
5701.780	5.1900	0.0250
5704.710	5.1895	0.0268
5707.640	5.1873	0.0300
5710.570	5.1850	0.0293
5713.500	5.1836	0.0278
5716.430	5.1653	0.0271
5719.360	5.1382	0.0259
5722.290	5.1251	0.0251
5725.220	5.1121	0.0251
5728.150	5.1096	0.0239
5731.080	5.1006	0.0246
5734.010	5.0869	0.0221
5736.940	5.0954	0.0220
5739.870	5.1037	0.0218
5742.800	5.1110	0.0244
5745.730	5.0913	0.0236
5748.660	5.0710	0.0248
5751.590	5.0593	0.0245
5754.520	5.0385	0.0267
5757.450	5.0277	0.0274
5760.380	5.0264	0.0272
5763.310	5.0191	0.0253
5766.240	5.0164	0.0248
5769.170	5.0009	0.0253
5772.100	4.9664	0.0227
5775.030	4.9775	0.0220
5777.960	4.9678	0.0209
5780.890	4.9682	0.0234
5783.820	4.9758	0.0256
5786.750	4.9458	0.0246
5789.680	4.9239	0.0252
5792.610	4.9205	0.0237
5795.540	4.9187	0.0243
5798.470	4.9281	0.0242
5801.400	4.9269	0.0246
5804.330	4.9082	0.0265
5807.260	4.8742	0.0269
5810.190	4.8878	0.0252
5813.120	4.8856	0.0241
5816.050	4.8839	0.0243
5818.980	4.8429	0.0224
5821.910	4.8402	0.0231
5824.840	4.8470	0.0224
5827.770	4.8550	0.0240
5830.700	4.8403	0.0246
5833.630	4.8270	0.0223
5836.560	4.8152	0.0229
5839.490	4.8123	0.0257
5842.420	4.7909	0.0231
5845.350	4.7844	0.0229
5848.280	4.7723	0.0239
5851.210	4.7799	0.0253
5854.140	4.7660	0.0260
5857.070	4.7397	0.0266
5860.000	4.7413	0.0259
5862.930	4.7364	0.0245
5865.860	4.7235	0.0245
5868.790	4.7295	0.0280
5871.720	4.7578	0.0395
5874.650	4.7800	0.0416
5877.580	4.7374	0.0334
5880.510	4.6929	0.0216
5883.440	4.6607	0.0203
5886.370	4.6460	0.0269
5889.300	4.6902	0.0327
5892.230	4.6852	0.0311
5895.160	4.6548	0.0272
5898.090	4.6417	0.0227
5901.020	4.6492	0.0246
5903.950	4.6321	0.0243
5906.880	4.6462	0.0240
5909.810	4.6245	0.0245
5912.740	4.5975	0.0237
5915.670	4.5919	0.0212
5918.600	4.5991	0.0222
5921.530	4.5768	0.0243
5924.460	4.5715	0.0249
5927.390	4.5709	0.0245
5930.320	4.5722	0.0243
5933.250	4.5468	0.0231
5936.180	4.5348	0.0222
5939.110	4.5019	0.0212
5942.040	4.5068	0.0250
5944.970	4.5142	0.0248
5947.900	4.5328	0.0239
5950.830	4.5131	0.0238
5953.760	4.5031	0.0220
5956.690	4.4934	0.0240
5959.620	4.4995	0.0206
5962.550	4.4840	0.0200
5965.480	4.4681	0.0213
5968.410	4.4517	0.0232
5971.340	4.4593	0.0258
5974.270	4.4668	0.0242
5977.200	4.4615	0.0241
5980.130	4.4467	0.0230
5983.060	4.4486	0.0237
5985.990	4.4199	0.0235
5988.920	4.4097	0.0227
5991.850	4.4081	0.0227
5994.780	4.3968	0.0237
5997.710	4.3884	0.0236
6000.640	4.3867	0.0250
6003.570	4.3803	0.0257
6006.500	4.3711	0.0252
6009.430	4.3499	0.0241
6012.360	4.3556	0.0224
6015.290	4.3583	0.0212
6018.220	4.3481	0.0225
6021.150	4.3424	0.0234
6024.080	4.3340	0.0240
6027.010	4.3122	0.0219
6029.940	4.3027	0.0214
6032.870	4.2985	0.0214
6035.800	4.2988	0.0226
6038.730	4.2650	0.0194
6041.660	4.2689	0.0209
6044.590	4.2585	0.0220
6047.520	4.2681	0.0220
6050.450	4.2625	0.0221
6053.380	4.2589	0.0234
6056.310	4.2330	0.0242
6059.240	4.2253	0.0231
6062.170	4.2372	0.0218
6065.100	4.2408	0.0210
6068.030	4.2106	0.0203
6070.960	4.2001	0.0204
6073.890	4.1885	0.0198
6076.820	4.1809	0.0211
6079.750	4.1729	0.0209
6082.680	4.1762	0.0201
6085.610	4.1551	0.0226
6088.540	4.1569	0.0208
6091.470	4.1401	0.0219
6094.400	4.1278	0.0208
6097.330	4.1370	0.0206
6100.260	4.1329	0.0207
6103.190	4.1209	0.0198
6106.120	4.1199	0.0211
6109.050	4.1186	0.0213
6111.980	4.1080	0.0209
6114.910	4.0917	0.0214
6117.840	4.0976	0.0215
6120.770	4.0766	0.0204
6123.700	4.0571	0.0202
6126.630	4.0639	0.0212
6129.560	4.0772	0.0213
6132.490	4.0649	0.0200
6135.420	4.0531	0.0210
6138.350	4.0446	0.0220
6141.280	4.0186	0.0198
6144.210	4.0121	0.0194
6147.140	4.0096	0.0202
6150.070	4.0133	0.0192
6153.000	4.0112	0.0192
6155.930	3.9979	0.0191
6158.860	3.9928	0.0217
6161.790	4.0135	0.0236
6164.720	3.9880	0.0234
6167.650	3.9822	0.0231
6170.580	3.9751	0.0210
6173.510	3.9589	0.0200
6176.440	3.9452	0.0194
6179.370	3.9378	0.0191
6182.300	3.9285	0.0185
6185.230	3.9313	0.0187
6188.160	3.9350	0.0193
6191.090	3.9330	0.0207
6194.020	3.9439	0.0205
6196.950	3.9335	0.0213
6199.880	3.9280	0.0202
6202.810	3.9051	0.0188
6205.740	3.8896	0.0190
6208.670	3.8719	0.0193
6211.600	3.8601	0.0194
6214.530	3.8653	0.0194
6217.460	3.8539	0.0201
6220.390	3.8449	0.0186
6223.320	3.8338	0.0189
6226.250	3.8391	0.0190
6229.180	3.8648	0.0200
6232.110	3.8399	0.0192
6235.040	3.8177	0.0188
6237.970	3.8049	0.0210
6240.900	3.8097	0.0198
6243.830	3.8102	0.0194
6246.760	3.7956	0.0188
6249.690	3.7923	0.0196
6252.620	3.7881	0.0192
6255.550	3.7882	0.0183
6258.480	3.7756	0.0168
6261.410	3.7765	0.0192
6264.340	3.7647	0.0200
6267.270	3.7471	0.0193
6270.200	3.7387	0.0199
6273.130	3.7262	0.0188
6276.060	3.7382	0.0185
6278.990	3.7410	0.0190
6281.920	3.7466	0.0211
6284.850	3.7383	0.0211
6287.780	3.7045	0.0187
6290.710	3.6963	0.0174
6293.640	3.6943	0.0176
6296.570	3.6799	0.0179
6299.500	3.6827	0.0185
6302.430	3.6697	0.0181
6305.360	3.6618	0.0194
6308.290	3.6564	0.0207
6311.220	3.6624	0.0205
6314.150	3.6629	0.0213
6317.080	3.6270	0.0199
6320.010	3.6033	0.0185
6322.940	3.5963	0.0197
6325.870	3.5928	0.0201
6328.800	3.5585	0.0196
6331.730	3.5402	0.0160
6334.660	3.5513	0.0168
6337.590	3.5491	0.0165
6340.520	3.5412	0.0160
6343.450	3.5281	0.0156
6346.380	3.5269	0.0142
6349.310	3.5241	0.0156
6352.240	3.5268	0.0168
6355.170	3.5200	0.0172
6358.100	3.5086	0.0170
6361.030	3.5061	0.0166
6363.960	3.5057	0.0168
6366.890	3.5105	0.0178
6369.820	3.4890	0.0185
6372.750	3.4814	0.0184
6375.680	3.4622	0.0182
6378.610	3.4493	0.0183
6381.540	3.4524	0.0178
6384.470	3.4517	0.0167
6387.400	3.4379	0.0186
6390.330	3.4288	0.0168
6393.260	3.4166	0.0174
6396.190	3.4160	0.0182
6399.120	3.3969	0.0158
6402.050	3.3815	0.0168
6404.980	3.3704	0.0178
6407.910	3.3677	0.0183
6410.840	3.3593	0.0181
6413.770	3.3312	0.0171
6416.700	3.3200	0.0167
6419.630	3.3158	0.0170
6422.560	3.2981	0.0141
6425.490	3.2978	0.0168
6428.420	3.2950	0.0162
6431.350	3.2851	0.0158
6434.280	3.2746	0.0165
6437.210	3.2546	0.0181
6440.140	3.2516	0.0193
6443.070	3.2316	0.0177
6446.000	3.2177	0.0171
6448.930	3.2150	0.0172
6451.860	3.1959	0.0171
6454.790	3.1800	0.0167
6457.720	3.1663	0.0181
6460.650	3.1458	0.0177
6463.580	3.1227	0.0160
6466.510	3.0924	0.0155
6469.440	3.0742	0.0158
6472.370	3.0602	0.0157
6475.300	3.0473	0.0157
6478.230	3.0183	0.0154
6481.160	2.9984	0.0146
6484.090	2.9891	0.0153
6487.020	2.9661	0.0157
6489.950	2.9350	0.0152
6492.880	2.9178	0.0167
6495.810	2.8963	0.0171
6498.740	2.8702	0.0154
6501.670	2.8323	0.0154
6504.600	2.8081	0.0159
6507.530	2.7676	0.0153
6510.460	2.7355	0.0156
6513.390	2.7151	0.0151
6516.320	2.6708	0.0151
6519.250	2.6444	0.0152
6522.180	2.6202	0.0152
6525.110	2.5871	0.0142
6528.040	2.5401	0.0138
6530.970	2.4832	0.0132
6533.900	2.4377	0.0129
6536.830	2.3983	0.0127
6539.760	2.3582	0.0134
6542.690	2.3156	0.0144
6545.620	2.2603	0.0136
6548.550	2.1986	0.0142
6551.480	2.1281	0.0155
6554.410	2.0672	0.0163
6557.340	2.0208	0.0157
6560.270	1.9502	0.0173
6563.200	1.8777	0.0177
6566.130	1.8688	0.0143
6569.060	1.9106	0.0136
6571.990	1.9924	0.0098
6574.920	2.0476	0.0094
6577.850	2.1094	0.0100
6580.780	2.1675	0.0106
6583.710	2.2054	0.0101
6586.640	2.2477	0.0118
6589.570	2.2981	0.0130
6592.500	2.3569	0.0141
6595.430	2.3862	0.0125
6598.360	2.4082	0.0122
6601.290	2.4480	0.0132
6604.220	2.4836	0.0123
6607.150	2.5099	0.0129
6610.080	2.5200	0.0132
6613.010	2.5514	0.0133
6615.940	2.5818	0.0141
6618.870	2.6164	0.0131
6621.800	2.6354	0.0132
6624.730	2.6466	0.0141
6627.660	2.6617	0.0145
6630.590	2.6855	0.0153
6633.520	2.7142	0.0154
6636.450	2.7170	0.0148
6639.380	2.7232	0.0151
6642.310	2.7393	0.0158
6645.240	2.7463	0.0161
6648.170	2.7438	0.0144
6651.100	2.7631	0.0141
6654.030	2.7943	0.0141
6656.960	2.7973	0.0141
6659.890	2.8119	0.0146
6662.820	2.8132	0.0159
6665.750	2.8163	0.0169
6668.680	2.8165	0.0145
6671.610	2.8395	0.0158
6674.540	2.8743	0.0205
6677.470	2.8909	0.0228
6680.400	2.8625	0.0187
6683.330	2.8412	0.0146
6686.260	2.8428	0.0148
6689.190	2.8515	0.0133
6692.120	2.8660	0.0136
6695.050	2.8797	0.0158
6697.980	2.8723	0.0166
6700.910	2.8843	0.0158
6703.840	2.8823	0.0150
6706.770	2.8666	0.0150
6709.700	2.8644	0.0154
6712.630	2.8572	0.0142
6715.560	2.8584	0.0145
6718.490	2.8616	0.0154
6721.420	2.8650	0.0161
6724.350	2.8569	0.0156
6727.280	2.8536	0.0156
6730.210	2.8459	0.0157
6733.140	2.8524	0.0152
6736.070	2.8741	0.0153
6739.000	2.8777	0.0140
6741.930	2.8703	0.0144
6744.860	2.8755	0.0154
6747.790	2.8737	0.0154
6750.720	2.8646	0.0154
6753.650	2.8624	0.0159
6756.580	2.8582	0.0142
6759.510	2.8439	0.0132
6762.440	2.8377	0.0138
6765.370	2.8396	0.0149
6768.300	2.8512	0.0140
6771.230	2.8467	0.0141
6774.160	2.8317	0.0149
6777.090	2.8323	0.0146
6780.020	2.8313	0.0141
6782.950	2.8242	0.0127
6785.880	2.8274	0.0133
6788.810	2.8204	0.0137
6791.740	2.8083	0.0139
6794.670	2.8046	0.0135
6797.600	2.8111	0.0147
6800.530	2.8079	0.0145
6803.460	2.8121	0.0137
6806.390	2.8063	0.0141
6809.320	2.8142	0.0137
6812.250	2.8082	0.0123
6815.180	2.8053	0.0124
6818.110	2.7986	0.0128
6821.040	2.7836	0.0131
6823.970	2.7822	0.0150
6826.900	2.7822	0.0152
6829.830	2.7914	0.0149
6832.760	2.7915	0.0149
6835.690	2.7852	0.0147
6838.620	2.7862	0.0148
6841.550	2.7726	0.0139
6844.480	2.7689	0.0151
6847.410	2.7574	0.0147
6850.340	2.7493	0.0141
6853.270	2.7565	0.0145
6856.200	2.7453	0.0148
6859.130	2.7365	0.0159
6862.060	2.7415	0.0150
6864.990	2.7503	0.0151
6867.920	2.7534	0.0154
6870.850	2.7415	0.0153
6873.780	2.7230	0.0140
6876.710	2.7157	0.0128
6879.640	2.7098	0.0134
6882.570	2.7084	0.0150
6885.500	2.7366	0.0164
6888.430	2.7310	0.0155
6891.360	2.7251	0.0148
6894.290	2.7105	0.0138
6897.220	2.7003	0.0135
6900.150	2.6953	0.0120
6903.080	2.7014	0.0126
6906.010	2.7027	0.0126
6908.940	2.7146	0.0139
6911.870	2.7025	0.0143
6914.800	2.6867	0.0133
6917.730	2.6840	0.0133
6920.660	2.6886	0.0132
6923.590	2.6776	0.0123
6926.520	2.6692	0.0117
6929.450	2.6676	0.0125
6932.380	2.6594	0.0125
6935.310	2.6668	0.0118
6938.240	2.6672	0.0125
6941.170	2.6796	0.0120
6944.100	2.6734	0.0119
6947.030	2.6557	0.0136
6949.960	2.6461	0.0137
6952.890	2.6469	0.0126
6955.820	2.6341	0.0128
6958.750	2.6297	0.0124
6961.680	2.6244	0.0128
6964.610	2.6286	0.0131
6967.540	2.6244	0.0135
6970.470	2.6235	0.0138
6973.400	2.6294	0.0134
6976.330	2.6199	0.0133
6979.260	2.6075	0.0132
6982.190	2.5990	0.0128
6985.120	2.6048	0.0126
6988.050	2.6005	0.0134
6990.980	2.5905	0.0142
6993.910	2.5873	0.0137
6996.840	2.5854	0.0132
6999.770	2.5872	0.0139
7002.700	2.5898	0.0143
7005.630	2.5797	0.0134
7008.560	2.5699	0.0138
7011.490	2.5650	0.0131
7014.420	2.5681	0.0116
7017.350	2.5670	0.0120
7020.280	2.5538	0.0125
7023.210	2.5484	0.0128
7026.140	2.5466	0.0130
7029.070	2.5517	0.0128
7032.000	2.5428	0.0113
7034.930	2.5392	0.0111
7037.860	2.5394	0.0107
7040.790	2.5384	0.0111
7043.720	2.5298	0.0119
7046.650	2.5259	0.0120
7049.580	2.5161	0.0115
7052.510	2.5090	0.0118
7055.440	2.5121	0.0127
7058.370	2.5243	0.0142
7061.300	2.5329	0.0158
7064.230	2.5389	0.0175
7067.160	2.5073	0.0151
7070.090	2.4815	0.0121
7073.020	2.4814	0.0125
7075.950	2.4789	0.0126
7078.880	2.4760	0.0122
7081.810	2.4621	0.0113
7084.740	2.4578	0.0112
7087.670	2.4622	0.0114
7090.600	2.4627	0.0111
7093.530	2.4659	0.0117
7096.460	2.4625	0.0119
7099.390	2.4571	0.0122
7102.320	2.4593	0.0125
7105.250	2.4618	0.0135
7108.180	2.4580	0.0131
7111.110	2.4557	0.0128
7114.040	2.4466	0.0116
7116.970	2.4478	0.0121
7119.900	2.4533	0.0129
7122.830	2.4490	0.0136
7125.760	2.4304	0.0131
7128.690	2.4186	0.0112
7131.620	2.4283	0.0115
7134.550	2.4286	0.0122
7137.480	2.4130	0.0117
7140.410	2.4093	0.0118
7143.340	2.4141	0.0133
7146.270	2.4163	0.0125
7149.200	2.4127	0.0128
7152.130	2.4037	0.0129
7155.060	2.3981	0.0124
7157.990	2.3947	0.0118
7160.920	2.3953	0.0120
7163.850	2.3824	0.0129
7166.780	2.3865	0.0127
7169.710	2.3769	0.0142
7172.640	2.3727	0.0145
7175.570	2.3719	0.0138
7178.500	2.3724	0.0130
7181.430	2.3716	0.0131
7184.360	2.3730	0.0131
7187.290	2.3585	0.0115
7190.220	2.3495	0.0113
7193.150	2.3460	0.0108
7196.080	2.3446	0.0117
7199.010	2.3523	0.0132
7201.940	2.3527	0.0133
7204.870	2.3507	0.0126
7207.800	2.3405	0.0115
7210.730	2.3373	0.0114
7213.660	2.3358	0.0110
7216.590	2.3361	0.0119
7219.520	2.3310	0.0133
7222.450	2.3391	0.0153
7225.380	2.3296	0.0143
7228.310	2.3169	0.0132
7231.240	2.3123	0.0123
7234.170	2.3113	0.0116
7237.100	2.3148	0.0118
7240.030	2.3078	0.0118
7242.960	2.3059	0.0128
7245.890	2.3069	0.0124
7248.820	2.3152	0.0123
7251.750	2.3042	0.0125
7254.680	2.2868	0.0121
7257.610	2.2783	0.0112
7260.540	2.2770	0.0107
7263.470	2.2814	0.0121
7266.400	2.2704	0.0114
7269.330	2.2628	0.0124
7272.260	2.2631	0.0121
7275.190	2.2643	0.0119
7278.120	2.2679	0.0131
7281.050	2.2747	0.0140
7283.980	2.2482	0.0125
7286.910	2.2578	0.0126
7289.840	2.2586	0.0131
7292.770	2.2413	0.0126
7295.700	2.2301	0.0120
7298.630	2.2277	0.0119
7301.560	2.2301	0.0120
7304.490	2.2245	0.0112
7307.420	2.2374	0.0115
7310.350	2.2306	0.0116
7313.280	2.2200	0.0110
7316.210	2.2018	0.0110
7319.140	2.2026	0.0108
7322.070	2.2178	0.0108
7325.000	2.2136	0.0110
7327.930	2.2023	0.0112
7330.860	2.2118	0.0112
7333.790	2.2127	0.0123
7336.720	2.2012	0.0132
7339.650	2.1904	0.0123
7342.580	2.1937	0.0109
7345.510	2.1968	0.0107
7348.440	2.1874	0.0101
7351.370	2.1844	0.0116
7354.300	2.1810	0.0123
7357.230	2.1756	0.0117
7360.160	2.1663	0.0111
7363.090	2.1632	0.0116
7366.020	2.1541	0.0119
7368.950	2.1539	0.0119
7371.880	2.1570	0.0116
7374.810	2.1529	0.0108
7377.740	2.1617	0.0111
7380.670	2.1636	0.0108
7383.600	2.1585	0.0115
7386.530	2.1628	0.0113
7389.460	2.1621	0.0110
7392.390	2.1533	0.0109
7395.320	2.1382	0.0105
7398.250	2.1290	0.0107
7401.180	2.1254	0.0108
7404.110	2.1235	0.0103
7407.040	2.1202	0.0107
7409.970	2.1247	0.0113
7412.900	2.1289	0.0123
7415.830	2.1265	0.0114
7418.760	2.1187	0.0102
7421.690	2.1202	0.0113
7424.620	2.1136	0.0107
7427.550	2.1190	0.0102
7430.480	2.1104	0.0105
7433.410	2.1089	0.0104
7436.340	2.1019	0.0102
7439.270	2.0966	0.0107
7442.200	2.0936	0.0102
7445.130	2.0972	0.0112
7448.060	2.1009	0.0114
7450.990	2.0958	0.0122
7453.920	2.0816	0.0120
7456.850	2.0762	0.0115
7459.780	2.0780	0.0117
7462.710	2.0778	0.0115
7465.640	2.0728	0.0117
7468.570	2.0684	0.0113
7471.500	2.0725	0.0119
7474.430	2.0600	0.0124
7477.360	2.0546	0.0121
7480.290	2.0581	0.0120
7483.220	2.0571	0.0111
7486.150	2.0561	0.0108
7489.080	2.0527	0.0110
7492.010	2.0372	0.0115
7494.940	2.0282	0.0118
7497.870	2.0236	0.0122
7500.800	2.0239	0.0118
7503.730	2.0253	0.0111
7506.660	2.0299	0.0104
7509.590	2.0276	0.0110
7512.520	2.0236	0.0116
7515.450	2.0287	0.0110
7518.380	2.0309	0.0105
7521.310	2.0282	0.0117
7524.240	2.0216	0.0118
7527.170	2.0104	0.0107
7530.100	2.0147	0.0109
7533.030	2.0183	0.0105
7535.960	2.0091	0.0104
7538.890	2.0025	0.0107
7541.820	1.9980	0.0114
7544.750	1.9961	0.0112
7547.680	1.9912	0.0103
7550.610	1.9863	0.0099
7553.540	1.9853	0.0097
7556.470	1.9837	0.0097
7559.400	1.9964	0.0116
7562.330	1.9867	0.0115
7565.260	1.9829	0.0127
7568.190	1.9777	0.0123
7571.120	1.9689	0.0116
7574.050	1.9647	0.0104
7576.980	1.9656	0.0099
7579.910	1.9633	0.0106
7582.840	1.9599	0.0110
7585.770	1.9519	0.0120
7588.700	1.9464	0.0123
7591.630	1.9426	0.0139
7594.560	1.9638	0.0162
7597.490	1.9757	0.0172
7600.420	1.9657	0.0162
7603.350	1.9524	0.0154
7606.280	1.9341	0.0130
7609.210	1.9341	0.0118
7612.140	1.9289	0.0098
7615.070	1.9198	0.0106
7618.000	1.9184	0.0098
7620.930	1.9233	0.0111
7623.860	1.9518	0.0143
7626.790	1.9364	0.0127
7629.720	1.9263	0.0120
7632.650	1.9203	0.0107
7635.580	1.9082	0.0088
7638.510	1.8995	0.0117
7641.440	1.9055	0.0130
7644.370	1.8985	0.0107
7647.300	1.9036	0.0101
7650.230	1.9122	0.0108
7653.160	1.9020	0.0113
7656.090	1.8945	0.0110
7659.020	1.8980	0.0119
7661.950	1.8987	0.0118
7664.880	1.8917	0.0105
7667.810	1.8975	0.0089
7670.740	1.8963	0.0097
7673.670	1.8909	0.0104
7676.600	1.8868	0.0103
7679.530	1.8822	0.0105
7682.460	1.8784	0.0103
7685.390	1.8764	0.0114
7688.320	1.8687	0.0111
7691.250	1.8595	0.0106
7694.180	1.8566	0.0101
7697.110	1.8601	0.0101
7700.040	1.8527	0.0106
7702.970	1.8396	0.0105
7705.900	1.8517	0.0106
7708.830	1.8558	0.0101
7711.760	1.8515	0.0104
7714.690	1.8439	0.0098
7717.620	1.8399	0.0096
7720.550	1.8386	0.0106
7723.480	1.8385	0.0116
7726.410	1.8318	0.0104
7729.340	1.8279	0.0106
7732.270	1.8310	0.0109
7735.200	1.8332	0.0095
7738.130	1.8337	0.0102
7741.060	1.8194	0.0097
7743.990	1.8252	0.0108
7746.920	1.8117	0.0101
7749.850	1.8109	0.0086
7752.780	1.8154	0.0089
7755.710	1.8091	0.0096
7758.640	1.8119	0.0089
7761.570	1.8024	0.0098
7764.500	1.8104	0.0095
7767.430	1.8099	0.0095
7770.360	1.8095	0.0102
7773.290	1.8059	0.0106
7776.220	1.8027	0.0112
7779.150	1.7976	0.0108
7782.080	1.7803	0.0096
7785.010	1.7907	0.0102
7787.940	1.7904	0.0096
7790.870	1.7903	0.0091
7793.800	1.7826	0.0087
7796.730	1.7773	0.0087
7799.660	1.7836	0.0090
7802.590	1.7919	0.0100
7805.520	1.7852	0.0111
7808.450	1.7717	0.0107
7811.380	1.7732	0.0097
7814.310	1.7741	0.0097
7817.240	1.7707	0.0096
7820.170	1.7581	0.0096
7823.100	1.7520	0.0092
7826.030	1.7641	0.0099
7828.960	1.7578	0.0101
7831.890	1.7487	0.0105
7834.820	1.7456	0.0096
7837.750	1.7444	0.0098
7840.680	1.7434	0.0092
7843.610	1.7399	0.0096
7846.540	1.7347	0.0098
7849.470	1.7430	0.0106
7852.400	1.7474	0.0100
7855.330	1.7303	0.0103
7858.260	1.7162	0.0102
7861.190	1.7163	0.0095
7864.120	1.7283	0.0096
7867.050	1.7330	0.0099
7869.980	1.7262	0.0104
7872.910	1.7186	0.0102
7875.840	1.7149	0.0101
7878.770	1.7096	0.0097
7881.700	1.7093	0.0101
7884.630	1.6992	0.0101
7887.560	1.7032	0.0099
7890.490	1.7130	0.0092
7893.420	1.7255	0.0088
7896.350	1.7179	0.0092
7899.280	1.7110	0.0100
7902.210	1.7100	0.0106
7905.140	1.7127	0.0111
7908.070	1.7064	0.0106
7911.000	1.6946	0.0106
7913.930	1.6945	0.0104
7916.860	1.6917	0.0107
7919.790	1.6792	0.0104
7922.720	1.6779	0.0111
7925.650	1.6749	0.0103
7928.580	1.6721	0.0099
7931.510	1.6696	0.0099
7934.440	1.6637	0.0096
7937.370	1.6639	0.0100
7940.300	1.6623	0.0090
7943.230	1.6620	0.0085
7946.160	1.6637	0.0085
7949.090	1.6669	0.0091
7952.020	1.6637	0.0097
7954.950	1.6611	0.0087
7957.880	1.6655	0.0098
7960.810	1.6492	0.0104
7963.740	1.6487	0.0102
7966.670	1.6513	0.0096
7969.600	1.6432	0.0095
7972.530	1.6377	0.0102
7975.460	1.6467	0.0098
7978.390	1.6472	0.0099
7981.320	1.6354	0.0093
7984.250	1.6379	0.0093
7987.180	1.6456	0.0098
7990.110	1.6414	0.0100
7993.040	1.6309	0.0095
7995.970	1.6165	0.0101
7998.900	1.6167	0.0096
8001.830	1.6189	0.0088
8004.760	1.6216	0.0076
8007.690	1.6247	0.0067
8010.620	1.6239	0.0068
8013.550	1.6198	0.0076
8016.480	1.6283	0.0096
8019.410	1.6334	0.0099
8022.340	1.6280	0.0092
8025.270	1.6234	0.0090
8028.200	1.6243	0.0102
8031.130	1.6097	0.0097
8034.060	1.5968	0.0086
8036.990	1.5921	0.0085
8039.920	1.5877	0.0090
8042.850	1.5832	0.0087
8045.780	1.5872	0.0088
8048.710	1.5778	0.0092
8051.640	1.5790	0.0103
8054.570	1.5830	0.0111
8057.500	1.5816	0.0108
8060.430	1.5779	0.0091
8063.360	1.5812	0.0090
8066.290	1.5806	0.0083
8069.220	1.5850	0.0095
8072.150	1.5820	0.0089
8075.080	1.5766	0.0092
8078.010	1.5806	0.0096
8080.940	1.5812	0.0104
8083.870	1.5662	0.0093
8086.800	1.5718	0.0089
8089.730	1.5750	0.0091
8092.660	1.5618	0.0087
8095.590	1.5560	0.0087
8098.520	1.5568	0.0087
8101.450	1.5560	0.0094
8104.380	1.5625	0.0091
8107.310	1.5502	0.0095
8110.240	1.5490	0.0093
8113.170	1.5492	0.0091
8116.100	1.5518	0.0093
8119.030	1.5561	0.0095
8121.960	1.5460	0.0097
8124.890	1.5405	0.0088
8127.820	1.5421	0.0082
8130.750	1.5429	0.0085
8133.680	1.5433	0.0081
8136.610	1.5350	0.0085
8139.540	1.5284	0.0082
8142.470	1.5244	0.0090
8145.400	1.5268	0.0081
8148.330	1.5305	0.0075
8151.260	1.5392	0.0078
8154.190	1.5434	0.0085
8157.120	1.5371	0.0095
8160.050	1.5301	0.0090
8162.980	1.5145	0.0094
8165.910	1.5126	0.0101
8168.840	1.5168	0.0109
8171.770	1.5205	0.0104
8174.700	1.5210	0.0097
8177.630	1.5099	0.0095
8180.560	1.5043	0.0105
8183.490	1.5025	0.0104
8186.420	1.5011	0.0098
8189.350	1.4991	0.0093
8192.280	1.5007	0.0093
8195.210	1.4896	0.0098
8198.140	1.4818	0.0082
8201.070	1.4849	0.0076
8204.000	1.4844	0.0086
8206.930	1.4801	0.0088
8209.860	1.4893	0.0082
8212.790	1.4903	0.0076
8215.720	1.4937	0.0068
8218.650	1.4868	0.0077
8221.580	1.4813	0.0091
8224.510	1.4849	0.0103
8227.440	1.4843	0.0115
8230.370	1.4755	0.0120
8233.300	1.4776	0.0110
8236.230	1.4808	0.0101
8239.160	1.4811	0.0092
8242.090	1.4793	0.0067
8245.020	1.4638	0.0072
8247.950	1.4568	0.0076
8250.880	1.4573	0.0080
8253.810	1.4712	0.0082
8256.740	1.4671	0.0089
8259.670	1.4611	0.0085
8262.600	1.4585	0.0082
8265.530	1.4564	0.0080
8268.460	1.4541	0.0080
8271.390	1.4513	0.0074
8274.320	1.4510	0.0069
8277.250	1.4466	0.0067
8280.180	1.4456	0.0084
8283.110	1.4398	0.0083
8286.040	1.4322	0.0075
8288.970	1.4334	0.0085
8291.900	1.4313	0.0084
8294.830	1.4184	0.0082
8297.760	1.4116	0.0088
8300.690	1.4161	0.0077
8303.620	1.4369	0.0065
8306.550	1.4363	0.0074
8309.480	1.4244	0.0084
8312.410	1.4252	0.0086
8315.340	1.4259	0.0091
8318.270	1.4314	0.0091
8321.200	1.4271	0.0085
8324.130	1.4224	0.0081
8327.060	1.4087	0.0090
8329.990	1.4141	0.0096
8332.920	1.4181	0.0093
8335.850	1.4083	0.0095
8338.780	1.4067	0.0096
8341.710	1.3941	0.0092
8344.640	1.3959	0.0088
8347.570	1.3934	0.0088
8350.500	1.3889	0.0086
8353.430	1.3911	0.0088
8356.360	1.3895	0.0081
8359.290	1.3926	0.0083
8362.220	1.3920	0.0090
8365.150	1.3917	0.0090
8368.080	1.3902	0.0081
8371.010	1.3927	0.0074
8373.940	1.3974	0.0070
8376.870	1.3997	0.0090
8379.800	1.3924	0.0093
8382.730	1.3926	0.0093
8385.660	1.3928	0.0079
8388.590	1.3912	0.0075
8391.520	1.3844	0.0078
8394.450	1.3807	0.0095
8397.380	1.3667	0.0093
8400.310	1.3623	0.0081
8403.240	1.3540	0.0066
8406.170	1.3452	0.0062
8409.100	1.3595	0.0080
8412.030	1.3701	0.0089
8414.960	1.3662	0.0092
8417.890	1.3541	0.0071
8420.820	1.3598	0.0067
8423.750	1.3599	0.0068
8426.680	1.3549	0.0082
8429.610	1.3481	0.0100
8432.540	1.3572	0.0086
8435.470	1.3616	0.0086
8438.400	1.3537	0.0086
8441.330	1.3444	0.0078
8444.260	1.3400	0.0071
8447.190	1.3369	0.0075
8450.120	1.3450	0.0100
8453.050	1.3361	0.0086
8455.980	1.3283	0.0073
8458.910	1.3372	0.0089
8461.840	1.3366	0.0090
8464.770	1.3398	0.0089
8467.700	1.3359	0.0088
8470.630	1.3274	0.0081
8473.560	1.3246	0.0079
8476.490	1.3279	0.0084
8479.420	1.3296	0.0087
8482.350	1.3315	0.0082
8485.280	1.3365	0.0093
8488.210	1.3250	0.0090
8491.140	1.3275	0.0085
8494.070	1.3345	0.0107
8497.000	1.3338	0.0127
8499.930	1.3214	0.0111
8502.860	1.3059	0.0090
8505.790	1.2964	0.0093
8508.720	1.2957	0.0090
8511.650	1.2950	0.0086
8514.580	1.3003	0.0091
8517.510	1.2975	0.0085
8520.440	1.2972	0.0080
8523.370	1.2953	0.0082
8526.300	1.2989	0.0089
8529.230	1.3041	0.0100
8532.160	1.3054	0.0094
8535.090	1.3043	0.0088
8538.020	1.3139	0.0136
8540.950	1.3235	0.0160
8543.880	1.3096	0.0134
8546.810	1.2965	0.0094
8549.740	1.2961	0.0102
8552.670	1.2824	0.0093
8555.600	1.2772	0.0083
8558.530	1.2794	0.0081
8561.460	1.2773	0.0079
8564.390	1.2878	0.0079
8567.320	1.2962	0.0077
8570.250	1.2927	0.0079
8573.180	1.2912	0.0082
8576.110	1.2785	0.0086
8579.040	1.2728	0.0089
8581.970	1.2723	0.0089
8584.900	1.2648	0.0091
8587.830	1.2662	0.0088
8590.760	1.2585	0.0078
8593.690	1.2552	0.0067
8596.620	1.2605	0.0073
8599.550	1.2614	0.0085
8602.480	1.2549	0.0086
8605.410	1.2553	0.0068
8608.340	1.2524	0.0057
8611.270	1.2556	0.0060
8614.200	1.2580	0.0078
8617.130	1.2506	0.0063
8620.060	1.2585	0.0086
8622.990	1.2546	0.0097
8625.920	1.2444	0.0090
8628.850	1.2488	0.0080
8631.780	1.2465	0.0077
8634.710	1.2334	0.0093
8637.640	1.2365	0.0090
8640.570	1.2385	0.0090
8643.500	1.2307	0.0082
8646.430	1.2305	0.0083
8649.360	1.2319	0.0090
8652.290	1.2267	0.0084
8655.220	1.2297	0.0057
8658.150	1.2488	0.0125
8661.080	1.2530	0.0143
8664.010	1.2325	0.0121
8666.940	1.2184	0.0093
8669.870	1.2263	0.0088
8672.800	1.2221	0.0082
8675.730	1.2177	0.0082
8678.660	1.2187	0.0080
8681.590	1.2207	0.0077
8684.520	1.2206	0.0082
8687.450	1.2234	0.0080
8690.380	1.2205	0.0073
8693.310	1.2202	0.0071
8696.240	1.2224	0.0071
8699.170	1.2142	0.0073
8702.100	1.2134	0.0077
8705.030	1.2200	0.0079
8707.960	1.2204	0.0075
8710.890	1.2116	0.0075
8713.820	1.2025	0.0073
8716.750	1.1966	0.0071
8719.680	1.1962	0.0080
8722.610	1.2002	0.0076
8725.540	1.1984	0.0067
8728.470	1.1969	0.0056
8731.400	1.1932	0.0061
8734.330	1.1910	0.0065
8737.260	1.1879	0.0071
8740.190	1.1955	0.0068
8743.120	1.2080	0.0065
8746.050	1.2033	0.0064
8748.980	1.1962	0.0067
8751.910	1.1919	0.0074
8754.840	1.1935	0.0071
8757.770	1.1890	0.0068
8760.700	1.1858	0.0077
8763.630	1.1861	0.0085
8766.560	1.1823	0.0077
8769.490	1.1838	0.0080
8772.420	1.1788	0.0081
8775.350	1.1713	0.0083
8778.280	1.1689	0.0077
8781.210	1.1723	0.0083
8784.140	1.1719	0.0090
8787.070	1.1596	0.0083
8790.000	1.1550	0.0071
8792.930	1.1572	0.0068
8795.860	1.1636	0.0060
8798.790	1.1669	0.0069
8801.720	1.1614	0.0092
8804.650	1.1753	0.0092
8807.580	1.1677	0.0084
8810.510	1.1561	0.0088
8813.440	1.1531	0.0088
8816.370	1.1546	0.0093
8819.300	1.1624	0.0093
8822.230	1.1616	0.0088
8825.160	1.1503	0.0084
8828.090	1.1393	0.0070
8831.020	1.1295	0.0072
8833.950	1.1304	0.0071
8836.880	1.1378	0.0069
8839.810	1.1453	0.0065
8842.740	1.1418	0.0062
8845.670	1.1440	0.0077
8848.600	1.1562	0.0087
8851.530	1.1498	0.0084
8854.460	1.1322	0.0081
8857.390	1.1346	0.0074
8860.320	1.1368	0.0061
8863.250	1.1350	0.0078
8866.180	1.1263	0.0082
8869.110	1.1234	0.0076
8872.040	1.1206	0.0067
8874.970	1.1233	0.0070
8877.900	1.1280	0.0049
8880.830	1.1343	0.0062
8883.760	1.1265	0.0071
8886.690	1.1186	0.0062
8889.620	1.1076	0.0053
8892.550	1.1129	0.0067
8895.480	1.1223	0.0083
8898.410	1.1228	0.0084
8901.340	1.1153	0.0078
8904.270	1.1158	0.0073
8907.200	1.1201	0.0074
8910.130	1.1158	0.0072
8913.060	1.1264	0.0095
8915.990	1.1175	0.0086
8918.920	1.1072	0.0069
8921.850	1.1096	0.0078
8924.780	1.1113	0.0082
8927.710	1.1071	0.0083
8930.640	1.1015	0.0069
8933.570	1.1004	0.0064
8936.500	1.1054	0.0069
8939.430	1.1017	0.0075
8942.360	1.1042	0.0076
8945.290	1.1002	0.0071
8948.220	1.0950	0.0069
8951.150	1.1005	0.0065
8954.080	1.1056	0.0074
8957.010	1.0963	0.0072
8959.940	1.0937	0.0048
8962.870	1.0898	0.0053
8965.800	1.0966	0.0068
8968.730	1.0942	0.0074
8971.660	1.0905	0.0082
8974.590	1.0767	0.0079
8977.520	1.0770	0.0079
8980.450	1.0782	0.0070
8983.380	1.0749	0.0061
8986.310	1.0768	0.0070
8989.240	1.0811	0.0079
8992.170	1.0780	0.0073
8995.100	1.0753	0.0081
8998.030	1.0714	0.0086
9000.960	1.0701	0.0077
9003.890	1.0712	0.0064
9006.820	1.0781	0.0069
9009.750	1.0680	0.0074
9012.680	1.0674	0.0085
9015.610	1.0725	0.0089
9018.540	1.0657	0.0081
9021.470	1.0575	0.0081
9024.400	1.0621	0.0081
9027.330	1.0639	0.0080
9030.260	1.0611	0.0067
9033.190	1.0623	0.0038
9036.120	1.0591	0.0043
9039.050	1.0558	0.0045
9041.980	1.0481	0.0068
9044.910	1.0467	0.0073
9047.840	1.0439	0.0079
9050.770	1.0459	0.0080
9053.700	1.0517	0.0070
9056.630	1.0538	0.0053
9059.560	1.0464	0.0063
9062.490	1.0466	0.0067
9065.420	1.0413	0.0077
9068.350	1.0430	0.0080
9071.280	1.0517	0.0084
9074.210	1.0559	0.0079
9077.140	1.0544	0.0080
9080.070	1.0489	0.0080
9083.000	1.0496	0.0072
9085.930	1.0507	0.0073
9088.860	1.0381	0.0080
9091.790	1.0359	0.0085
9094.720	1.0253	0.0071
9097.650	1.0264	0.0057
9100.580	1.0355	0.0072
9103.510	1.0298	0.0074
9106.440	1.0289	0.0072
9109.370	1.0427	0.0085
9112.300	1.0387	0.0086
9115.230	1.0338	0.0083
9118.160	1.0324	0.0081
9121.090	1.0272	0.0073
9124.020	1.0189	0.0062
9126.950	1.0212	0.0060
9129.880	1.0196	0.0071
9132.810	1.0259	0.0080
9135.740	1.0196	0.0071
9138.670	1.0165	0.0074
9141.600	1.0083	0.0071
9144.530	1.0137	0.0074
9147.460	1.0184	0.0063
9150.390	1.0134	0.0064
9153.320	1.0128	0.0089
9156.250	1.0163	0.0080
9159.180	1.0170	0.0078
9162.110	1.0092	0.0077
9165.040	1.0067	0.0077
9167.970	1.0035	0.0074
9170.900	0.9901	0.0069
9173.830	0.9916	0.0078
9176.760	0.9934	0.0075
9179.690	0.9917	0.0077
9182.620	0.9938	0.0084
9185.550	0.9893	0.0069
9188.480	0.9898	0.0069
9191.410	0.9855	0.0065
9194.340	0.9869	0.0062
9197.270	0.9888	0.0074
9200.200	0.9861	0.0067
9203.130	0.9887	0.0076
9206.060	0.9861	0.0079
9208.990	0.9826	0.0079
9211.920	0.9756	0.0074
9214.850	0.9635	0.0073
9217.780	0.9563	0.0075
9220.710	0.9566	0.0075
9223.640	0.9613	0.0063
9226.570	0.9762	0.0068
9229.500	0.9835	0.0074
9232.430	0.9817	0.0078
9235.360	0.9608	0.0062
9238.290	0.9532	0.0058
9241.220	0.9548	0.0065
9244.150	0.9588	0.0074
9247.080	0.9643	0.0083
9250.010	0.9719	0.0086
9252.940	0.9702	0.0085
9255.870	0.9615	0.0077
9258.800	0.9634	0.0071
9261.730	0.9644	0.0074
9264.660	0.9559	0.0075
9267.590	0.9504	0.0076
9270.520	0.9527	0.0081
9273.450	0.9570	0.0080
9276.380	0.9694	0.0088
9279.310	0.9783	0.0088
9282.240	0.9655	0.0076
9285.170	0.9524	0.0071
9288.100	0.9616	0.0070
9291.030	0.9662	0.0053
9293.960	0.9800	0.0044
9296.890	0.9929	0.0063
9299.820	0.9957	0.0073
9302.750	0.9862	0.0084
9305.680	0.9706	0.0071
9308.610	0.9678	0.0072
9311.540	0.9596	0.0068
9314.470	0.9503	0.0089
9317.400	0.9632	0.0077
9320.330	0.9590	0.0087
9323.260	0.9619	0.0103
9326.190	0.9660	0.0095
9329.120	0.9623	0.0076
9332.050	0.9664	0.0089
9334.980	0.9668	0.0101
9337.910	0.9753	0.0114
9340.840	0.9746	0.0110
9343.770	0.9601	0.0103
9346.700	0.9419	0.0089
9349.630	0.9334	0.0084
9352.560	0.9398	0.0096
9355.490	0.9463	0.0097
9358.420	0.9458	0.0074
9361.350	0.9428	0.0084
9364.280	0.9479	0.0084
9367.210	0.9577	0.0094
9370.140	0.9619	0.0096
9373.070	0.9437	0.0076
9376.000	0.9328	0.0075
9378.930	0.9389	0.0088
9381.860	0.9404	0.0085
9384.790	0.9399	0.0057
9387.720	0.9406	0.0063
9390.650	0.9399	0.0076
9393.580	0.9453	0.0084
9396.510	0.9463	0.0080
9399.440	0.9419	0.0078
9402.370	0.9372	0.0081
9405.300	0.9469	0.0098
9408.230	0.9382	0.0097
9411.160	0.9346	0.0106
9414.090	0.9193	0.0099
9417.020	0.9155	0.0080
9419.950	0.9187	0.0088
9422.880	0.9227	0.0083
9425.810	0.9353	0.0088
9428.740	0.9224	0.0080
9431.670	0.9148	0.0077
9434.600	0.9218	0.0071
9437.530	0.9205	0.0091
9440.460	0.9150	0.0103
9443.390	0.9193	0.0088
9446.320	0.9042	0.0074
9449.250	0.8993	0.0070
9452.180	0.8968	0.0081
9455.110	0.8847	0.0089
9458.040	0.8766	0.0070
9460.970	0.8775	0.0053
9463.900	0.8875	0.0052
9466.830	0.8940	0.0051
9469.760	0.8999	0.0066
9472.690	0.8921	0.0079
9475.620	0.8742	0.0079
9478.550	0.8684	0.0082
9481.480	0.8669	0.0072
9484.410	0.8638	0.0065
9487.340	0.8605	0.0076
9490.270	0.8614	0.0079
9493.200	0.8679	0.0077
9496.130	0.8715	0.0085
9499.060	0.8729	0.0090
9501.990	0.8654	0.0081
9504.920	0.8551	0.0071
9507.850	0.8637	0.0074
9510.780	0.8591	0.0078
9513.710	0.8633	0.0094
9516.640	0.8619	0.0101
9519.570	0.8465	0.0087
9522.500	0.8463	0.0059
9525.430	0.8435	0.0052
9528.360	0.8325	0.0057
9531.290	0.8222	0.0061
9534.220	0.8156	0.0073
9537.150	0.8141	0.0077
9540.080	0.8220	0.0081
9543.010	0.8334	0.0090
9545.940	0.8300	0.0089
9548.870	0.8283	0.0088
9551.800	0.8215	0.0086
9554.730	0.8166	0.0081
9557.660	0.8175	0.0083
9560.590	0.8182	0.0083
9563.520	0.8195	0.0091
9566.450	0.8203	0.0099
9569.380	0.8247	0.0099
9572.310	0.8211	0.0082
9575.240	0.8195	0.0076
9578.170	0.8266	0.0079
9581.100	0.8360	0.0078
9584.030	0.8335	0.0085
9586.960	0.8303	0.0096
9589.890	0.8331	0.0099
9592.820	0.8223	0.0099
9595.750	0.8218	0.0104
9598.680	0.8223	0.0102
9601.610	0.8335	0.0096
9604.540	0.8477	0.0104
9607.470	0.8419	0.0109
9610.400	0.8414	0.0113
9613.330	0.8439	0.0113
9616.260	0.8489	0.0108
9619.190	0.8380	0.0120
9622.120	0.8407	0.0124
9625.050	0.8341	0.0123
9627.980	0.8301	0.0115
9630.910	0.8469	0.0114
9633.840	0.8422	0.0116
9636.770	0.8406	0.0121
9639.700	0.8443	0.0120
9642.630	0.8534	0.0125
9645.560	0.8334	0.0127
9648.490	0.8437	0.0127
9651.420	0.8400	0.0121
9654.350	0.8255	0.0121
9657.280	0.8257	0.0122
9660.210	0.8369	0.0133
9663.140	0.8499	0.0134
9666.070	0.8505	0.0136
9669.000	0.8473	0.0134
9671.930	0.8484	0.0138
9674.860	0.8461	0.0136
9677.790	0.8473	0.0142
9680.720	0.8411	0.0141
9683.650	0.8398	0.0141
9686.580	0.8430	0.0144
9689.510	0.8445	0.0143
9692.440	0.8419	0.0143
9695.370	0.8409	0.0145
9698.300	0.8524	0.0150
9701.230	0.8506	0.0153
