3298.680	472.2054	2.9726
3301.060	466.8182	3.4446
3303.440	464.6780	3.2051
3305.820	467.4720	2.7237
3308.200	467.1942	2.6403
3310.580	464.4724	2.9236
3312.960	466.1087	2.8725
3315.340	465.4223	2.8688
3317.720	462.5990	2.9510
3320.100	458.8231	3.4210
3322.480	457.7953	2.8270
3324.860	455.8250	2.5425
3327.240	450.6339	2.5601
3329.620	448.0973	2.4401
3332.000	447.4034	2.7444
3334.380	448.8837	2.5779
3336.760	450.2445	2.4630
3339.140	447.9670	2.4240
3341.520	442.0777	2.3294
3343.900	439.4151	2.4274
3346.280	444.6163	2.1446
3348.660	449.5601	2.5295
3351.040	442.8683	2.2893
3353.420	428.5820	2.5050
3355.800	423.1365	2.9939
3358.180	427.9261	2.7471
3360.560	437.1313	2.9830
3362.940	436.1068	2.4109
3365.320	429.3525	2.5328
3367.700	429.2227	2.4193
3370.080	431.8544	2.5131
3372.460	432.6312	2.4509
3374.840	434.3977	2.4723
3377.220	432.2523	2.9780
3379.600	436.3071	1.9589
3381.980	437.1536	2.0084
3384.360	435.9272	2.2061
3386.740	431.5379	2.5864
3389.120	430.5942	2.3250
3391.500	430.1834	2.1630
3393.880	431.6259	2.4986
3396.260	431.2800	2.1130
3398.640	427.4659	2.6545
3401.020	425.3482	2.8008
3403.400	425.6136	2.1776
3405.780	424.2497	2.0367
3408.160	424.2209	1.8213
3410.540	424.8052	1.9378
3412.920	421.3720	2.2148
3415.300	420.2845	2.0897
3417.680	416.8632	2.2980
3420.060	416.5551	2.5418
3422.440	417.6994	2.2297
3424.820	419.7193	1.8011
3427.200	417.7475	1.8469
3429.580	415.0240	2.2951
3431.960	411.8495	2.5112
3434.340	410.1341	2.4502
3436.720	407.3228	2.5369
3439.100	407.3740	2.2768
3441.480	408.1246	2.3536
3443.860	401.7168	2.1949
3446.240	395.8278	1.8440
3448.620	393.7661	2.3426
3451.000	397.2447	2.3059
3453.380	399.3925	2.2208
3455.760	400.2371	2.0483
3458.140	402.5744	1.7900
3460.520	402.6077	1.8946
3462.900	402.2083	1.8845
3465.280	398.9332	2.4954
3467.660	397.3460	2.2722
3470.040	395.7656	2.4643
3472.420	396.6065	2.0681
3474.800	396.7873	1.9141
3477.180	392.2455	2.2131
3479.560	386.2688	2.5887
3481.940	385.1531	2.2713
3484.320	385.7543	1.9960
3486.700	385.0043	2.0998
3489.080	387.6053	1.8899
3491.460	388.1245	2.0121
3493.840	386.0388	1.7403
3496.220	383.7755	1.8589
3498.600	382.2369	1.7227
3500.980	378.6833	2.1357
3503.360	376.9683	2.2728
3505.740	379.0588	2.0809
3508.120	377.7634	1.8172
3510.500	375.1194	1.7319
3512.880	373.7368	1.7553
3515.260	374.9973	1.7815
3517.640	377.6007	1.5797
3520.020	376.6216	1.6168
3522.400	376.5290	1.7892
3524.780	376.0728	2.4420
3527.160	373.0934	1.6251
3529.540	370.8135	1.5864
3531.920	370.3667	1.7072
3534.300	370.0103	1.5935
3536.680	368.3221	1.5826
3539.060	367.0175	1.6039
3541.440	366.5088	1.7603
3543.820	365.8104	1.8353
3546.200	364.7332	2.0267
3548.580	363.4573	1.8247
3550.960	360.1043	1.8772
3553.340	356.9602	1.8740
3555.720	354.6561	1.9714
3558.100	355.0285	1.9808
3560.480	357.5852	1.8473
3562.860	360.3072	1.6408
3565.240	360.3898	1.6783
3567.620	360.8244	1.5139
3570.000	357.3389	1.9521
3572.380	357.1111	1.6432
3574.760	355.6633	1.6552
3577.140	352.8357	1.7464
3579.520	353.3432	1.8165
3581.900	348.9338	1.7448
3584.280	342.9816	1.7667
3586.660	338.4416	1.6760
3589.040	339.3504	1.5797
3591.420	341.7799	1.7127
3593.800	343.3496	2.1174
3596.180	345.7771	2.2371
3598.560	347.4263	2.0480
3600.940	348.8580	1.6589
3603.320	348.6249	1.5631
3605.700	350.2448	1.6440
3608.080	346.2652	1.4709
3610.460	335.9394	1.7492
3612.840	326.3367	2.0897
3615.220	330.8717	1.9434
3617.600	341.6336	1.4428
3619.980	342.8225	1.7933
3622.360	341.0651	1.6578
3624.740	335.5286	2.1958
3627.120	328.9952	2.0753
3629.500	321.3618	1.7088
3631.880	313.8771	1.7846
3634.260	310.6119	1.6753
3636.640	313.3353	1.6373
3639.020	320.9753	1.5512
3641.400	328.5849	1.5423
3643.780	331.3839	1.5711
3646.160	333.2660	1.4806
3648.540	333.8816	1.5742
3650.920	332.4682	1.3351
3653.300	332.1934	1.6522
3655.680	333.3966	1.6646
3658.060	334.0409	1.5645
3660.440	334.2999	1.3830
3662.820	333.1535	1.3194
3665.200	332.7102	1.3848
3667.580	332.8346	1.3951
3669.960	331.9015	1.5533
3672.340	330.1545	1.8486
3674.720	329.3680	1.6378
3677.100	328.1220	1.5239
3679.480	328.8772	1.4101
3681.860	328.4439	1.4768
3684.240	326.4321	1.5361
3686.620	325.2270	1.5828
3689.000	322.6602	1.5652
3691.380	319.6675	1.5507
3693.760	313.9461	1.5718
3696.140	310.4710	1.4914
3698.520	302.4271	1.4680
3700.900	288.0589	1.8477
3703.280	274.6312	1.4570
3705.660	274.4181	1.3439
3708.040	285.5815	1.2047
3710.420	293.5277	1.3668
3712.800	297.8608	1.5684
3715.180	303.7705	1.7627
3717.560	309.6721	1.4153
3719.940	313.4758	1.7421
3722.320	313.3919	1.3829
3724.700	311.5354	1.5428
3727.080	311.4254	1.7501
3729.460	313.1199	1.6567
3731.840	308.8638	1.7972
3734.220	305.6918	1.6920
3736.600	307.6331	1.3584
3738.980	308.1370	1.9639
3741.360	309.9521	1.8831
3743.740	311.9103	1.2917
3746.120	308.1211	1.4387
3748.500	303.9984	1.5412
3750.880	303.8114	1.6130
3753.260	302.9077	2.4150
3755.640	301.6459	1.7630
3758.020	304.5365	1.2520
3760.400	304.0758	1.2495
3762.780	302.3698	1.3913
3765.160	302.1517	1.3563
3767.540	300.5237	1.3261
3769.920	296.2870	1.3806
3772.300	294.9986	1.3382
3774.680	298.2689	1.2496
3777.060	300.2442	1.2163
3779.440	301.4895	1.1525
3781.820	301.5869	1.2334
3784.200	300.7832	1.2548
3786.580	298.7993	1.4629
3788.960	298.4364	1.2189
3791.340	294.2774	1.3142
3793.720	286.8301	1.3252
3796.100	283.3530	1.4140
3798.480	284.2692	1.3197
3800.860	287.3199	1.2188
3803.240	286.6566	1.2348
3805.620	284.9136	1.3778
3808.000	284.0945	1.1440
3810.380	280.7407	1.3046
3812.760	272.2252	1.3092
3815.140	256.6525	1.5129
3817.520	238.2966	1.4164
3819.900	231.3256	1.3845
3822.280	245.5025	1.2146
3824.660	261.8118	1.0193
3827.040	270.8106	1.0506
3829.420	271.8419	1.0275
3831.800	269.2087	1.0654
3834.180	266.4439	1.2350
3836.560	267.2959	1.1563
3838.940	270.4999	1.2690
3841.320	275.2737	1.1059
3843.700	277.4911	1.6387
3846.080	280.0771	1.6444
3848.460	283.8732	1.3415
3850.840	285.8704	1.2550
3853.220	287.2988	1.1564
3855.600	287.5445	1.0718
3857.980	287.8482	1.2456
3860.360	287.2401	1.1703
3862.740	280.6624	1.7867
3865.120	273.8019	1.7656
3867.500	269.7512	1.2366
3869.880	270.5295	1.2878
3872.260	274.5807	1.0283
3874.640	275.8634	1.1404
3877.020	274.4605	1.0970
3879.400	271.4802	1.1683
3881.780	267.0942	1.1930
3884.160	258.0550	1.2043
3886.540	244.6391	1.2530
3888.920	236.1796	1.2178
3891.300	243.4981	0.9185
3893.680	254.4024	1.0344
3896.060	262.2378	1.2012
3898.440	267.7497	1.0169
3900.820	271.5650	0.9771
3903.200	273.9322	0.9556
3905.580	274.5797	0.9700
3907.960	275.8332	1.0696
3910.340	275.2072	1.3609
3912.720	274.4067	1.4627
3915.100	272.5265	1.3826
3917.480	270.9518	1.2520
3919.860	268.9109	1.2529
3922.240	266.1715	1.2770
3924.620	265.9920	1.2551
3927.000	267.4010	1.5151
3929.380	266.7578	1.4579
3931.760	264.3861	2.4083
3934.140	265.1812	2.5116
3936.520	263.4956	1.7217
3938.900	261.6614	1.4309
3941.280	262.1629	1.3006
3943.660	264.2088	1.5122
3946.040	266.2308	1.1255
3948.420	264.5906	1.3133
3950.800	262.1827	1.3548
3953.180	260.0828	1.4393
3955.560	256.1624	1.3050
3957.940	252.4072	1.3785
3960.320	245.8563	1.4154
3962.700	234.8091	1.2776
3965.080	221.4837	1.5308
3967.460	215.4420	1.9661
3969.840	214.3455	2.0372
3972.220	217.5885	1.1596
3974.600	226.5397	1.2544
3976.980	235.3302	1.3276
3979.360	240.5863	1.5636
3981.740	246.0726	1.6133
3984.120	251.4652	1.1934
3986.500	253.4992	1.1023
3988.880	254.0444	1.2110
3991.260	253.5398	1.1834
3993.640	251.5826	1.1023
3996.020	248.7801	1.0990
3998.400	247.4276	1.0820
4000.780	245.3809	1.1394
4003.160	242.2691	1.1729
4005.540	239.8428	1.0538
4007.920	238.5121	0.9095
4010.300	237.5669	0.9861
4012.680	237.9357	0.9729
4015.060	237.2821	0.9251
4017.440	233.5018	0.8249
4019.820	224.5806	0.9141
4022.200	207.7918	1.0467
4024.580	189.1350	1.0757
4026.960	185.9569	0.8515
4029.340	201.6985	0.7615
4031.720	218.7236	0.6947
4034.100	229.5621	0.7417
4036.480	235.3383	0.8330
4038.860	237.3975	0.9399
4041.240	236.8268	0.9151
4043.620	236.9996	1.0051
4046.000	238.7673	0.8500
4048.380	241.6657	0.9041
4050.760	242.9674	1.0014
4053.140	243.5215	0.9543
4055.520	243.1071	0.9211
4057.900	241.9131	0.9255
4060.280	241.3089	0.8945
4062.660	241.8136	0.8568
4065.040	240.8810	0.8899
4067.420	239.4093	0.9221
4069.800	237.9731	0.9682
4072.180	236.9416	0.9817
4074.560	236.0864	0.9756
4076.940	234.5720	0.9942
4079.320	232.0653	0.9541
4081.700	230.7327	0.9274
4084.080	229.4068	0.9172
4086.460	225.5625	0.9890
4088.840	219.7241	1.0392
4091.220	216.5843	0.9942
4093.600	211.4894	0.9889
4095.980	199.9425	1.0711
4098.360	185.3863	1.2195
4100.740	175.6998	1.2033
4103.120	177.7881	0.9206
4105.500	189.1747	0.8209
4107.880	201.4140	0.7880
4110.260	210.4257	0.8060
4112.640	215.3677	0.8051
4115.020	215.8611	0.8274
4117.400	214.3411	0.8211
4119.780	210.6526	0.8309
4122.160	211.8043	0.7885
4124.540	218.7771	0.9154
4126.920	224.0004	0.9150
4129.300	223.6471	0.8647
4131.680	221.8341	0.9010
4134.060	219.3423	0.9182
4136.440	215.2123	0.9329
4138.820	210.2101	0.8964
4141.200	204.0384	0.9490
4143.580	200.1258	0.8747
4145.960	201.7391	0.7364
4148.340	208.8821	0.8167
4150.720	215.7935	0.8790
4153.100	219.4978	0.8672
4155.480	221.4855	0.9155
4157.860	222.0411	0.9009
4160.240	221.8459	0.9086
4162.620	219.9587	0.9605
4165.000	218.6732	0.8927
4167.380	217.2514	0.9059
4169.760	216.3949	0.7448
4172.140	214.9110	0.8382
4174.520	214.3964	0.8833
4176.900	212.8738	0.7593
4179.280	212.1175	0.7963
4181.660	212.2429	0.6963
4184.040	213.0408	0.7422
4186.420	212.7124	0.8151
4188.800	211.6145	0.9022
4191.180	210.1588	1.0025
4193.560	207.9800	0.8649
4195.940	205.1026	0.9029
4198.320	203.7634	0.9714
4200.700	203.4996	0.8760
4203.080	204.0167	0.7701
4205.460	203.9754	0.8112
4207.840	204.7783	0.7376
4210.220	205.3649	0.7873
4212.600	205.4746	0.8078
4214.980	207.0672	0.8214
4217.360	208.0861	0.7411
4219.740	207.3982	0.7948
4222.120	208.3987	0.7086
4224.500	209.0531	1.0353
4226.880	207.0479	0.7512
4229.260	206.1459	0.7365
4231.640	205.5343	0.9754
4234.020	205.7419	0.8207
4236.400	204.7831	0.7311
4238.780	203.2989	0.7227
4241.160	201.9777	0.7575
4243.540	202.5024	0.7787
4245.920	204.5176	0.7522
4248.300	205.0532	0.7919
4250.680	205.0560	0.7967
4253.060	203.7838	0.7581
4255.440	203.3101	0.7928
4257.820	204.3968	0.7559
4260.200	204.2319	0.7621
4262.580	203.7417	0.7820
4264.960	203.0956	0.8331
4267.340	202.6104	0.8090
4269.720	202.2627	0.8159
4272.100	201.9605	0.8845
4274.480	200.9592	0.7533
4276.860	200.3235	0.7460
4279.240	199.0441	0.7686
4281.620	197.4506	0.7455
4284.000	195.2583	0.7780
4286.380	193.5859	0.7664
4288.760	191.8423	0.8257
4291.140	191.1653	0.7424
4293.520	192.6337	0.8016
4295.900	194.2260	0.8341
4298.280	194.9956	0.8535
4300.660	194.7798	0.7956
4303.040	193.5609	0.7669
4305.420	193.0379	0.7033
4307.800	193.4948	0.8918
4310.180	192.3596	1.0130
4312.560	189.8400	0.8075
4314.940	188.2405	0.8807
4317.320	185.4165	1.1721
4319.700	184.3163	0.9440
4322.080	182.9185	0.7954
4324.460	180.7362	0.9184
4326.840	176.8041	0.7564
4329.220	172.7137	0.7691
4331.600	168.4601	0.8783
4333.980	162.7317	0.8205
4336.360	153.1763	0.8665
4338.740	143.3459	1.0684
4341.120	139.6626	0.9160
4343.500	145.7317	0.6280
4345.880	156.2315	0.6240
4348.260	164.7551	0.5955
4350.640	170.7757	0.6259
4353.020	174.5846	0.6138
4355.400	177.2446	0.5883
4357.780	178.3140	0.5936
4360.160	178.8677	0.6529
4362.540	179.5357	0.6689
4364.920	179.9271	0.6552
4367.300	179.3272	0.7392
4369.680	178.8405	0.7615
4372.060	178.2039	0.6977
4374.440	177.3170	0.6893
4376.820	175.0042	0.7499
4379.200	171.5014	0.7750
4381.580	168.8248	0.7401
4383.960	164.2330	0.7403
4386.340	156.3236	0.7839
4388.720	151.8339	0.6732
4391.100	157.8664	0.5661
4393.480	167.5089	0.6432
4395.860	173.2400	0.6381
4398.240	175.3246	0.6085
4400.620	176.3243	0.6127
4403.000	176.4447	0.7450
4405.380	176.7381	0.6250
4407.760	177.2525	0.6160
4410.140	177.1070	0.6820
4412.520	176.8431	0.6822
4414.900	176.4499	0.6210
4417.280	176.0370	0.6925
4419.660	176.4366	0.6569
4422.040	176.4705	0.6938
4424.420	175.5568	0.6834
4426.800	173.5205	0.6486
4429.180	171.0429	0.6446
4431.560	169.8656	0.6654
4433.940	169.7021	0.6275
4436.320	169.2026	0.6536
4438.700	168.8891	0.5931
4441.080	168.7067	0.6718
4443.460	169.8674	0.5981
4445.840	169.6412	0.6405
4448.220	168.9224	0.6639
4450.600	169.6364	0.6426
4452.980	169.0979	0.6332
4455.360	167.1201	0.6266
4457.740	164.8391	0.6578
4460.120	162.9544	0.5911
4462.500	159.3934	0.5585
4464.880	152.1926	0.6520
4467.260	140.4587	0.7919
4469.640	128.6433	0.7205
4472.020	125.9406	0.5479
4474.400	134.9084	0.4274
4476.780	146.6849	0.5138
4479.160	153.8042	0.5180
4481.540	157.2371	0.5275
4483.920	160.0459	0.5459
4486.300	162.1700	0.5589
4488.680	162.8229	0.5587
4491.060	163.6013	0.5802
4493.440	164.3294	0.6906
4495.820	164.7540	0.6485
4498.200	164.8352	0.6460
4500.580	164.0776	0.6725
4502.960	163.1560	0.6654
4505.340	162.1223	0.6955
4507.720	160.9854	0.6655
4510.100	159.7451	0.6104
4512.480	158.3039	0.5796
4514.860	157.9942	0.5611
4517.240	158.2606	0.5999
4519.620	159.4390	0.5945
4522.000	159.0372	0.6619
4524.380	158.0451	0.5672
4526.760	156.4971	0.6015
4529.140	154.2923	0.6228
4531.520	152.4091	0.6941
4533.900	151.1186	0.6920
4536.280	149.6932	0.7221
4538.660	147.9456	0.7707
4541.040	146.6335	0.6438
4543.420	146.4220	0.5860
4545.800	147.2322	0.6079
4548.180	148.9482	0.5608
4550.560	150.4147	0.5562
4552.940	151.7588	0.5545
4555.320	154.0534	0.5315
4557.700	155.7395	0.5533
4560.080	156.5307	0.5581
4562.460	156.7718	0.5758
4564.840	156.1756	0.5484
4567.220	155.3131	0.5565
4569.600	154.6220	0.5415
4571.980	154.8045	0.5883
4574.360	155.3901	0.5797
4576.740	156.1202	0.5984
4579.120	156.2322	0.6114
4581.500	155.8322	0.6113
4583.880	155.6788	0.5922
4586.260	155.1016	0.6176
4588.640	154.0125	0.6553
4591.020	153.0500	0.6014
4593.400	152.7576	0.5530
4595.780	152.7661	0.5926
4598.160	152.4723	0.5403
4600.540	151.1942	0.5740
4602.920	150.2771	0.5942
4605.300	149.5727	0.6477
4607.680	147.6769	0.6172
4610.060	146.4426	0.5858
4612.440	146.4501	0.5479
4614.820	146.2109	0.5410
4617.200	145.2911	0.5479
4619.580	144.8832	0.5146
4621.960	144.7815	0.5239
4624.340	144.5995	0.5367
4626.720	143.4178	0.5348
4629.100	140.3542	0.5575
4631.480	137.8784	0.5510
4633.860	139.2396	0.4855
4636.240	140.7940	0.4787
4638.620	140.0730	0.5446
4641.000	138.2212	0.6060
4643.380	139.2951	0.5483
4645.760	142.1435	0.5090
4648.140	143.1942	0.4905
4650.520	141.8694	0.5988
4652.900	139.9892	0.5751
4655.280	140.5028	0.5356
4657.660	141.9913	0.5627
4660.040	143.2624	0.5357
4662.420	143.8126	0.5497
4664.800	143.0896	0.5946
4667.180	142.5512	0.5867
4669.560	142.1759	0.5647
4671.940	140.7870	0.5559
4674.320	138.5329	0.6109
4676.700	136.0513	0.6185
4679.080	132.8583	0.6518
4681.460	127.2948	0.7614
4683.840	119.9439	0.7423
4686.220	116.7122	0.7338
4688.600	121.8760	0.6535
4690.980	129.1045	0.4260
4693.360	133.3265	0.4323
4695.740	135.5341	0.4125
4698.120	137.7462	0.4099
4700.500	138.5759	0.4439
4702.880	139.0238	0.5433
4705.260	138.7168	0.5769
4707.640	137.4748	0.4998
4710.020	134.3588	0.5473
4712.400	129.5670	0.5807
4714.780	129.3085	0.5129
4717.160	134.2901	0.5332
4719.540	137.5400	0.4915
4721.920	138.3708	0.5381
4724.300	138.5494	0.5437
4726.680	138.6155	0.5590
4729.060	138.8359	0.5850
4731.440	138.3539	0.6098
4733.820	138.1624	0.5532
4736.200	137.8747	0.5612
4738.580	137.7082	0.4691
4740.960	137.5662	0.5248
4743.340	137.5576	0.5389
4745.720	137.3022	0.5864
4748.100	136.8839	0.5547
4750.480	136.2301	0.5447
4752.860	135.3327	0.5523
4755.240	134.9500	0.5703
4757.620	135.0889	0.5072
4760.000	134.5190	0.5329
4762.380	134.2426	0.5536
4764.760	134.4909	0.5349
4767.140	134.4737	0.5362
4769.520	133.6735	0.5929
4771.900	133.5589	0.5590
4774.280	133.3233	0.5125
4776.660	132.8277	0.4890
4779.040	132.1711	0.4921
4781.420	131.8899	0.4973
4783.800	131.7986	0.5127
4786.180	131.7661	0.4837
4788.560	131.1023	0.4840
4790.940	130.5138	0.5029
4793.320	130.5517	0.4763
4795.700	130.6561	0.4990
4798.080	130.2668	0.5092
4800.460	129.7992	0.4969
4802.840	129.1918	0.5185
4805.220	129.1244	0.5351
4807.600	129.4019	0.5395
4809.980	129.2473	0.5467
4812.360	129.1210	0.4684
4814.740	128.4961	0.4613
4817.120	127.7251	0.4980
4819.500	127.0937	0.5415
4821.880	127.2714	0.5496
4824.260	127.5770	0.4939
4826.640	127.3993	0.5032
4829.020	126.2743	0.5510
4831.400	125.7422	0.5540
4833.780	125.3603	0.5278
4836.160	124.3818	0.5354
4838.540	123.8277	0.5085
4840.920	122.9131	0.4971
4843.300	121.3010	0.5489
4845.680	119.1954	0.5833
4848.060	117.1247	0.5247
4850.440	114.7448	0.5259
4852.820	111.1594	0.5497
4855.200	105.3955	0.5642
4857.580	97.8080	0.6291
4859.960	92.1450	0.6214
4862.340	91.9055	0.5576
4864.720	96.7084	0.3468
4867.100	102.9719	0.3349
4869.480	108.6172	0.3483
4871.860	112.4069	0.3669
4874.240	114.9841	0.3985
4876.620	116.5315	0.4463
4879.000	117.9366	0.4706
4881.380	118.7766	0.4662
4883.760	118.6000	0.5095
4886.140	119.4201	0.4601
4888.520	120.1259	0.5102
4890.900	120.0724	0.4837
4893.280	119.6831	0.4686
4895.660	119.2502	0.4833
4898.040	119.0201	0.5307
4900.420	118.8468	0.4675
4902.800	118.4717	0.4751
4905.180	117.4861	0.4782
4907.560	116.5579	0.4809
4909.940	116.0839	0.4559
4912.320	115.5861	0.4572
4914.700	113.4369	0.4621
4917.080	107.7032	0.5491
4919.460	99.7712	0.5743
4921.840	95.0276	0.4928
4924.220	98.3879	0.3698
4926.600	105.5981	0.4160
4928.980	111.3787	0.4288
4931.360	114.5068	0.3917
4933.740	116.0515	0.4479
4936.120	116.8192	0.5377
4938.500	117.2981	0.4794
4940.880	116.7338	0.4934
4943.260	116.5765	0.4591
4945.640	116.5360	0.4053
4948.020	116.6339	0.4361
4950.400	116.2519	0.5076
4952.780	116.3123	0.4736
4955.160	116.9866	0.4787
4957.540	116.6315	0.4834
4959.920	116.2776	0.4453
4962.300	115.5507	0.4571
4964.680	115.2105	0.4652
4967.060	115.2232	0.4455
4969.440	115.1155	0.4542
4971.820	115.0970	0.4529
4974.200	114.6864	0.4797
4976.580	114.5614	0.4896
4978.960	114.0755	0.5323
4981.340	114.0862	0.5092
4983.720	113.7654	0.4780
4986.100	113.0713	0.4793
4988.480	112.6047	0.4723
4990.860	112.3406	0.4343
4993.240	111.9013	0.4460
4995.620	111.5997	0.4563
4998.000	110.9443	0.4692
5000.380	109.8617	0.4611
5002.760	108.5973	0.4658
5005.140	108.1958	0.4824
5007.520	108.0695	0.4663
5009.900	107.2464	0.4936
5012.280	104.7220	0.4767
5014.660	101.9908	0.4556
5017.040	102.0386	0.4075
5019.420	105.5146	0.4182
5021.800	108.2023	0.4408
5024.180	108.8908	0.4732
5026.560	108.8194	0.4450
5028.940	109.2386	0.4346
5031.320	109.1987	0.4881
5033.700	109.0489	0.4967
5036.080	108.5708	0.5031
5038.460	108.1196	0.4908
5040.840	107.3695	0.4895
5043.220	106.2235	0.4654
5045.600	104.2614	0.4883
5047.980	102.8449	0.4631
5050.360	104.0958	0.4133
5052.740	106.1795	0.4257
5055.120	106.7787	0.4505
5057.500	106.1392	0.4665
5059.880	105.7050	0.4598
5062.260	105.8893	0.4156
5064.640	106.7210	0.4162
5067.020	106.8654	0.4763
5069.400	106.6396	0.4645
5071.780	106.1367	0.4798
5074.160	105.9160	0.4800
5076.540	105.7704	0.4666
5078.920	105.9680	0.4543
5081.300	105.4659	0.4289
5083.680	105.3096	0.4289
5086.060	105.3593	0.4335
5088.440	104.7879	0.4589
5090.820	104.1998	0.4804
5093.200	104.0204	0.4745
5095.580	103.9791	0.4632
5097.960	104.0049	0.4820
5098.200	104.4435	0.3933
5100.340	104.0221	0.4726
5101.130	104.5222	0.4773
5102.720	103.6407	0.4611
5104.060	104.4020	0.4612
5105.100	103.4208	0.4440
5106.990	104.2064	0.3715
5107.480	103.4368	0.4135
5109.860	103.2176	0.4039
5109.920	103.8141	0.3893
5112.240	102.9245	0.3742
5112.850	103.4707	0.3867
5114.620	102.6343	0.4475
5115.780	103.0602	0.4448
5117.000	102.5894	0.4569
5118.710	102.8028	0.4603
5119.380	102.4430	0.4376
5121.640	102.5022	0.4172
5121.760	102.2404	0.4573
5124.140	101.8661	0.4334
5124.570	101.9135	0.4918
5126.520	101.5306	0.4244
5127.500	101.9029	0.3482
5128.900	101.4056	0.3714
5130.430	101.6344	0.3587
5131.280	101.0481	0.4478
5133.360	101.3970	0.4105
5133.660	100.9221	0.4429
5136.040	100.5545	0.4393
5136.290	100.6860	0.4167
5138.420	100.2293	0.4393
5139.220	100.4139	0.4308
5140.800	99.9683	0.4793
5142.150	99.9997	0.4300
5143.180	99.6115	0.4763
5145.080	98.9941	0.4396
5145.560	98.9556	0.4806
5147.940	98.4553	0.4928
5148.010	98.3461	0.4343
5150.320	98.7593	0.4360
5150.940	98.8483	0.3315
5153.870	99.0856	0.4241
5156.800	99.5611	0.3714
5159.730	99.0337	0.3814
5162.660	98.9639	0.4249
5165.590	97.8995	0.6376
5168.520	97.5511	0.5099
5171.450	97.7638	0.3689
5174.380	98.0205	0.4312
5177.310	97.9735	0.4910
5180.240	96.9967	0.4011
5183.170	96.8763	0.5207
5186.100	98.0997	0.4264
5189.030	98.2088	0.4171
5191.960	97.4361	0.3852
5194.890	97.3263	0.3693
5197.820	97.6576	0.3668
5200.750	97.2500	0.3892
5203.680	96.8730	0.3454
5206.610	96.8669	0.4026
5209.540	97.1322	0.3656
5212.470	96.8679	0.4243
5215.400	95.8960	0.3704
5218.330	95.4569	0.3445
5221.260	95.3930	0.3340
5224.190	94.9407	0.3485
5227.120	95.0808	0.3892
5230.050	95.2379	0.3534
5232.980	94.7416	0.3510
5235.910	94.5295	0.3585
5238.840	94.7189	0.3992
5241.770	94.1950	0.3665
5244.700	93.9213	0.3193
5247.630	93.6826	0.3231
5250.560	93.2302	0.3544
5253.490	93.4086	0.3459
5256.420	93.6104	0.3189
5259.350	93.1541	0.3071
5262.280	92.3787	0.3843
5265.210	92.1562	0.3511
5268.140	92.0973	0.3099
5271.070	91.7917	0.3534
5274.000	91.6785	0.3617
5276.930	91.5133	0.3434
5279.860	91.2070	0.2696
5282.790	91.0545	0.2960
5285.720	91.1308	0.3265
5288.650	91.0020	0.3197
5291.580	90.7637	0.3150
5294.510	90.2667	0.3136
5297.440	90.1984	0.3194
5300.370	90.0197	0.3229
5303.300	89.8592	0.3375
5306.230	89.9575	0.2944
5309.160	89.4961	0.2951
5312.090	89.2104	0.2804
5315.020	88.7711	0.3152
5317.950	88.6210	0.3363
5320.880	88.1249	0.3377
5323.810	87.7437	0.3496
5326.740	87.3379	0.3610
5329.670	87.7826	0.3439
5332.600	88.2999	0.3368
5335.530	88.1547	0.3039
5338.460	87.6406	0.3310
5341.390	87.3301	0.3202
5344.320	87.2763	0.3136
5347.250	87.3363	0.3025
5350.180	87.1771	0.2993
5353.110	86.4734	0.3453
5356.040	86.4524	0.3182
5358.970	86.3394	0.2864
5361.900	86.2726	0.3313
5364.830	86.0927	0.3181
5367.760	85.8617	0.2756
5370.690	85.3744	0.3023
5373.620	85.4103	0.3197
5376.550	85.3600	0.3350
5379.480	84.5852	0.2714
5382.410	84.2719	0.2981
5385.340	83.9972	0.2751
5388.270	83.6871	0.2636
5391.200	83.1517	0.2898
5394.130	82.5009	0.2761
5397.060	81.7525	0.2687
5399.990	80.4672	0.2780
5402.920	78.9018	0.2996
5405.850	77.2267	0.3065
5408.780	75.2333	0.2887
5411.710	74.2299	0.2843
5414.640	74.9690	0.2833
5417.570	76.9037	0.2501
5420.500	78.4674	0.2613
5423.430	79.4668	0.2456
5426.360	80.2307	0.2853
5429.290	80.6518	0.2585
5432.220	81.0407	0.2564
5435.150	81.2788	0.2759
5438.080	80.9123	0.2773
5441.010	80.8560	0.2828
5443.940	80.6228	0.2999
5446.870	80.6552	0.2487
5449.800	80.2951	0.2533
5452.730	80.0103	0.2262
5455.660	80.0002	0.2079
5458.590	79.8310	0.2222
5461.520	79.4998	0.2192
5464.450	79.1737	0.2108
5467.380	79.0620	0.2332
5470.310	79.1531	0.2501
5473.240	79.1686	0.2499
5476.170	78.9277	0.2594
5479.100	78.6724	0.2533
5482.030	78.4692	0.2459
5484.960	78.3724	0.2295
5487.890	78.3272	0.2126
5490.820	77.9496	0.2481
5493.750	77.7330	0.2407
5496.680	77.7634	0.2407
5499.610	77.9179	0.2259
5502.540	77.7996	0.2248
5505.470	77.7173	0.2378
5508.400	77.5204	0.2655
5511.330	77.2926	0.2755
5514.260	77.2150	0.2580
5517.190	77.0855	0.2501
5520.120	77.0346	0.2487
5523.050	76.8901	0.2476
5525.980	76.6817	0.2241
5528.910	76.3416	0.2474
5531.840	75.8510	0.2758
5534.770	75.7230	0.2815
5537.700	75.6151	0.2771
5540.630	75.5429	0.2536
5543.560	75.5576	0.2282
5546.490	75.4363	0.2404
5549.420	75.3103	0.2380
5552.350	75.2525	0.2412
5555.280	75.1418	0.2473
5558.210	75.0603	0.2524
5561.140	74.9164	0.2623
5564.070	74.6703	0.2632
5567.000	74.6788	0.2322
5569.930	74.5104	0.2307
5572.860	74.1807	0.2560
5575.790	73.8321	0.2903
5578.720	73.6908	0.2733
5581.650	73.7000	0.2564
5584.580	73.7579	0.2697
5587.510	73.5878	0.2717
5590.440	73.5062	0.2676
5593.370	73.2505	0.2569
5596.300	72.9401	0.2538
5599.230	73.0173	0.2412
5602.160	72.8119	0.2283
5605.090	72.5293	0.2453
5608.020	72.2868	0.2631
5610.950	72.1295	0.2497
5613.880	71.9181	0.2304
5616.810	71.8802	0.2461
5619.740	71.9524	0.2346
5622.670	71.9637	0.2280
5625.600	71.8280	0.2435
5628.530	71.3153	0.2617
5631.460	71.1940	0.2556
5634.390	71.2614	0.2427
5637.320	70.8612	0.2530
5640.250	70.4991	0.2824
5643.180	70.4098	0.2442
5646.110	70.3970	0.2336
5649.040	70.3480	0.2420
5651.970	70.2277	0.2323
5654.900	70.0568	0.2176
5657.830	69.9599	0.2420
5660.760	69.7798	0.2338
5663.690	69.5211	0.2223
5666.620	69.0739	0.2241
5669.550	68.8456	0.2295
5672.480	68.5939	0.2396
5675.410	68.0096	0.2573
5678.340	67.7060	0.2618
5681.270	67.6436	0.2654
5684.200	67.8035	0.2352
5687.130	68.0142	0.2313
5690.060	68.1872	0.2215
5692.990	67.9836	0.2360
5695.920	67.8274	0.2312
5698.850	67.7180	0.2279
5701.780	67.8671	0.2190
5704.710	67.7996	0.2408
5707.640	67.4048	0.2751
5710.570	67.2663	0.2553
5713.500	67.0433	0.2476
5716.430	67.0007	0.2393
5719.360	66.8636	0.2374
5722.290	66.8952	0.2170
5725.220	66.9335	0.2173
5728.150	66.9435	0.2069
5731.080	66.6150	0.2127
5734.010	66.4546	0.1874
5736.940	66.2534	0.1989
5739.870	66.0546	0.1920
5742.800	65.8414	0.2212
5745.730	65.8814	0.2119
5748.660	65.7401	0.2227
5751.590	65.8220	0.2160
5754.520	65.6022	0.2406
5757.450	65.4057	0.2428
5760.380	65.3335	0.2374
5763.310	65.2219	0.2148
5766.240	65.0510	0.2203
5769.170	64.8381	0.2191
5772.100	64.8244	0.1961
5775.030	64.7979	0.1982
5777.960	64.7950	0.1877
5780.890	64.6269	0.2021
5783.820	64.4303	0.2203
5786.750	64.2780	0.2129
5789.680	64.1054	0.2246
5792.610	64.0639	0.2180
5795.540	63.7998	0.2185
5798.470	63.5902	0.2143
5801.400	63.4519	0.2274
5804.330	63.3138	0.2366
5807.260	63.1988	0.2385
5810.190	63.1637	0.2254
5813.120	63.0388	0.2081
5816.050	62.8017	0.2109
5818.980	62.7679	0.1977
5821.910	62.5862	0.1975
5824.840	62.4722	0.2013
5827.770	62.2312	0.2133
5830.700	62.0405	0.2160
5833.630	61.9824	0.1950
5836.560	61.9470	0.1955
5839.490	61.6394	0.2149
5842.420	61.4215	0.2002
5845.350	61.2784	0.1961
5848.280	60.9799	0.2017
5851.210	60.9589	0.2185
5854.140	60.8695	0.2314
5857.070	60.6854	0.2362
5860.000	60.2416	0.2244
5862.930	59.6463	0.2190
5865.860	58.6226	0.2138
5868.790	56.8576	0.2361
5871.720	53.9134	0.3579
5874.650	51.7658	0.3791
5877.580	52.3131	0.2713
5880.510	55.0488	0.1700
5883.440	57.1879	0.1663
5886.370	58.0958	0.2347
5889.300	58.5610	0.3089
5892.230	58.8406	0.2855
5895.160	58.8722	0.2440
5898.090	59.0092	0.2036
5901.020	58.9804	0.2119
5903.950	59.0707	0.2154
5906.880	59.0478	0.2102
5909.810	58.9746	0.2062
5912.740	58.9114	0.2048
5915.670	58.7791	0.1885
5918.600	58.5306	0.1980
5921.530	58.3111	0.2246
5924.460	58.1424	0.2192
5927.390	57.9816	0.2186
5930.320	57.7720	0.2131
5933.250	57.7861	0.1936
5936.180	57.7030	0.1856
5939.110	57.4680	0.1738
5942.040	57.1145	0.2115
5944.970	57.2293	0.2172
5947.900	57.2271	0.2129
5950.830	57.2577	0.2054
5953.760	57.2155	0.1966
5956.690	57.1145	0.2012
5959.620	57.0690	0.1800
5962.550	57.0583	0.1764
5965.480	56.9403	0.1853
5968.410	56.8413	0.1991
5971.340	56.6554	0.2143
5974.270	56.5933	0.2133
5977.200	56.4176	0.2169
5980.130	56.3522	0.2038
5983.060	56.1662	0.2039
5985.990	56.0284	0.2121
5988.920	55.9403	0.1954
5991.850	55.8377	0.1992
5994.780	55.7480	0.1953
5997.710	55.7217	0.2066
6000.640	55.5964	0.2275
6003.570	55.4703	0.2267
6006.500	55.4824	0.2215
6009.430	55.4086	0.2164
6012.360	55.3127	0.1941
6015.290	55.1912	0.1826
6018.220	55.0413	0.1902
6021.150	54.9544	0.1847
6024.080	54.8527	0.1944
6027.010	54.8366	0.1778
6029.940	54.5669	0.1858
6032.870	54.4168	0.1867
6035.800	54.2278	0.1926
6038.730	54.2362	0.1670
6041.660	54.1395	0.1775
6044.590	54.0880	0.1865
6047.520	53.8828	0.1904
6050.450	53.9043	0.1978
6053.380	53.7236	0.2101
6056.310	53.5057	0.2053
6059.240	53.3305	0.1953
6062.170	53.4418	0.1948
6065.100	53.4744	0.1848
6068.030	53.3210	0.1759
6070.960	53.1506	0.1773
6073.890	53.1039	0.1662
6076.820	52.9770	0.1830
6079.750	52.8911	0.1771
6082.680	52.7381	0.1757
6085.610	52.4632	0.1996
6088.540	52.5491	0.1764
6091.470	52.3582	0.1864
6094.400	52.2731	0.1838
6097.330	52.2096	0.1755
6100.260	52.1588	0.1801
6103.190	52.0393	0.1757
6106.120	51.9181	0.1648
6109.050	51.7164	0.1763
6111.980	51.6643	0.1793
6114.910	51.6522	0.1799
6117.840	51.6194	0.1802
6120.770	51.5055	0.1785
6123.700	51.4323	0.1730
6126.630	51.4449	0.1841
6129.560	51.3144	0.1781
6132.490	51.3671	0.1699
6135.420	51.3524	0.1791
6138.350	51.1344	0.1869
6141.280	50.9610	0.1720
6144.210	50.9600	0.1671
6147.140	50.8186	0.1701
6150.070	50.7086	0.1632
6153.000	50.5912	0.1554
6155.930	50.5552	0.1618
6158.860	50.4106	0.1885
6161.790	50.3461	0.2107
6164.720	50.1079	0.2009
6167.650	49.8132	0.1899
6170.580	49.8105	0.1643
6173.510	49.8043	0.1660
6176.440	49.6993	0.1593
6179.370	49.6712	0.1648
6182.300	49.6558	0.1588
6185.230	49.6696	0.1561
6188.160	49.6180	0.1674
6191.090	49.5870	0.1826
6194.020	49.4716	0.1758
6196.950	49.3730	0.1780
6199.880	49.3818	0.1697
6202.810	49.2883	0.1578
6205.740	49.1201	0.1547
6208.670	48.9561	0.1581
6211.600	48.7991	0.1620
6214.530	48.6512	0.1677
6217.460	48.5420	0.1743
6220.390	48.3974	0.1639
6223.320	48.4203	0.1631
6226.250	48.3258	0.1694
6229.180	48.3236	0.1710
6232.110	48.2796	0.1654
6235.040	48.0615	0.1619
6237.970	47.8350	0.1807
6240.900	47.7911	0.1742
6243.830	47.8000	0.1708
6246.760	47.7432	0.1693
6249.690	47.6356	0.1654
6252.620	47.5705	0.1588
6255.550	47.6018	0.1583
6258.480	47.5074	0.1496
6261.410	47.2340	0.1594
6264.340	47.1155	0.1698
6267.270	47.1105	0.1672
6270.200	47.0015	0.1724
6273.130	46.8975	0.1639
6276.060	46.9161	0.1538
6278.990	46.9179	0.1604
6281.920	46.9598	0.1712
6284.850	46.8304	0.1878
6287.780	46.7952	0.1696
6290.710	46.7065	0.1529
6293.640	46.6703	0.1470
6296.570	46.5864	0.1539
6299.500	46.5303	0.1544
6302.430	46.4511	0.1553
6305.360	46.1979	0.1674
6308.290	46.1173	0.1817
6311.220	45.9599	0.1777
6314.150	45.9693	0.1953
6317.080	45.7706	0.1728
6320.010	45.5896	0.1598
6322.940	45.3598	0.1695
6325.870	45.0696	0.1716
6328.800	44.9684	0.1653
6331.730	44.8692	0.1349
6334.660	44.8077	0.1423
6337.590	44.8038	0.1360
6340.520	44.7431	0.1342
6343.450	44.7707	0.1325
6346.380	44.7635	0.1176
6349.310	44.7204	0.1308
6352.240	44.7444	0.1346
6355.170	44.6575	0.1429
6358.100	44.6991	0.1415
6361.030	44.6189	0.1370
6363.960	44.3991	0.1458
6366.890	44.3014	0.1465
6369.820	44.1486	0.1588
6372.750	44.0675	0.1564
6375.680	44.0543	0.1588
6378.610	44.0034	0.1543
6381.540	43.9335	0.1464
6384.470	43.8592	0.1412
6387.400	43.7768	0.1619
6390.330	43.6543	0.1431
6393.260	43.5626	0.1430
6396.190	43.4243	0.1455
6399.120	43.3672	0.1372
6402.050	43.2892	0.1413
6404.980	43.2214	0.1478
6407.910	43.0748	0.1624
6410.840	42.9633	0.1580
6413.770	42.9801	0.1509
6416.700	42.9283	0.1410
6419.630	42.9183	0.1373
6422.560	43.0105	0.1252
6425.490	42.8516	0.1460
6428.420	42.7480	0.1441
6431.350	42.5796	0.1418
6434.280	42.4551	0.1443
6437.210	42.4099	0.1585
6440.140	42.3370	0.1713
6443.070	42.1767	0.1571
6446.000	42.0814	0.1524
6448.930	42.0321	0.1496
6451.860	41.9109	0.1525
6454.790	41.8405	0.1450
6457.720	41.6349	0.1543
6460.650	41.6960	0.1517
6463.580	41.6751	0.1392
6466.510	41.5610	0.1353
6469.440	41.5158	0.1404
6472.370	41.4066	0.1399
6475.300	41.2426	0.1401
6478.230	41.1405	0.1358
6481.160	41.0071	0.1420
6484.090	40.9648	0.1397
6487.020	41.0679	0.1436
6489.950	41.0364	0.1374
6492.880	41.1357	0.1538
6495.810	41.1291	0.1655
6498.740	40.9490	0.1487
6501.670	40.7193	0.1485
6504.600	40.5266	0.1563
6507.530	40.4988	0.1505
6510.460	40.4085	0.1510
6513.390	40.2678	0.1456
6516.320	40.0730	0.1532
6519.250	39.8265	0.1540
6522.180	39.7277	0.1578
6525.110	39.7205	0.1443
6528.040	39.7317	0.1455
6530.970	39.5134	0.1388
6533.900	39.2502	0.1326
6536.830	39.0710	0.1359
6539.760	38.9454	0.1404
6542.690	38.5605	0.1581
6545.620	38.0243	0.1601
6548.550	37.3228	0.1674
6551.480	36.3753	0.1961
6554.410	35.2563	0.2034
6557.340	33.9326	0.1930
6560.270	32.8643	0.2283
6563.200	32.5982	0.2464
6566.130	33.3899	0.1775
6569.060	34.6395	0.1783
6571.990	35.7080	0.1177
6574.920	36.5045	0.1095
6577.850	37.1712	0.1152
6580.780	37.6871	0.1162
6583.710	37.9984	0.1144
6586.640	38.1981	0.1212
6589.570	38.2640	0.1460
6592.500	38.3904	0.1568
6595.430	38.4297	0.1336
6598.360	38.5009	0.1295
6601.290	38.4626	0.1323
6604.220	38.4045	0.1221
6607.150	38.2643	0.1275
6610.080	38.0461	0.1330
6613.010	38.0219	0.1294
6615.940	38.1182	0.1320
6618.870	38.1490	0.1238
6621.800	38.1168	0.1251
6624.730	37.9690	0.1292
6627.660	37.8158	0.1276
6630.590	37.7281	0.1374
6633.520	37.7608	0.1404
6636.450	37.7796	0.1378
6639.380	37.6874	0.1355
6642.310	37.6421	0.1413
6645.240	37.5024	0.1426
6648.170	37.3987	0.1299
6651.100	37.3337	0.1255
6654.030	37.2657	0.1291
6656.960	37.2175	0.1202
6659.890	37.0719	0.1291
6662.820	36.8358	0.1353
6665.750	36.4330	0.1464
6668.680	35.9617	0.1200
6671.610	35.1346	0.1239
6674.540	33.5815	0.1853
6677.470	32.3263	0.2047
6680.400	32.7149	0.1570
6683.330	34.0956	0.1250
6686.260	35.2186	0.1221
6689.190	35.8883	0.1128
6692.120	36.0910	0.1130
6695.050	36.1471	0.1262
6697.980	36.0354	0.1370
6700.910	35.9909	0.1315
6703.840	36.0576	0.1289
6706.770	36.1029	0.1249
6709.700	36.1017	0.1324
6712.630	36.1436	0.1270
6715.560	36.1182	0.1227
6718.490	35.9932	0.1293
6721.420	35.9703	0.1443
6724.350	35.8652	0.1370
6727.280	35.7749	0.1351
6730.210	35.7617	0.1367
6733.140	35.7532	0.1310
6736.070	35.7364	0.1309
6739.000	35.7617	0.1198
6741.930	35.7199	0.1192
6744.860	35.6607	0.1257
6747.790	35.6400	0.1303
6750.720	35.5387	0.1297
6753.650	35.4623	0.1341
6756.580	35.4253	0.1200
6759.510	35.3557	0.1113
6762.440	35.2175	0.1133
6765.370	35.1927	0.1218
6768.300	35.1671	0.1185
6771.230	35.0799	0.1191
6774.160	34.9991	0.1280
6777.090	34.9400	0.1234
6780.020	34.9631	0.1186
6782.950	34.9667	0.1093
6785.880	34.8531	0.1043
6788.810	34.7651	0.1168
6791.740	34.6436	0.1177
6794.670	34.6436	0.1111
6797.600	34.5699	0.1113
6800.530	34.5271	0.1142
6803.460	34.5046	0.1096
6806.390	34.4053	0.1186
6809.320	34.3414	0.1135
6812.250	34.3561	0.1002
6815.180	34.2974	0.1046
6818.110	34.1893	0.1063
6821.040	34.1621	0.1092
6823.970	34.0568	0.1212
6826.900	34.0142	0.1226
6829.830	33.8659	0.1232
6832.760	33.7851	0.1212
6835.690	33.7959	0.1210
6838.620	33.7874	0.1210
6841.550	33.6806	0.1091
6844.480	33.5549	0.1134
6847.410	33.4952	0.1135
6850.340	33.4202	0.1178
6853.270	33.3328	0.1221
6856.200	33.2363	0.1225
6859.130	33.1727	0.1300
6862.060	33.1313	0.1194
6864.990	32.9930	0.1175
6867.920	32.8823	0.1219
6870.850	32.9118	0.1137
6873.780	32.9713	0.1060
6876.710	32.9323	0.1000
6879.640	32.8462	0.1095
6882.570	32.6926	0.1217
6885.500	32.5701	0.1365
6888.430	32.5072	0.1239
6891.360	32.5350	0.1177
6894.290	32.4709	0.1085
6897.220	32.4904	0.1055
6900.150	32.4968	0.0997
6903.080	32.4617	0.1021
6906.010	32.4349	0.1044
6908.940	32.3188	0.1121
6911.870	32.3243	0.1161
6914.800	32.2786	0.1076
6917.730	32.2171	0.1049
6920.660	32.1742	0.1072
6923.590	32.1602	0.1032
6926.520	32.1303	0.1005
6929.450	32.0839	0.1011
6932.380	32.0052	0.1000
6935.310	31.9715	0.0930
6938.240	31.9411	0.1014
6941.170	31.8974	0.0974
6944.100	31.8531	0.0982
6947.030	31.7768	0.1043
6949.960	31.6986	0.1070
6952.890	31.5800	0.1048
6955.820	31.4867	0.1002
6958.750	31.4567	0.0976
6961.680	31.4750	0.1007
6964.610	31.4250	0.1055
6967.540	31.3479	0.1075
6970.470	31.2995	0.1079
6973.400	31.3143	0.1026
6976.330	31.3259	0.1034
6979.260	31.2676	0.1078
6982.190	31.2228	0.1038
6985.120	31.1347	0.1044
6988.050	31.0298	0.1055
6990.980	30.9690	0.1122
6993.910	30.8963	0.1108
6996.840	30.7683	0.1084
6999.770	30.7129	0.1103
7002.700	30.6805	0.1099
7005.630	30.6698	0.1101
7008.560	30.5966	0.1070
7011.490	30.6021	0.1027
7014.420	30.5911	0.0959
7017.350	30.5044	0.0959
7020.280	30.4723	0.0989
7023.210	30.4191	0.1022
7026.140	30.3792	0.1025
7029.070	30.3402	0.0975
7032.000	30.3443	0.0877
7034.930	30.2797	0.0869
7037.860	30.1962	0.0860
7040.790	30.1276	0.0893
7043.720	30.0053	0.0971
7046.650	29.8682	0.0952
7049.580	29.8261	0.0898
7052.510	29.7576	0.0911
7055.440	29.5378	0.0966
7058.370	29.1382	0.1061
7061.300	28.3370	0.1238
7064.230	27.5090	0.1484
7067.160	27.5710	0.1237
7070.090	28.3614	0.0884
7073.020	29.0454	0.0927
7075.950	29.3215	0.0970
7078.880	29.4122	0.0881
7081.810	29.3653	0.0851
7084.740	29.3006	0.0914
7087.670	29.3117	0.0890
7090.600	29.2845	0.0861
7093.530	29.2391	0.0887
7096.460	29.2115	0.0878
7099.390	29.1307	0.0889
7102.320	29.1278	0.0956
7105.250	29.1357	0.1023
7108.180	29.1046	0.1044
7111.110	29.0439	0.1055
7114.040	28.9414	0.0933
7116.970	28.8544	0.0967
7119.900	28.8432	0.1017
7122.830	28.8129	0.1045
7125.760	28.7806	0.0956
7128.690	28.7505	0.0890
7131.620	28.7104	0.0905
7134.550	28.6369	0.0940
7137.480	28.6022	0.0885
7140.410	28.5492	0.0880
7143.340	28.5278	0.1033
7146.270	28.4696	0.0941
7149.200	28.3115	0.0979
7152.130	28.2110	0.0994
7155.060	28.1198	0.0940
7157.990	28.0812	0.0943
7160.920	28.0188	0.0937
7163.850	27.9512	0.1062
7166.780	27.8666	0.1034
7169.710	27.7848	0.1127
7172.640	27.7173	0.1137
7175.570	27.6609	0.1096
7178.500	27.6222	0.1061
7181.430	27.6061	0.0978
7184.360	27.5685	0.0976
7187.290	27.5691	0.0903
7190.220	27.5546	0.0900
7193.150	27.5673	0.0866
7196.080	27.5325	0.0885
7199.010	27.5226	0.0981
7201.940	27.4782	0.0966
7204.870	27.4750	0.0915
7207.800	27.4966	0.0892
7210.730	27.4586	0.0843
7213.660	27.4083	0.0866
7216.590	27.3676	0.0885
7219.520	27.4138	0.0955
7222.450	27.3613	0.1231
7225.380	27.2797	0.1166
7228.310	27.2194	0.0968
7231.240	27.1499	0.0914
7234.170	27.1273	0.0905
7237.100	27.1560	0.0888
7240.030	27.1458	0.0910
7242.960	27.0907	0.0957
7245.890	27.0340	0.1021
7248.820	26.9661	0.0967
7251.750	26.9070	0.0958
7254.680	26.8264	0.0914
7257.610	26.8165	0.0850
7260.540	26.7794	0.0779
7263.470	26.7200	0.0879
7266.400	26.6330	0.0862
7269.330	26.5331	0.0957
7272.260	26.4221	0.0970
7275.190	26.1446	0.0940
7278.120	25.6203	0.1017
7281.050	25.2468	0.1061
7283.980	25.4504	0.0911
7286.910	25.8824	0.0957
7289.840	26.1343	0.1006
7292.770	26.1518	0.0953
7295.700	26.1460	0.0932
7298.630	26.1260	0.0942
7301.560	26.0948	0.0926
7304.490	26.0835	0.0922
7307.420	26.0671	0.0897
7310.350	26.0767	0.0873
7313.280	26.0423	0.0893
7316.210	25.9797	0.0899
7319.140	25.9404	0.0824
7322.070	25.9123	0.0834
7325.000	25.8910	0.0872
7327.930	25.8819	0.0912
7330.860	25.8803	0.0904
7333.790	25.8180	0.0985
7336.720	25.6899	0.1036
7339.650	25.6534	0.0925
7342.580	25.6598	0.0846
7345.510	25.6327	0.0811
7348.440	25.6096	0.0821
7351.370	25.5397	0.0941
7354.300	25.5197	0.0978
7357.230	25.4846	0.0874
7360.160	25.4467	0.0878
7363.090	25.3831	0.0893
7366.020	25.3225	0.0872
7368.950	25.3471	0.0813
7371.880	25.3294	0.0845
7374.810	25.2702	0.0799
7377.740	25.2148	0.0850
7380.670	25.1749	0.0834
7383.600	25.1244	0.0888
7386.530	25.1104	0.0888
7389.460	25.0935	0.0854
7392.390	25.0253	0.0810
7395.320	24.9520	0.0795
7398.250	24.8784	0.0788
7401.180	24.8111	0.0785
7404.110	24.7701	0.0798
7407.040	24.7386	0.0835
7409.970	24.7316	0.0902
7412.900	24.6775	0.0946
7415.830	24.6267	0.0906
7418.760	24.6351	0.0816
7421.690	24.6041	0.0850
7424.620	24.5723	0.0855
7427.550	24.5362	0.0807
7430.480	24.5236	0.0823
7433.410	24.5087	0.0830
7436.340	24.4400	0.0807
7439.270	24.3604	0.0833
7442.200	24.3459	0.0763
7445.130	24.3355	0.0825
7448.060	24.2986	0.0829
7450.990	24.2276	0.0873
7453.920	24.0928	0.0922
7456.850	24.0842	0.0870
7459.780	24.0920	0.0874
7462.710	23.9956	0.0870
7465.640	23.9398	0.0906
7468.570	23.9547	0.0876
7471.500	23.9573	0.0914
7474.430	23.9085	0.0972
7477.360	23.8380	0.0934
7480.290	23.7788	0.0928
7483.220	23.7834	0.0849
7486.150	23.7302	0.0832
7489.080	23.6857	0.0817
7492.010	23.6356	0.0871
7494.940	23.5330	0.0904
7497.870	23.3882	0.0905
7500.800	23.3672	0.0877
7503.730	23.3901	0.0830
7506.660	23.3836	0.0822
7509.590	23.4331	0.0819
7512.520	23.3998	0.0818
7515.450	23.3894	0.0742
7518.380	23.3785	0.0799
7521.310	23.3464	0.0858
7524.240	23.3306	0.0898
7527.170	23.2549	0.0855
7530.100	23.2239	0.0824
7533.030	23.2101	0.0845
7535.960	23.1543	0.0771
7538.890	23.0812	0.0809
7541.820	23.0154	0.0845
7544.750	22.9791	0.0816
7547.680	22.9301	0.0699
7550.610	22.8847	0.0731
7553.540	22.8843	0.0724
7556.470	22.8372	0.0716
7559.400	22.7839	0.0793
7562.330	22.7489	0.0857
7565.260	22.6782	0.0929
7568.190	22.6223	0.0946
7571.120	22.5877	0.0826
7574.050	22.5367	0.0743
7576.980	22.4632	0.0729
7579.910	22.3635	0.0798
7582.840	22.2767	0.0839
7585.770	22.1759	0.0948
7588.700	22.0741	0.0989
7591.630	21.9621	0.1093
7594.560	21.8983	0.1185
7597.490	21.8489	0.1260
7600.420	21.9304	0.1150
7603.350	22.0604	0.1006
7606.280	22.2067	0.0862
7609.210	22.2412	0.0876
7612.140	22.2841	0.0820
7615.070	22.3441	0.0902
7618.000	22.2440	0.0787
7620.930	22.0771	0.0835
7623.860	22.0235	0.1025
7626.790	22.0405	0.0913
7629.720	21.9859	0.0899
7632.650	21.9890	0.0799
7635.580	21.9645	0.0684
7638.510	21.9102	0.0731
7641.440	21.8936	0.0876
7644.370	21.9161	0.0793
7647.300	21.8655	0.0756
7650.230	21.7929	0.0808
7653.160	21.7628	0.0768
7656.090	21.7411	0.0841
7659.020	21.7648	0.0903
7661.950	21.7512	0.0896
7664.880	21.7287	0.0825
7667.810	21.6623	0.0661
7670.740	21.5677	0.0684
7673.670	21.4990	0.0755
7676.600	21.4082	0.0777
7679.530	21.3626	0.0802
7682.460	21.3125	0.0768
7685.390	21.1608	0.0822
7688.320	21.1643	0.0833
7691.250	21.2249	0.0816
7694.180	21.2412	0.0746
7697.110	21.2528	0.0739
7700.040	21.2190	0.0737
7702.970	21.1671	0.0724
7705.900	21.0726	0.0716
7708.830	21.0046	0.0732
7711.760	20.9422	0.0761
7714.690	20.8697	0.0769
7717.620	20.7795	0.0688
7720.550	20.6415	0.0781
7723.480	20.6204	0.0810
7726.410	20.7353	0.0752
7729.340	20.8505	0.0777
7732.270	20.8667	0.0805
7735.200	20.8809	0.0713
7738.130	20.8882	0.0730
7741.060	20.8658	0.0673
7743.990	20.8386	0.0753
7746.920	20.8177	0.0723
7749.850	20.8176	0.0655
7752.780	20.7412	0.0677
7755.710	20.6963	0.0715
7758.640	20.7325	0.0683
7761.570	20.6665	0.0718
7764.500	20.5997	0.0691
7767.430	20.5921	0.0644
7770.360	20.5812	0.0756
7773.290	20.5581	0.0798
7776.220	20.5441	0.0768
7779.150	20.4510	0.0772
7782.080	20.4254	0.0716
7785.010	20.3810	0.0721
7787.940	20.3205	0.0692
7790.870	20.2732	0.0670
7793.800	20.2653	0.0667
7796.730	20.2546	0.0654
7799.660	20.2721	0.0665
7802.590	20.2385	0.0743
7805.520	20.1953	0.0841
7808.450	20.1260	0.0774
7811.380	20.0224	0.0710
7814.310	19.9686	0.0676
7817.240	19.9108	0.0713
7820.170	19.9082	0.0714
7823.100	19.9360	0.0683
7826.030	19.9366	0.0703
7828.960	19.9318	0.0737
7831.890	19.8979	0.0789
7834.820	19.9118	0.0723
7837.750	19.8739	0.0692
7840.680	19.8319	0.0673
7843.610	19.7554	0.0679
7846.540	19.7179	0.0753
7849.470	19.7211	0.0789
7852.400	19.7005	0.0774
7855.330	19.7176	0.0790
7858.260	19.7165	0.0731
7861.190	19.6728	0.0703
7864.120	19.6794	0.0708
7867.050	19.6096	0.0735
7869.980	19.5209	0.0771
7872.910	19.4428	0.0747
7875.840	19.4006	0.0746
7878.770	19.4101	0.0721
7881.700	19.4014	0.0714
7884.630	19.4123	0.0759
7887.560	19.3472	0.0740
7890.490	19.3608	0.0657
7893.420	19.3420	0.0648
7896.350	19.3393	0.0682
7899.280	19.3224	0.0777
7902.210	19.3303	0.0777
7905.140	19.2509	0.0780
7908.070	19.1585	0.0782
7911.000	19.1160	0.0804
7913.930	19.0351	0.0772
7916.860	18.9850	0.0749
7919.790	18.9823	0.0681
7922.720	18.9522	0.0773
7925.650	18.9196	0.0707
7928.580	18.9110	0.0659
7931.510	18.9121	0.0701
7934.440	18.8897	0.0702
7937.370	18.8647	0.0686
7940.300	18.9070	0.0635
7943.230	18.8897	0.0594
7946.160	18.8530	0.0617
7949.090	18.8089	0.0630
7952.020	18.7490	0.0663
7954.950	18.7340	0.0659
7957.880	18.6553	0.0714
7960.810	18.6628	0.0752
7963.740	18.6557	0.0766
7966.670	18.6552	0.0733
7969.600	18.5567	0.0693
7972.530	18.5785	0.0738
7975.460	18.5756	0.0707
7978.390	18.5981	0.0723
7981.320	18.5859	0.0676
7984.250	18.5332	0.0686
7987.180	18.4774	0.0733
7990.110	18.4180	0.0752
7993.040	18.3830	0.0697
7995.970	18.3773	0.0693
7998.900	18.3769	0.0678
8001.830	18.3284	0.0636
8004.760	18.2784	0.0572
8007.690	18.2448	0.0532
8010.620	18.2321	0.0518
8013.550	18.2265	0.0556
8016.480	18.1403	0.0653
8019.410	18.0913	0.0694
8022.340	18.1040	0.0679
8025.270	18.1795	0.0657
8028.200	18.2257	0.0734
8031.130	18.1475	0.0675
8034.060	18.0500	0.0623
8036.990	17.9968	0.0632
8039.920	17.9698	0.0646
8042.850	17.9557	0.0636
8045.780	17.9675	0.0636
8048.710	17.9196	0.0688
8051.640	17.8654	0.0686
8054.570	17.8124	0.0773
8057.500	17.7973	0.0682
8060.430	17.8115	0.0616
8063.360	17.8266	0.0618
8066.290	17.8407	0.0576
8069.220	17.8084	0.0674
8072.150	17.8151	0.0647
8075.080	17.7950	0.0679
8078.010	17.7573	0.0714
8080.940	17.6658	0.0743
8083.870	17.6453	0.0691
8086.800	17.5755	0.0622
8089.730	17.5266	0.0620
8092.660	17.4846	0.0621
8095.590	17.4640	0.0623
8098.520	17.4586	0.0634
8101.450	17.3752	0.0660
8104.380	17.3156	0.0648
8107.310	17.3612	0.0674
8110.240	17.3772	0.0640
8113.170	17.3523	0.0670
8116.100	17.3468	0.0729
8119.030	17.3535	0.0693
8121.960	17.3374	0.0662
8124.890	17.3566	0.0629
8127.820	17.3948	0.0581
8130.750	17.3522	0.0622
8133.680	17.2576	0.0568
8136.610	17.1675	0.0620
8139.540	17.1278	0.0628
8142.470	17.0823	0.0644
8145.400	17.1102	0.0570
8148.330	17.0628	0.0561
8151.260	17.0798	0.0579
8154.190	17.0369	0.0601
8157.120	17.0204	0.0667
8160.050	17.0056	0.0661
8162.980	17.0004	0.0693
8165.910	16.9429	0.0733
8168.840	16.8554	0.0803
8171.770	16.8298	0.0769
8174.700	16.7965	0.0715
8177.630	16.7238	0.0726
8180.560	16.6976	0.0765
8183.490	16.6359	0.0785
8186.420	16.5811	0.0710
8189.350	16.5270	0.0677
8192.280	16.5335	0.0648
8195.210	16.5278	0.0664
8198.140	16.5120	0.0573
8201.070	16.4951	0.0559
8204.000	16.4285	0.0597
8206.930	16.3696	0.0614
8209.860	16.3854	0.0569
8212.790	16.3970	0.0562
8215.720	16.3234	0.0488
8218.650	16.3047	0.0558
8221.580	16.1985	0.0645
8224.510	16.0725	0.0708
8227.440	15.8966	0.0826
8230.370	15.8317	0.0954
8233.300	15.7919	0.0849
8236.230	15.7567	0.0711
8239.160	15.7548	0.0623
8242.090	15.8388	0.0506
8245.020	15.9436	0.0520
8247.950	15.9636	0.0541
8250.880	15.9471	0.0535
8253.810	15.9301	0.0560
8256.740	15.9432	0.0658
8259.670	15.9293	0.0588
8262.600	15.9173	0.0573
8265.530	15.8951	0.0573
8268.460	15.8640	0.0577
8271.390	15.8968	0.0526
8274.320	15.9716	0.0499
8277.250	15.9415	0.0485
8280.180	15.8702	0.0561
8283.110	15.8718	0.0524
8286.040	15.8698	0.0538
8288.970	15.8129	0.0591
8291.900	15.7717	0.0618
8294.830	15.6791	0.0595
8297.760	15.6322	0.0604
8300.690	15.6294	0.0544
8303.620	15.6779	0.0477
8306.550	15.7009	0.0550
8309.480	15.7071	0.0605
8312.410	15.6993	0.0597
8315.340	15.6351	0.0650
8318.270	15.6514	0.0652
8321.200	15.6485	0.0615
8324.130	15.6475	0.0581
8327.060	15.6399	0.0674
8329.990	15.5799	0.0691
8332.920	15.5851	0.0667
8335.850	15.5543	0.0681
8338.780	15.5199	0.0662
8341.710	15.4534	0.0661
8344.640	15.4393	0.0624
8347.570	15.4354	0.0552
8350.500	15.3996	0.0592
8353.430	15.3147	0.0619
8356.360	15.2665	0.0569
8359.290	15.2217	0.0554
8362.220	15.1178	0.0640
8365.150	15.1223	0.0634
8368.080	15.1966	0.0553
8371.010	15.2934	0.0500
8373.940	15.3354	0.0485
8376.870	15.3353	0.0610
8379.800	15.3157	0.0678
8382.730	15.2840	0.0680
8385.660	15.3328	0.0601
8388.590	15.3261	0.0549
8391.520	15.2992	0.0544
8394.450	15.2601	0.0604
8397.380	15.2027	0.0624
8400.310	15.1703	0.0561
8403.240	15.1945	0.0469
8406.170	15.2094	0.0479
8409.100	15.1724	0.0534
8412.030	15.0927	0.0608
8414.960	15.0680	0.0675
8417.890	15.0780	0.0533
8420.820	15.1047	0.0474
8423.750	15.0665	0.0493
8426.680	14.9907	0.0597
8429.610	14.9851	0.0725
8432.540	14.9878	0.0633
8435.470	14.9752	0.0616
8438.400	14.8632	0.0586
8441.330	14.8528	0.0539
8444.260	14.8334	0.0501
8447.190	14.7581	0.0524
8450.120	14.7130	0.0725
8453.050	14.7341	0.0575
8455.980	14.7331	0.0524
8458.910	14.7352	0.0648
8461.840	14.7911	0.0646
8464.770	14.7738	0.0654
8467.700	14.7820	0.0625
8470.630	14.7530	0.0570
8473.560	14.7203	0.0576
8476.490	14.7008	0.0589
8479.420	14.7079	0.0578
8482.350	14.6944	0.0570
8485.280	14.6392	0.0684
8488.210	14.6012	0.0660
8491.140	14.5645	0.0642
8494.070	14.6249	0.0795
8497.000	14.7385	0.1055
8499.930	14.5888	0.0818
8502.860	14.4191	0.0650
8505.790	14.3902	0.0666
8508.720	14.3448	0.0626
8511.650	14.3244	0.0571
8514.580	14.3032	0.0643
8517.510	14.2573	0.0591
8520.440	14.2210	0.0564
8523.370	14.2365	0.0582
8526.300	14.2598	0.0631
8529.230	14.2296	0.0726
8532.160	14.2292	0.0657
8535.090	14.2809	0.0630
8538.020	14.4560	0.1207
8540.950	14.5896	0.1497
8543.880	14.4432	0.1100
8546.810	14.2495	0.0671
8549.740	14.1568	0.0752
8552.670	14.1065	0.0664
8555.600	14.0821	0.0541
8558.530	14.0702	0.0529
8561.460	14.0856	0.0552
8564.390	14.0998	0.0551
8567.320	14.0912	0.0534
8570.250	14.0516	0.0529
8573.180	14.0098	0.0565
8576.110	13.9470	0.0585
8579.040	13.9296	0.0618
8581.970	13.9005	0.0677
8584.900	13.8479	0.0650
8587.830	13.8316	0.0622
8590.760	13.8344	0.0507
8593.690	13.8354	0.0497
8596.620	13.8261	0.0495
8599.550	13.7580	0.0588
8602.480	13.7430	0.0552
8605.410	13.7725	0.0462
8608.340	13.8163	0.0398
8611.270	13.8077	0.0419
8614.200	13.8224	0.0489
8617.130	13.8431	0.0446
8620.060	13.7608	0.0571
8622.990	13.6944	0.0728
8625.920	13.6886	0.0639
8628.850	13.7215	0.0577
8631.780	13.6682	0.0533
8634.710	13.5682	0.0627
8637.640	13.5353	0.0646
8640.570	13.5245	0.0632
8643.500	13.5405	0.0578
8646.430	13.5647	0.0568
8649.360	13.4903	0.0609
8652.290	13.4364	0.0605
8655.220	13.4885	0.0433
8658.150	13.6055	0.1059
8661.080	13.6851	0.1268
8664.010	13.5838	0.0977
8666.940	13.4527	0.0660
8669.870	13.4031	0.0633
8672.800	13.3820	0.0597
8675.730	13.3676	0.0588
8678.660	13.3390	0.0574
8681.590	13.3656	0.0532
8684.520	13.3674	0.0516
8687.450	13.3889	0.0539
8690.380	13.3304	0.0521
8693.310	13.3131	0.0495
8696.240	13.3117	0.0499
8699.170	13.3020	0.0505
8702.100	13.2935	0.0522
8705.030	13.2312	0.0526
8707.960	13.1805	0.0521
8710.890	13.1797	0.0517
8713.820	13.1990	0.0499
8716.750	13.1826	0.0460
8719.680	13.1266	0.0474
8722.610	13.0979	0.0521
8725.540	13.1062	0.0458
8728.470	13.1086	0.0418
8731.400	13.0978	0.0406
8734.330	13.0928	0.0440
8737.260	13.0575	0.0471
8740.190	13.0173	0.0463
8743.120	12.9625	0.0462
8746.050	12.9388	0.0453
8748.980	12.9416	0.0453
8751.910	12.9404	0.0521
8754.840	12.9181	0.0478
8757.770	12.9083	0.0469
8760.700	12.8988	0.0498
8763.630	12.8662	0.0511
8766.560	12.8592	0.0551
8769.490	12.8013	0.0567
8772.420	12.7843	0.0572
8775.350	12.7293	0.0564
8778.280	12.6933	0.0522
8781.210	12.6548	0.0574
8784.140	12.6135	0.0580
8787.070	12.5860	0.0575
8790.000	12.6720	0.0500
8792.930	12.6730	0.0454
8795.860	12.6745	0.0420
8798.790	12.6581	0.0436
8801.720	12.6967	0.0510
8804.650	12.7498	0.0629
8807.580	12.7350	0.0593
8810.510	12.6447	0.0577
8813.440	12.6168	0.0596
8816.370	12.5709	0.0570
8819.300	12.5341	0.0561
8822.230	12.5329	0.0551
8825.160	12.5022	0.0578
8828.090	12.4433	0.0500
8831.020	12.4652	0.0498
8833.950	12.4699	0.0508
8836.880	12.5211	0.0472
8839.810	12.5374	0.0407
8842.740	12.4856	0.0433
8845.670	12.4020	0.0504
8848.600	12.3138	0.0601
8851.530	12.3048	0.0582
8854.460	12.2809	0.0550
8857.390	12.2470	0.0505
8860.320	12.2804	0.0426
8863.250	12.2715	0.0493
8866.180	12.2551	0.0537
8869.110	12.2694	0.0516
8872.040	12.2924	0.0457
8874.970	12.3066	0.0450
8877.900	12.2748	0.0319
8880.830	12.2595	0.0425
8883.760	12.2251	0.0487
8886.690	12.2318	0.0440
8889.620	12.2309	0.0330
8892.550	12.2337	0.0432
8895.480	12.2162	0.0538
8898.410	12.1842	0.0574
8901.340	12.1318	0.0551
8904.270	12.0954	0.0530
8907.200	12.0465	0.0512
8910.130	12.0713	0.0463
8913.060	12.1044	0.0509
8915.990	12.1417	0.0475
8918.920	12.1888	0.0445
8921.850	12.2186	0.0518
8924.780	12.1639	0.0567
8927.710	12.0926	0.0539
8930.640	12.0078	0.0475
8933.570	11.9691	0.0461
8936.500	11.9556	0.0465
8939.430	11.9688	0.0551
8942.360	11.9784	0.0535
8945.290	12.0012	0.0496
8948.220	11.9823	0.0484
8951.150	12.0223	0.0456
8954.080	11.9900	0.0500
8957.010	11.9521	0.0499
8959.940	11.9152	0.0376
8962.870	11.8785	0.0397
8965.800	11.8357	0.0473
8968.730	11.8033	0.0500
8971.660	11.7560	0.0569
8974.590	11.6959	0.0546
8977.520	11.6639	0.0527
8980.450	11.6605	0.0466
8983.380	11.6053	0.0423
8986.310	11.5633	0.0490
8989.240	11.5767	0.0538
8992.170	11.6154	0.0511
8995.100	11.5988	0.0553
8998.030	11.5249	0.0575
9000.960	11.5055	0.0523
9003.890	11.4632	0.0456
9006.820	11.4521	0.0476
9009.750	11.4399	0.0496
9012.680	11.4168	0.0611
9015.610	11.4277	0.0612
9018.540	11.4798	0.0507
9021.470	11.4825	0.0509
9024.400	11.4091	0.0538
9027.330	11.3583	0.0540
9030.260	11.3533	0.0448
9033.190	11.3910	0.0300
9036.120	11.3929	0.0352
9039.050	11.3274	0.0360
9041.980	11.2988	0.0460
9044.910	11.2695	0.0476
9047.840	11.2147	0.0535
9050.770	11.1519	0.0544
9053.700	11.1406	0.0464
9056.630	11.1594	0.0353
9059.560	11.1553	0.0414
9062.490	11.1273	0.0460
9065.420	11.1448	0.0505
9068.350	11.1482	0.0558
9071.280	11.2137	0.0527
9074.210	11.3005	0.0468
9077.140	11.3312	0.0473
9080.070	11.2715	0.0540
9083.000	11.2424	0.0474
9085.930	11.2669	0.0469
9088.860	11.2591	0.0492
9091.790	11.2311	0.0510
9094.720	11.1675	0.0455
9097.650	11.1665	0.0433
9100.580	11.1808	0.0486
9103.510	11.1579	0.0496
9106.440	11.1741	0.0484
9109.370	11.1834	0.0525
9112.300	11.2311	0.0533
9115.230	11.1835	0.0576
9118.160	11.0944	0.0571
9121.090	11.0661	0.0485
9124.020	11.0536	0.0434
9126.950	11.0907	0.0425
9129.880	11.1017	0.0506
9132.810	11.0383	0.0547
9135.740	11.0040	0.0505
9138.670	11.0273	0.0514
9141.600	11.0434	0.0484
9144.530	11.0365	0.0477
9147.460	11.0293	0.0437
9150.390	11.0358	0.0450
9153.320	11.0489	0.0505
9156.250	11.0331	0.0498
9159.180	11.0120	0.0513
9162.110	10.9545	0.0498
9165.040	10.8601	0.0504
9167.970	10.7843	0.0493
9170.900	10.7678	0.0463
9173.830	10.7361	0.0507
9176.760	10.7419	0.0513
9179.690	10.6981	0.0502
9182.620	10.7003	0.0525
9185.550	10.7288	0.0441
9188.480	10.7062	0.0450
9191.410	10.7359	0.0448
9194.340	10.6797	0.0436
9197.270	10.5971	0.0486
9200.200	10.5325	0.0451
9203.130	10.4791	0.0522
9206.060	10.4270	0.0489
9208.990	10.3770	0.0484
9211.920	10.3501	0.0457
9214.850	10.3126	0.0468
9217.780	10.2981	0.0494
9220.710	10.2467	0.0458
9223.640	10.2717	0.0423
9226.570	10.2792	0.0464
9229.500	10.2682	0.0462
9232.430	10.2593	0.0490
9235.360	10.3088	0.0424
9238.290	10.3527	0.0411
9241.220	10.3142	0.0419
9244.150	10.3248	0.0473
9247.080	10.3229	0.0540
9250.010	10.3070	0.0545
9252.940	10.3677	0.0497
9255.870	10.4066	0.0438
9258.800	10.3734	0.0464
9261.730	10.3615	0.0486
9264.660	10.3494	0.0492
9267.590	10.3578	0.0479
9270.520	10.3736	0.0511
9273.450	10.3356	0.0527
9276.380	10.2847	0.0565
9279.310	10.2587	0.0594
9282.240	10.2558	0.0507
9285.170	10.2942	0.0454
9288.100	10.3181	0.0453
9291.030	10.3141	0.0385
9293.960	10.3244	0.0350
9296.890	10.3820	0.0430
9299.820	10.4225	0.0501
9302.750	10.4262	0.0560
9305.680	10.3403	0.0490
9308.610	10.2620	0.0494
9311.540	10.2235	0.0489
9314.470	10.1088	0.0586
9317.400	10.1319	0.0535
9320.330	10.1257	0.0589
9323.260	10.1259	0.0666
9326.190	10.1181	0.0608
9329.120	10.0579	0.0539
9332.050	9.9419	0.0601
9334.980	9.8619	0.0677
9337.910	9.7729	0.0747
9340.840	9.7489	0.0723
9343.770	9.8310	0.0705
9346.700	9.8724	0.0623
9349.630	9.8843	0.0581
9352.560	9.8461	0.0648
9355.490	9.9064	0.0654
9358.420	9.9793	0.0544
9361.350	9.9092	0.0564
9364.280	9.8502	0.0571
9367.210	9.8866	0.0608
9370.140	9.9755	0.0578
9373.070	10.0210	0.0553
9376.000	10.0002	0.0551
9378.930	10.0442	0.0629
9381.860	10.1195	0.0588
9384.790	10.1170	0.0431
9387.720	9.9926	0.0426
9390.650	9.9675	0.0482
9393.580	9.9146	0.0563
9396.510	9.8794	0.0537
9399.440	9.8745	0.0531
9402.370	9.9100	0.0534
9405.300	9.9636	0.0596
9408.230	9.9879	0.0601
9411.160	9.9775	0.0712
9414.090	9.8929	0.0681
9417.020	9.8141	0.0541
9419.950	9.7391	0.0568
9422.880	9.7101	0.0580
9425.810	9.6915	0.0579
9428.740	9.8359	0.0533
9431.670	9.8760	0.0497
9434.600	9.8151	0.0465
9437.530	9.7827	0.0606
9440.460	9.7333	0.0697
9443.390	9.7637	0.0593
9446.320	9.7746	0.0506
9449.250	9.6994	0.0501
9452.180	9.6282	0.0523
9455.110	9.5677	0.0543
9458.040	9.4785	0.0487
9460.970	9.3950	0.0426
9463.900	9.3198	0.0395
9466.830	9.3442	0.0391
9469.760	9.4551	0.0456
9472.690	9.5140	0.0511
9475.620	9.5153	0.0551
9478.550	9.5007	0.0564
9481.480	9.5053	0.0529
9484.410	9.5071	0.0491
9487.340	9.4464	0.0524
9490.270	9.3610	0.0506
9493.200	9.3301	0.0508
9496.130	9.2580	0.0535
9499.060	9.2191	0.0591
9501.990	9.1564	0.0537
9504.920	9.1714	0.0478
9507.850	9.1456	0.0460
9510.780	9.0708	0.0523
9513.710	8.9801	0.0592
9516.640	8.9487	0.0634
9519.570	8.9170	0.0581
9522.500	8.8983	0.0432
9525.430	8.8932	0.0400
9528.360	8.8693	0.0414
9531.290	8.8456	0.0434
9534.220	8.8020	0.0482
9537.150	8.8009	0.0520
9540.080	8.7928	0.0541
9543.010	8.8381	0.0592
9545.940	8.9200	0.0585
9548.870	8.9339	0.0594
9551.800	8.9325	0.0596
9554.730	8.9380	0.0575
9557.660	8.9777	0.0586
9560.590	8.9976	0.0555
9563.520	9.0311	0.0591
9566.450	9.0498	0.0671
9569.380	9.0918	0.0612
9572.310	9.1351	0.0557
9575.240	9.1284	0.0509
9578.170	9.1038	0.0529
9581.100	9.1585	0.0540
9584.030	9.1682	0.0594
9586.960	9.1317	0.0668
9589.890	9.1067	0.0689
9592.820	9.1399	0.0683
9595.750	9.1031	0.0665
9598.680	9.1232	0.0632
9601.610	9.1184	0.0664
9604.540	9.1211	0.0709
9607.470	9.1803	0.0777
9610.400	9.2023	0.0831
9613.330	9.1796	0.0819
9616.260	9.2025	0.0750
9619.190	9.2883	0.0899
9622.120	9.3539	0.0956
9625.050	9.3949	0.0956
9627.980	9.3928	0.0878
9630.910	9.2287	0.0816
9633.840	9.1660	0.0842
9636.770	9.1885	0.0901
9639.700	9.1933	0.0873
9642.630	9.2148	0.0904
9645.560	9.2642	0.0965
9648.490	9.2936	0.0932
9651.420	9.3068	0.0960
9654.350	9.2822	0.0929
9657.280	9.3408	0.0950
9660.210	9.3669	0.1059
9663.140	9.3933	0.1046
9666.070	9.3747	0.1066
9669.000	9.4132	0.1051
9671.930	9.3430	0.1096
9674.860	9.3222	0.1087
9677.790	9.2930	0.1128
9680.720	9.2666	0.1097
9683.650	9.3049	0.1152
9686.580	9.2778	0.1162
9689.510	9.3183	0.1152
9692.440	9.3185	0.1175
9695.370	9.3328	0.1188
9698.300	9.3699	0.1185
9701.230	9.3698	0.1228
