3298.680	16.6828	0.1432
3301.060	16.5623	0.1684
3303.440	16.5690	0.1576
3305.820	16.5698	0.1370
3308.200	16.7266	0.1352
3310.580	16.7001	0.1482
3312.960	16.6391	0.1457
3315.340	16.5445	0.1442
3317.720	16.5236	0.1532
3320.100	16.5407	0.1671
3322.480	16.6494	0.1436
3324.860	16.6871	0.1340
3327.240	16.6102	0.1353
3329.620	16.6043	0.1299
3332.000	16.4013	0.1427
3334.380	16.3998	0.1349
3336.760	16.4026	0.1257
3339.140	16.3897	0.1288
3341.520	16.2973	0.1247
3343.900	16.1907	0.1261
3346.280	16.2239	0.1153
3348.660	16.3483	0.1278
3351.040	16.3935	0.1237
3353.420	16.1370	0.1349
3355.800	15.9220	0.1541
3358.180	15.9940	0.1431
3360.560	16.2222	0.1501
3362.940	16.2402	0.1239
3365.320	16.1764	0.1363
3367.700	16.0883	0.1235
3370.080	16.0661	0.1336
3372.460	16.1708	0.1330
3374.840	16.1404	0.1301
3377.220	15.9114	0.1480
3379.600	15.9461	0.1005
3381.980	15.9748	0.1031
3384.360	15.9568	0.1135
3386.740	15.8618	0.1330
3389.120	15.8655	0.1166
3391.500	15.8145	0.1115
3393.880	15.9027	0.1258
3396.260	15.8182	0.1147
3398.640	15.6889	0.1323
3401.020	15.7294	0.1353
3403.400	15.6925	0.1146
3405.780	15.7276	0.1066
3408.160	15.8161	0.0990
3410.540	15.8336	0.1041
3412.920	15.6310	0.1154
3415.300	15.6804	0.1115
3417.680	15.5585	0.1216
3420.060	15.5104	0.1319
3422.440	15.5407	0.1147
3424.820	15.5602	0.0942
3427.200	15.5332	0.0941
3429.580	15.5199	0.1232
3431.960	15.3845	0.1272
3434.340	15.3180	0.1277
3436.720	15.2486	0.1286
3439.100	15.2261	0.1139
3441.480	15.2138	0.1209
3443.860	15.2504	0.1173
3446.240	15.2374	0.1024
3448.620	15.2611	0.1238
3451.000	15.3053	0.1219
3453.380	15.3417	0.1174
3455.760	15.3246	0.1094
3458.140	15.2580	0.0975
3460.520	15.2172	0.0987
3462.900	15.3111	0.1038
3465.280	15.2552	0.1250
3467.660	15.2041	0.1211
3470.040	15.1005	0.1293
3472.420	15.0816	0.1095
3474.800	15.1610	0.1045
3477.180	15.2739	0.1172
3479.560	15.1618	0.1314
3481.940	15.1498	0.1218
3484.320	15.0927	0.1113
3486.700	15.0272	0.1113
3489.080	15.0393	0.1051
3491.460	15.0582	0.1103
3493.840	15.0849	0.0938
3496.220	15.0079	0.1032
3498.600	14.8986	0.0937
3500.980	14.8752	0.1150
3503.360	14.8704	0.1210
3505.740	14.7774	0.1109
3508.120	14.8067	0.0988
3510.500	14.8676	0.0955
3512.880	14.8979	0.1007
3515.260	14.7834	0.0986
3517.640	14.7857	0.0798
3520.020	14.7299	0.0874
3522.400	14.7599	0.0972
3524.780	14.7848	0.1246
3527.160	14.7160	0.0919
3529.540	14.6208	0.0879
3531.920	14.6315	0.0960
3534.300	14.5954	0.0929
3536.680	14.5593	0.0898
3539.060	14.5712	0.0898
3541.440	14.6146	0.0967
3543.820	14.5637	0.1015
3546.200	14.4752	0.1085
3548.580	14.4871	0.1005
3550.960	14.5836	0.1051
3553.340	14.4636	0.1039
3555.720	14.3849	0.1075
3558.100	14.4157	0.1081
3560.480	14.4409	0.1032
3562.860	14.4686	0.0914
3565.240	14.4125	0.0916
3567.620	14.4558	0.0823
3570.000	14.3379	0.1071
3572.380	14.2925	0.0923
3574.760	14.2327	0.0905
3577.140	14.2096	0.0980
3579.520	14.2518	0.1018
3581.900	14.2440	0.1011
3584.280	14.1625	0.1003
3586.660	14.0701	0.0971
3589.040	14.0932	0.0914
3591.420	14.0752	0.0994
3593.800	14.0476	0.1116
3596.180	14.0703	0.1163
3598.560	14.0438	0.1100
3600.940	14.0574	0.0907
3603.320	14.0029	0.0887
3605.700	13.8231	0.0914
3608.080	13.7689	0.0805
3610.460	13.6795	0.0958
3612.840	13.6315	0.1136
3615.220	13.7175	0.1044
3617.600	13.8013	0.0775
3619.980	13.8206	0.1011
3622.360	13.7632	0.0957
3624.740	13.6648	0.1150
3627.120	13.6826	0.1112
3629.500	13.5920	0.0991
3631.880	13.6327	0.1047
3634.260	13.6832	0.0998
3636.640	13.6710	0.0960
3639.020	13.7027	0.0943
3641.400	13.8178	0.0886
3643.780	13.8182	0.0905
3646.160	13.8441	0.0881
3648.540	13.8138	0.0908
3650.920	13.7303	0.0779
3653.300	13.7608	0.0935
3655.680	13.7775	0.0931
3658.060	13.7501	0.0903
3660.440	13.7640	0.0823
3662.820	13.7398	0.0744
3665.200	13.7165	0.0784
3667.580	13.6646	0.0813
3669.960	13.6104	0.0883
3672.340	13.5203	0.1034
3674.720	13.5177	0.0922
3677.100	13.5267	0.0882
3679.480	13.4928	0.0814
3681.860	13.4641	0.0819
3684.240	13.4447	0.0884
3686.620	13.3970	0.0909
3689.000	13.3872	0.0918
3691.380	13.3198	0.0891
3693.760	13.1690	0.0913
3696.140	13.0923	0.0858
3698.520	12.9156	0.0868
3700.900	12.7226	0.1045
3703.280	12.7728	0.0934
3705.660	12.9394	0.0875
3708.040	13.0675	0.0783
3710.420	13.0150	0.0822
3712.800	12.9621	0.0931
3715.180	13.0523	0.1016
3717.560	13.1039	0.0844
3719.940	13.1677	0.0973
3722.320	13.1611	0.0816
3724.700	13.1330	0.0902
3727.080	13.1269	0.1002
3729.460	13.2559	0.0962
3731.840	13.2341	0.0994
3734.220	13.2351	0.0965
3736.600	13.2087	0.0840
3738.980	13.1138	0.1073
3741.360	13.1322	0.1049
3743.740	13.2003	0.0739
3746.120	13.1926	0.0849
3748.500	13.0962	0.0929
3750.880	13.1028	0.0956
3753.260	13.0375	0.1242
3755.640	12.9831	0.1014
3758.020	13.0309	0.0727
3760.400	13.0199	0.0784
3762.780	13.0245	0.0851
3765.160	13.0256	0.0835
3767.540	13.0084	0.0796
3769.920	13.0156	0.0841
3772.300	12.9871	0.0824
3774.680	12.9731	0.0768
3777.060	12.9221	0.0728
3779.440	12.9000	0.0668
3781.820	12.8903	0.0744
3784.200	12.8254	0.0755
3786.580	12.7928	0.0863
3788.960	12.8178	0.0731
3791.340	12.7106	0.0795
3793.720	12.5609	0.0784
3796.100	12.5400	0.0857
3798.480	12.4591	0.0839
3800.860	12.4115	0.0727
3803.240	12.2655	0.0743
3805.620	12.1325	0.0806
3808.000	12.0070	0.0677
3810.380	11.8466	0.0748
3812.760	11.6984	0.0759
3815.140	11.4934	0.0898
3817.520	11.3515	0.0876
3819.900	11.5326	0.0889
3822.280	11.8147	0.0803
3824.660	11.9912	0.0668
3827.040	12.1459	0.0649
3829.420	12.1471	0.0650
3831.800	12.1564	0.0676
3834.180	12.2217	0.0789
3836.560	12.3302	0.0759
3838.940	12.3207	0.0808
3841.320	12.2800	0.0707
3843.700	12.2743	0.0933
3846.080	12.2727	0.0926
3848.460	12.3013	0.0782
3850.840	12.2904	0.0775
3853.220	12.3042	0.0694
3855.600	12.2729	0.0664
3857.980	12.2654	0.0771
3860.360	12.2390	0.0712
3862.740	12.0878	0.0974
3865.120	11.9792	0.0986
3867.500	11.9518	0.0757
3869.880	11.9633	0.0768
3872.260	12.0046	0.0616
3874.640	11.9678	0.0688
3877.020	11.7860	0.0647
3879.400	11.4698	0.0683
3881.780	10.9370	0.0676
3884.160	10.0184	0.0662
3886.540	9.2487	0.0691
3888.920	9.4926	0.0708
3891.300	10.5790	0.0569
3893.680	11.2694	0.0670
3896.060	11.6859	0.0744
3898.440	11.8287	0.0671
3900.820	11.8793	0.0569
3903.200	11.9733	0.0570
3905.580	11.9805	0.0599
3907.960	12.0346	0.0653
3910.340	11.9815	0.0811
3912.720	11.9084	0.0832
3915.100	11.9128	0.0821
3917.480	11.9400	0.0767
3919.860	11.9169	0.0769
3922.240	11.8760	0.0797
3924.620	11.9473	0.0800
3927.000	11.8878	0.0931
3929.380	11.9024	0.0890
3931.760	12.0807	0.1349
3934.140	12.1356	0.1360
3936.520	11.9780	0.1025
3938.900	11.8284	0.0872
3941.280	11.8515	0.0783
3943.660	11.8518	0.0897
3946.040	11.7193	0.0697
3948.420	11.6146	0.0784
3950.800	11.5807	0.0794
3953.180	11.5094	0.0833
3955.560	11.4380	0.0791
3957.940	11.2674	0.0836
3960.320	11.1001	0.0848
3962.700	11.0130	0.0827
3965.080	11.0685	0.0970
3967.460	11.4027	0.1283
3969.840	11.6369	0.1303
3972.220	11.5415	0.0858
3974.600	11.4215	0.0835
3976.980	11.3702	0.0864
3979.360	11.3654	0.0947
3981.740	11.4085	0.0956
3984.120	11.4511	0.0764
3986.500	11.4512	0.0716
3988.880	11.3605	0.0754
3991.260	11.3168	0.0727
3993.640	11.3254	0.0686
3996.020	11.2501	0.0705
3998.400	11.1265	0.0679
4000.780	11.0860	0.0719
4003.160	10.9756	0.0731
4005.540	10.8523	0.0650
4007.920	10.7552	0.0580
4010.300	10.6841	0.0613
4012.680	10.5102	0.0600
4015.060	10.3017	0.0550
4017.440	10.0203	0.0505
4019.820	9.6913	0.0565
4022.200	9.3200	0.0656
4024.580	9.1937	0.0695
4026.960	9.5116	0.0604
4029.340	9.9545	0.0535
4031.720	10.2894	0.0459
4034.100	10.5812	0.0437
4036.480	10.7313	0.0545
4038.860	10.7598	0.0602
4041.240	10.8274	0.0579
4043.620	10.8541	0.0643
4046.000	10.8196	0.0549
4048.380	10.8158	0.0560
4050.760	10.8627	0.0638
4053.140	10.8736	0.0605
4055.520	10.9041	0.0556
4057.900	10.9380	0.0606
4060.280	10.8945	0.0585
4062.660	10.9125	0.0563
4065.040	10.9139	0.0579
4067.420	10.9135	0.0646
4069.800	10.9570	0.0629
4072.180	10.9332	0.0644
4074.560	10.9030	0.0618
4076.940	10.9058	0.0654
4079.320	10.8877	0.0630
4081.700	10.8761	0.0607
4084.080	10.9438	0.0614
4086.460	10.9540	0.0650
4088.840	10.8703	0.0701
4091.220	10.8296	0.0694
4093.600	10.8732	0.0719
4095.980	10.8975	0.0790
4098.360	10.9067	0.0894
4100.740	10.9550	0.0924
4103.120	10.9178	0.0788
4105.500	10.7766	0.0652
4107.880	10.6992	0.0603
4110.260	10.6242	0.0588
4112.640	10.6147	0.0542
4115.020	10.5350	0.0568
4117.400	10.3872	0.0607
4119.780	10.3134	0.0595
4122.160	10.4491	0.0553
4124.540	10.5071	0.0629
4126.920	10.4740	0.0602
4129.300	10.5010	0.0549
4131.680	10.4962	0.0608
4134.060	10.4673	0.0614
4136.440	10.4388	0.0651
4138.820	10.4111	0.0615
4141.200	10.3568	0.0646
4143.580	10.3896	0.0639
4145.960	10.3456	0.0558
4148.340	10.3216	0.0599
4150.720	10.3745	0.0602
4153.100	10.3999	0.0596
4155.480	10.4246	0.0618
4157.860	10.4482	0.0583
4160.240	10.4680	0.0610
4162.620	10.4208	0.0632
4165.000	10.4175	0.0604
4167.380	10.3705	0.0593
4169.760	10.3710	0.0509
4172.140	10.3944	0.0583
4174.520	10.4174	0.0602
4176.900	10.3715	0.0530
4179.280	10.3671	0.0544
4181.660	10.3379	0.0476
4184.040	10.3105	0.0524
4186.420	10.3103	0.0553
4188.800	10.3221	0.0618
4191.180	10.2772	0.0662
4193.560	10.2801	0.0599
4195.940	10.2547	0.0595
4198.320	10.2595	0.0670
4200.700	10.2488	0.0626
4203.080	10.2420	0.0549
4205.460	10.1936	0.0562
4207.840	10.1490	0.0529
4210.220	10.1691	0.0542
4212.600	10.1550	0.0576
4214.980	10.1336	0.0580
4217.360	10.0820	0.0508
4219.740	10.0634	0.0531
4222.120	10.0728	0.0464
4224.500	10.0375	0.0658
4226.880	10.0718	0.0512
4229.260	10.0588	0.0501
4231.640	9.9593	0.0655
4234.020	9.9737	0.0545
4236.400	10.0170	0.0505
4238.780	10.0225	0.0510
4241.160	9.9812	0.0526
4243.540	9.9257	0.0527
4245.920	9.9482	0.0517
4248.300	9.9621	0.0527
4250.680	9.9082	0.0518
4253.060	9.8872	0.0524
4255.440	9.8800	0.0541
4257.820	9.8918	0.0541
4260.200	9.8825	0.0523
4262.580	9.8744	0.0536
4264.960	9.8425	0.0577
4267.340	9.8263	0.0547
4269.720	9.8402	0.0548
4272.100	9.8183	0.0609
4274.480	9.7431	0.0525
4276.860	9.7417	0.0505
4279.240	9.7546	0.0532
4281.620	9.6766	0.0520
4284.000	9.6802	0.0547
4286.380	9.7288	0.0555
4288.760	9.6800	0.0569
4291.140	9.6070	0.0529
4293.520	9.6175	0.0562
4295.900	9.6559	0.0572
4298.280	9.6195	0.0568
4300.660	9.6441	0.0550
4303.040	9.6379	0.0545
4305.420	9.6069	0.0521
4307.800	9.6154	0.0626
4310.180	9.6139	0.0669
4312.560	9.5564	0.0563
4314.940	9.4846	0.0601
4317.320	9.4347	0.0751
4319.700	9.4655	0.0647
4322.080	9.4880	0.0550
4324.460	9.5047	0.0646
4326.840	9.4574	0.0566
4329.220	9.3929	0.0564
4331.600	9.4033	0.0665
4333.980	9.3938	0.0648
4336.360	9.4571	0.0696
4338.740	9.5924	0.0863
4341.120	9.5916	0.0788
4343.500	9.4241	0.0582
4345.880	9.3258	0.0524
4348.260	9.2915	0.0496
4350.640	9.2755	0.0493
4353.020	9.2546	0.0467
4355.400	9.2813	0.0430
4357.780	9.2762	0.0423
4360.160	9.2460	0.0474
4362.540	9.1939	0.0509
4364.920	9.1592	0.0476
4367.300	9.0857	0.0523
4369.680	9.0603	0.0524
4372.060	9.0252	0.0495
4374.440	8.9468	0.0505
4376.820	8.9391	0.0541
4379.200	8.9117	0.0546
4381.580	8.8356	0.0545
4383.960	8.7216	0.0541
4386.340	8.6502	0.0568
4388.720	8.7035	0.0533
4391.100	8.7653	0.0451
4393.480	8.7949	0.0474
4395.860	8.8510	0.0473
4398.240	8.9107	0.0452
4400.620	8.9137	0.0439
4403.000	8.8975	0.0529
4405.380	8.8957	0.0463
4407.760	8.9292	0.0452
4410.140	8.9094	0.0492
4412.520	8.9120	0.0477
4414.900	8.9053	0.0443
4417.280	8.9076	0.0486
4419.660	8.8652	0.0482
4422.040	8.8281	0.0482
4424.420	8.7705	0.0487
4426.800	8.7356	0.0465
4429.180	8.6768	0.0462
4431.560	8.6403	0.0468
4433.940	8.6539	0.0457
4436.320	8.6353	0.0463
4438.700	8.6360	0.0424
4441.080	8.5525	0.0474
4443.460	8.5062	0.0428
4445.840	8.4613	0.0459
4448.220	8.3750	0.0465
4450.600	8.3276	0.0454
4452.980	8.2591	0.0422
4455.360	8.1591	0.0431
4457.740	7.9797	0.0438
4460.120	7.7504	0.0392
4462.500	7.4216	0.0381
4464.880	6.9774	0.0430
4467.260	6.4307	0.0488
4469.640	6.1050	0.0479
4472.020	6.3468	0.0397
4474.400	6.9328	0.0315
4476.780	7.4582	0.0368
4479.160	7.7354	0.0403
4481.540	7.9267	0.0397
4483.920	8.0893	0.0392
4486.300	8.1920	0.0396
4488.680	8.2610	0.0422
4491.060	8.2867	0.0442
4493.440	8.3359	0.0491
4495.820	8.3538	0.0469
4498.200	8.4103	0.0466
4500.580	8.4259	0.0485
4502.960	8.3828	0.0471
4505.340	8.3783	0.0500
4507.720	8.3875	0.0489
4510.100	8.3991	0.0454
4512.480	8.3701	0.0459
4514.860	8.3505	0.0424
4517.240	8.3536	0.0457
4519.620	8.3675	0.0448
4522.000	8.3465	0.0470
4524.380	8.3769	0.0438
4526.760	8.3665	0.0464
4529.140	8.3786	0.0469
4531.520	8.3884	0.0523
4533.900	8.3679	0.0537
4536.280	8.3642	0.0534
4538.660	8.3419	0.0578
4541.040	8.3280	0.0508
4543.420	8.3081	0.0473
4545.800	8.2984	0.0483
4548.180	8.3258	0.0448
4550.560	8.3321	0.0421
4552.940	8.3087	0.0410
4555.320	8.3220	0.0415
4557.700	8.2899	0.0389
4560.080	8.2876	0.0395
4562.460	8.2343	0.0443
4564.840	8.2898	0.0408
4567.220	8.2778	0.0414
4569.600	8.2319	0.0402
4571.980	8.1945	0.0454
4574.360	8.2292	0.0445
4576.740	8.2544	0.0444
4579.120	8.2238	0.0478
4581.500	8.2422	0.0442
4583.880	8.1644	0.0440
4586.260	8.1670	0.0463
4588.640	8.1476	0.0483
4591.020	8.1891	0.0445
4593.400	8.1551	0.0399
4595.780	8.1072	0.0426
4598.160	8.1087	0.0402
4600.540	8.1356	0.0439
4602.920	8.0799	0.0457
4605.300	8.0786	0.0495
4607.680	8.0536	0.0473
4610.060	8.0155	0.0455
4612.440	8.0141	0.0428
4614.820	8.0400	0.0421
4617.200	8.0345	0.0428
4619.580	8.0258	0.0412
4621.960	8.0085	0.0426
4624.340	8.0228	0.0435
4626.720	8.0068	0.0435
4629.100	7.9745	0.0446
4631.480	7.9675	0.0446
4633.860	7.9486	0.0392
4636.240	7.9282	0.0378
4638.620	7.9519	0.0435
4641.000	7.9301	0.0486
4643.380	7.8590	0.0422
4645.760	7.8998	0.0397
4648.140	7.8965	0.0402
4650.520	7.8611	0.0454
4652.900	7.8296	0.0445
4655.280	7.8637	0.0425
4657.660	7.8434	0.0435
4660.040	7.8039	0.0419
4662.420	7.8083	0.0406
4664.800	7.8451	0.0461
4667.180	7.8411	0.0465
4669.560	7.8107	0.0445
4671.940	7.7555	0.0431
4674.320	7.7548	0.0470
4676.700	7.7472	0.0487
4679.080	7.7394	0.0519
4681.460	7.8146	0.0601
4683.840	7.7890	0.0613
4686.220	7.7615	0.0604
4688.600	7.7317	0.0556
4690.980	7.6441	0.0376
4693.360	7.6666	0.0358
4695.740	7.6783	0.0323
4698.120	7.6277	0.0318
4700.500	7.5808	0.0342
4702.880	7.5125	0.0428
4705.260	7.3295	0.0429
4707.640	7.0889	0.0386
4710.020	6.9927	0.0413
4712.400	7.0512	0.0451
4714.780	7.2574	0.0401
4717.160	7.4014	0.0378
4719.540	7.5036	0.0376
4721.920	7.4583	0.0413
4724.300	7.4711	0.0423
4726.680	7.4966	0.0422
4729.060	7.5118	0.0468
4731.440	7.5317	0.0468
4733.820	7.5179	0.0414
4736.200	7.4936	0.0432
4738.580	7.4805	0.0360
4740.960	7.4918	0.0398
4743.340	7.4840	0.0414
4745.720	7.4410	0.0450
4748.100	7.4614	0.0428
4750.480	7.4873	0.0430
4752.860	7.4606	0.0426
4755.240	7.4303	0.0429
4757.620	7.4184	0.0391
4760.000	7.4061	0.0412
4762.380	7.3996	0.0428
4764.760	7.3987	0.0420
4767.140	7.3601	0.0421
4769.520	7.3257	0.0454
4771.900	7.3098	0.0430
4774.280	7.3288	0.0398
4776.660	7.3100	0.0393
4779.040	7.2791	0.0377
4781.420	7.3099	0.0374
4783.800	7.2898	0.0386
4786.180	7.2909	0.0372
4788.560	7.2810	0.0376
4790.940	7.2152	0.0372
4793.320	7.2160	0.0381
4795.700	7.2650	0.0390
4798.080	7.2127	0.0392
4800.460	7.1759	0.0393
4802.840	7.1600	0.0406
4805.220	7.1774	0.0417
4807.600	7.1790	0.0407
4809.980	7.1537	0.0428
4812.360	7.1773	0.0364
4814.740	7.1560	0.0360
4817.120	7.1452	0.0379
4819.500	7.1489	0.0412
4821.880	7.1476	0.0423
4824.260	7.1388	0.0387
4826.640	7.1465	0.0406
4829.020	7.1660	0.0433
4831.400	7.1662	0.0426
4833.780	7.1034	0.0421
4836.160	7.0810	0.0423
4838.540	7.0650	0.0404
4840.920	7.0964	0.0412
4843.300	7.0704	0.0451
4845.680	7.0437	0.0480
4848.060	7.0203	0.0445
4850.440	7.0230	0.0457
4852.820	7.0255	0.0484
4855.200	7.0179	0.0505
4857.580	7.0469	0.0572
4859.960	7.1285	0.0607
4862.340	7.0677	0.0559
4864.720	6.9375	0.0372
4867.100	6.9203	0.0303
4869.480	6.9346	0.0301
4871.860	6.9090	0.0332
4874.240	6.8755	0.0341
4876.620	6.8702	0.0381
4879.000	6.9023	0.0405
4881.380	6.8809	0.0408
4883.760	6.8460	0.0415
4886.140	6.8281	0.0380
4888.520	6.8272	0.0414
4890.900	6.7907	0.0387
4893.280	6.7576	0.0391
4895.660	6.7486	0.0392
4898.040	6.7061	0.0411
4900.420	6.6714	0.0377
4902.800	6.6413	0.0388
4905.180	6.6173	0.0386
4907.560	6.5894	0.0388
4909.940	6.5057	0.0367
4912.320	6.3781	0.0367
4914.700	6.2360	0.0360
4917.080	6.0257	0.0435
4919.460	5.8655	0.0461
4921.840	5.9092	0.0423
4924.220	6.0492	0.0334
4926.600	6.2045	0.0340
4928.980	6.3412	0.0353
4931.360	6.4384	0.0310
4933.740	6.5054	0.0370
4936.120	6.5728	0.0437
4938.500	6.6084	0.0385
4940.880	6.6162	0.0419
4943.260	6.5961	0.0396
4945.640	6.6111	0.0338
4948.020	6.6158	0.0361
4950.400	6.6402	0.0414
4952.780	6.5808	0.0396
4955.160	6.5979	0.0407
4957.540	6.5848	0.0377
4959.920	6.5725	0.0371
4962.300	6.5560	0.0375
4964.680	6.5624	0.0386
4967.060	6.5584	0.0358
4969.440	6.5557	0.0375
4971.820	6.5744	0.0395
4974.200	6.5493	0.0422
4976.580	6.5317	0.0393
4978.960	6.5179	0.0434
4981.340	6.5063	0.0427
4983.720	6.5014	0.0408
4986.100	6.4881	0.0399
4988.480	6.4171	0.0401
4990.860	6.4515	0.0383
4993.240	6.4324	0.0370
4995.620	6.3757	0.0377
4998.000	6.3892	0.0388
5000.380	6.3825	0.0379
5002.760	6.3213	0.0400
5005.140	6.2472	0.0413
5007.520	6.0798	0.0383
5009.900	5.9022	0.0399
5012.280	5.6432	0.0396
5014.660	5.6125	0.0390
5017.040	5.8088	0.0339
5019.420	6.0277	0.0365
5021.800	6.1790	0.0376
5024.180	6.2398	0.0411
5026.560	6.2729	0.0390
5028.940	6.3094	0.0387
5031.320	6.3095	0.0406
5033.700	6.3386	0.0413
5036.080	6.2917	0.0431
5038.460	6.2383	0.0438
5040.840	6.1905	0.0417
5043.220	6.1902	0.0405
5045.600	6.1536	0.0416
5047.980	6.2064	0.0415
5050.360	6.1986	0.0383
5052.740	6.2374	0.0377
5055.120	6.2635	0.0396
5057.500	6.2413	0.0409
5059.880	6.2466	0.0404
5062.260	6.2474	0.0379
5064.640	6.2791	0.0376
5067.020	6.2835	0.0414
5069.400	6.2595	0.0411
5071.780	6.2411	0.0399
5074.160	6.2349	0.0423
5076.540	6.2024	0.0420
5078.920	6.2265	0.0394
5081.300	6.1853	0.0370
5083.680	6.1674	0.0373
5086.060	6.1939	0.0403
5088.440	6.2018	0.0401
5090.820	6.1559	0.0402
5093.200	6.1078	0.0394
5095.580	6.1136	0.0423
5097.960	6.1093	0.0429
5098.200	6.1140	0.0379
5100.340	6.1116	0.0417
5101.130	6.1198	0.0475
5102.720	6.1091	0.0409
5104.060	6.0969	0.0434
5105.100	6.1130	0.0389
5106.990	6.0898	0.0340
5107.480	6.0906	0.0341
5109.860	6.0920	0.0362
5109.920	6.0834	0.0382
5112.240	6.0821	0.0318
5112.850	6.0941	0.0376
5114.620	6.0753	0.0396
5115.780	6.0787	0.0440
5117.000	6.0645	0.0404
5118.710	6.0480	0.0444
5119.380	6.0452	0.0393
5121.640	6.0579	0.0402
5121.760	6.0272	0.0412
5124.140	6.0203	0.0399
5124.570	6.0343	0.0519
5126.520	6.0237	0.0373
5127.500	6.0412	0.0318
5128.900	6.0321	0.0328
5130.430	6.0490	0.0342
5131.280	6.0203	0.0395
5133.360	6.0151	0.0393
5133.660	5.9901	0.0408
5136.040	5.9695	0.0396
5136.290	5.9974	0.0394
5138.420	5.9814	0.0404
5139.220	5.9967	0.0431
5140.800	5.9811	0.0429
5142.150	5.9592	0.0404
5143.180	5.9837	0.0418
5145.080	5.9635	0.0424
5145.560	5.9692	0.0431
5147.940	5.9439	0.0433
5148.010	5.9438	0.0424
5150.320	5.9149	0.0377
5150.940	5.9439	0.0260
5153.870	5.9504	0.0371
5156.800	5.8763	0.0321
5159.730	5.8732	0.0364
5162.660	5.9100	0.0394
5165.590	5.8835	0.0572
5168.520	5.8960	0.0487
5171.450	5.9217	0.0355
5174.380	5.9412	0.0427
5177.310	5.8836	0.0474
5180.240	5.7973	0.0395
5183.170	5.8157	0.0497
5186.100	5.8765	0.0411
5189.030	5.8567	0.0410
5191.960	5.8026	0.0372
5194.890	5.8319	0.0351
5197.820	5.8095	0.0358
5200.750	5.7826	0.0381
5203.680	5.8240	0.0340
5206.610	5.8365	0.0390
5209.540	5.8339	0.0361
5212.470	5.8193	0.0401
5215.400	5.7383	0.0348
5218.330	5.7851	0.0327
5221.260	5.7785	0.0329
5224.190	5.7022	0.0312
5227.120	5.7175	0.0352
5230.050	5.7398	0.0325
5232.980	5.7112	0.0332
5235.910	5.6964	0.0347
5238.840	5.7000	0.0371
5241.770	5.6978	0.0342
5244.700	5.6732	0.0292
5247.630	5.6423	0.0302
5250.560	5.6305	0.0321
5253.490	5.6521	0.0331
5256.420	5.6547	0.0297
5259.350	5.6542	0.0282
5262.280	5.5971	0.0365
5265.210	5.5983	0.0341
5268.140	5.6247	0.0291
5271.070	5.6112	0.0349
5274.000	5.5874	0.0353
5276.930	5.5902	0.0338
5279.860	5.5867	0.0265
5282.790	5.5652	0.0264
5285.720	5.5875	0.0321
5288.650	5.5430	0.0302
5291.580	5.4955	0.0296
5294.510	5.4869	0.0307
5297.440	5.5042	0.0301
5300.370	5.4831	0.0295
5303.300	5.4655	0.0307
5306.230	5.4810	0.0283
5309.160	5.4750	0.0279
5312.090	5.4558	0.0252
5315.020	5.4465	0.0292
5317.950	5.4440	0.0321
5320.880	5.4399	0.0316
5323.810	5.4207	0.0330
5326.740	5.4117	0.0333
5329.670	5.3926	0.0314
5332.600	5.4158	0.0308
5335.530	5.4041	0.0281
5338.460	5.3879	0.0316
5341.390	5.3801	0.0307
5344.320	5.3693	0.0305
5347.250	5.3783	0.0295
5350.180	5.3868	0.0282
5353.110	5.3387	0.0313
5356.040	5.3131	0.0292
5358.970	5.3465	0.0277
5361.900	5.3313	0.0314
5364.830	5.3146	0.0296
5367.760	5.3116	0.0261
5370.690	5.2801	0.0286
5373.620	5.3054	0.0297
5376.550	5.2984	0.0348
5379.480	5.2765	0.0278
5382.410	5.2702	0.0282
5385.340	5.2575	0.0254
5388.270	5.2601	0.0249
5391.200	5.2642	0.0282
5394.130	5.2055	0.0263
5397.060	5.1973	0.0271
5399.990	5.1957	0.0286
5402.920	5.2170	0.0303
5405.850	5.1860	0.0312
5408.780	5.1824	0.0300
5411.710	5.1590	0.0288
5414.640	5.1858	0.0289
5417.570	5.1912	0.0246
5420.500	5.1527	0.0255
5423.430	5.1597	0.0237
5426.360	5.1453	0.0278
5429.290	5.1461	0.0249
5432.220	5.1459	0.0258
5435.150	5.1361	0.0261
5438.080	5.1076	0.0269
5441.010	5.1109	0.0273
5443.940	5.1096	0.0286
5446.870	5.0724	0.0247
5449.800	5.0395	0.0240
5452.730	5.0437	0.0204
5455.660	5.0557	0.0186
5458.590	5.0298	0.0201
5461.520	5.0053	0.0194
5464.450	5.0003	0.0191
5467.380	5.0041	0.0210
5470.310	4.9926	0.0242
5473.240	4.9936	0.0239
5476.170	4.9874	0.0252
5479.100	4.9786	0.0254
5482.030	4.9708	0.0232
5484.960	4.9520	0.0202
5487.890	4.9379	0.0188
5490.820	4.9214	0.0232
5493.750	4.9081	0.0220
5496.680	4.9237	0.0228
5499.610	4.9418	0.0211
5502.540	4.9102	0.0209
5505.470	4.8859	0.0223
5508.400	4.8945	0.0245
5511.330	4.8936	0.0257
5514.260	4.9034	0.0244
5517.190	4.8831	0.0230
5520.120	4.8686	0.0243
5523.050	4.8871	0.0233
5525.980	4.8729	0.0215
5528.910	4.8312	0.0232
5531.840	4.8228	0.0265
5534.770	4.7986	0.0266
5537.700	4.8230	0.0272
5540.630	4.8062	0.0234
5543.560	4.8374	0.0213
5546.490	4.8012	0.0230
5549.420	4.7968	0.0221
5552.350	4.7991	0.0232
5555.280	4.7785	0.0237
5558.210	4.7507	0.0239
5561.140	4.7218	0.0247
5564.070	4.7147	0.0252
5567.000	4.7537	0.0220
5569.930	4.7406	0.0211
5572.860	4.7055	0.0229
5575.790	4.7506	0.0286
5578.720	4.7311	0.0268
5581.650	4.7185	0.0248
5584.580	4.7069	0.0257
5587.510	4.6985	0.0260
5590.440	4.6920	0.0251
5593.370	4.7035	0.0240
5596.300	4.7001	0.0234
5599.230	4.6882	0.0227
5602.160	4.6537	0.0218
5605.090	4.6344	0.0240
5608.020	4.6164	0.0260
5610.950	4.6079	0.0237
5613.880	4.6122	0.0225
5616.810	4.6407	0.0234
5619.740	4.6284	0.0224
5622.670	4.6238	0.0211
5625.600	4.5714	0.0235
5628.530	4.5798	0.0267
5631.460	4.5689	0.0256
5634.390	4.5823	0.0235
5637.320	4.5692	0.0249
5640.250	4.5616	0.0260
5643.180	4.5482	0.0231
5646.110	4.5303	0.0225
5649.040	4.5475	0.0238
5651.970	4.5313	0.0213
5654.900	4.5299	0.0208
5657.830	4.5133	0.0240
5660.760	4.5345	0.0226
5663.690	4.5108	0.0218
5666.620	4.5111	0.0206
5669.550	4.4767	0.0224
5672.480	4.4674	0.0225
5675.410	4.4731	0.0239
5678.340	4.4530	0.0250
5681.270	4.4370	0.0259
5684.200	4.4537	0.0234
5687.130	4.4635	0.0223
5690.060	4.4464	0.0205
5692.990	4.4248	0.0211
5695.920	4.4046	0.0213
5698.850	4.4261	0.0223
5701.780	4.4097	0.0211
5704.710	4.4027	0.0222
5707.640	4.4150	0.0249
5710.570	4.4029	0.0250
5713.500	4.4096	0.0235
5716.430	4.3770	0.0237
5719.360	4.3447	0.0222
5722.290	4.3828	0.0219
5725.220	4.3668	0.0218
5728.150	4.3634	0.0203
5731.080	4.3438	0.0201
5734.010	4.3243	0.0184
5736.940	4.3265	0.0190
5739.870	4.3160	0.0183
5742.800	4.3204	0.0203
5745.730	4.3012	0.0199
5748.660	4.2934	0.0221
5751.590	4.2667	0.0205
5754.520	4.2803	0.0222
5757.450	4.2698	0.0223
5760.380	4.2719	0.0223
5763.310	4.2772	0.0206
5766.240	4.2399	0.0209
5769.170	4.2099	0.0210
5772.100	4.2380	0.0189
5775.030	4.2491	0.0185
5777.960	4.2182	0.0175
5780.890	4.2075	0.0191
5783.820	4.2196	0.0211
5786.750	4.2111	0.0207
5789.680	4.1962	0.0213
5792.610	4.1876	0.0205
5795.540	4.1749	0.0204
5798.470	4.1716	0.0200
5801.400	4.1400	0.0210
5804.330	4.1431	0.0219
5807.260	4.1378	0.0228
5810.190	4.1311	0.0211
5813.120	4.1106	0.0199
5816.050	4.1015	0.0210
5818.980	4.0736	0.0190
5821.910	4.0776	0.0187
5824.840	4.0683	0.0191
5827.770	4.0416	0.0202
5830.700	4.0121	0.0206
5833.630	3.9803	0.0183
5836.560	3.9777	0.0183
5839.490	3.9594	0.0201
5842.420	3.9274	0.0180
5845.350	3.9084	0.0190
5848.280	3.8679	0.0189
5851.210	3.8219	0.0199
5854.140	3.7752	0.0208
5857.070	3.6901	0.0226
5860.000	3.5645	0.0202
5862.930	3.4014	0.0187
5865.860	3.2021	0.0175
5868.790	2.9333	0.0183
5871.720	2.6650	0.0236
5874.650	2.6073	0.0245
5877.580	2.8189	0.0235
5880.510	3.1103	0.0161
5883.440	3.3135	0.0141
5886.370	3.4865	0.0203
5889.300	3.6121	0.0249
5892.230	3.6966	0.0245
5895.160	3.7574	0.0218
5898.090	3.7733	0.0191
5901.020	3.8007	0.0195
5903.950	3.8183	0.0198
5906.880	3.8304	0.0196
5909.810	3.8440	0.0195
5912.740	3.8420	0.0197
5915.670	3.8411	0.0189
5918.600	3.8578	0.0185
5921.530	3.8826	0.0217
5924.460	3.8598	0.0249
5927.390	3.8614	0.0214
5930.320	3.8731	0.0210
5933.250	3.8699	0.0197
5936.180	3.8628	0.0178
5939.110	3.8644	0.0170
5942.040	3.8458	0.0206
5944.970	3.8570	0.0209
5947.900	3.8619	0.0208
5950.830	3.8622	0.0197
5953.760	3.8746	0.0197
5956.690	3.8549	0.0215
5959.620	3.8243	0.0184
5962.550	3.8496	0.0175
5965.480	3.8561	0.0183
5968.410	3.8376	0.0204
5971.340	3.8562	0.0216
5974.270	3.8411	0.0212
5977.200	3.8205	0.0216
5980.130	3.8096	0.0202
5983.060	3.8222	0.0197
5985.990	3.8166	0.0209
5988.920	3.8037	0.0206
5991.850	3.8003	0.0196
5994.780	3.7932	0.0198
5997.710	3.8039	0.0200
6000.640	3.7827	0.0218
6003.570	3.7690	0.0217
6006.500	3.7642	0.0210
6009.430	3.7862	0.0210
6012.360	3.7781	0.0194
6015.290	3.7691	0.0187
6018.220	3.7656	0.0190
6021.150	3.7682	0.0184
6024.080	3.7581	0.0197
6027.010	3.7450	0.0176
6029.940	3.7421	0.0180
6032.870	3.7277	0.0186
6035.800	3.7283	0.0198
6038.730	3.7218	0.0172
6041.660	3.7195	0.0175
6044.590	3.7056	0.0182
6047.520	3.6890	0.0187
6050.450	3.7039	0.0192
6053.380	3.6971	0.0201
6056.310	3.6837	0.0195
6059.240	3.6823	0.0198
6062.170	3.6600	0.0196
6065.100	3.6603	0.0176
6068.030	3.6654	0.0174
6070.960	3.6688	0.0180
6073.890	3.6704	0.0174
6076.820	3.6597	0.0186
6079.750	3.6592	0.0181
6082.680	3.6341	0.0177
6085.610	3.6472	0.0205
6088.540	3.6356	0.0183
6091.470	3.6186	0.0183
6094.400	3.6268	0.0181
6097.330	3.6156	0.0170
6100.260	3.6144	0.0179
6103.190	3.6309	0.0170
6106.120	3.6095	0.0167
6109.050	3.6002	0.0182
6111.980	3.5952	0.0183
6114.910	3.5942	0.0177
6117.840	3.5766	0.0181
6120.770	3.5837	0.0170
6123.700	3.5873	0.0176
6126.630	3.5740	0.0184
6129.560	3.5607	0.0179
6132.490	3.5652	0.0175
6135.420	3.5562	0.0180
6138.350	3.5530	0.0186
6141.280	3.5482	0.0169
6144.210	3.5482	0.0169
6147.140	3.5466	0.0169
6150.070	3.5512	0.0163
6153.000	3.5254	0.0161
6155.930	3.5174	0.0164
6158.860	3.5289	0.0185
6161.790	3.5351	0.0203
6164.720	3.5290	0.0199
6167.650	3.5060	0.0187
6170.580	3.4972	0.0171
6173.510	3.5031	0.0165
6176.440	3.4720	0.0163
6179.370	3.4764	0.0167
6182.300	3.4685	0.0157
6185.230	3.4662	0.0159
6188.160	3.4606	0.0170
6191.090	3.4674	0.0185
6194.020	3.4519	0.0174
6196.950	3.4417	0.0179
6199.880	3.4483	0.0173
6202.810	3.4504	0.0163
6205.740	3.4422	0.0161
6208.670	3.4535	0.0163
6211.600	3.4611	0.0166
6214.530	3.4431	0.0171
6217.460	3.4218	0.0178
6220.390	3.4048	0.0160
6223.320	3.3941	0.0166
6226.250	3.3871	0.0169
6229.180	3.4020	0.0175
6232.110	3.4006	0.0165
6235.040	3.4013	0.0164
6237.970	3.3947	0.0180
6240.900	3.3838	0.0176
6243.830	3.3833	0.0170
6246.760	3.3612	0.0162
6249.690	3.3498	0.0174
6252.620	3.3534	0.0172
6255.550	3.3646	0.0176
6258.480	3.3455	0.0157
6261.410	3.3322	0.0167
6264.340	3.3370	0.0175
6267.270	3.3276	0.0172
6270.200	3.3278	0.0172
6273.130	3.3263	0.0164
6276.060	3.3151	0.0161
6278.990	3.3259	0.0160
6281.920	3.3134	0.0174
6284.850	3.3213	0.0186
6287.780	3.3237	0.0170
6290.710	3.3186	0.0159
6293.640	3.3130	0.0152
6296.570	3.3108	0.0161
6299.500	3.3145	0.0157
6302.430	3.2955	0.0167
6305.360	3.2780	0.0174
6308.290	3.2748	0.0185
6311.220	3.2822	0.0179
6314.150	3.2872	0.0185
6317.080	3.2657	0.0177
6320.010	3.2375	0.0165
6322.940	3.2177	0.0170
6325.870	3.2275	0.0175
6328.800	3.2287	0.0169
6331.730	3.2142	0.0152
6334.660	3.1955	0.0155
6337.590	3.1909	0.0172
6340.520	3.1941	0.0144
6343.450	3.2002	0.0148
6346.380	3.2001	0.0123
6349.310	3.2079	0.0134
6352.240	3.2175	0.0139
6355.170	3.2143	0.0152
6358.100	3.2162	0.0153
6361.030	3.2085	0.0142
6363.960	3.1894	0.0146
6366.890	3.1753	0.0150
6369.820	3.1743	0.0158
6372.750	3.1732	0.0162
6375.680	3.1763	0.0165
6378.610	3.1795	0.0158
6381.540	3.1580	0.0150
6384.470	3.1635	0.0149
6387.400	3.1689	0.0173
6390.330	3.1736	0.0152
6393.260	3.1626	0.0149
6396.190	3.1492	0.0156
6399.120	3.1305	0.0144
6402.050	3.1214	0.0147
6404.980	3.1023	0.0158
6407.910	3.1053	0.0165
6410.840	3.0986	0.0165
6413.770	3.0859	0.0150
6416.700	3.0927	0.0149
6419.630	3.1156	0.0149
6422.560	3.1133	0.0126
6425.490	3.1169	0.0162
6428.420	3.1023	0.0152
6431.350	3.0812	0.0147
6434.280	3.0943	0.0152
6437.210	3.0838	0.0171
6440.140	3.0812	0.0178
6443.070	3.0860	0.0167
6446.000	3.0819	0.0156
6448.930	3.0782	0.0162
6451.860	3.0702	0.0166
6454.790	3.0560	0.0156
6457.720	3.0438	0.0163
6460.650	3.0369	0.0154
6463.580	3.0293	0.0148
6466.510	3.0218	0.0142
6469.440	3.0163	0.0145
6472.370	3.0051	0.0144
6475.300	3.0016	0.0149
6478.230	2.9904	0.0147
6481.160	2.9986	0.0146
6484.090	3.0175	0.0147
6487.020	3.0092	0.0144
6489.950	3.0042	0.0149
6492.880	3.0062	0.0159
6495.810	3.0071	0.0167
6498.740	2.9980	0.0153
6501.670	2.9903	0.0155
6504.600	2.9746	0.0160
6507.530	2.9742	0.0163
6510.460	2.9773	0.0159
6513.390	2.9725	0.0157
6516.320	2.9527	0.0159
6519.250	2.9256	0.0158
6522.180	2.9291	0.0163
6525.110	2.9483	0.0159
6528.040	2.9589	0.0153
6530.970	2.9397	0.0146
6533.900	2.9160	0.0142
6536.830	2.9333	0.0147
6539.760	2.9328	0.0153
6542.690	2.9322	0.0168
6545.620	2.9228	0.0169
6548.550	2.8930	0.0180
6551.480	2.8849	0.0198
6554.410	2.9061	0.0214
6557.340	2.9546	0.0215
6560.270	3.0069	0.0254
6563.200	3.0065	0.0268
6566.130	2.9759	0.0211
6569.060	2.9268	0.0198
6571.990	2.8841	0.0137
6574.920	2.8616	0.0123
6577.850	2.8458	0.0127
6580.780	2.8560	0.0128
6583.710	2.8692	0.0122
6586.640	2.8623	0.0134
6589.570	2.8525	0.0153
6592.500	2.8628	0.0159
6595.430	2.8650	0.0143
6598.360	2.8462	0.0138
6601.290	2.8408	0.0137
6604.220	2.8395	0.0133
6607.150	2.8383	0.0139
6610.080	2.8280	0.0138
6613.010	2.8219	0.0140
6615.940	2.8276	0.0150
6618.870	2.8338	0.0133
6621.800	2.8158	0.0132
6624.730	2.7971	0.0134
6627.660	2.7804	0.0132
6630.590	2.7746	0.0139
6633.520	2.7745	0.0149
6636.450	2.7704	0.0146
6639.380	2.7605	0.0140
6642.310	2.7498	0.0141
6645.240	2.7352	0.0141
6648.170	2.7210	0.0132
6651.100	2.7069	0.0133
6654.030	2.6926	0.0135
6656.960	2.6698	0.0128
6659.890	2.6466	0.0134
6662.820	2.5899	0.0137
6665.750	2.5224	0.0147
6668.680	2.4009	0.0120
6671.610	2.2691	0.0129
6674.540	2.1186	0.0160
6677.470	2.0905	0.0172
6680.400	2.1960	0.0151
6683.330	2.3516	0.0124
6686.260	2.4704	0.0128
6689.190	2.5381	0.0116
6692.120	2.5766	0.0115
6695.050	2.6084	0.0133
6697.980	2.6175	0.0141
6700.910	2.6357	0.0141
6703.840	2.6537	0.0136
6706.770	2.6613	0.0133
6709.700	2.6703	0.0141
6712.630	2.6649	0.0134
6715.560	2.6572	0.0129
6718.490	2.6549	0.0136
6721.420	2.6607	0.0144
6724.350	2.6660	0.0148
6727.280	2.6500	0.0138
6730.210	2.6407	0.0144
6733.140	2.6544	0.0137
6736.070	2.6614	0.0138
6739.000	2.6504	0.0127
6741.930	2.6499	0.0127
6744.860	2.6506	0.0133
6747.790	2.6489	0.0138
6750.720	2.6539	0.0153
6753.650	2.6462	0.0146
6756.580	2.6343	0.0130
6759.510	2.6283	0.0117
6762.440	2.6283	0.0120
6765.370	2.6234	0.0130
6768.300	2.6242	0.0128
6771.230	2.6237	0.0127
6774.160	2.6158	0.0135
6777.090	2.6133	0.0130
6780.020	2.6159	0.0133
6782.950	2.6122	0.0116
6785.880	2.6042	0.0111
6788.810	2.5982	0.0125
6791.740	2.5885	0.0132
6794.670	2.5856	0.0120
6797.600	2.5893	0.0121
6800.530	2.5860	0.0120
6803.460	2.5917	0.0121
6806.390	2.5868	0.0136
6809.320	2.5801	0.0122
6812.250	2.5792	0.0110
6815.180	2.5768	0.0109
6818.110	2.5683	0.0111
6821.040	2.5492	0.0118
6823.970	2.5574	0.0129
6826.900	2.5645	0.0134
6829.830	2.5667	0.0134
6832.760	2.5617	0.0130
6835.690	2.5486	0.0130
6838.620	2.5479	0.0128
6841.550	2.5473	0.0121
6844.480	2.5409	0.0122
6847.410	2.5274	0.0125
6850.340	2.5201	0.0125
6853.270	2.5132	0.0129
6856.200	2.5070	0.0131
6859.130	2.5132	0.0136
6862.060	2.5186	0.0127
6864.990	2.5170	0.0132
6867.920	2.5085	0.0135
6870.850	2.4857	0.0130
6873.780	2.4865	0.0121
6876.710	2.4929	0.0114
6879.640	2.4888	0.0120
6882.570	2.4913	0.0132
6885.500	2.4932	0.0149
6888.430	2.4905	0.0138
6891.360	2.4886	0.0132
6894.290	2.4750	0.0120
6897.220	2.4697	0.0118
6900.150	2.4700	0.0109
6903.080	2.4683	0.0114
6906.010	2.4690	0.0114
6908.940	2.4716	0.0123
6911.870	2.4611	0.0122
6914.800	2.4584	0.0117
6917.730	2.4562	0.0114
6920.660	2.4567	0.0118
6923.590	2.4482	0.0114
6926.520	2.4462	0.0108
6929.450	2.4475	0.0112
6932.380	2.4390	0.0112
6935.310	2.4337	0.0103
6938.240	2.4222	0.0118
6941.170	2.4244	0.0114
6944.100	2.4333	0.0109
6947.030	2.4265	0.0117
6949.960	2.4238	0.0121
6952.890	2.4237	0.0113
6955.820	2.4050	0.0111
6958.750	2.3936	0.0111
6961.680	2.3940	0.0115
6964.610	2.3891	0.0119
6967.540	2.3916	0.0121
6970.470	2.3901	0.0118
6973.400	2.3842	0.0114
6976.330	2.3917	0.0118
6979.260	2.3948	0.0116
6982.190	2.3817	0.0111
6985.120	2.3705	0.0111
6988.050	2.3663	0.0118
6990.980	2.3580	0.0124
6993.910	2.3553	0.0121
6996.840	2.3660	0.0117
6999.770	2.3633	0.0121
7002.700	2.3600	0.0121
7005.630	2.3534	0.0122
7008.560	2.3408	0.0117
7011.490	2.3255	0.0112
7014.420	2.3213	0.0108
7017.350	2.3189	0.0106
7020.280	2.3167	0.0111
7023.210	2.3172	0.0114
7026.140	2.3098	0.0112
7029.070	2.3118	0.0106
7032.000	2.3090	0.0096
7034.930	2.2933	0.0094
7037.860	2.2792	0.0094
7040.790	2.2651	0.0096
7043.720	2.2412	0.0105
7046.650	2.2137	0.0103
7049.580	2.1840	0.0094
7052.510	2.1366	0.0095
7055.440	2.0574	0.0098
7058.370	1.9810	0.0113
7061.300	1.9290	0.0124
7064.230	1.9608	0.0136
7067.160	2.0489	0.0122
7070.090	2.1356	0.0098
7073.020	2.1757	0.0101
7075.950	2.2020	0.0107
7078.880	2.2313	0.0104
7081.810	2.2492	0.0097
7084.740	2.2418	0.0102
7087.670	2.2442	0.0100
7090.600	2.2451	0.0096
7093.530	2.2560	0.0098
7096.460	2.2574	0.0098
7099.390	2.2450	0.0101
7102.320	2.2425	0.0106
7105.250	2.2436	0.0116
7108.180	2.2380	0.0112
7111.110	2.2432	0.0107
7114.040	2.2449	0.0101
7116.970	2.2410	0.0107
7119.900	2.2320	0.0112
7122.830	2.2345	0.0111
7125.760	2.2326	0.0111
7128.690	2.2282	0.0101
7131.620	2.2319	0.0101
7134.550	2.2309	0.0109
7137.480	2.2277	0.0100
7140.410	2.2296	0.0107
7143.340	2.2354	0.0134
7146.270	2.2368	0.0116
7149.200	2.2239	0.0111
7152.130	2.2063	0.0109
7155.060	2.1951	0.0109
7157.990	2.1905	0.0107
7160.920	2.1841	0.0109
7163.850	2.1827	0.0120
7166.780	2.1972	0.0116
7169.710	2.2033	0.0125
7172.640	2.1971	0.0131
7175.570	2.1892	0.0123
7178.500	2.1772	0.0116
7181.430	2.1673	0.0110
7184.360	2.1710	0.0111
7187.290	2.1758	0.0100
7190.220	2.1718	0.0102
7193.150	2.1638	0.0096
7196.080	2.1634	0.0098
7199.010	2.1627	0.0105
7201.940	2.1551	0.0106
7204.870	2.1563	0.0104
7207.800	2.1596	0.0100
7210.730	2.1491	0.0094
7213.660	2.1456	0.0096
7216.590	2.1457	0.0100
7219.520	2.1520	0.0111
7222.450	2.1466	0.0143
7225.380	2.1414	0.0138
7228.310	2.1426	0.0120
7231.240	2.1296	0.0104
7234.170	2.1181	0.0100
7237.100	2.1086	0.0099
7240.030	2.1031	0.0103
7242.960	2.1102	0.0111
7245.890	2.1156	0.0115
7248.820	2.1130	0.0113
7251.750	2.1077	0.0110
7254.680	2.1070	0.0109
7257.610	2.1031	0.0107
7260.540	2.0870	0.0102
7263.470	2.0715	0.0106
7266.400	2.0720	0.0098
7269.330	2.0652	0.0134
7272.260	2.0376	0.0120
7275.190	2.0061	0.0104
7278.120	1.9960	0.0117
7281.050	2.0126	0.0120
7283.980	2.0368	0.0106
7286.910	2.0583	0.0113
7289.840	2.0680	0.0119
7292.770	2.0650	0.0110
7295.700	2.0641	0.0106
7298.630	2.0680	0.0112
7301.560	2.0649	0.0107
7304.490	2.0624	0.0102
7307.420	2.0667	0.0106
7310.350	2.0646	0.0103
7313.280	2.0663	0.0103
7316.210	2.0697	0.0101
7319.140	2.0603	0.0094
7322.070	2.0574	0.0094
7325.000	2.0608	0.0102
7327.930	2.0553	0.0103
7330.860	2.0422	0.0102
7333.790	2.0329	0.0113
7336.720	2.0322	0.0117
7339.650	2.0259	0.0114
7342.580	2.0393	0.0100
7345.510	2.0491	0.0095
7348.440	2.0409	0.0095
7351.370	2.0302	0.0109
7354.300	2.0219	0.0114
7357.230	2.0165	0.0102
7360.160	2.0047	0.0098
7363.090	2.0041	0.0098
7366.020	2.0111	0.0101
7368.950	2.0101	0.0096
7371.880	2.0056	0.0097
7374.810	2.0083	0.0095
7377.740	2.0162	0.0096
7380.670	2.0034	0.0098
7383.600	1.9826	0.0106
7386.530	1.9850	0.0103
7389.460	1.9824	0.0098
7392.390	1.9904	0.0096
7395.320	1.9894	0.0095
7398.250	1.9794	0.0099
7401.180	1.9684	0.0091
7404.110	1.9660	0.0096
7407.040	1.9730	0.0101
7409.970	1.9696	0.0111
7412.900	1.9562	0.0111
7415.830	1.9590	0.0106
7418.760	1.9646	0.0095
7421.690	1.9710	0.0101
7424.620	1.9675	0.0100
7427.550	1.9569	0.0094
7430.480	1.9451	0.0099
7433.410	1.9418	0.0094
7436.340	1.9535	0.0089
7439.270	1.9492	0.0098
7442.200	1.9463	0.0092
7445.130	1.9662	0.0101
7448.060	1.9689	0.0109
7450.990	1.9472	0.0114
7453.920	1.9303	0.0109
7456.850	1.9244	0.0102
7459.780	1.9246	0.0106
7462.710	1.9202	0.0110
7465.640	1.9117	0.0105
7468.570	1.9166	0.0106
7471.500	1.9254	0.0108
7474.430	1.9227	0.0114
7477.360	1.9148	0.0109
7480.290	1.9093	0.0103
7483.220	1.9037	0.0099
7486.150	1.9032	0.0100
7489.080	1.9017	0.0099
7492.010	1.8927	0.0100
7494.940	1.8798	0.0104
7497.870	1.8832	0.0106
7500.800	1.8819	0.0106
7503.730	1.8837	0.0108
7506.660	1.8824	0.0104
7509.590	1.8801	0.0098
7512.520	1.8844	0.0098
7515.450	1.8834	0.0089
7518.380	1.8795	0.0097
7521.310	1.8785	0.0099
7524.240	1.8655	0.0100
7527.170	1.8660	0.0099
7530.100	1.8644	0.0103
7533.030	1.8633	0.0095
7535.960	1.8658	0.0090
7538.890	1.8699	0.0093
7541.820	1.8627	0.0098
7544.750	1.8588	0.0099
7547.680	1.8476	0.0090
7550.610	1.8482	0.0096
7553.540	1.8480	0.0090
7556.470	1.8440	0.0084
7559.400	1.8423	0.0096
7562.330	1.8479	0.0101
7565.260	1.8405	0.0107
7568.190	1.8456	0.0110
7571.120	1.8489	0.0099
7574.050	1.8405	0.0092
7576.980	1.8313	0.0087
7579.910	1.8283	0.0095
7582.840	1.8236	0.0097
7585.770	1.8282	0.0108
7588.700	1.8284	0.0116
7591.630	1.8345	0.0126
7594.560	1.8433	0.0144
7597.490	1.8335	0.0156
7600.420	1.8187	0.0142
7603.350	1.8108	0.0139
7606.280	1.8013	0.0112
7609.210	1.7979	0.0109
7612.140	1.7966	0.0095
7615.070	1.7857	0.0094
7618.000	1.7779	0.0091
7620.930	1.7892	0.0101
7623.860	1.7957	0.0123
7626.790	1.7912	0.0114
7629.720	1.7818	0.0114
7632.650	1.7694	0.0099
7635.580	1.7731	0.0086
7638.510	1.7759	0.0096
7641.440	1.7774	0.0109
7644.370	1.7877	0.0100
7647.300	1.7791	0.0091
7650.230	1.7686	0.0095
7653.160	1.7666	0.0097
7656.090	1.7700	0.0102
7659.020	1.7714	0.0108
7661.950	1.7693	0.0111
7664.880	1.7711	0.0102
7667.810	1.7622	0.0081
7670.740	1.7631	0.0086
7673.670	1.7540	0.0092
7676.600	1.7541	0.0093
7679.530	1.7503	0.0096
7682.460	1.7475	0.0097
7685.390	1.7493	0.0103
7688.320	1.7494	0.0098
7691.250	1.7359	0.0100
7694.180	1.7414	0.0091
7697.110	1.7480	0.0090
7700.040	1.7527	0.0096
7702.970	1.7437	0.0089
7705.900	1.7325	0.0088
7708.830	1.7216	0.0090
7711.760	1.7239	0.0097
7714.690	1.7302	0.0093
7717.620	1.7325	0.0086
7720.550	1.7381	0.0096
7723.480	1.7268	0.0100
7726.410	1.7249	0.0094
7729.340	1.7201	0.0095
7732.270	1.7146	0.0101
7735.200	1.7055	0.0088
7738.130	1.7020	0.0094
7741.060	1.7128	0.0086
7743.990	1.7033	0.0091
7746.920	1.7007	0.0086
7749.850	1.7017	0.0080
7752.780	1.7017	0.0082
7755.710	1.6987	0.0100
7758.640	1.7021	0.0083
7761.570	1.6927	0.0087
7764.500	1.6813	0.0085
7767.430	1.6862	0.0082
7770.360	1.6853	0.0094
7773.290	1.6877	0.0098
7776.220	1.6881	0.0093
7779.150	1.6869	0.0097
7782.080	1.6860	0.0083
7785.010	1.6742	0.0089
7787.940	1.6716	0.0085
7790.870	1.6691	0.0083
7793.800	1.6797	0.0082
7796.730	1.6752	0.0083
7799.660	1.6658	0.0083
7802.590	1.6665	0.0093
7805.520	1.6603	0.0099
7808.450	1.6558	0.0095
7811.380	1.6638	0.0087
7814.310	1.6638	0.0088
7817.240	1.6625	0.0087
7820.170	1.6596	0.0087
7823.100	1.6473	0.0084
7826.030	1.6469	0.0085
7828.960	1.6458	0.0090
7831.890	1.6452	0.0098
7834.820	1.6372	0.0091
7837.750	1.6330	0.0089
7840.680	1.6299	0.0084
7843.610	1.6292	0.0087
7846.540	1.6131	0.0096
7849.470	1.6202	0.0097
7852.400	1.6334	0.0096
7855.330	1.6477	0.0097
7858.260	1.6437	0.0089
7861.190	1.6375	0.0087
7864.120	1.6414	0.0091
7867.050	1.6289	0.0094
7869.980	1.6146	0.0096
7872.910	1.6070	0.0092
7875.840	1.6156	0.0094
7878.770	1.6123	0.0089
7881.700	1.6070	0.0089
7884.630	1.5976	0.0094
7887.560	1.5918	0.0091
7890.490	1.6085	0.0085
7893.420	1.6101	0.0082
7896.350	1.6125	0.0085
7899.280	1.6216	0.0096
7902.210	1.6030	0.0097
7905.140	1.5909	0.0096
7908.070	1.5844	0.0095
7911.000	1.5896	0.0098
7913.930	1.5838	0.0099
7916.860	1.5817	0.0098
7919.790	1.5772	0.0088
7922.720	1.5793	0.0098
7925.650	1.5681	0.0091
7928.580	1.5771	0.0083
7931.510	1.5796	0.0088
7934.440	1.5813	0.0083
7937.370	1.5771	0.0088
7940.300	1.5803	0.0088
7943.230	1.5735	0.0080
7946.160	1.5741	0.0077
7949.090	1.5765	0.0083
7952.020	1.5631	0.0082
7954.950	1.5486	0.0081
7957.880	1.5510	0.0093
7960.810	1.5511	0.0095
7963.740	1.5431	0.0097
7966.670	1.5410	0.0090
7969.600	1.5589	0.0087
7972.530	1.5485	0.0094
7975.460	1.5450	0.0093
7978.390	1.5450	0.0093
7981.320	1.5351	0.0088
7984.250	1.5282	0.0093
7987.180	1.5308	0.0097
7990.110	1.5372	0.0096
7993.040	1.5396	0.0085
7995.970	1.5396	0.0086
7998.900	1.5264	0.0086
8001.830	1.5136	0.0080
8004.760	1.5183	0.0069
8007.690	1.5375	0.0063
8010.620	1.5417	0.0063
8013.550	1.5363	0.0072
8016.480	1.5249	0.0083
8019.410	1.5291	0.0089
8022.340	1.5263	0.0088
8025.270	1.5368	0.0085
8028.200	1.5401	0.0097
8031.130	1.5235	0.0087
8034.060	1.5185	0.0082
8036.990	1.5106	0.0079
8039.920	1.4966	0.0081
8042.850	1.4951	0.0080
8045.780	1.4943	0.0083
8048.710	1.4959	0.0084
8051.640	1.4875	0.0083
8054.570	1.4805	0.0094
8057.500	1.4799	0.0083
8060.430	1.4894	0.0081
8063.360	1.4994	0.0080
8066.290	1.4958	0.0072
8069.220	1.4907	0.0086
8072.150	1.4900	0.0082
8075.080	1.5095	0.0084
8078.010	1.4894	0.0090
8080.940	1.4792	0.0092
8083.870	1.4703	0.0087
8086.800	1.4717	0.0082
8089.730	1.4662	0.0081
8092.660	1.4699	0.0082
8095.590	1.4665	0.0083
8098.520	1.4541	0.0082
8101.450	1.4563	0.0090
8104.380	1.4615	0.0087
8107.310	1.4717	0.0092
8110.240	1.4601	0.0085
8113.170	1.4566	0.0090
8116.100	1.4523	0.0104
8119.030	1.4503	0.0105
8121.960	1.4455	0.0087
8124.890	1.4560	0.0077
8127.820	1.4651	0.0071
8130.750	1.4703	0.0075
8133.680	1.4467	0.0073
8136.610	1.4409	0.0077
8139.540	1.4342	0.0079
8142.470	1.4415	0.0083
8145.400	1.4497	0.0073
8148.330	1.4558	0.0076
8151.260	1.4400	0.0076
8154.190	1.4426	0.0082
8157.120	1.4432	0.0088
8160.050	1.4445	0.0085
8162.980	1.4397	0.0089
8165.910	1.4279	0.0093
8168.840	1.4163	0.0103
8171.770	1.4210	0.0097
8174.700	1.4248	0.0093
8177.630	1.4352	0.0093
8180.560	1.4430	0.0100
8183.490	1.4328	0.0097
8186.420	1.4234	0.0092
8189.350	1.4190	0.0086
8192.280	1.4203	0.0086
8195.210	1.4208	0.0089
8198.140	1.4094	0.0075
8201.070	1.4009	0.0074
8204.000	1.3991	0.0079
8206.930	1.3992	0.0090
8209.860	1.3987	0.0079
8212.790	1.4187	0.0072
8215.720	1.4213	0.0063
8218.650	1.4119	0.0074
8221.580	1.4008	0.0086
8224.510	1.3941	0.0094
8227.440	1.4040	0.0107
8230.370	1.4024	0.0112
8233.300	1.3908	0.0105
8236.230	1.3924	0.0093
8239.160	1.3936	0.0083
8242.090	1.3909	0.0062
8245.020	1.3890	0.0065
8247.950	1.3962	0.0068
8250.880	1.3906	0.0074
8253.810	1.3781	0.0076
8256.740	1.3698	0.0093
8259.670	1.3627	0.0083
8262.600	1.3690	0.0077
8265.530	1.3563	0.0075
8268.460	1.3566	0.0076
8271.390	1.3678	0.0068
8274.320	1.3712	0.0065
8277.250	1.3675	0.0060
8280.180	1.3670	0.0071
8283.110	1.3626	0.0068
8286.040	1.3627	0.0069
8288.970	1.3681	0.0079
8291.900	1.3627	0.0080
8294.830	1.3583	0.0087
8297.760	1.3448	0.0082
8300.690	1.3445	0.0071
8303.620	1.3473	0.0060
8306.550	1.3504	0.0072
8309.480	1.3523	0.0081
8312.410	1.3498	0.0087
8315.340	1.3411	0.0090
8318.270	1.3371	0.0086
8321.200	1.3333	0.0082
8324.130	1.3404	0.0077
8327.060	1.3398	0.0092
8329.990	1.3349	0.0089
8332.920	1.3366	0.0088
8335.850	1.3314	0.0087
8338.780	1.3302	0.0089
8341.710	1.3360	0.0091
8344.640	1.3363	0.0094
8347.570	1.3197	0.0073
8350.500	1.3159	0.0077
8353.430	1.3184	0.0084
8356.360	1.3094	0.0075
8359.290	1.3127	0.0076
8362.220	1.3131	0.0087
8365.150	1.3167	0.0083
8368.080	1.3237	0.0076
8371.010	1.3260	0.0066
8373.940	1.3221	0.0063
8376.870	1.3197	0.0082
8379.800	1.3227	0.0099
8382.730	1.3227	0.0102
8385.660	1.3063	0.0080
8388.590	1.2985	0.0075
8391.520	1.2932	0.0071
8394.450	1.2989	0.0083
8397.380	1.3080	0.0094
8400.310	1.3033	0.0084
8403.240	1.2910	0.0058
8406.170	1.2951	0.0056
8409.100	1.3027	0.0068
8412.030	1.2913	0.0081
8414.960	1.2932	0.0097
8417.890	1.2722	0.0075
8420.820	1.2751	0.0060
8423.750	1.2819	0.0067
8426.680	1.2856	0.0090
8429.610	1.2967	0.0104
8432.540	1.2904	0.0085
8435.470	1.2804	0.0084
8438.400	1.2711	0.0079
8441.330	1.2762	0.0076
8444.260	1.2800	0.0071
8447.190	1.2642	0.0072
8450.120	1.2752	0.0094
8453.050	1.2777	0.0076
8455.980	1.2828	0.0070
8458.910	1.2748	0.0087
8461.840	1.2790	0.0089
8464.770	1.2767	0.0084
8467.700	1.2697	0.0085
8470.630	1.2667	0.0077
8473.560	1.2673	0.0078
8476.490	1.2613	0.0081
8479.420	1.2604	0.0078
8482.350	1.2639	0.0078
8485.280	1.2578	0.0094
8488.210	1.2504	0.0086
8491.140	1.2535	0.0088
8494.070	1.2618	0.0100
8497.000	1.2560	0.0117
8499.930	1.2478	0.0102
8502.860	1.2462	0.0088
8505.790	1.2390	0.0092
8508.720	1.2343	0.0087
8511.650	1.2416	0.0077
8514.580	1.2368	0.0086
8517.510	1.2341	0.0079
8520.440	1.2269	0.0075
8523.370	1.2270	0.0078
8526.300	1.2319	0.0084
8529.230	1.2372	0.0094
8532.160	1.2251	0.0084
8535.090	1.2206	0.0083
8538.020	1.2573	0.0136
8540.950	1.2698	0.0154
8543.880	1.2563	0.0125
8546.810	1.2416	0.0090
8549.740	1.2290	0.0094
8552.670	1.2239	0.0088
8555.600	1.2304	0.0078
8558.530	1.2291	0.0083
8561.460	1.2220	0.0074
8564.390	1.2223	0.0074
8567.320	1.2273	0.0072
8570.250	1.2302	0.0071
8573.180	1.2186	0.0075
8576.110	1.2126	0.0078
8579.040	1.2100	0.0082
8581.970	1.2014	0.0086
8584.900	1.1958	0.0093
8587.830	1.1947	0.0087
8590.760	1.1863	0.0067
8593.690	1.1903	0.0064
8596.620	1.1845	0.0068
8599.550	1.1831	0.0085
8602.480	1.1961	0.0077
8605.410	1.1978	0.0063
8608.340	1.1944	0.0052
8611.270	1.1989	0.0052
8614.200	1.2043	0.0066
8617.130	1.2044	0.0060
8620.060	1.1929	0.0077
8622.990	1.1848	0.0095
8625.920	1.1815	0.0090
8628.850	1.1854	0.0080
8631.780	1.1841	0.0073
8634.710	1.1782	0.0085
8637.640	1.1789	0.0089
8640.570	1.1783	0.0087
8643.500	1.1830	0.0079
8646.430	1.1766	0.0080
8649.360	1.1780	0.0083
8652.290	1.1750	0.0083
8655.220	1.1633	0.0056
8658.150	1.1730	0.0119
8661.080	1.1919	0.0137
8664.010	1.1893	0.0113
8666.940	1.1574	0.0084
8669.870	1.1653	0.0085
8672.800	1.1815	0.0080
8675.730	1.1719	0.0079
8678.660	1.1641	0.0079
8681.590	1.1685	0.0074
8684.520	1.1692	0.0072
8687.450	1.1662	0.0073
8690.380	1.1672	0.0071
8693.310	1.1686	0.0069
8696.240	1.1747	0.0066
8699.170	1.1698	0.0071
8702.100	1.1611	0.0072
8705.030	1.1497	0.0072
8707.960	1.1446	0.0070
8710.890	1.1495	0.0070
8713.820	1.1524	0.0071
8716.750	1.1546	0.0067
8719.680	1.1399	0.0066
8722.610	1.1351	0.0071
8725.540	1.1383	0.0064
8728.470	1.1393	0.0052
8731.400	1.1427	0.0055
8734.330	1.1318	0.0058
8737.260	1.1281	0.0063
8740.190	1.1430	0.0062
8743.120	1.1391	0.0062
8746.050	1.1291	0.0063
8748.980	1.1339	0.0066
8751.910	1.1372	0.0070
8754.840	1.1330	0.0062
8757.770	1.1387	0.0063
8760.700	1.1445	0.0070
8763.630	1.1433	0.0070
8766.560	1.1375	0.0076
8769.490	1.1267	0.0081
8772.420	1.1106	0.0079
8775.350	1.1142	0.0084
8778.280	1.1238	0.0080
8781.210	1.1193	0.0079
8784.140	1.1104	0.0081
8787.070	1.1043	0.0078
8790.000	1.1036	0.0067
8792.930	1.1096	0.0062
8795.860	1.1075	0.0058
8798.790	1.1066	0.0060
8801.720	1.1118	0.0069
8804.650	1.1155	0.0086
8807.580	1.1148	0.0079
8810.510	1.1098	0.0082
8813.440	1.0989	0.0085
8816.370	1.0929	0.0079
8819.300	1.0798	0.0081
8822.230	1.0852	0.0077
8825.160	1.1003	0.0081
8828.090	1.1117	0.0071
8831.020	1.1044	0.0069
8833.950	1.1051	0.0073
8836.880	1.1003	0.0065
8839.810	1.0963	0.0054
8842.740	1.0950	0.0059
8845.670	1.0958	0.0072
8848.600	1.0959	0.0083
8851.530	1.0899	0.0080
8854.460	1.0914	0.0076
8857.390	1.0929	0.0073
8860.320	1.0846	0.0059
8863.250	1.0805	0.0069
8866.180	1.0908	0.0074
8869.110	1.0899	0.0070
8872.040	1.0831	0.0062
8874.970	1.0833	0.0063
8877.900	1.0839	0.0038
8880.830	1.0887	0.0061
8883.760	1.0962	0.0073
8886.690	1.0863	0.0065
8889.620	1.0773	0.0041
8892.550	1.0709	0.0065
8895.480	1.0689	0.0084
8898.410	1.0672	0.0086
8901.340	1.0742	0.0076
8904.270	1.0670	0.0070
8907.200	1.0623	0.0071
8910.130	1.0668	0.0057
8913.060	1.0671	0.0072
8915.990	1.0706	0.0066
8918.920	1.0673	0.0063
8921.850	1.0619	0.0071
8924.780	1.0610	0.0080
8927.710	1.0646	0.0078
8930.640	1.0730	0.0068
8933.570	1.0620	0.0061
8936.500	1.0466	0.0068
8939.430	1.0399	0.0074
8942.360	1.0346	0.0074
8945.290	1.0345	0.0068
8948.220	1.0398	0.0066
8951.150	1.0475	0.0064
8954.080	1.0465	0.0070
8957.010	1.0485	0.0075
8959.940	1.0362	0.0047
8962.870	1.0437	0.0058
8965.800	1.0505	0.0070
8968.730	1.0450	0.0071
8971.660	1.0390	0.0078
8974.590	1.0276	0.0074
8977.520	1.0310	0.0072
8980.450	1.0292	0.0065
8983.380	1.0344	0.0060
8986.310	1.0452	0.0070
8989.240	1.0545	0.0074
8992.170	1.0442	0.0071
8995.100	1.0269	0.0075
8998.030	1.0290	0.0079
9000.960	1.0364	0.0075
9003.890	1.0363	0.0063
9006.820	1.0276	0.0066
9009.750	1.0233	0.0075
9012.680	1.0225	0.0090
9015.610	1.0250	0.0090
9018.540	1.0174	0.0073
9021.470	1.0167	0.0072
9024.400	1.0159	0.0075
9027.330	1.0183	0.0077
9030.260	1.0233	0.0063
9033.190	1.0159	0.0034
9036.120	1.0233	0.0042
9039.050	1.0278	0.0042
9041.980	1.0139	0.0070
9044.910	1.0016	0.0069
9047.840	1.0009	0.0075
9050.770	0.9998	0.0077
9053.700	0.9953	0.0068
9056.630	1.0075	0.0048
9059.560	1.0159	0.0058
9062.490	1.0166	0.0065
9065.420	1.0082	0.0072
9068.350	1.0057	0.0080
9071.280	1.0209	0.0078
9074.210	1.0250	0.0067
9077.140	1.0176	0.0067
9080.070	1.0084	0.0074
9083.000	1.0032	0.0067
9085.930	1.0032	0.0068
9088.860	0.9992	0.0072
9091.790	0.9966	0.0072
9094.720	0.9878	0.0063
9097.650	0.9775	0.0061
9100.580	0.9853	0.0074
9103.510	0.9844	0.0070
9106.440	0.9874	0.0067
9109.370	0.9848	0.0070
9112.300	0.9869	0.0074
9115.230	0.9934	0.0082
9118.160	0.9904	0.0080
9121.090	0.9835	0.0069
9124.020	0.9821	0.0060
9126.950	0.9804	0.0061
9129.880	0.9702	0.0078
9132.810	0.9735	0.0081
9135.740	0.9770	0.0067
9138.670	0.9841	0.0073
9141.600	0.9863	0.0069
9144.530	0.9790	0.0066
9147.460	0.9816	0.0061
9150.390	0.9976	0.0065
9153.320	0.9895	0.0071
9156.250	0.9810	0.0071
9159.180	0.9866	0.0073
9162.110	0.9837	0.0074
9165.040	0.9712	0.0078
9167.970	0.9610	0.0071
9170.900	0.9576	0.0065
9173.830	0.9566	0.0072
9176.760	0.9545	0.0073
9179.690	0.9660	0.0076
9182.620	0.9733	0.0075
9185.550	0.9770	0.0062
9188.480	0.9744	0.0068
9191.410	0.9742	0.0066
9194.340	0.9757	0.0063
9197.270	0.9570	0.0074
9200.200	0.9462	0.0067
9203.130	0.9516	0.0072
9206.060	0.9526	0.0072
9208.990	0.9510	0.0078
9211.920	0.9483	0.0067
9214.850	0.9486	0.0071
9217.780	0.9522	0.0075
9220.710	0.9517	0.0068
9223.640	0.9667	0.0064
9226.570	0.9671	0.0068
9229.500	0.9601	0.0071
9232.430	0.9590	0.0078
9235.360	0.9497	0.0062
9238.290	0.9243	0.0062
9241.220	0.9322	0.0061
9244.150	0.9423	0.0068
9247.080	0.9424	0.0078
9250.010	0.9461	0.0080
9252.940	0.9376	0.0073
9255.870	0.9397	0.0062
9258.800	0.9387	0.0070
9261.730	0.9328	0.0072
9264.660	0.9232	0.0072
9267.590	0.9096	0.0070
9270.520	0.9127	0.0078
9273.450	0.9260	0.0075
9276.380	0.9223	0.0084
9279.310	0.9267	0.0090
9282.240	0.9257	0.0078
9285.170	0.9235	0.0064
9288.100	0.9316	0.0063
9291.030	0.9188	0.0051
9293.960	0.9165	0.0041
9296.890	0.9252	0.0057
9299.820	0.9331	0.0073
9302.750	0.9339	0.0080
9305.680	0.9328	0.0069
9308.610	0.9368	0.0072
9311.540	0.9346	0.0079
9314.470	0.9281	0.0106
9317.400	0.9002	0.0089
9320.330	0.9059	0.0086
9323.260	0.9096	0.0101
9326.190	0.9136	0.0087
9329.120	0.9153	0.0072
9332.050	0.9175	0.0085
9334.980	0.9147	0.0099
9337.910	0.9095	0.0105
9340.840	0.9131	0.0104
9343.770	0.9067	0.0105
9346.700	0.8843	0.0088
9349.630	0.8855	0.0079
9352.560	0.8988	0.0097
9355.490	0.8995	0.0095
9358.420	0.8995	0.0073
9361.350	0.9097	0.0080
9364.280	0.9143	0.0082
9367.210	0.9116	0.0085
9370.140	0.8973	0.0076
9373.070	0.9050	0.0080
9376.000	0.9109	0.0086
9378.930	0.8931	0.0098
9381.860	0.8957	0.0084
9384.790	0.8953	0.0054
9387.720	0.9006	0.0056
9390.650	0.9026	0.0070
9393.580	0.8947	0.0083
9396.510	0.8808	0.0079
9399.440	0.8717	0.0082
9402.370	0.8769	0.0078
9405.300	0.8870	0.0086
9408.230	0.8859	0.0090
9411.160	0.8893	0.0103
9414.090	0.8794	0.0101
9417.020	0.8881	0.0082
9419.950	0.8957	0.0081
9422.880	0.8904	0.0081
9425.810	0.8904	0.0081
9428.740	0.8961	0.0085
9431.670	0.8808	0.0071
9434.600	0.8796	0.0068
9437.530	0.8959	0.0100
9440.460	0.9030	0.0120
9443.390	0.8860	0.0092
9446.320	0.8701	0.0072
9449.250	0.8673	0.0070
9452.180	0.8706	0.0076
9455.110	0.8707	0.0081
9458.040	0.8585	0.0067
9460.970	0.8505	0.0054
9463.900	0.8501	0.0050
9466.830	0.8615	0.0050
9469.760	0.8688	0.0065
9472.690	0.8676	0.0073
9475.620	0.8625	0.0080
9478.550	0.8712	0.0085
9481.480	0.8701	0.0081
9484.410	0.8597	0.0065
9487.340	0.8535	0.0078
9490.270	0.8595	0.0079
9493.200	0.8601	0.0075
9496.130	0.8606	0.0079
9499.060	0.8602	0.0088
9501.990	0.8514	0.0079
9504.920	0.8490	0.0070
9507.850	0.8518	0.0068
9510.780	0.8527	0.0080
9513.710	0.8449	0.0093
9516.640	0.8473	0.0096
9519.570	0.8544	0.0091
9522.500	0.8526	0.0061
9525.430	0.8492	0.0052
9528.360	0.8464	0.0055
9531.290	0.8468	0.0064
9534.220	0.8459	0.0076
9537.150	0.8429	0.0080
9540.080	0.8490	0.0083
9543.010	0.8454	0.0090
9545.940	0.8410	0.0091
9548.870	0.8395	0.0089
9551.800	0.8404	0.0086
9554.730	0.8377	0.0081
9557.660	0.8432	0.0084
9560.590	0.8420	0.0086
9563.520	0.8418	0.0092
9566.450	0.8406	0.0102
9569.380	0.8407	0.0094
9572.310	0.8401	0.0087
9575.240	0.8367	0.0075
9578.170	0.8304	0.0079
9581.100	0.8236	0.0079
9584.030	0.8221	0.0086
9586.960	0.8311	0.0096
9589.890	0.8317	0.0097
9592.820	0.8290	0.0102
9595.750	0.8244	0.0099
9598.680	0.8245	0.0093
9601.610	0.8234	0.0097
9604.540	0.8364	0.0101
9607.470	0.8367	0.0108
9610.400	0.8323	0.0114
9613.330	0.8293	0.0109
9616.260	0.8200	0.0105
9619.190	0.8259	0.0118
9622.120	0.8172	0.0126
9625.050	0.8129	0.0121
9627.980	0.8090	0.0116
9630.910	0.8113	0.0114
9633.840	0.8191	0.0115
9636.770	0.8270	0.0122
9639.700	0.8126	0.0117
9642.630	0.8102	0.0117
9645.560	0.8120	0.0124
9648.490	0.7970	0.0124
9651.420	0.8007	0.0121
9654.350	0.8059	0.0122
9657.280	0.8016	0.0124
9660.210	0.8024	0.0128
9663.140	0.8146	0.0132
9666.070	0.8012	0.0131
9669.000	0.7985	0.0129
9671.930	0.7954	0.0129
9674.860	0.7975	0.0134
9677.790	0.7969	0.0136
9680.720	0.8056	0.0136
9683.650	0.7946	0.0136
9686.580	0.7914	0.0138
9689.510	0.7955	0.0141
9692.440	0.8071	0.0140
9695.370	0.8143	0.0145
9698.300	0.8095	0.0144
9701.230	0.8153	0.0150
