3298.680	19.0857	0.1721
3301.060	18.8823	0.1856
3303.440	18.7590	0.1747
3305.820	18.6190	0.1645
3308.200	18.6956	0.1617
3310.580	18.8451	0.1727
3312.960	18.7643	0.1657
3315.340	18.6365	0.1684
3317.720	18.4679	0.1686
3320.100	18.4060	0.1794
3322.480	18.4837	0.1620
3324.860	18.5058	0.1583
3327.240	18.5393	0.1520
3329.620	18.5470	0.1509
3332.000	18.4758	0.1599
3334.380	18.5428	0.1574
3336.760	18.6426	0.1548
3339.140	18.6403	0.1538
3341.520	18.4517	0.1454
3343.900	18.6542	0.1481
3346.280	18.4662	0.1380
3348.660	18.2038	0.1488
3351.040	18.3921	0.1404
3353.420	18.8434	0.1516
3355.800	18.7589	0.1680
3358.180	18.4533	0.1563
3360.560	18.2917	0.1576
3362.940	18.4296	0.1449
3365.320	18.5705	0.1466
3367.700	18.3538	0.1420
3370.080	18.0985	0.1435
3372.460	18.1244	0.1414
3374.840	18.7642	0.1462
3377.220	18.6512	0.1581
3379.600	18.3359	0.1256
3381.980	18.3313	0.1256
3384.360	18.4226	0.1289
3386.740	18.7360	0.1474
3389.120	18.6438	0.1327
3391.500	18.4638	0.1297
3393.880	18.6076	0.1428
3396.260	19.0022	0.1307
3398.640	19.1633	0.1491
3401.020	18.8792	0.1498
3403.400	18.6072	0.1298
3405.780	18.3938	0.1257
3408.160	18.5256	0.1187
3410.540	18.5549	0.1231
3412.920	18.3221	0.1306
3415.300	18.5279	0.1248
3417.680	18.8882	0.1361
3420.060	18.8255	0.1420
3422.440	18.5663	0.1285
3424.820	18.7997	0.1183
3427.200	18.9181	0.1183
3429.580	19.0623	0.1330
3431.960	18.8822	0.1377
3434.340	18.8395	0.1378
3436.720	18.7283	0.1408
3439.100	18.2185	0.1270
3441.480	17.9672	0.1302
3443.860	18.0616	0.1266
3446.240	18.5122	0.1174
3448.620	18.8251	0.1366
3451.000	18.7083	0.1320
3453.380	18.6384	0.1291
3455.760	18.9638	0.1233
3458.140	19.0267	0.1135
3460.520	18.8773	0.1195
3462.900	18.8208	0.1153
3465.280	18.8552	0.1407
3467.660	19.0292	0.1331
3470.040	19.0418	0.1376
3472.420	18.8771	0.1202
3474.800	18.5992	0.1172
3477.180	18.7772	0.1307
3479.560	19.1613	0.1479
3481.940	19.2153	0.1347
3484.320	19.1426	0.1248
3486.700	19.0662	0.1262
3489.080	18.8902	0.1168
3491.460	18.7003	0.1212
3493.840	18.8364	0.1139
3496.220	19.1257	0.1155
3498.600	19.1598	0.1123
3500.980	19.1444	0.1299
3503.360	19.0608	0.1349
3505.740	19.1847	0.1271
3508.120	19.1071	0.1163
3510.500	18.9192	0.1126
3512.880	18.8175	0.1143
3515.260	18.8859	0.1106
3517.640	19.1122	0.1027
3520.020	18.8977	0.1050
3522.400	18.6070	0.1104
3524.780	18.3593	0.1348
3527.160	18.4548	0.1064
3529.540	18.9423	0.1056
3531.920	19.2905	0.1116
3534.300	19.4647	0.1076
3536.680	19.4544	0.1098
3539.060	19.4093	0.1106
3541.440	19.4940	0.1157
3543.820	19.6363	0.1189
3546.200	19.6636	0.1290
3548.580	19.7117	0.1191
3550.960	19.8162	0.1229
3553.340	19.6025	0.1225
3555.720	19.3153	0.1238
3558.100	19.4026	0.1280
3560.480	19.5299	0.1196
3562.860	19.4589	0.1084
3565.240	19.1403	0.1092
3567.620	18.7515	0.0980
3570.000	18.4158	0.1216
3572.380	18.5843	0.1046
3574.760	18.9446	0.1093
3577.140	19.0437	0.1131
3579.520	18.9825	0.1152
3581.900	18.7635	0.1130
3584.280	18.5494	0.1123
3586.660	18.4861	0.1080
3589.040	18.9509	0.1079
3591.420	19.3311	0.1132
3593.800	19.2851	0.1336
3596.180	19.3108	0.1387
3598.560	19.5272	0.1304
3600.940	19.5601	0.1097
3603.320	19.3096	0.1030
3605.700	19.1483	0.1080
3608.080	18.9636	0.1015
3610.460	18.9791	0.1176
3612.840	19.0554	0.1351
3615.220	19.1446	0.1256
3617.600	19.1062	0.0990
3619.980	18.9540	0.1179
3622.360	19.2920	0.1095
3624.740	19.5960	0.1417
3627.120	19.6142	0.1360
3629.500	19.4009	0.1169
3631.880	19.3302	0.1243
3634.260	19.5248	0.1205
3636.640	19.7005	0.1193
3639.020	19.7022	0.1118
3641.400	19.6863	0.1089
3643.780	19.5905	0.1096
3646.160	19.4187	0.1038
3648.540	19.3181	0.1087
3650.920	19.4619	0.0983
3653.300	19.7847	0.1147
3655.680	20.0336	0.1169
3658.060	19.9388	0.1121
3660.440	19.9885	0.0997
3662.820	20.0490	0.0991
3665.200	20.0281	0.1008
3667.580	20.0002	0.0996
3669.960	19.9127	0.1119
3672.340	19.8864	0.1237
3674.720	19.8828	0.1126
3677.100	19.7493	0.1056
3679.480	19.6009	0.1008
3681.860	19.4976	0.1006
3684.240	19.4010	0.1042
3686.620	19.4270	0.1061
3689.000	19.6273	0.1085
3691.380	19.9269	0.1086
3693.760	20.0270	0.1111
3696.140	20.1056	0.1105
3698.520	20.1943	0.1095
3700.900	20.0522	0.1382
3703.280	19.6313	0.1171
3705.660	19.3316	0.1062
3708.040	19.3639	0.0961
3710.420	19.4651	0.1026
3712.800	19.8502	0.1152
3715.180	20.4049	0.1287
3717.560	20.2663	0.1077
3719.940	19.3256	0.1192
3722.320	18.9500	0.0988
3724.700	19.8871	0.1100
3727.080	20.8272	0.1279
3729.460	20.7529	0.1209
3731.840	19.3998	0.1210
3734.220	18.0784	0.1111
3736.600	18.5935	0.0961
3738.980	20.0665	0.1368
3741.360	20.9411	0.1357
3743.740	20.5714	0.1005
3746.120	19.2701	0.1033
3748.500	17.9465	0.1031
3750.880	18.2213	0.1106
3753.260	19.8595	0.1667
3755.640	21.0464	0.1339
3758.020	21.4967	0.1018
3760.400	21.5605	0.1031
3762.780	21.4495	0.1113
3765.160	20.9265	0.1063
3767.540	19.6066	0.1016
3769.920	18.4468	0.1007
3772.300	18.9332	0.0986
3774.680	20.8360	0.1015
3777.060	22.2810	0.1032
3779.440	22.9757	0.1029
3781.820	23.1777	0.1086
3784.200	23.0458	0.1074
3786.580	22.7376	0.1230
3788.960	22.5234	0.1056
3791.340	21.9612	0.1108
3793.720	20.5368	0.1055
3796.100	18.5111	0.1043
3798.480	17.8671	0.0980
3800.860	19.5929	0.0976
3803.240	21.5886	0.1055
3805.620	22.5100	0.1215
3808.000	22.8934	0.1066
3810.380	23.0266	0.1156
3812.760	22.9032	0.1193
3815.140	22.8156	0.1432
3817.520	22.8907	0.1417
3819.900	22.6738	0.1420
3822.280	22.3412	0.1175
3824.660	21.8040	0.0989
3827.040	21.3149	0.0976
3829.420	20.5580	0.0969
3831.800	18.9930	0.0901
3834.180	17.2019	0.0930
3836.560	17.1126	0.0891
3838.940	18.8165	0.1011
3841.320	20.8458	0.1001
3843.700	22.2735	0.1395
3846.080	23.0250	0.1414
3848.460	23.2741	0.1212
3850.840	23.3678	0.1142
3853.220	23.5578	0.1045
3855.600	23.4632	0.1002
3857.980	23.1587	0.1122
3860.360	23.2811	0.1061
3862.740	23.4624	0.1561
3865.120	23.6825	0.1622
3867.500	23.8667	0.1188
3869.880	23.7328	0.1237
3872.260	23.3968	0.1005
3874.640	23.1719	0.1062
3877.020	22.8110	0.1034
3879.400	22.5452	0.1058
3881.780	22.3673	0.1116
3884.160	21.1587	0.1089
3886.540	18.8986	0.1045
3888.920	17.5328	0.1004
3891.300	18.7210	0.0834
3893.680	20.7020	0.0969
3896.060	21.8796	0.1104
3898.440	22.3576	0.0993
3900.820	22.6263	0.0952
3903.200	22.7635	0.0931
3905.580	22.9202	0.0979
3907.960	23.4463	0.1029
3910.340	23.8199	0.1251
3912.720	23.8570	0.1348
3915.100	23.7307	0.1279
3917.480	23.6786	0.1196
3919.860	23.4263	0.1205
3922.240	23.2497	0.1188
3924.620	23.2473	0.1209
3927.000	22.5882	0.1386
3929.380	20.5081	0.1191
3931.760	16.8861	0.1585
3934.140	15.3652	0.1498
3936.520	18.3035	0.1283
3938.900	21.8835	0.1287
3941.280	23.3338	0.1219
3943.660	23.5513	0.1395
3946.040	23.7429	0.1102
3948.420	23.7015	0.1246
3950.800	23.6710	0.1295
3953.180	23.6932	0.1380
3955.560	23.4630	0.1276
3957.940	23.1451	0.1338
3960.320	22.7714	0.1374
3962.700	21.7906	0.1226
3965.080	19.2649	0.1415
3967.460	15.4171	0.1460
3969.840	14.2273	0.1417
3972.220	17.2420	0.1028
3974.600	20.6112	0.1210
3976.980	22.3683	0.1328
3979.360	22.9991	0.1536
3981.740	23.4719	0.1608
3984.120	23.8717	0.1225
3986.500	24.0523	0.1168
3988.880	24.1614	0.1241
3991.260	24.2583	0.1246
3993.640	24.3384	0.1173
3996.020	24.2932	0.1179
3998.400	24.2530	0.1156
4000.780	24.3393	0.1213
4003.160	24.2516	0.1242
4005.540	24.1742	0.1163
4007.920	24.2935	0.1059
4010.300	24.4225	0.1122
4012.680	24.5220	0.1117
4015.060	24.4672	0.1073
4017.440	24.4931	0.1023
4019.820	24.5757	0.1118
4022.200	24.6457	0.1289
4024.580	24.6295	0.1448
4026.960	24.3864	0.1180
4029.340	24.1981	0.1038
4031.720	24.0682	0.0922
4034.100	24.2267	0.0956
4036.480	24.3884	0.1002
4038.860	24.4603	0.1084
4041.240	24.4648	0.1058
4043.620	24.2531	0.1132
4046.000	23.9969	0.0986
4048.380	24.1952	0.1018
4050.760	24.4475	0.1099
4053.140	24.5210	0.1077
4055.520	24.4829	0.1011
4057.900	24.4040	0.1021
4060.280	24.1627	0.1000
4062.660	23.9927	0.0966
4065.040	23.9070	0.0996
4067.420	24.0290	0.1029
4069.800	24.0369	0.1057
4072.180	23.9800	0.1048
4074.560	23.9767	0.1070
4076.940	24.0902	0.1097
4079.320	24.0748	0.1056
4081.700	24.2481	0.1041
4084.080	24.2291	0.1036
4086.460	24.1933	0.1144
4088.840	23.9198	0.1177
4091.220	23.7515	0.1122
4093.600	23.3067	0.1163
4095.980	22.4844	0.1289
4098.360	20.7260	0.1396
4100.740	18.5403	0.1323
4103.120	18.5422	0.1020
4105.500	20.5816	0.0964
4107.880	22.3073	0.0964
4110.260	23.2653	0.0995
4112.640	23.7582	0.0973
4115.020	23.9009	0.1014
4117.400	24.0800	0.0998
4119.780	24.1442	0.1024
4122.160	24.2707	0.1006
4124.540	24.3503	0.1098
4126.920	24.4083	0.1065
4129.300	24.3037	0.1001
4131.680	24.1503	0.1054
4134.060	24.2171	0.1109
4136.440	24.3317	0.1137
4138.820	24.4406	0.1095
4141.200	24.3013	0.1171
4143.580	24.2077	0.1111
4145.960	24.1643	0.0975
4148.340	24.2942	0.1046
4150.720	24.4138	0.1061
4153.100	24.4260	0.1050
4155.480	24.4625	0.1107
4157.860	24.4492	0.1067
4160.240	24.4603	0.1064
4162.620	24.4911	0.1128
4165.000	24.4673	0.1044
4167.380	24.4761	0.1068
4169.760	24.4894	0.0914
4172.140	24.3699	0.1025
4174.520	24.2827	0.1079
4176.900	24.2753	0.0949
4179.280	24.2310	0.0982
4181.660	24.1726	0.0933
4184.040	24.1757	0.0942
4186.420	24.0739	0.0986
4188.800	24.0594	0.1086
4191.180	24.1602	0.1214
4193.560	24.2515	0.1071
4195.940	24.1082	0.1106
4198.320	24.0055	0.1203
4200.700	23.8550	0.1099
4203.080	23.8876	0.0990
4205.460	24.0254	0.1009
4207.840	24.1494	0.0957
4210.220	24.1683	0.1002
4212.600	24.1098	0.1020
4214.980	24.0520	0.1029
4217.360	23.9873	0.0936
4219.740	23.9034	0.0973
4222.120	23.9480	0.0911
4224.500	23.7385	0.1226
4226.880	23.3373	0.0912
4229.260	23.5383	0.0921
4231.640	23.8061	0.1198
4234.020	23.8206	0.0989
4236.400	23.9164	0.0948
4238.780	24.0612	0.0924
4241.160	24.1571	0.0969
4243.540	24.1421	0.0986
4245.920	23.9092	0.0944
4248.300	23.7325	0.0985
4250.680	23.6249	0.0981
4253.060	23.6717	0.0971
4255.440	23.7917	0.0980
4257.820	23.9858	0.0971
4260.200	23.8729	0.0957
4262.580	23.9195	0.0991
4264.960	23.9774	0.1038
4267.340	23.8938	0.1012
4269.720	23.6351	0.0996
4272.100	23.4395	0.1079
4274.480	23.4701	0.0961
4276.860	23.7327	0.0962
4279.240	23.7496	0.0981
4281.620	23.6867	0.0952
4284.000	23.6069	0.1004
4286.380	23.6004	0.1001
4288.760	23.4161	0.1058
4291.140	23.2494	0.0972
4293.520	23.1957	0.1025
4295.900	23.1738	0.1043
4298.280	22.9747	0.1053
4300.660	22.8567	0.1015
4303.040	22.9170	0.0976
4305.420	22.8041	0.0933
4307.800	22.7172	0.1140
4310.180	22.8295	0.1251
4312.560	23.0103	0.1024
4314.940	23.3116	0.1145
4317.320	23.3919	0.1500
4319.700	23.5115	0.1246
4322.080	23.4345	0.1050
4324.460	23.1354	0.1215
4326.840	22.9432	0.1032
4329.220	23.0166	0.1084
4331.600	22.8648	0.1235
4333.980	22.2749	0.1156
4336.360	20.9782	0.1198
4338.740	19.1083	0.1456
4341.120	18.1607	0.1231
4343.500	19.5339	0.0904
4345.880	21.5505	0.0922
4348.260	22.6220	0.0902
4350.640	23.0246	0.0922
4353.020	23.1999	0.0883
4355.400	23.4614	0.0855
4357.780	23.5764	0.0867
4360.160	23.5902	0.0929
4362.540	23.7174	0.0953
4364.920	23.7837	0.0948
4367.300	23.7565	0.1011
4369.680	23.7753	0.1055
4372.060	23.7552	0.0996
4374.440	23.7272	0.0983
4376.820	23.8055	0.1053
4379.200	23.8707	0.1099
4381.580	23.7429	0.1087
4383.960	23.5589	0.1107
4386.340	23.7560	0.1210
4388.720	23.9262	0.1080
4391.100	23.8943	0.0918
4393.480	23.7991	0.0991
4395.860	23.7668	0.0972
4398.240	23.8051	0.0903
4400.620	23.8231	0.0898
4403.000	23.7147	0.1058
4405.380	23.6136	0.0911
4407.760	23.7750	0.0910
4410.140	23.9139	0.0969
4412.520	23.8788	0.0959
4414.900	23.7556	0.0920
4417.280	23.7154	0.1007
4419.660	23.7973	0.0953
4422.040	23.8239	0.0997
4424.420	23.8452	0.0981
4426.800	23.8437	0.0959
4429.180	23.7973	0.0921
4431.560	23.8870	0.0975
4433.940	23.8856	0.0930
4436.320	23.7996	0.0971
4438.700	23.8236	0.0907
4441.080	23.7263	0.1004
4443.460	23.6753	0.0894
4445.840	23.6904	0.0939
4448.220	23.6424	0.0970
4450.600	23.7118	0.0948
4452.980	23.8077	0.0967
4455.360	23.8604	0.0967
4457.740	23.8152	0.0992
4460.120	23.7612	0.0907
4462.500	23.7649	0.0890
4464.880	23.8405	0.1052
4467.260	23.8615	0.1383
4469.640	23.8456	0.1354
4472.020	23.7702	0.1040
4474.400	23.7382	0.0863
4476.780	23.8307	0.0902
4479.160	23.8384	0.0876
4481.540	23.7677	0.0896
4483.920	23.7646	0.0902
4486.300	23.8054	0.0898
4488.680	23.7861	0.0910
4491.060	23.7749	0.0896
4493.440	23.7524	0.1037
4495.820	23.7501	0.0978
4498.200	23.8106	0.1005
4500.580	23.7504	0.1008
4502.960	23.7664	0.1001
4505.340	23.7504	0.1061
4507.720	23.7521	0.1037
4510.100	23.8242	0.0959
4512.480	23.8061	0.0932
4514.860	23.8392	0.0902
4517.240	23.7737	0.0970
4519.620	23.7732	0.0946
4522.000	23.6496	0.1023
4524.380	23.6809	0.0941
4526.760	23.6454	0.0962
4529.140	23.5125	0.1016
4531.520	23.4577	0.1088
4533.900	23.5179	0.1130
4536.280	23.6963	0.1165
4538.660	23.7176	0.1273
4541.040	23.6965	0.1094
4543.420	23.7126	0.1001
4545.800	23.6593	0.1006
4548.180	23.4848	0.0945
4550.560	23.4960	0.0927
4552.940	23.5487	0.0922
4555.320	23.5978	0.0884
4557.700	23.5767	0.0872
4560.080	23.6816	0.0898
4562.460	23.5960	0.0916
4564.840	23.5599	0.0865
4567.220	23.6669	0.0898
4569.600	23.5898	0.0875
4571.980	23.5652	0.0962
4574.360	23.6077	0.0951
4576.740	23.6711	0.0949
4579.120	23.6108	0.0979
4581.500	23.5894	0.0976
4583.880	23.6066	0.0958
4586.260	23.5150	0.0986
4588.640	23.5054	0.1036
4591.020	23.5994	0.0966
4593.400	23.6189	0.0891
4595.780	23.5681	0.0946
4598.160	23.6043	0.0880
4600.540	23.5978	0.0925
4602.920	23.5741	0.0964
4605.300	23.5841	0.1074
4607.680	23.5987	0.1034
4610.060	23.5275	0.0996
4612.440	23.5249	0.0966
4614.820	23.4779	0.0920
4617.200	23.4493	0.0946
4619.580	23.5420	0.0903
4621.960	23.5582	0.0939
4624.340	23.4921	0.0946
4626.720	23.5617	0.0949
4629.100	23.5239	0.0993
4631.480	23.4845	0.0981
4633.860	23.5135	0.0928
4636.240	23.4842	0.0863
4638.620	23.5234	0.0964
4641.000	23.5003	0.1064
4643.380	23.3701	0.0962
4645.760	23.3343	0.0905
4648.140	23.4274	0.0868
4650.520	23.4109	0.0999
4652.900	23.3788	0.1023
4655.280	23.4713	0.0948
4657.660	23.3486	0.0967
4660.040	23.3295	0.0935
4662.420	23.4758	0.0927
4664.800	23.4534	0.1011
4667.180	23.4541	0.1008
4669.560	23.4183	0.0986
4671.940	23.3464	0.0948
4674.320	23.3370	0.1070
4676.700	23.3501	0.1082
4679.080	23.4554	0.1173
4681.460	23.5354	0.1449
4683.840	23.5544	0.1474
4686.220	23.4404	0.1485
4688.600	23.2753	0.1276
4690.980	23.2389	0.0855
4693.360	23.2390	0.0855
4695.740	23.2554	0.0825
4698.120	23.3462	0.0818
4700.500	23.2891	0.0850
4702.880	23.1891	0.0964
4705.260	23.1984	0.1019
4707.640	23.2866	0.0892
4710.020	23.4287	0.1004
4712.400	23.3991	0.1079
4714.780	23.3148	0.0949
4717.160	23.2735	0.0911
4719.540	23.2696	0.0914
4721.920	23.2017	0.0943
4724.300	23.1917	0.0956
4726.680	23.1868	0.0991
4729.060	23.2249	0.1022
4731.440	23.2438	0.1068
4733.820	23.1871	0.0962
4736.200	23.1598	0.0974
4738.580	23.1634	0.0885
4740.960	23.1174	0.0919
4743.340	23.1375	0.0965
4745.720	23.1989	0.1032
4748.100	23.2199	0.0962
4750.480	23.2037	0.0973
4752.860	23.1234	0.0979
4755.240	23.0651	0.1000
4757.620	23.0551	0.0907
4760.000	23.0363	0.0944
4762.380	23.0450	0.0996
4764.760	23.0907	0.0957
4767.140	23.0625	0.0975
4769.520	22.9777	0.1060
4771.900	22.9897	0.0963
4774.280	23.0775	0.0920
4776.660	23.0456	0.0928
4779.040	22.9421	0.0875
4781.420	22.9463	0.0887
4783.800	22.9846	0.0925
4786.180	23.0511	0.0871
4788.560	23.0338	0.0889
4790.940	22.9402	0.0910
4793.320	22.9298	0.0891
4795.700	22.9465	0.0930
4798.080	22.9332	0.0948
4800.460	22.9080	0.0919
4802.840	22.9252	0.0946
4805.220	22.9226	0.0960
4807.600	22.8640	0.0976
4809.980	22.8790	0.0990
4812.360	22.9096	0.0909
4814.740	22.8166	0.0876
4817.120	22.7638	0.0939
4819.500	22.7744	0.1003
4821.880	22.8199	0.1037
4824.260	22.8305	0.0923
4826.640	22.9031	0.0940
4829.020	22.8354	0.1016
4831.400	22.7804	0.1035
4833.780	22.7497	0.0995
4836.160	22.6415	0.1003
4838.540	22.6918	0.0955
4840.920	22.6591	0.0957
4843.300	22.5204	0.1045
4845.680	22.3307	0.1145
4848.060	22.2419	0.1058
4850.440	22.1217	0.1053
4852.820	21.7585	0.1107
4855.200	21.0066	0.1156
4857.580	19.5692	0.1259
4859.960	17.7633	0.1225
4862.340	17.3188	0.1085
4864.720	18.8107	0.0775
4867.100	20.4566	0.0753
4869.480	21.3245	0.0783
4871.860	21.6542	0.0817
4874.240	21.9245	0.0845
4876.620	22.0816	0.0900
4879.000	22.2758	0.0923
4881.380	22.3726	0.0930
4883.760	22.3472	0.1012
4886.140	22.4179	0.0923
4888.520	22.3931	0.1008
4890.900	22.2677	0.0944
4893.280	22.2675	0.0923
4895.660	22.4142	0.0981
4898.040	22.4602	0.1025
4900.420	22.4944	0.0939
4902.800	22.5439	0.0936
4905.180	22.5651	0.0972
4907.560	22.5762	0.0971
4909.940	22.5166	0.0940
4912.320	22.4877	0.0921
4914.700	22.4763	0.0969
4917.080	22.3978	0.1169
4919.460	22.3291	0.1335
4921.840	22.3166	0.1195
4924.220	22.2689	0.0908
4926.600	22.3929	0.0941
4928.980	22.4024	0.0914
4931.360	22.4491	0.0862
4933.740	22.5098	0.0931
4936.120	22.5578	0.1096
4938.500	22.5584	0.1005
4940.880	22.4770	0.0994
4943.260	22.4779	0.0970
4945.640	22.5329	0.0905
4948.020	22.5201	0.0935
4950.400	22.4411	0.1017
4952.780	22.4153	0.0988
4955.160	22.3004	0.0985
4957.540	22.0582	0.0970
4959.920	22.1940	0.0944
4962.300	22.3617	0.0948
4964.680	22.3299	0.0972
4967.060	22.3596	0.0934
4969.440	22.3955	0.0960
4971.820	22.4102	0.0944
4974.200	22.4119	0.0990
4976.580	22.4779	0.1004
4978.960	22.3540	0.1080
4981.340	22.2248	0.1036
4983.720	22.2121	0.0992
4986.100	22.1856	0.1008
4988.480	22.2030	0.1035
4990.860	22.2406	0.0969
4993.240	22.2435	0.0970
4995.620	22.2243	0.0978
4998.000	22.1933	0.0999
5000.380	22.2176	0.0969
5002.760	22.2300	0.1037
5005.140	22.0843	0.1039
5007.520	22.0246	0.1010
5009.900	22.0931	0.1061
5012.280	22.0717	0.1041
5014.660	22.0568	0.1032
5017.040	21.9358	0.0952
5019.420	21.9183	0.0983
5021.800	21.9967	0.1012
5024.180	22.0663	0.1030
5026.560	22.0196	0.0992
5028.940	22.0290	0.0954
5031.320	22.0494	0.1044
5033.700	22.1286	0.1050
5036.080	22.0394	0.1070
5038.460	21.9063	0.1062
5040.840	21.8603	0.1029
5043.220	21.9408	0.1015
5045.600	22.0190	0.1051
5047.980	22.0099	0.1016
5050.360	21.9381	0.0943
5052.740	21.9920	0.0971
5055.120	22.0707	0.1014
5057.500	22.1482	0.1045
5059.880	22.0750	0.1019
5062.260	22.0008	0.0946
5064.640	22.0274	0.0945
5067.020	22.0345	0.1059
5069.400	22.0706	0.1006
5071.780	22.1062	0.1015
5074.160	22.1150	0.1047
5076.540	22.0520	0.1025
5078.920	22.0223	0.0997
5081.300	21.9542	0.0964
5083.680	21.9403	0.0961
5086.060	21.9757	0.0975
5088.440	21.9831	0.1024
5090.820	21.9463	0.1013
5093.200	21.9368	0.0999
5095.580	21.9826	0.1029
5097.960	21.9196	0.1073
5098.200	21.8543	0.1043
5100.340	21.9276	0.1057
5101.130	21.8519	0.1126
5102.720	21.9463	0.1024
5104.060	21.8648	0.1079
5105.100	21.9155	0.0983
5106.990	21.8084	0.0999
5107.480	21.8499	0.0935
5109.860	21.8230	0.0930
5109.920	21.8741	0.1016
5112.240	21.8197	0.0903
5112.850	21.8352	0.1008
5114.620	21.8330	0.0994
5115.780	21.8417	0.1083
5117.000	21.7918	0.1019
5118.710	21.8190	0.1106
5119.380	21.7548	0.1002
5121.640	21.7914	0.1047
5121.760	21.7891	0.1063
5124.140	21.7078	0.0987
5124.570	21.6538	0.1152
5126.520	21.6889	0.0989
5127.500	21.9318	0.0998
5128.900	21.7476	0.0926
5130.430	21.8338	0.0993
5131.280	21.7072	0.1051
5133.360	21.7438	0.1038
5133.660	21.6105	0.1069
5136.040	21.5421	0.1064
5136.290	21.6728	0.1051
5138.420	21.4268	0.1068
5139.220	21.6288	0.1056
5140.800	21.4440	0.1123
5142.150	21.6741	0.1063
5143.180	21.5561	0.1095
5145.080	21.7283	0.1069
5145.560	21.4951	0.1142
5147.940	21.4699	0.1143
5148.010	21.5764	0.1064
5150.320	21.4822	0.1129
5150.940	21.6616	0.0953
5153.870	21.7504	0.1017
5156.800	21.7009	0.0966
5159.730	21.5754	0.1000
5162.660	21.5249	0.1020
5165.590	21.1343	0.1424
5168.520	20.8716	0.1158
5171.450	20.8420	0.0944
5174.380	21.0765	0.1015
5177.310	21.2673	0.1119
5180.240	21.2366	0.0996
5183.170	21.0951	0.1218
5186.100	21.1168	0.1024
5189.030	21.1710	0.1014
5191.960	21.3328	0.0956
5194.890	21.3940	0.0924
5197.820	21.5902	0.0906
5200.750	21.5608	0.0939
5203.680	21.4194	0.0879
5206.610	21.3974	0.0982
5209.540	21.4459	0.0906
5212.470	21.4529	0.1006
5215.400	21.4184	0.0890
5218.330	21.4311	0.0899
5221.260	21.4193	0.0870
5224.190	21.2459	0.0851
5227.120	21.2260	0.0925
5230.050	21.2791	0.0861
5232.980	21.2630	0.0846
5235.910	21.3327	0.0891
5238.840	21.5244	0.0972
5241.770	21.4667	0.0902
5244.700	21.4523	0.0841
5247.630	21.4348	0.0849
5250.560	21.3079	0.0886
5253.490	21.3630	0.0893
5256.420	21.4072	0.0819
5259.350	21.3594	0.0819
5262.280	21.1604	0.0936
5265.210	21.0795	0.0885
5268.140	21.0015	0.0816
5271.070	20.9569	0.0876
5274.000	21.0921	0.0893
5276.930	21.2276	0.0882
5279.860	21.1684	0.0754
5282.790	21.1166	0.0769
5285.720	21.2242	0.0829
5288.650	21.2450	0.0809
5291.580	21.2289	0.0807
5294.510	21.2414	0.0821
5297.440	21.2776	0.0825
5300.370	21.2333	0.0814
5303.300	21.2467	0.0839
5306.230	21.3002	0.0789
5309.160	21.2225	0.0793
5312.090	21.1849	0.0764
5315.020	21.0564	0.0801
5317.950	21.1012	0.0849
5320.880	21.0258	0.0851
5323.810	20.9712	0.0862
5326.740	20.7131	0.0920
5329.670	20.8124	0.0870
5332.600	20.9813	0.0844
5335.530	21.0589	0.0800
5338.460	21.0143	0.0838
5341.390	20.9502	0.0815
5344.320	21.0236	0.0808
5347.250	21.0278	0.0808
5350.180	21.0060	0.0776
5353.110	20.9015	0.0865
5356.040	20.9511	0.0818
5358.970	20.9709	0.0762
5361.900	20.9730	0.0841
5364.830	20.9440	0.0849
5367.760	20.8277	0.0754
5370.690	20.6904	0.0797
5373.620	20.8033	0.0843
5376.550	20.9063	0.0883
5379.480	20.8521	0.0755
5382.410	20.7890	0.0793
5385.340	20.8442	0.0751
5388.270	20.8454	0.0761
5391.200	20.7636	0.0790
5394.130	20.6312	0.0757
5397.060	20.5974	0.0749
5399.990	20.5927	0.0772
5402.920	20.5772	0.0831
5405.850	20.5696	0.0860
5408.780	20.5673	0.0846
5411.710	20.6705	0.0823
5414.640	20.7750	0.0817
5417.570	20.7699	0.0754
5420.500	20.7253	0.0738
5423.430	20.7071	0.0729
5426.360	20.6227	0.0794
5429.290	20.5004	0.0721
5432.220	20.5499	0.0708
5435.150	20.5671	0.0756
5438.080	20.5204	0.0755
5441.010	20.5484	0.0782
5443.940	20.5047	0.0817
5446.870	20.4441	0.0721
5449.800	20.4083	0.0735
5452.730	20.3921	0.0688
5455.660	20.4177	0.0652
5458.590	20.4874	0.0678
5461.520	20.4780	0.0661
5464.450	20.4756	0.0658
5467.380	20.4920	0.0698
5470.310	20.5222	0.0707
5473.240	20.5468	0.0722
5476.170	20.4854	0.0722
5479.100	20.4266	0.0743
5482.030	20.4010	0.0711
5484.960	20.4343	0.0705
5487.890	20.4705	0.0650
5490.820	20.3851	0.0713
5493.750	20.4207	0.0709
5496.680	20.4705	0.0724
5499.610	20.4082	0.0684
5502.540	20.3732	0.0685
5505.470	20.3329	0.0717
5508.400	20.3698	0.0734
5511.330	20.3200	0.0771
5514.260	20.3301	0.0743
5517.190	20.3897	0.0719
5520.120	20.3799	0.0732
5523.050	20.3750	0.0725
5525.980	20.3105	0.0693
5528.910	20.2287	0.0722
5531.840	20.2060	0.0801
5534.770	20.2259	0.0795
5537.700	20.2139	0.0765
5540.630	20.2688	0.0717
5543.560	20.2648	0.0677
5546.490	20.2046	0.0720
5549.420	20.2038	0.0689
5552.350	20.1394	0.0710
5555.280	20.1754	0.0716
5558.210	20.1807	0.0733
5561.140	20.1425	0.0759
5564.070	20.1320	0.0764
5567.000	20.1972	0.0712
5569.930	20.1794	0.0697
5572.860	20.0864	0.0723
5575.790	20.0297	0.0832
5578.720	20.0668	0.0796
5581.650	20.0445	0.0742
5584.580	20.0652	0.0775
5587.510	19.9809	0.0783
5590.440	19.9992	0.0765
5593.370	19.9404	0.0724
5596.300	19.9616	0.0736
5599.230	19.9548	0.0724
5602.160	19.9596	0.0700
5605.090	19.8984	0.0737
5608.020	19.9208	0.0780
5610.950	19.9296	0.0747
5613.880	19.9138	0.0692
5616.810	19.9216	0.0731
5619.740	19.9171	0.0710
5622.670	19.9118	0.0698
5625.600	19.9255	0.0712
5628.530	19.8351	0.0764
5631.460	19.8396	0.0739
5634.390	19.8908	0.0728
5637.320	19.9128	0.0768
5640.250	19.8205	0.0823
5643.180	19.7682	0.0724
5646.110	19.7749	0.0740
5649.040	19.7661	0.0728
5651.970	19.8096	0.0690
5654.900	19.8601	0.0683
5657.830	19.7839	0.0749
5660.760	19.7775	0.0706
5663.690	19.8289	0.0695
5666.620	19.7761	0.0697
5669.550	19.7630	0.0688
5672.480	19.7324	0.0717
5675.410	19.6918	0.0780
5678.340	19.6474	0.0776
5681.270	19.6915	0.0795
5684.200	19.7399	0.0726
5687.130	19.7348	0.0726
5690.060	19.7392	0.0678
5692.990	19.7005	0.0701
5695.920	19.6377	0.0710
5698.850	19.6366	0.0694
5701.780	19.7115	0.0693
5704.710	19.6390	0.0722
5707.640	19.5781	0.0816
5710.570	19.5795	0.0771
5713.500	19.5882	0.0769
5716.430	19.5987	0.0748
5719.360	19.4951	0.0747
5722.290	19.5010	0.0674
5725.220	19.5613	0.0678
5728.150	19.4954	0.0674
5731.080	19.4898	0.0674
5734.010	19.5400	0.0634
5736.940	19.5040	0.0646
5739.870	19.4693	0.0630
5742.800	19.5080	0.0669
5745.730	19.4606	0.0685
5748.660	19.4827	0.0705
5751.590	19.4652	0.0697
5754.520	19.4686	0.0739
5757.450	19.3932	0.0761
5760.380	19.3776	0.0719
5763.310	19.3867	0.0673
5766.240	19.3424	0.0699
5769.170	19.3727	0.0704
5772.100	19.3970	0.0648
5775.030	19.3513	0.0664
5777.960	19.3652	0.0645
5780.890	19.3782	0.0676
5783.820	19.4268	0.0704
5786.750	19.3403	0.0687
5789.680	19.2673	0.0711
5792.610	19.2447	0.0681
5795.540	19.2509	0.0690
5798.470	19.2127	0.0689
5801.400	19.2719	0.0732
5804.330	19.2153	0.0747
5807.260	19.2417	0.0757
5810.190	19.1508	0.0712
5813.120	19.1955	0.0682
5816.050	19.1922	0.0693
5818.980	19.1646	0.0653
5821.910	19.1600	0.0653
5824.840	19.1657	0.0661
5827.770	19.1413	0.0685
5830.700	19.0855	0.0700
5833.630	19.1039	0.0640
5836.560	19.1137	0.0662
5839.490	19.0705	0.0693
5842.420	19.0790	0.0655
5845.350	19.0472	0.0659
5848.280	19.1014	0.0669
5851.210	19.0304	0.0732
5854.140	19.0237	0.0755
5857.070	18.9951	0.0766
5860.000	18.9266	0.0748
5862.930	18.9297	0.0736
5865.860	18.9811	0.0743
5868.790	19.0407	0.0793
5871.720	19.1630	0.1285
5874.650	19.2611	0.1424
5877.580	19.0433	0.0977
5880.510	18.9355	0.0633
5883.440	18.8572	0.0617
5886.370	18.8496	0.0786
5889.300	18.7582	0.1003
5892.230	18.6912	0.0925
5895.160	18.6983	0.0797
5898.090	18.7526	0.0700
5901.020	18.7584	0.0721
5903.950	18.8207	0.0723
5906.880	18.7670	0.0711
5909.810	18.7989	0.0702
5912.740	18.8142	0.0677
5915.670	18.7946	0.0639
5918.600	18.8052	0.0672
5921.530	18.7490	0.0731
5924.460	18.7532	0.0739
5927.390	18.7985	0.0749
5930.320	18.8054	0.0711
5933.250	18.7927	0.0677
5936.180	18.7649	0.0656
5939.110	18.7414	0.0620
5942.040	18.6980	0.0742
5944.970	18.6813	0.0756
5947.900	18.6587	0.0722
5950.830	18.6999	0.0704
5953.760	18.7165	0.0679
5956.690	18.6733	0.0683
5959.620	18.6248	0.0640
5962.550	18.6483	0.0644
5965.480	18.6625	0.0639
5968.410	18.6590	0.0702
5971.340	18.5981	0.0730
5974.270	18.6398	0.0736
5977.200	18.6197	0.0747
5980.130	18.5681	0.0699
5983.060	18.5623	0.0715
5985.990	18.5210	0.0722
5988.920	18.5363	0.0683
5991.850	18.5204	0.0714
5994.780	18.5101	0.0696
5997.710	18.5049	0.0718
6000.640	18.4223	0.0766
6003.570	18.4120	0.0768
6006.500	18.4951	0.0755
6009.430	18.4797	0.0757
6012.360	18.4588	0.0682
6015.290	18.4791	0.0661
6018.220	18.3880	0.0668
6021.150	18.4191	0.0649
6024.080	18.4200	0.0695
6027.010	18.4238	0.0632
6029.940	18.3324	0.0667
6032.870	18.2998	0.0656
6035.800	18.2813	0.0694
6038.730	18.3497	0.0621
6041.660	18.3563	0.0648
6044.590	18.3081	0.0696
6047.520	18.3260	0.0666
6050.450	18.3125	0.0699
6053.380	18.2727	0.0719
6056.310	18.2325	0.0728
6059.240	18.1797	0.0710
6062.170	18.2199	0.0688
6065.100	18.2449	0.0670
6068.030	18.2471	0.0636
6070.960	18.2180	0.0652
6073.890	18.1752	0.0629
6076.820	18.1873	0.0660
6079.750	18.1936	0.0652
6082.680	18.1870	0.0659
6085.610	18.1381	0.0702
6088.540	18.1175	0.0651
6091.470	18.0529	0.0678
6094.400	18.0589	0.0663
6097.330	18.1009	0.0654
6100.260	18.1345	0.0671
6103.190	18.1162	0.0648
6106.120	18.0822	0.0628
6109.050	18.0666	0.0651
6111.980	18.0273	0.0667
6114.910	17.9882	0.0674
6117.840	17.9791	0.0666
6120.770	18.0104	0.0650
6123.700	17.9562	0.0658
6126.630	17.9330	0.0666
6129.560	17.9904	0.0677
6132.490	18.0114	0.0630
6135.420	17.9993	0.0637
6138.350	17.9478	0.0689
6141.280	17.9293	0.0636
6144.210	17.9119	0.0624
6147.140	17.9165	0.0653
6150.070	17.9171	0.0620
6153.000	17.9206	0.0602
6155.930	17.9116	0.0608
6158.860	17.8646	0.0701
6161.790	17.8323	0.0775
6164.720	17.8420	0.0753
6167.650	17.8488	0.0709
6170.580	17.8479	0.0621
6173.510	17.8607	0.0632
6176.440	17.8010	0.0607
6179.370	17.7656	0.0614
6182.300	17.7982	0.0613
6185.230	17.7825	0.0593
6188.160	17.7265	0.0623
6191.090	17.7480	0.0672
6194.020	17.7298	0.0655
6196.950	17.6788	0.0664
6199.880	17.7128	0.0634
6202.810	17.7491	0.0604
6205.740	17.7472	0.0604
6208.670	17.7442	0.0613
6211.600	17.6915	0.0617
6214.530	17.6673	0.0653
6217.460	17.6266	0.0659
6220.390	17.5835	0.0627
6223.320	17.5667	0.0626
6226.250	17.6041	0.0635
6229.180	17.5792	0.0665
6232.110	17.5739	0.0634
6235.040	17.5762	0.0616
6237.970	17.5408	0.0683
6240.900	17.5248	0.0652
6243.830	17.5665	0.0654
6246.760	17.5276	0.0640
6249.690	17.4893	0.0646
6252.620	17.5330	0.0615
6255.550	17.5649	0.0621
6258.480	17.5632	0.0601
6261.410	17.5111	0.0611
6264.340	17.4285	0.0666
6267.270	17.4067	0.0629
6270.200	17.4521	0.0668
6273.130	17.4711	0.0635
6276.060	17.4932	0.0605
6278.990	17.4979	0.0623
6281.920	17.4951	0.0672
6284.850	17.4577	0.0720
6287.780	17.4744	0.0648
6290.710	17.4912	0.0608
6293.640	17.4606	0.0606
6296.570	17.4323	0.0625
6299.500	17.4204	0.0623
6302.430	17.4053	0.0610
6305.360	17.4121	0.0648
6308.290	17.3818	0.0712
6311.220	17.3675	0.0677
6314.150	17.3171	0.0747
6317.080	17.2557	0.0682
6320.010	17.1980	0.0636
6322.940	17.1554	0.0661
6325.870	17.0612	0.0678
6328.800	17.0454	0.0649
6331.730	17.0551	0.0569
6334.660	17.0623	0.0577
6337.590	17.0681	0.0579
6340.520	17.1046	0.0568
6343.450	17.1063	0.0562
6346.380	17.1245	0.0530
6349.310	17.1131	0.0564
6352.240	17.1588	0.0565
6355.170	17.1808	0.0583
6358.100	17.1863	0.0587
6361.030	17.1640	0.0559
6363.960	17.0851	0.0586
6366.890	17.0743	0.0603
6369.820	17.0843	0.0648
6372.750	17.0475	0.0636
6375.680	17.0465	0.0635
6378.610	17.0492	0.0619
6381.540	17.0907	0.0592
6384.470	17.0503	0.0584
6387.400	17.0345	0.0657
6390.330	17.0322	0.0584
6393.260	16.9910	0.0579
6396.190	16.9697	0.0600
6399.120	16.9951	0.0573
6402.050	16.9709	0.0577
6404.980	16.9188	0.0597
6407.910	16.8606	0.0645
6410.840	16.8589	0.0641
6413.770	16.8644	0.0607
6416.700	16.8637	0.0598
6419.630	16.8536	0.0586
6422.560	16.9011	0.0541
6425.490	16.8918	0.0591
6428.420	16.8429	0.0592
6431.350	16.7879	0.0576
6434.280	16.8035	0.0594
6437.210	16.7726	0.0658
6440.140	16.7608	0.0689
6443.070	16.7478	0.0634
6446.000	16.7552	0.0618
6448.930	16.7665	0.0630
6451.860	16.7640	0.0638
6454.790	16.7549	0.0615
6457.720	16.7585	0.0650
6460.650	16.7312	0.0624
6463.580	16.7307	0.0587
6466.510	16.7467	0.0573
6469.440	16.6825	0.0593
6472.370	16.6188	0.0611
6475.300	16.5843	0.0580
6478.230	16.6357	0.0586
6481.160	16.6776	0.0594
6484.090	16.6719	0.0591
6487.020	16.6561	0.0603
6489.950	16.6471	0.0585
6492.880	16.6625	0.0654
6495.810	16.6412	0.0691
6498.740	16.5889	0.0620
6501.670	16.5568	0.0622
6504.600	16.5421	0.0650
6507.530	16.5308	0.0639
6510.460	16.5604	0.0641
6513.390	16.5677	0.0614
6516.320	16.5243	0.0651
6519.250	16.4473	0.0657
6522.180	16.4378	0.0666
6525.110	16.4409	0.0622
6528.040	16.4291	0.0624
6530.970	16.4130	0.0602
6533.900	16.3922	0.0576
6536.830	16.3732	0.0600
6539.760	16.3441	0.0600
6542.690	16.2486	0.0695
6545.620	16.1049	0.0698
6548.550	15.9668	0.0735
6551.480	15.7852	0.0861
6554.410	15.4442	0.0902
6557.340	14.7901	0.0858
6560.270	13.7919	0.0967
6563.200	13.0431	0.0993
6566.130	13.4647	0.0717
6569.060	14.4072	0.0749
6571.990	15.1385	0.0530
6574.920	15.5229	0.0505
6577.850	15.7214	0.0528
6580.780	15.8734	0.0521
6583.710	16.0103	0.0521
6586.640	16.1100	0.0539
6589.570	16.1321	0.0628
6592.500	16.1592	0.0686
6595.430	16.1563	0.0581
6598.360	16.1888	0.0563
6601.290	16.2289	0.0572
6604.220	16.2608	0.0543
6607.150	16.2503	0.0559
6610.080	16.2397	0.0579
6613.010	16.2115	0.0574
6615.940	16.1966	0.0591
6618.870	16.2086	0.0566
6621.800	16.1927	0.0550
6624.730	16.1876	0.0572
6627.660	16.1629	0.0563
6630.590	16.1413	0.0604
6633.520	16.1403	0.0617
6636.450	16.1201	0.0599
6639.380	16.1014	0.0599
6642.310	16.0835	0.0609
6645.240	16.0446	0.0625
6648.170	16.0328	0.0569
6651.100	16.0262	0.0566
6654.030	16.0304	0.0577
6656.960	16.0387	0.0551
6659.890	16.0206	0.0582
6662.820	16.0158	0.0608
6665.750	15.9648	0.0665
6668.680	15.9829	0.0556
6671.610	16.0447	0.0598
6674.540	16.1057	0.0889
6677.470	16.1339	0.1014
6680.400	16.0633	0.0757
6683.330	15.9731	0.0610
6686.260	15.9346	0.0576
6689.190	15.9672	0.0523
6692.120	15.9571	0.0531
6695.050	15.9126	0.0583
6697.980	15.9115	0.0626
6700.910	15.9136	0.0584
6703.840	15.8740	0.0578
6706.770	15.8398	0.0561
6709.700	15.8003	0.0602
6712.630	15.8365	0.0560
6715.560	15.8589	0.0557
6718.490	15.8190	0.0584
6721.420	15.7779	0.0649
6724.350	15.7620	0.0624
6727.280	15.7631	0.0605
6730.210	15.7513	0.0629
6733.140	15.7504	0.0586
6736.070	15.7707	0.0579
6739.000	15.7826	0.0540
6741.930	15.7792	0.0535
6744.860	15.7863	0.0575
6747.790	15.7512	0.0579
6750.720	15.7584	0.0580
6753.650	15.7418	0.0599
6756.580	15.7117	0.0541
6759.510	15.6992	0.0513
6762.440	15.6929	0.0523
6765.370	15.6712	0.0559
6768.300	15.6612	0.0539
6771.230	15.6448	0.0538
6774.160	15.6066	0.0587
6777.090	15.6017	0.0563
6780.020	15.6120	0.0545
6782.950	15.6273	0.0518
6785.880	15.6139	0.0495
6788.810	15.5802	0.0545
6791.740	15.5573	0.0557
6794.670	15.5721	0.0538
6797.600	15.5378	0.0525
6800.530	15.5401	0.0543
6803.460	15.5528	0.0505
6806.390	15.5491	0.0547
6809.320	15.5362	0.0527
6812.250	15.5436	0.0490
6815.180	15.5327	0.0498
6818.110	15.5149	0.0512
6821.040	15.4724	0.0511
6823.970	15.4330	0.0554
6826.900	15.4656	0.0579
6829.830	15.4865	0.0578
6832.760	15.4955	0.0570
6835.690	15.4655	0.0565
6838.620	15.4515	0.0562
6841.550	15.4486	0.0518
6844.480	15.4121	0.0535
6847.410	15.3691	0.0548
6850.340	15.3544	0.0563
6853.270	15.3511	0.0591
6856.200	15.3331	0.0580
6859.130	15.3173	0.0594
6862.060	15.3799	0.0566
6864.990	15.5058	0.0566
6867.920	15.5106	0.0595
6870.850	15.3394	0.0545
6873.780	15.2306	0.0510
6876.710	15.2110	0.0506
6879.640	15.2185	0.0536
6882.570	15.2561	0.0586
6885.500	15.3016	0.0657
6888.430	15.3010	0.0609
6891.360	15.2781	0.0564
6894.290	15.2270	0.0527
6897.220	15.2316	0.0510
6900.150	15.2227	0.0495
6903.080	15.2035	0.0495
6906.010	15.2043	0.0505
6908.940	15.1936	0.0531
6911.870	15.1739	0.0554
6914.800	15.1736	0.0526
6917.730	15.1368	0.0517
6920.660	15.1274	0.0523
6923.590	15.1203	0.0512
6926.520	15.1165	0.0504
6929.450	15.0964	0.0494
6932.380	15.0899	0.0500
6935.310	15.1183	0.0477
6938.240	15.1046	0.0500
6941.170	15.1071	0.0500
6944.100	15.0872	0.0488
6947.030	15.0585	0.0523
6949.960	15.0295	0.0534
6952.890	15.0235	0.0517
6955.820	14.9944	0.0508
6958.750	14.9726	0.0489
6961.680	14.9693	0.0507
6964.610	14.9720	0.0529
6967.540	14.9719	0.0522
6970.470	14.9545	0.0523
6973.400	14.9708	0.0514
6976.330	14.9890	0.0521
6979.260	14.9534	0.0538
6982.190	14.9309	0.0507
6985.120	14.9064	0.0513
6988.050	14.9089	0.0524
6990.980	14.8935	0.0559
6993.910	14.8675	0.0550
6996.840	14.8763	0.0528
6999.770	14.8573	0.0545
7002.700	14.8460	0.0549
7005.630	14.8362	0.0546
7008.560	14.8084	0.0528
7011.490	14.7804	0.0510
7014.420	14.7838	0.0489
7017.350	14.7865	0.0494
7020.280	14.8017	0.0503
7023.210	14.7944	0.0516
7026.140	14.7721	0.0513
7029.070	14.7520	0.0515
7032.000	14.7608	0.0473
7034.930	14.7627	0.0455
7037.860	14.7367	0.0455
7040.790	14.7196	0.0462
7043.720	14.7288	0.0494
7046.650	14.7288	0.0491
7049.580	14.7280	0.0474
7052.510	14.7223	0.0475
7055.440	14.6962	0.0496
7058.370	14.7126	0.0565
7061.300	14.7172	0.0637
7064.230	14.7063	0.0785
7067.160	14.6732	0.0656
7070.090	14.5998	0.0481
7073.020	14.5608	0.0494
7075.950	14.5793	0.0498
7078.880	14.5743	0.0476
7081.810	14.5619	0.0457
7084.740	14.5543	0.0482
7087.670	14.5578	0.0479
7090.600	14.5428	0.0462
7093.530	14.5326	0.0467
7096.460	14.4993	0.0459
7099.390	14.4849	0.0464
7102.320	14.4779	0.0499
7105.250	14.4927	0.0540
7108.180	14.5038	0.0528
7111.110	14.4939	0.0504
7114.040	14.4751	0.0481
7116.970	14.4757	0.0504
7119.900	14.4745	0.0514
7122.830	14.4488	0.0526
7125.760	14.4495	0.0513
7128.690	14.4481	0.0479
7131.620	14.4367	0.0478
7134.550	14.4242	0.0487
7137.480	14.4231	0.0459
7140.410	14.4335	0.0465
7143.340	14.4299	0.0525
7146.270	14.4071	0.0503
7149.200	14.3444	0.0510
7152.130	14.3226	0.0518
7155.060	14.3254	0.0492
7157.990	14.3279	0.0505
7160.920	14.3181	0.0496
7163.850	14.3251	0.0544
7166.780	14.3115	0.0539
7169.710	14.2897	0.0603
7172.640	14.2856	0.0616
7175.570	14.2740	0.0593
7178.500	14.2251	0.0567
7181.430	14.2178	0.0529
7184.360	14.2103	0.0536
7187.290	14.1800	0.0509
7190.220	14.1668	0.0509
7193.150	14.1727	0.0495
7196.080	14.1920	0.0500
7199.010	14.2055	0.0556
7201.940	14.1600	0.0532
7204.870	14.1262	0.0510
7207.800	14.1252	0.0492
7210.730	14.1407	0.0475
7213.660	14.1495	0.0467
7216.590	14.1625	0.0471
7219.520	14.1952	0.0510
7222.450	14.1886	0.0635
7225.380	14.1713	0.0618
7228.310	14.1365	0.0526
7231.240	14.0826	0.0511
7234.170	14.0580	0.0514
7237.100	14.0528	0.0508
7240.030	14.0764	0.0515
7242.960	14.0835	0.0530
7245.890	14.0867	0.0555
7248.820	14.0901	0.0541
7251.750	14.0883	0.0548
7254.680	14.0804	0.0519
7257.610	14.0659	0.0494
7260.540	14.0511	0.0469
7263.470	14.0238	0.0503
7266.400	13.9874	0.0491
7269.330	13.9597	0.0536
7272.260	13.9583	0.0544
7275.190	13.9791	0.0540
7278.120	13.9972	0.0573
7281.050	13.9976	0.0594
7283.980	13.9918	0.0515
7286.910	13.9410	0.0536
7289.840	13.8888	0.0553
7292.770	13.8647	0.0526
7295.700	13.8706	0.0510
7298.630	13.8845	0.0515
7301.560	13.9042	0.0511
7304.490	13.9008	0.0509
7307.420	13.8541	0.0494
7310.350	13.8483	0.0500
7313.280	13.8658	0.0501
7316.210	13.8416	0.0497
7319.140	13.8427	0.0471
7322.070	13.8392	0.0470
7325.000	13.8289	0.0483
7327.930	13.8331	0.0494
7330.860	13.8297	0.0490
7333.790	13.7620	0.0534
7336.720	13.7220	0.0564
7339.650	13.7573	0.0512
7342.580	13.7653	0.0473
7345.510	13.7616	0.0454
7348.440	13.7525	0.0464
7351.370	13.7461	0.0514
7354.300	13.7302	0.0545
7357.230	13.7435	0.0491
7360.160	13.7210	0.0481
7363.090	13.6798	0.0486
7366.020	13.6770	0.0477
7368.950	13.7130	0.0467
7371.880	13.7196	0.0466
7374.810	13.6827	0.0453
7377.740	13.6608	0.0478
7380.670	13.6725	0.0473
7383.600	13.6478	0.0496
7386.530	13.6158	0.0490
7389.460	13.6574	0.0486
7392.390	13.6478	0.0468
7395.320	13.6157	0.0456
7398.250	13.5820	0.0461
7401.180	13.5560	0.0459
7404.110	13.5597	0.0452
7407.040	13.5699	0.0477
7409.970	13.5520	0.0513
7412.900	13.5590	0.0524
7415.830	13.5363	0.0508
7418.760	13.5218	0.0462
7421.690	13.5501	0.0489
7424.620	13.5396	0.0488
7427.550	13.5118	0.0458
7430.480	13.5065	0.0458
7433.410	13.4942	0.0461
7436.340	13.4732	0.0456
7439.270	13.4634	0.0478
7442.200	13.4495	0.0457
7445.130	13.4460	0.0477
7448.060	13.4430	0.0486
7450.990	13.4187	0.0503
7453.920	13.3800	0.0525
7456.850	13.4006	0.0492
7459.780	13.3944	0.0513
7462.710	13.3709	0.0503
7465.640	13.3612	0.0517
7468.570	13.3859	0.0498
7471.500	13.3807	0.0511
7474.430	13.3588	0.0543
7477.360	13.3044	0.0520
7480.290	13.2971	0.0518
7483.220	13.3096	0.0489
7486.150	13.3010	0.0487
7489.080	13.2851	0.0474
7492.010	13.2884	0.0505
7494.940	13.2658	0.0508
7497.870	13.2070	0.0517
7500.800	13.2157	0.0499
7503.730	13.2349	0.0488
7506.660	13.2294	0.0473
7509.590	13.2272	0.0487
7512.520	13.2256	0.0488
7515.450	13.2442	0.0448
7518.380	13.2596	0.0464
7521.310	13.2573	0.0493
7524.240	13.2167	0.0507
7527.170	13.1982	0.0490
7530.100	13.1609	0.0490
7533.030	13.1562	0.0493
7535.960	13.1451	0.0443
7538.890	13.1426	0.0474
7541.820	13.1285	0.0497
7544.750	13.1243	0.0481
7547.680	13.0975	0.0425
7550.610	13.0848	0.0446
7553.540	13.1075	0.0435
7556.470	13.1196	0.0440
7559.400	13.0991	0.0472
7562.330	13.0800	0.0486
7565.260	13.0445	0.0543
7568.190	12.9932	0.0558
7571.120	13.0298	0.0496
7574.050	13.0453	0.0460
7576.980	13.0309	0.0446
7579.910	13.0187	0.0483
7582.840	13.0199	0.0506
7585.770	13.0154	0.0563
7588.700	13.0584	0.0593
7591.630	13.2111	0.0664
7594.560	13.3946	0.0742
7597.490	13.4347	0.0758
7600.420	13.2824	0.0682
7603.350	13.1364	0.0638
7606.280	12.9052	0.0561
7609.210	12.7065	0.0553
7612.140	12.5524	0.0518
7615.070	12.5811	0.0525
7618.000	12.7509	0.0480
7620.930	12.9891	0.0501
7623.860	13.0462	0.0615
7626.790	12.9468	0.0557
7629.720	12.8617	0.0546
7632.650	12.8322	0.0479
7635.580	12.7836	0.0448
7638.510	12.7607	0.0467
7641.440	12.7657	0.0530
7644.370	12.7846	0.0490
7647.300	12.7824	0.0467
7650.230	12.7337	0.0494
7653.160	12.7623	0.0463
7656.090	12.7651	0.0509
7659.020	12.7770	0.0541
7661.950	12.7922	0.0530
7664.880	12.7734	0.0496
7667.810	12.7689	0.0421
7670.740	12.7327	0.0434
7673.670	12.7408	0.0472
7676.600	12.7266	0.0477
7679.530	12.7147	0.0494
7682.460	12.7181	0.0464
7685.390	12.6938	0.0511
7688.320	12.6514	0.0498
7691.250	12.6579	0.0496
7694.180	12.6598	0.0467
7697.110	12.6564	0.0455
7700.040	12.6805	0.0459
7702.970	12.6536	0.0446
7705.900	12.6371	0.0452
7708.830	12.6430	0.0454
7711.760	12.6438	0.0470
7714.690	12.6229	0.0467
7717.620	12.6416	0.0434
7720.550	12.6267	0.0484
7723.480	12.6122	0.0504
7726.410	12.6563	0.0486
7729.340	12.6437	0.0494
7732.270	12.5974	0.0495
7735.200	12.5628	0.0457
7738.130	12.5642	0.0455
7741.060	12.6008	0.0435
7743.990	12.5640	0.0470
7746.920	12.5355	0.0457
7749.850	12.5601	0.0419
7752.780	12.5201	0.0429
7755.710	12.5029	0.0452
7758.640	12.5104	0.0428
7761.570	12.4867	0.0454
7764.500	12.4547	0.0446
7767.430	12.4391	0.0431
7770.360	12.4423	0.0487
7773.290	12.4537	0.0495
7776.220	12.4477	0.0469
7779.150	12.4143	0.0474
7782.080	12.4104	0.0442
7785.010	12.4160	0.0454
7787.940	12.3801	0.0440
7790.870	12.3773	0.0423
7793.800	12.3654	0.0438
7796.730	12.3952	0.0436
7799.660	12.4113	0.0438
7802.590	12.3798	0.0473
7805.520	12.3538	0.0523
7808.450	12.3580	0.0485
7811.380	12.3369	0.0460
7814.310	12.3185	0.0453
7817.240	12.3256	0.0454
7820.170	12.3448	0.0445
7823.100	12.3446	0.0441
7826.030	12.3347	0.0446
7828.960	12.3035	0.0480
7831.890	12.2783	0.0502
7834.820	12.2884	0.0462
7837.750	12.2872	0.0450
7840.680	12.2617	0.0447
7843.610	12.2449	0.0430
7846.540	12.2110	0.0472
7849.470	12.2343	0.0497
7852.400	12.2654	0.0481
7855.330	12.2198	0.0496
7858.260	12.1948	0.0460
7861.190	12.2209	0.0448
7864.120	12.2492	0.0462
7867.050	12.2258	0.0477
7869.980	12.1550	0.0502
7872.910	12.1529	0.0475
7875.840	12.1388	0.0475
7878.770	12.1514	0.0453
7881.700	12.1302	0.0447
7884.630	12.1139	0.0471
7887.560	12.0831	0.0468
7890.490	12.1177	0.0424
7893.420	12.1849	0.0428
7896.350	12.1839	0.0445
7899.280	12.1846	0.0497
7902.210	12.1869	0.0490
7905.140	12.1580	0.0500
7908.070	12.1074	0.0498
7911.000	12.0796	0.0520
7913.930	12.0360	0.0492
7916.860	12.0241	0.0481
7919.790	11.9890	0.0465
7922.720	11.9947	0.0507
7925.650	11.9920	0.0468
7928.580	11.9855	0.0454
7931.510	11.9716	0.0468
7934.440	11.9681	0.0458
7937.370	11.9892	0.0446
7940.300	11.9920	0.0421
7943.230	12.0046	0.0411
7946.160	12.0025	0.0417
7949.090	11.9861	0.0417
7952.020	11.9394	0.0427
7954.950	11.9452	0.0444
7957.880	11.8994	0.0478
7960.810	11.9018	0.0494
7963.740	11.8761	0.0510
7966.670	11.8845	0.0480
7969.600	11.8678	0.0464
7972.530	11.8880	0.0505
7975.460	11.8867	0.0467
7978.390	11.9310	0.0471
7981.320	11.9024	0.0449
7984.250	11.8719	0.0451
7987.180	11.8524	0.0494
7990.110	11.8753	0.0496
7993.040	11.8861	0.0459
7995.970	11.8552	0.0460
7998.900	11.7903	0.0453
8001.830	11.7749	0.0430
8004.760	11.7897	0.0399
8007.690	11.8199	0.0387
8010.620	11.8267	0.0385
8013.550	11.8410	0.0402
8016.480	11.8478	0.0447
8019.410	11.8605	0.0467
8022.340	11.8523	0.0472
8025.270	11.8506	0.0460
8028.200	11.8263	0.0488
8031.130	11.7760	0.0451
8034.060	11.7201	0.0422
8036.990	11.6900	0.0427
8039.920	11.6849	0.0429
8042.850	11.6757	0.0433
8045.780	11.6790	0.0439
8048.710	11.6435	0.0436
8051.640	11.6125	0.0452
8054.570	11.5817	0.0511
8057.500	11.6061	0.0463
8060.430	11.6335	0.0427
8063.360	11.6893	0.0431
8066.290	11.6804	0.0409
8069.220	11.6617	0.0464
8072.150	11.6554	0.0446
8075.080	11.6605	0.0444
8078.010	11.6615	0.0477
8080.940	11.5911	0.0489
8083.870	11.5487	0.0460
8086.800	11.5371	0.0422
8089.730	11.5186	0.0437
8092.660	11.5759	0.0434
8095.590	11.5695	0.0432
8098.520	11.5261	0.0439
8101.450	11.4978	0.0450
8104.380	11.4811	0.0443
8107.310	11.4812	0.0472
8110.240	11.4889	0.0438
8113.170	11.5094	0.0467
8116.100	11.5348	0.0486
8119.030	11.5100	0.0469
8121.960	11.4958	0.0449
8124.890	11.5217	0.0424
8127.820	11.5483	0.0412
8130.750	11.5597	0.0433
8133.680	11.4770	0.0416
8136.610	11.4304	0.0446
8139.540	11.4078	0.0444
8142.470	11.3762	0.0466
8145.400	11.3895	0.0406
8148.330	11.4168	0.0415
8151.260	11.4072	0.0438
8154.190	11.4016	0.0434
8157.120	11.4085	0.0475
8160.050	11.4234	0.0469
8162.980	11.3536	0.0492
8165.910	11.3469	0.0504
8168.840	11.3101	0.0572
8171.770	11.3335	0.0530
8174.700	11.3655	0.0507
8177.630	11.3434	0.0498
8180.560	11.2638	0.0538
8183.490	11.2435	0.0542
8186.420	11.2390	0.0488
8189.350	11.2583	0.0476
8192.280	11.2835	0.0456
8195.210	11.2442	0.0480
8198.140	11.2137	0.0431
8201.070	11.2057	0.0415
8204.000	11.2129	0.0424
8206.930	11.2050	0.0447
8209.860	11.2230	0.0415
8212.790	11.2785	0.0405
8215.720	11.2850	0.0376
8218.650	11.2857	0.0423
8221.580	11.2439	0.0469
8224.510	11.1818	0.0516
8227.440	11.1725	0.0593
8230.370	11.1592	0.0675
8233.300	11.1793	0.0610
8236.230	11.1944	0.0512
8239.160	11.1791	0.0468
8242.090	11.1549	0.0383
8245.020	11.1275	0.0375
8247.950	11.1336	0.0408
8250.880	11.1600	0.0402
8253.810	11.1534	0.0417
8256.740	11.0809	0.0468
8259.670	11.0495	0.0425
8262.600	11.0470	0.0418
8265.530	11.0503	0.0418
8268.460	11.0551	0.0426
8271.390	11.0918	0.0407
8274.320	11.1026	0.0402
8277.250	11.0782	0.0393
8280.180	11.0749	0.0423
8283.110	11.0814	0.0408
8286.040	11.0836	0.0412
8288.970	11.0680	0.0438
8291.900	11.0321	0.0459
8294.830	10.9838	0.0443
8297.760	10.9160	0.0455
8300.690	10.9346	0.0416
8303.620	10.9666	0.0399
8306.550	10.9790	0.0423
8309.480	11.0161	0.0458
8312.410	11.0227	0.0438
8315.340	11.0063	0.0465
8318.270	10.9858	0.0463
8321.200	10.9610	0.0460
8324.130	10.9575	0.0428
8327.060	10.9346	0.0495
8329.990	10.9296	0.0496
8332.920	10.9247	0.0480
8335.850	10.9179	0.0481
8338.780	10.8703	0.0469
8341.710	10.8113	0.0482
8344.640	10.8195	0.0459
8347.570	10.8583	0.0407
8350.500	10.8290	0.0448
8353.430	10.8258	0.0459
8356.360	10.8127	0.0420
8359.290	10.8148	0.0427
8362.220	10.8047	0.0472
8365.150	10.8064	0.0475
8368.080	10.8034	0.0419
8371.010	10.8623	0.0394
8373.940	10.8861	0.0386
8376.870	10.8445	0.0441
8379.800	10.8295	0.0490
8382.730	10.8245	0.0519
8385.660	10.8272	0.0444
8388.590	10.8008	0.0422
8391.520	10.7925	0.0413
8394.450	10.7843	0.0444
8397.380	10.8167	0.0463
8400.310	10.8036	0.0419
8403.240	10.7709	0.0368
8406.170	10.7500	0.0368
8409.100	10.7668	0.0394
8412.030	10.7520	0.0448
8414.960	10.7298	0.0488
8417.890	10.7545	0.0414
8420.820	10.7600	0.0378
8423.750	10.7406	0.0379
8426.680	10.6744	0.0442
8429.610	10.6848	0.0530
8432.540	10.7377	0.0463
8435.470	10.6837	0.0466
8438.400	10.6417	0.0449
8441.330	10.6307	0.0425
8444.260	10.6168	0.0391
8447.190	10.6017	0.0402
8450.120	10.6239	0.0535
8453.050	10.6343	0.0429
8455.980	10.6184	0.0409
8458.910	10.5858	0.0483
8461.840	10.5885	0.0485
8464.770	10.6310	0.0487
8467.700	10.6382	0.0449
8470.630	10.6074	0.0421
8473.560	10.6236	0.0424
8476.490	10.6070	0.0454
8479.420	10.5827	0.0445
8482.350	10.5948	0.0439
8485.280	10.5883	0.0495
8488.210	10.5936	0.0495
8491.140	10.5810	0.0476
8494.070	10.5241	0.0582
8497.000	10.3710	0.0745
8499.930	10.2285	0.0569
8502.860	10.2871	0.0472
8505.790	10.3956	0.0482
8508.720	10.4253	0.0456
8511.650	10.4563	0.0423
8514.580	10.4459	0.0482
8517.510	10.4178	0.0448
8520.440	10.3836	0.0436
8523.370	10.3703	0.0423
8526.300	10.3952	0.0464
8529.230	10.3998	0.0528
8532.160	10.4173	0.0494
8535.090	10.4016	0.0492
8538.020	10.3073	0.0867
8540.950	10.0094	0.1034
8543.880	9.8811	0.0750
8546.810	10.0524	0.0489
8549.740	10.2754	0.0554
8552.670	10.3278	0.0487
8555.600	10.3698	0.0413
8558.530	10.3894	0.0400
8561.460	10.3972	0.0412
8564.390	10.4225	0.0421
8567.320	10.4056	0.0416
8570.250	10.3818	0.0416
8573.180	10.3729	0.0438
8576.110	10.3587	0.0444
8579.040	10.3712	0.0469
8581.970	10.3622	0.0506
8584.900	10.3322	0.0490
8587.830	10.2731	0.0462
8590.760	10.2399	0.0401
8593.690	10.2404	0.0382
8596.620	10.2151	0.0383
8599.550	10.2069	0.0450
8602.480	10.2331	0.0430
8605.410	10.2525	0.0379
8608.340	10.2687	0.0356
8611.270	10.2565	0.0365
8614.200	10.2759	0.0402
8617.130	10.3140	0.0378
8620.060	10.2876	0.0438
8622.990	10.2492	0.0556
8625.920	10.2374	0.0488
8628.850	10.2383	0.0457
8631.780	10.1913	0.0423
8634.710	10.1678	0.0486
8637.640	10.1483	0.0499
8640.570	10.1775	0.0490
8643.500	10.1814	0.0458
8646.430	10.1845	0.0446
8649.360	10.1074	0.0465
8652.290	10.0487	0.0464
8655.220	10.0304	0.0373
8658.150	9.9547	0.0775
8661.080	9.7940	0.0919
8664.010	9.6999	0.0698
8666.940	9.8139	0.0488
8669.870	9.9761	0.0474
8672.800	10.0008	0.0456
8675.730	9.9889	0.0443
8678.660	10.0311	0.0439
8681.590	10.0861	0.0413
8684.520	10.1174	0.0412
8687.450	10.0926	0.0417
8690.380	10.0302	0.0414
8693.310	10.0268	0.0403
8696.240	10.1079	0.0382
8699.170	10.1205	0.0402
8702.100	10.1152	0.0408
8705.030	10.1094	0.0420
8707.960	10.1021	0.0409
8710.890	10.0718	0.0401
8713.820	10.0507	0.0395
8716.750	10.0469	0.0378
8719.680	10.0163	0.0388
8722.610	9.9808	0.0411
8725.540	9.9811	0.0361
8728.470	9.9969	0.0340
8731.400	10.0022	0.0336
8734.330	9.9911	0.0370
8737.260	9.9744	0.0384
8740.190	9.9511	0.0365
8743.120	9.9078	0.0391
8746.050	9.8627	0.0381
8748.980	9.8228	0.0389
8751.910	9.8094	0.0407
8754.840	9.8898	0.0388
8757.770	9.9775	0.0397
8760.700	9.9704	0.0429
8763.630	9.9570	0.0417
8766.560	9.9628	0.0444
8769.490	9.9426	0.0456
8772.420	9.9416	0.0459
8775.350	9.9092	0.0457
8778.280	9.8901	0.0429
8781.210	9.8329	0.0454
8784.140	9.8106	0.0458
8787.070	9.8120	0.0465
8790.000	9.8404	0.0408
8792.930	9.8404	0.0379
8795.860	9.8430	0.0357
8798.790	9.8203	0.0372
8801.720	9.8276	0.0422
8804.650	9.8519	0.0481
8807.580	9.7951	0.0467
8810.510	9.7457	0.0460
8813.440	9.8017	0.0477
8816.370	9.8414	0.0465
8819.300	9.8317	0.0448
8822.230	9.8245	0.0441
8825.160	9.7718	0.0458
8828.090	9.7214	0.0416
8831.020	9.7084	0.0414
8833.950	9.7117	0.0420
8836.880	9.7603	0.0400
8839.810	9.8036	0.0365
8842.740	9.8369	0.0365
8845.670	9.8192	0.0396
8848.600	9.7649	0.0491
8851.530	9.7152	0.0483
8854.460	9.6160	0.0454
8857.390	9.5438	0.0417
8860.320	9.4863	0.0365
8863.250	9.4793	0.0400
8866.180	9.5361	0.0430
8869.110	9.6018	0.0415
8872.040	9.6476	0.0389
8874.970	9.6882	0.0378
8877.900	9.6998	0.0340
8880.830	9.6900	0.0366
8883.760	9.6632	0.0406
8886.690	9.6177	0.0383
8889.620	9.6122	0.0341
8892.550	9.6000	0.0376
8895.480	9.6157	0.0447
8898.410	9.6315	0.0454
8901.340	9.6640	0.0449
8904.270	9.6644	0.0424
8907.200	9.6126	0.0424
8910.130	9.5827	0.0372
8913.060	9.6101	0.0422
8915.990	9.6266	0.0403
8918.920	9.6339	0.0390
8921.850	9.6326	0.0429
8924.780	9.6631	0.0459
8927.710	9.6015	0.0446
8930.640	9.5409	0.0408
8933.570	9.4808	0.0396
8936.500	9.4342	0.0392
8939.430	9.4373	0.0431
8942.360	9.5113	0.0429
8945.290	9.5669	0.0408
8948.220	9.5403	0.0404
8951.150	9.5512	0.0388
8954.080	9.5323	0.0422
8957.010	9.4759	0.0419
8959.940	9.4294	0.0359
8962.870	9.4487	0.0374
8965.800	9.4765	0.0400
8968.730	9.5136	0.0429
8971.660	9.4855	0.0471
8974.590	9.4435	0.0463
8977.520	9.3791	0.0438
8980.450	9.3533	0.0404
8983.380	9.3368	0.0380
8986.310	9.3864	0.0422
8989.240	9.3904	0.0464
8992.170	9.3650	0.0446
8995.100	9.3891	0.0457
8998.030	9.4201	0.0472
9000.960	9.3803	0.0442
9003.890	9.3331	0.0412
9006.820	9.2728	0.0416
9009.750	9.2206	0.0432
9012.680	9.1417	0.0504
9015.610	9.1413	0.0504
9018.540	9.2301	0.0426
9021.470	9.3445	0.0425
9024.400	9.3998	0.0462
9027.330	9.3710	0.0463
9030.260	9.3144	0.0402
9033.190	9.2580	0.0324
9036.120	9.2591	0.0346
9039.050	9.2407	0.0348
9041.980	9.2465	0.0407
9044.910	9.2868	0.0400
9047.840	9.3139	0.0459
9050.770	9.3236	0.0467
9053.700	9.2734	0.0407
9056.630	9.2499	0.0340
9059.560	9.1895	0.0377
9062.490	9.1792	0.0404
9065.420	9.1753	0.0442
9068.350	9.2230	0.0472
9071.280	9.3019	0.0450
9074.210	9.3873	0.0425
9077.140	9.4311	0.0418
9080.070	9.3270	0.0465
9083.000	9.2168	0.0408
9085.930	9.1991	0.0398
9088.860	9.2005	0.0424
9091.790	9.1811	0.0452
9094.720	9.2045	0.0411
9097.650	9.1752	0.0398
9100.580	9.1267	0.0418
9103.510	9.1035	0.0414
9106.440	9.1204	0.0426
9109.370	9.1867	0.0452
9112.300	9.2557	0.0452
9115.230	9.2906	0.0489
9118.160	9.2223	0.0493
9121.090	9.1051	0.0418
9124.020	9.0225	0.0388
9126.950	8.9759	0.0381
9129.880	8.9351	0.0433
9132.810	8.9833	0.0479
9135.740	9.1190	0.0439
9138.670	9.2217	0.0452
9141.600	9.2472	0.0423
9144.530	9.1889	0.0418
9147.460	9.1370	0.0383
9150.390	9.1266	0.0402
9153.320	9.1351	0.0452
9156.250	9.1508	0.0451
9159.180	9.1331	0.0448
9162.110	9.1034	0.0442
9165.040	9.0163	0.0449
9167.970	8.9811	0.0438
9170.900	8.9707	0.0417
9173.830	8.9635	0.0460
9176.760	8.9820	0.0451
9179.690	9.0505	0.0443
9182.620	9.1156	0.0452
9185.550	9.1441	0.0399
9188.480	9.1132	0.0405
9191.410	9.0452	0.0414
9194.340	8.9399	0.0401
9197.270	8.8682	0.0417
9200.200	8.8973	0.0394
9203.130	8.9661	0.0437
9206.060	9.0028	0.0435
9208.990	9.0052	0.0435
9211.920	8.9368	0.0419
9214.850	8.8418	0.0420
9217.780	8.7783	0.0437
9220.710	8.7532	0.0417
9223.640	8.7276	0.0386
9226.570	8.6653	0.0402
9229.500	8.6432	0.0403
9232.430	8.6996	0.0426
9235.360	8.7538	0.0399
9238.290	8.8104	0.0373
9241.220	8.8348	0.0396
9244.150	8.8276	0.0430
9247.080	8.8103	0.0473
9250.010	8.8168	0.0474
9252.940	8.8675	0.0425
9255.870	8.8989	0.0395
9258.800	8.8643	0.0413
9261.730	8.8155	0.0421
9264.660	8.7712	0.0430
9267.590	8.7787	0.0432
9270.520	8.7896	0.0441
9273.450	8.7675	0.0456
9276.380	8.7766	0.0484
9279.310	8.8147	0.0522
9282.240	8.8267	0.0448
9285.170	8.8517	0.0420
9288.100	8.8494	0.0423
9291.030	8.8449	0.0387
9293.960	8.8570	0.0387
9296.890	8.8756	0.0428
9299.820	8.8837	0.0458
9302.750	8.8535	0.0494
9305.680	8.8265	0.0449
9308.610	8.8130	0.0467
9311.540	8.7775	0.0457
9314.470	8.7561	0.0535
9317.400	8.6975	0.0497
9320.330	8.6224	0.0536
9323.260	8.6148	0.0590
9326.190	8.6320	0.0545
9329.120	8.7225	0.0517
9332.050	8.8184	0.0554
9334.980	8.8298	0.0623
9337.910	8.8238	0.0684
9340.840	8.8374	0.0665
9343.770	8.7003	0.0641
9346.700	8.4603	0.0578
9349.630	8.4780	0.0528
9352.560	8.5699	0.0595
9355.490	8.5182	0.0578
9358.420	8.4714	0.0513
9361.350	8.5463	0.0503
9364.280	8.7056	0.0530
9367.210	8.7532	0.0571
9370.140	8.6940	0.0562
9373.070	8.5974	0.0522
9376.000	8.5907	0.0532
9378.930	8.5900	0.0577
9381.860	8.5517	0.0545
9384.790	8.5759	0.0442
9387.720	8.6065	0.0427
9390.650	8.5948	0.0448
9393.580	8.6023	0.0504
9396.510	8.5969	0.0485
9399.440	8.5367	0.0473
9402.370	8.4987	0.0487
9405.300	8.5522	0.0528
9408.230	8.5922	0.0535
9411.160	8.5273	0.0618
9414.090	8.4729	0.0589
9417.020	8.4399	0.0487
9419.950	8.4586	0.0511
9422.880	8.5327	0.0528
9425.810	8.5079	0.0530
9428.740	8.4130	0.0514
9431.670	8.3894	0.0464
9434.600	8.5085	0.0434
9437.530	8.6109	0.0551
9440.460	8.5749	0.0624
9443.390	8.4650	0.0543
9446.320	8.4780	0.0486
9449.250	8.5014	0.0467
9452.180	8.5232	0.0501
9455.110	8.4725	0.0520
9458.040	8.4407	0.0482
9460.970	8.3646	0.0473
9463.900	8.3734	0.0432
9466.830	8.4296	0.0429
9469.760	8.4796	0.0457
9472.690	8.4443	0.0490
9475.620	8.4215	0.0524
9478.550	8.3789	0.0524
9481.480	8.3139	0.0508
9484.410	8.2312	0.0471
9487.340	8.1773	0.0471
9490.270	8.2437	0.0464
9493.200	8.3751	0.0484
9496.130	8.4452	0.0544
9499.060	8.4584	0.0577
9501.990	8.3950	0.0533
9504.920	8.3187	0.0455
9507.850	8.3323	0.0447
9510.780	8.3849	0.0500
9513.710	8.3931	0.0572
9516.640	8.3017	0.0603
9519.570	8.1734	0.0548
9522.500	8.1745	0.0465
9525.430	8.2237	0.0448
9528.360	8.2316	0.0453
9531.290	8.2000	0.0446
9534.220	8.1842	0.0468
9537.150	8.1499	0.0495
9540.080	8.1094	0.0511
9543.010	8.0262	0.0544
9545.940	7.8629	0.0533
9548.870	7.8594	0.0532
9551.800	7.9884	0.0540
9554.730	8.0476	0.0510
9557.660	8.0458	0.0528
9560.590	8.1007	0.0508
9563.520	8.2153	0.0567
9566.450	8.2558	0.0619
9569.380	8.2497	0.0578
9572.310	8.2659	0.0509
9575.240	8.2318	0.0472
9578.170	8.1929	0.0497
9581.100	8.0456	0.0505
9584.030	7.9715	0.0531
9586.960	8.0530	0.0600
9589.890	8.0808	0.0634
9592.820	8.0825	0.0621
9595.750	8.1124	0.0596
9598.680	8.1225	0.0572
9601.610	8.1095	0.0589
9604.540	8.0896	0.0629
9607.470	8.1093	0.0699
9610.400	8.1761	0.0735
9613.330	8.2002	0.0737
9616.260	8.1834	0.0676
9619.190	8.1808	0.0799
9622.120	8.1158	0.0829
9625.050	7.9783	0.0824
9627.980	7.9581	0.0741
9630.910	7.9765	0.0710
9633.840	8.0367	0.0752
9636.770	8.0486	0.0803
9639.700	8.0095	0.0759
9642.630	7.9727	0.0784
9645.560	7.9967	0.0831
9648.490	8.0211	0.0808
9651.420	8.0546	0.0833
9654.350	8.0110	0.0813
9657.280	8.0159	0.0823
9660.210	7.9823	0.0908
9663.140	7.9068	0.0895
9666.070	7.9027	0.0888
9669.000	7.9991	0.0884
9671.930	8.0240	0.0944
9674.860	8.0688	0.0948
9677.790	8.0949	0.0980
9680.720	7.9937	0.0941
9683.650	7.9136	0.0996
9686.580	7.8700	0.0976
9689.510	7.8444	0.0986
9692.440	7.8153	0.0978
9695.370	7.8680	0.1004
9698.300	7.9420	0.0998
9701.230	7.9456	0.1047
