3298.680	75.8767	0.4913
3301.060	75.3380	0.5708
3303.440	74.0220	0.5141
3305.820	72.6627	0.4474
3308.200	72.3683	0.4273
3310.580	73.4179	0.4751
3312.960	74.2902	0.4641
3315.340	73.4606	0.4651
3317.720	72.8059	0.4835
3320.100	72.2310	0.5495
3322.480	71.3121	0.4585
3324.860	71.5033	0.4195
3327.240	72.0841	0.4168
3329.620	71.7094	0.4113
3332.000	71.4516	0.4449
3334.380	71.5270	0.4429
3336.760	70.9419	0.4120
3339.140	71.3615	0.4104
3341.520	71.6338	0.3961
3343.900	72.5796	0.4123
3346.280	72.5625	0.3656
3348.660	70.1133	0.4147
3351.040	70.0294	0.3745
3353.420	72.5568	0.4335
3355.800	72.9904	0.5266
3358.180	70.3012	0.4513
3360.560	66.7664	0.4544
3362.940	67.7790	0.3921
3365.320	71.1979	0.4289
3367.700	71.1458	0.4008
3370.080	68.5160	0.4073
3372.460	67.6044	0.3975
3374.840	70.8498	0.4188
3377.220	72.4293	0.5025
3379.600	70.9714	0.3351
3381.980	69.5859	0.3386
3384.360	70.8926	0.3575
3386.740	72.6690	0.4418
3389.120	73.3345	0.4001
3391.500	71.7070	0.3651
3393.880	71.1927	0.4304
3396.260	73.5937	0.3720
3398.640	76.0729	0.4741
3401.020	76.0719	0.4918
3403.400	73.8867	0.3824
3405.780	72.4627	0.3573
3408.160	72.1891	0.3271
3410.540	72.1900	0.3469
3412.920	70.8071	0.3852
3415.300	70.6272	0.3532
3417.680	72.6022	0.4102
3420.060	74.7457	0.4546
3422.440	74.6610	0.3977
3424.820	73.7493	0.3254
3427.200	74.0320	0.3294
3429.580	75.5632	0.4210
3431.960	75.7328	0.4568
3434.340	75.1136	0.4455
3436.720	74.1195	0.4578
3439.100	69.9428	0.3876
3441.480	64.9372	0.3810
3443.860	64.9262	0.3608
3446.240	69.3641	0.3297
3448.620	72.9952	0.4372
3451.000	74.0960	0.4286
3453.380	74.0070	0.4208
3455.760	75.1330	0.3841
3458.140	75.4016	0.3372
3460.520	73.8659	0.3527
3462.900	73.8910	0.3500
3465.280	74.3397	0.4672
3467.660	75.0758	0.4319
3470.040	75.8087	0.4622
3472.420	74.4993	0.3821
3474.800	71.2397	0.3495
3477.180	70.6134	0.3981
3479.560	74.6770	0.5005
3481.940	77.4559	0.4530
3484.320	77.1785	0.3994
3486.700	76.5999	0.4104
3489.080	75.3098	0.3671
3491.460	72.5397	0.3751
3493.840	72.1860	0.3283
3496.220	73.4489	0.3457
3498.600	74.7822	0.3403
3500.980	76.1397	0.4290
3503.360	76.9875	0.4573
3505.740	77.3449	0.4181
3508.120	76.6208	0.3681
3510.500	75.3006	0.3441
3512.880	73.5987	0.3455
3515.260	73.4019	0.3468
3517.640	75.2887	0.2985
3520.020	75.0249	0.3165
3522.400	72.4098	0.3434
3524.780	69.0118	0.4454
3527.160	68.7414	0.3118
3529.540	72.9778	0.3137
3531.920	76.8588	0.3507
3534.300	78.2859	0.3244
3536.680	78.7405	0.3323
3539.060	78.8889	0.3442
3541.440	78.8733	0.3676
3543.820	79.3358	0.3853
3546.200	80.0516	0.4370
3548.580	80.5853	0.3902
3550.960	80.2789	0.4078
3553.340	78.7832	0.4076
3555.720	76.8752	0.4165
3558.100	76.9166	0.4251
3560.480	78.4368	0.3993
3562.860	78.4976	0.3476
3565.240	74.9121	0.3360
3567.620	71.1119	0.2911
3570.000	68.6377	0.3776
3572.380	69.2485	0.3157
3574.760	72.4688	0.3290
3577.140	74.4693	0.3628
3579.520	72.7436	0.3725
3581.900	69.2970	0.3444
3584.280	67.7619	0.3447
3586.660	67.2325	0.3255
3589.040	70.2028	0.3175
3591.420	75.0164	0.3679
3593.800	77.2852	0.4681
3596.180	77.9342	0.5032
3598.560	79.3271	0.4630
3600.940	79.7161	0.3608
3603.320	77.4963	0.3388
3605.700	75.1851	0.3499
3608.080	72.7621	0.3026
3610.460	72.1458	0.3700
3612.840	73.8448	0.4699
3615.220	75.6384	0.4276
3617.600	74.3776	0.3044
3619.980	72.0859	0.3794
3622.360	74.1955	0.3560
3624.740	77.6925	0.5071
3627.120	79.5631	0.4933
3629.500	77.9200	0.3991
3631.880	74.3099	0.4166
3634.260	74.1845	0.3923
3636.640	76.9726	0.3927
3639.020	79.0267	0.3695
3641.400	79.4215	0.3602
3643.780	77.7103	0.3596
3646.160	75.5446	0.3289
3648.540	74.4230	0.3459
3650.920	75.7594	0.2973
3653.300	79.0020	0.3882
3655.680	81.4577	0.3942
3658.060	82.3958	0.3756
3660.440	82.7721	0.3246
3662.820	82.5254	0.3171
3665.200	82.5272	0.3311
3667.580	82.0366	0.3322
3669.960	81.1890	0.3791
3672.340	81.1775	0.4415
3674.720	81.5791	0.3992
3677.100	80.5426	0.3587
3679.480	79.1102	0.3268
3681.860	78.0553	0.3348
3684.240	77.5781	0.3511
3686.620	77.0362	0.3609
3689.000	77.8934	0.3655
3691.380	80.9313	0.3739
3693.760	82.4576	0.3919
3696.140	82.9993	0.3877
3698.520	83.5351	0.3859
3700.900	83.4376	0.5317
3703.280	80.5199	0.4181
3705.660	76.0483	0.3579
3708.040	74.5079	0.3048
3710.420	76.5317	0.3455
3712.800	80.1809	0.4085
3715.180	83.3591	0.4760
3717.560	81.8999	0.3645
3719.940	75.0214	0.4093
3722.320	70.8856	0.3034
3724.700	75.2344	0.3558
3727.080	80.5494	0.4423
3729.460	82.1360	0.4202
3731.840	78.1064	0.4319
3734.220	69.2443	0.3702
3736.600	64.9508	0.2835
3738.980	71.0453	0.4455
3741.360	79.0866	0.4712
3743.740	78.9641	0.3128
3746.120	72.4103	0.3263
3748.500	66.3971	0.3267
3750.880	67.9283	0.3516
3753.260	76.4035	0.6040
3755.640	82.4998	0.4735
3758.020	82.1282	0.3230
3760.400	80.4674	0.3190
3762.780	81.4163	0.3589
3765.160	81.8814	0.3519
3767.540	80.2125	0.3426
3769.920	77.6935	0.3573
3772.300	78.5829	0.3431
3774.680	83.8321	0.3375
3777.060	88.4766	0.3359
3779.440	91.5887	0.3382
3781.820	93.1108	0.3679
3784.200	92.3340	0.3582
3786.580	89.7894	0.4263
3788.960	88.3427	0.3470
3791.340	87.7495	0.3671
3793.720	84.9691	0.3639
3796.100	78.7691	0.3783
3798.480	73.8462	0.3358
3800.860	77.5289	0.3235
3803.240	85.4629	0.3555
3805.620	89.4308	0.4207
3808.000	90.2431	0.3521
3810.380	90.7276	0.4022
3812.760	89.0565	0.4046
3815.140	85.5414	0.4974
3817.520	84.0808	0.4783
3819.900	83.0230	0.4800
3822.280	81.2789	0.3838
3824.660	78.6662	0.3013
3827.040	75.8776	0.2834
3829.420	74.0265	0.2818
3831.800	70.9501	0.2760
3834.180	65.7310	0.2991
3836.560	63.1893	0.2697
3838.940	65.8825	0.3082
3841.320	73.4714	0.2923
3843.700	82.7927	0.4723
3846.080	89.1052	0.4981
3848.460	91.2873	0.4200
3850.840	91.4047	0.3841
3853.220	91.8463	0.3406
3855.600	90.7316	0.3250
3857.980	86.8024	0.3591
3860.360	84.4696	0.3319
3862.740	87.0232	0.5358
3865.120	91.4440	0.5803
3867.500	93.6082	0.4001
3869.880	92.7656	0.4212
3872.260	89.0586	0.3201
3874.640	86.5483	0.3386
3877.020	85.9429	0.3254
3879.400	86.3278	0.3490
3881.780	88.1782	0.3746
3884.160	86.4991	0.3851
3886.540	78.5353	0.3792
3888.920	71.0942	0.3551
3891.300	73.1004	0.2681
3893.680	79.6369	0.3127
3896.060	83.4977	0.3705
3898.440	84.8994	0.3181
3900.820	85.2850	0.2930
3903.200	84.9178	0.2825
3905.580	84.2971	0.2965
3907.960	86.6388	0.3222
3910.340	90.2993	0.4313
3912.720	92.0134	0.4722
3915.100	91.1727	0.4406
3917.480	89.6330	0.3946
3919.860	87.1592	0.3979
3922.240	85.0101	0.3861
3924.620	84.2288	0.3755
3927.000	79.9034	0.4324
3929.380	67.4121	0.3499
3931.760	49.0149	0.4452
3934.140	35.2633	0.3373
3936.520	41.1812	0.2870
3938.900	60.7814	0.3411
3941.280	76.6049	0.3646
3943.660	83.4234	0.4616
3946.040	86.7260	0.3475
3948.420	88.6559	0.4205
3950.800	89.8104	0.4422
3953.180	90.6624	0.4818
3955.560	90.3929	0.4408
3957.940	89.6292	0.4689
3960.320	87.6783	0.4834
3962.700	82.3691	0.4107
3965.080	70.5955	0.4724
3967.460	52.6923	0.4687
3969.840	41.9921	0.4006
3972.220	52.6624	0.2847
3974.600	71.5148	0.3805
3976.980	84.3422	0.4625
3979.360	90.3561	0.5685
3981.740	93.2033	0.5938
3984.120	94.3403	0.4263
3986.500	94.9807	0.3991
3988.880	95.8840	0.4293
3991.260	97.1570	0.4271
3993.640	97.7089	0.3994
3996.020	96.7446	0.4025
3998.400	95.9077	0.3925
4000.780	96.5505	0.4142
4003.160	97.1433	0.4380
4005.540	96.2497	0.3942
4007.920	96.4150	0.3495
4010.300	97.9589	0.3897
4012.680	98.8564	0.3795
4015.060	98.9187	0.3690
4017.440	98.7355	0.3412
4019.820	99.2035	0.3858
4022.200	99.4586	0.4681
4024.580	99.4391	0.5306
4026.960	98.9398	0.4045
4029.340	97.4974	0.3507
4031.720	95.3487	0.3016
4034.100	94.8818	0.2991
4036.480	96.7653	0.3347
4038.860	99.2404	0.3723
4041.240	99.9175	0.3602
4043.620	97.5355	0.3925
4046.000	93.6560	0.3253
4048.380	94.2858	0.3353
4050.760	97.9392	0.3784
4053.140	99.6161	0.3699
4055.520	99.2925	0.3496
4057.900	98.6357	0.3556
4060.280	97.9701	0.3467
4062.660	96.3447	0.3228
4065.040	94.2220	0.3332
4067.420	95.1499	0.3514
4069.800	96.2912	0.3726
4072.180	95.9105	0.3673
4074.560	95.9932	0.3776
4076.940	96.4731	0.3903
4079.320	96.8342	0.3745
4081.700	98.4805	0.3712
4084.080	99.3336	0.3643
4086.460	99.4399	0.4073
4088.840	100.1509	0.4351
4091.220	100.3772	0.4261
4093.600	99.2961	0.4408
4095.980	97.4232	0.4998
4098.360	93.2725	0.5802
4100.740	84.9043	0.5639
4103.120	79.8040	0.3983
4105.500	85.0506	0.3567
4107.880	92.6707	0.3410
4110.260	96.7050	0.3558
4112.640	98.9113	0.3458
4115.020	99.6717	0.3586
4117.400	99.9811	0.3578
4119.780	99.4180	0.3657
4122.160	99.1098	0.3487
4124.540	99.9399	0.3942
4126.920	100.4640	0.3874
4129.300	99.9885	0.3561
4131.680	98.8036	0.3768
4134.060	97.8344	0.3881
4136.440	98.6699	0.4052
4138.820	100.4904	0.3983
4141.200	100.2211	0.4329
4143.580	98.5605	0.4061
4145.960	97.3148	0.3406
4148.340	98.6787	0.3705
4150.720	99.7663	0.3871
4153.100	99.6556	0.3752
4155.480	98.8815	0.3959
4157.860	98.8140	0.3769
4160.240	99.9818	0.3867
4162.620	100.9781	0.4122
4165.000	101.2521	0.3782
4167.380	100.6665	0.3864
4169.760	100.2843	0.3197
4172.140	98.8523	0.3592
4174.520	97.7278	0.3835
4176.900	97.3929	0.3278
4179.280	98.3329	0.3444
4181.660	98.9467	0.3197
4184.040	98.4181	0.3211
4186.420	97.4154	0.3438
4188.800	96.6098	0.3887
4191.180	97.4431	0.4434
4193.560	98.8831	0.3869
4195.940	98.5071	0.4007
4198.320	97.0059	0.4417
4200.700	95.3666	0.3935
4203.080	95.5855	0.3425
4205.460	96.8964	0.3660
4207.840	98.1980	0.3268
4210.220	98.4254	0.3531
4212.600	98.3295	0.3645
4214.980	97.8581	0.3689
4217.360	96.5985	0.3242
4219.740	96.4884	0.3430
4222.120	96.9996	0.3068
4224.500	94.7329	0.4503
4226.880	89.6941	0.3005
4229.260	90.2157	0.3030
4231.640	94.6467	0.4340
4234.020	96.4612	0.3538
4236.400	95.7784	0.3207
4238.780	95.7385	0.3178
4241.160	97.0585	0.3397
4243.540	97.5863	0.3425
4245.920	97.0683	0.3289
4248.300	95.3483	0.3459
4250.680	93.6974	0.3468
4253.060	94.2701	0.3434
4255.440	95.1670	0.3480
4257.820	96.3578	0.3411
4260.200	95.7278	0.3317
4262.580	95.3926	0.3447
4264.960	96.7969	0.3754
4267.340	97.1003	0.3655
4269.720	94.8594	0.3592
4272.100	91.7072	0.3871
4274.480	90.6071	0.3206
4276.860	93.2784	0.3352
4279.240	95.3066	0.3403
4281.620	94.7364	0.3287
4284.000	93.5259	0.3464
4286.380	93.0529	0.3455
4288.760	91.7082	0.3713
4291.140	89.9473	0.3310
4293.520	89.6859	0.3504
4295.900	89.6630	0.3597
4298.280	86.4557	0.3529
4300.660	82.4163	0.3171
4303.040	80.6299	0.3094
4305.420	80.2811	0.2807
4307.800	79.2684	0.3547
4310.180	78.3139	0.3959
4312.560	80.9630	0.3250
4314.940	87.7417	0.3937
4317.320	94.1984	0.5734
4319.700	97.9526	0.4771
4322.080	96.8644	0.3873
4324.460	92.9879	0.4550
4326.840	90.9902	0.3688
4329.220	94.0867	0.3967
4331.600	97.3220	0.4861
4333.980	97.4898	0.4657
4336.360	94.4319	0.5021
4338.740	87.5657	0.6402
4341.120	79.9885	0.5041
4343.500	81.2643	0.3360
4345.880	89.7136	0.3413
4348.260	95.4713	0.3265
4350.640	96.4013	0.3337
4353.020	95.4137	0.3088
4355.400	95.8977	0.2995
4357.780	97.0644	0.3037
4360.160	97.9339	0.3351
4362.540	98.5160	0.3504
4364.920	98.8496	0.3407
4367.300	98.5164	0.3723
4369.680	97.8730	0.3939
4372.060	97.3868	0.3608
4374.440	96.9097	0.3635
4376.820	96.9607	0.3914
4379.200	97.4422	0.4097
4381.580	96.4133	0.3917
4383.960	93.7046	0.3949
4386.340	93.8069	0.4456
4388.720	96.3396	0.3926
4391.100	98.1294	0.3315
4393.480	98.4050	0.3556
4395.860	98.3457	0.3425
4398.240	98.7339	0.3205
4400.620	99.0770	0.3199
4403.000	98.1283	0.3979
4405.380	96.8625	0.3218
4407.760	97.4533	0.3288
4410.140	99.3527	0.3549
4412.520	100.6238	0.3543
4414.900	99.8348	0.3244
4417.280	98.9381	0.3695
4419.660	99.8400	0.3480
4422.040	100.8813	0.3681
4424.420	100.7849	0.3656
4426.800	100.1478	0.3447
4429.180	100.0750	0.3460
4431.560	100.7224	0.3675
4433.940	100.5660	0.3444
4436.320	99.9851	0.3587
4438.700	100.6891	0.3362
4441.080	100.6106	0.3797
4443.460	100.0099	0.3292
4445.840	99.7830	0.3451
4448.220	100.0080	0.3601
4450.600	100.6105	0.3588
4452.980	100.7435	0.3587
4455.360	100.1030	0.3483
4457.740	99.4044	0.3629
4460.120	99.6290	0.3298
4462.500	100.1550	0.3233
4464.880	100.7487	0.3993
4467.260	100.8097	0.5440
4469.640	100.5725	0.5364
4472.020	100.7410	0.3995
4474.400	101.3145	0.3083
4476.780	101.6477	0.3326
4479.160	101.5188	0.3224
4481.540	100.9877	0.3217
4483.920	100.5734	0.3239
4486.300	101.1564	0.3270
4488.680	101.5396	0.3330
4491.060	101.4794	0.3374
4493.440	101.2897	0.3961
4495.820	101.3122	0.3696
4498.200	101.7839	0.3780
4500.580	101.9195	0.3830
4502.960	101.9558	0.3818
4505.340	102.2289	0.4089
4507.720	102.6225	0.3897
4510.100	102.8397	0.3679
4512.480	102.5916	0.3533
4514.860	102.5564	0.3417
4517.240	102.4186	0.3675
4519.620	102.4452	0.3556
4522.000	101.8953	0.3908
4524.380	101.4458	0.3372
4526.760	100.7926	0.3601
4529.140	99.8685	0.3782
4531.520	99.1665	0.4228
4533.900	99.0263	0.4306
4536.280	99.7135	0.4590
4538.660	101.0129	0.5050
4541.040	102.0416	0.4233
4543.420	102.3019	0.3817
4545.800	101.9012	0.3875
4548.180	100.8475	0.3526
4550.560	99.9583	0.3354
4552.940	99.7934	0.3277
4555.320	100.2795	0.3192
4557.700	100.9010	0.3142
4560.080	101.7798	0.3319
4562.460	101.8563	0.3373
4564.840	101.6978	0.3152
4567.220	102.0041	0.3338
4569.600	101.7593	0.3248
4571.980	101.2670	0.3600
4574.360	101.5168	0.3575
4576.740	102.3039	0.3621
4579.120	102.1996	0.3764
4581.500	101.6381	0.3722
4583.880	101.4329	0.3584
4586.260	101.3292	0.3674
4588.640	101.5073	0.4096
4591.020	101.6970	0.3683
4593.400	101.5136	0.3332
4595.780	101.7257	0.3587
4598.160	102.1317	0.3342
4600.540	102.0521	0.3498
4602.920	101.4207	0.3706
4605.300	101.4533	0.4112
4607.680	101.7216	0.3996
4610.060	101.9538	0.3796
4612.440	102.0822	0.3585
4614.820	101.7982	0.3436
4617.200	101.8588	0.3519
4619.580	102.0028	0.3377
4621.960	101.9268	0.3488
4624.340	101.9840	0.3580
4626.720	101.9836	0.3556
4629.100	102.0621	0.3735
4631.480	101.9539	0.3833
4633.860	102.0149	0.3351
4636.240	102.1308	0.3178
4638.620	102.0839	0.3655
4641.000	101.9336	0.4123
4643.380	101.3758	0.3644
4645.760	101.0345	0.3344
4648.140	101.2967	0.3309
4650.520	101.0775	0.3842
4652.900	100.9095	0.3905
4655.280	101.1584	0.3637
4657.660	101.1133	0.3677
4660.040	101.6927	0.3589
4662.420	102.5080	0.3554
4664.800	102.1474	0.3862
4667.180	101.7060	0.3881
4669.560	101.4269	0.3806
4671.940	101.4051	0.3583
4674.320	101.7185	0.4153
4676.700	101.8774	0.4397
4679.080	101.9756	0.4710
4681.460	102.1289	0.5898
4683.840	102.5837	0.6161
4686.220	102.1617	0.6190
4688.600	101.4597	0.5162
4690.980	101.2177	0.3196
4693.360	101.2836	0.3109
4695.740	101.4354	0.3094
4698.120	101.5929	0.2973
4700.500	101.2783	0.3125
4702.880	100.3849	0.3611
4705.260	99.9873	0.3938
4707.640	100.3592	0.3374
4710.020	101.2689	0.3817
4712.400	101.6529	0.4200
4714.780	101.4738	0.3679
4717.160	101.3600	0.3433
4719.540	101.6001	0.3424
4721.920	101.5698	0.3589
4724.300	101.5290	0.3633
4726.680	101.4686	0.3787
4729.060	101.6216	0.4010
4731.440	101.3084	0.4169
4733.820	100.9636	0.3704
4736.200	100.8169	0.3713
4738.580	100.6639	0.3224
4740.960	101.0820	0.3610
4743.340	101.4678	0.3688
4745.720	101.5779	0.4069
4748.100	101.7958	0.3776
4750.480	101.7019	0.3780
4752.860	101.2682	0.3795
4755.240	100.9618	0.3987
4757.620	100.8372	0.3431
4760.000	100.6792	0.3625
4762.380	100.6646	0.3879
4764.760	100.9088	0.3749
4767.140	100.9785	0.3761
4769.520	100.8782	0.4156
4771.900	100.7898	0.3777
4774.280	100.9249	0.3557
4776.660	100.9104	0.3470
4779.040	100.7181	0.3332
4781.420	100.6619	0.3388
4783.800	100.6149	0.3516
4786.180	100.6892	0.3292
4788.560	100.5115	0.3363
4790.940	100.0805	0.3440
4793.320	100.4125	0.3343
4795.700	100.7612	0.3562
4798.080	100.5582	0.3550
4800.460	100.6237	0.3515
4802.840	100.7541	0.3649
4805.220	100.6385	0.3803
4807.600	100.4534	0.3805
4809.980	100.5856	0.3898
4812.360	100.7537	0.3378
4814.740	100.4987	0.3273
4817.120	100.3876	0.3559
4819.500	100.3583	0.3845
4821.880	100.4645	0.4002
4824.260	100.4875	0.3566
4826.640	100.7871	0.3682
4829.020	100.4884	0.4048
4831.400	100.3227	0.4124
4833.780	100.3328	0.3855
4836.160	99.9903	0.3869
4838.540	100.1061	0.3806
4840.920	100.0054	0.3754
4843.300	99.5981	0.4244
4845.680	99.1368	0.4571
4848.060	99.0166	0.4210
4850.440	99.0843	0.4226
4852.820	98.4672	0.4553
4855.200	96.8109	0.4898
4857.580	93.0055	0.5657
4859.960	85.5722	0.5523
4862.340	78.8386	0.4562
4864.720	81.4483	0.2764
4867.100	89.3831	0.2792
4869.480	94.1830	0.2889
4871.860	95.1634	0.2977
4874.240	95.9848	0.3153
4876.620	96.9079	0.3476
4879.000	97.6627	0.3581
4881.380	98.3612	0.3632
4883.760	98.4632	0.3927
4886.140	98.7710	0.3556
4888.520	98.3287	0.3869
4890.900	96.9561	0.3549
4893.280	96.6538	0.3571
4895.660	98.0922	0.3739
4898.040	99.1937	0.4051
4900.420	99.4948	0.3540
4902.800	99.3783	0.3654
4905.180	99.1403	0.3804
4907.560	99.3029	0.3763
4909.940	99.3365	0.3616
4912.320	99.3008	0.3644
4914.700	99.1775	0.3765
4917.080	98.8669	0.4716
4919.460	97.4569	0.5384
4921.840	96.3370	0.4738
4924.220	96.6143	0.3408
4926.600	97.7757	0.3528
4928.980	98.8236	0.3524
4931.360	99.3541	0.3269
4933.740	98.9561	0.3558
4936.120	98.7820	0.4266
4938.500	98.7950	0.3866
4940.880	98.1893	0.3914
4943.260	98.6783	0.3615
4945.640	99.5034	0.3295
4948.020	99.8443	0.3537
4950.400	99.7712	0.4079
4952.780	99.6070	0.3774
4955.160	98.9933	0.3776
4957.540	96.7082	0.3758
4959.920	96.1296	0.3431
4962.300	97.9315	0.3551
4964.680	99.1638	0.3666
4967.060	99.1005	0.3522
4969.440	99.0599	0.3649
4971.820	99.4614	0.3609
4974.200	99.5260	0.3807
4976.580	99.8030	0.3892
4978.960	99.3693	0.4255
4981.340	98.3365	0.4084
4983.720	97.2146	0.3793
4986.100	96.9145	0.3802
4988.480	97.7207	0.3887
4990.860	98.3143	0.3545
4993.240	98.1691	0.3650
4995.620	98.1061	0.3705
4998.000	98.3221	0.3775
5000.380	98.3065	0.3703
5002.760	97.9552	0.3888
5005.140	97.2147	0.3997
5007.520	96.6981	0.3840
5009.900	97.0182	0.4176
5012.280	97.1789	0.4074
5014.660	96.9429	0.3950
5017.040	96.7112	0.3581
5019.420	96.7165	0.3649
5021.800	97.1290	0.3817
5024.180	97.6414	0.4025
5026.560	97.9110	0.3813
5028.940	98.0113	0.3704
5031.320	98.0023	0.3971
5033.700	98.3943	0.4111
5036.080	97.7924	0.4234
5038.460	96.8992	0.4118
5040.840	96.3087	0.4030
5043.220	96.2457	0.3837
5045.600	97.1782	0.4048
5047.980	97.7235	0.3984
5050.360	97.1657	0.3601
5052.740	96.9701	0.3673
5055.120	97.6512	0.3828
5057.500	98.1243	0.3958
5059.880	98.2093	0.3908
5062.260	98.0971	0.3581
5064.640	97.9070	0.3570
5067.020	97.6288	0.4079
5069.400	97.6211	0.3948
5071.780	97.6515	0.3902
5074.160	97.7149	0.3961
5076.540	97.5388	0.3858
5078.920	97.1435	0.3872
5081.300	96.4538	0.3647
5083.680	96.4644	0.3640
5086.060	97.0417	0.3707
5088.440	97.4090	0.3899
5090.820	97.3997	0.3906
5093.200	97.4749	0.3896
5095.580	97.5179	0.4021
5097.960	97.2367	0.4282
5098.200	97.5796	0.3651
5100.340	97.1967	0.4182
5101.130	97.5238	0.4205
5102.720	97.2459	0.4007
5104.060	97.2997	0.4025
5105.100	97.0983	0.3793
5106.990	97.1860	0.3424
5107.480	96.5841	0.3447
5109.860	96.0326	0.3559
5109.920	96.7582	0.3505
5112.240	96.2607	0.3285
5112.850	96.7345	0.3527
5114.620	96.7812	0.3846
5115.780	97.1911	0.3926
5117.000	97.1486	0.3884
5118.710	97.0861	0.4013
5119.380	97.2257	0.3894
5121.640	97.1925	0.3789
5121.760	97.2197	0.4152
5124.140	96.6047	0.3800
5124.570	96.3985	0.4387
5126.520	96.1776	0.3785
5127.500	96.6530	0.3309
5128.900	96.3291	0.3402
5130.430	96.7505	0.3381
5131.280	96.4538	0.4006
5133.360	96.3340	0.3694
5133.660	96.4497	0.3995
5136.040	96.0697	0.3981
5136.290	95.5258	0.3706
5138.420	95.2237	0.4018
5139.220	94.9990	0.3830
5140.800	94.4969	0.4200
5142.150	95.0790	0.3786
5143.180	94.8183	0.4259
5145.080	95.5238	0.3907
5145.560	95.6512	0.4413
5147.940	96.1419	0.4424
5148.010	95.5601	0.3934
5150.320	96.0414	0.4014
5150.940	95.9413	0.3198
5153.870	96.0476	0.3710
5156.800	96.2864	0.3482
5159.730	95.9710	0.3663
5162.660	95.5575	0.3826
5165.590	92.7862	0.5783
5168.520	90.5395	0.4453
5171.450	88.4220	0.3327
5174.380	89.0853	0.3698
5177.310	91.3616	0.4259
5180.240	91.8977	0.3719
5183.170	90.9860	0.4654
5186.100	90.4309	0.3815
5189.030	91.0447	0.3715
5191.960	92.8136	0.3517
5194.890	93.6704	0.3423
5197.820	94.6133	0.3356
5200.750	94.8908	0.3614
5203.680	94.5831	0.3225
5206.610	93.9174	0.3657
5209.540	93.9159	0.3347
5212.470	94.3252	0.3925
5215.400	94.4192	0.3405
5218.330	95.0580	0.3251
5221.260	95.7056	0.3215
5224.190	95.0296	0.3219
5227.120	94.4903	0.3655
5230.050	94.0863	0.3270
5232.980	93.8497	0.3231
5235.910	94.3634	0.3386
5238.840	95.6529	0.3758
5241.770	95.9648	0.3506
5244.700	95.9393	0.3099
5247.630	96.0151	0.3151
5250.560	95.5472	0.3368
5253.490	95.5372	0.3347
5256.420	95.9024	0.3091
5259.350	95.6592	0.2999
5262.280	94.4094	0.3650
5265.210	93.5485	0.3341
5268.140	92.3279	0.2969
5271.070	91.6597	0.3377
5274.000	92.4727	0.3442
5276.930	93.8676	0.3314
5279.860	94.4784	0.2771
5282.790	94.5063	0.2879
5285.720	94.7748	0.3263
5288.650	95.2287	0.3106
5291.580	95.4619	0.3096
5294.510	95.3161	0.3133
5297.440	95.2918	0.3171
5300.370	95.0978	0.3073
5303.300	94.9948	0.3226
5306.230	95.4423	0.3014
5309.160	95.2888	0.3015
5312.090	95.2175	0.2871
5315.020	95.0567	0.3119
5317.950	94.8934	0.3316
5320.880	94.7061	0.3334
5323.810	94.0191	0.3485
5326.740	92.3302	0.3578
5329.670	92.0601	0.3335
5332.600	92.8207	0.3290
5335.530	93.7260	0.3068
5338.460	93.9699	0.3282
5341.390	93.7014	0.3204
5344.320	93.8779	0.3180
5347.250	94.0777	0.3134
5350.180	94.1671	0.2986
5353.110	93.9985	0.3490
5356.040	94.3418	0.3219
5358.970	94.6170	0.3005
5361.900	94.5074	0.3384
5364.830	94.3612	0.3319
5367.760	93.4869	0.2850
5370.690	92.4898	0.3053
5373.620	92.8617	0.3302
5376.550	93.7457	0.3529
5379.480	93.8247	0.2846
5382.410	93.7387	0.3144
5385.340	93.6272	0.2905
5388.270	93.6650	0.2824
5391.200	93.5190	0.3093
5394.130	92.9695	0.2975
5397.060	92.4575	0.2897
5399.990	91.9930	0.2985
5402.920	91.7861	0.3259
5405.850	91.7968	0.3358
5408.780	91.8532	0.3277
5411.710	92.2419	0.3224
5414.640	92.9682	0.3273
5417.570	93.4235	0.2871
5420.500	93.3104	0.2909
5423.430	93.2882	0.2786
5426.360	92.8823	0.3115
5429.290	92.2924	0.2821
5432.220	91.9850	0.2725
5435.150	92.1425	0.3001
5438.080	92.3629	0.3010
5441.010	92.9580	0.3073
5443.940	92.7303	0.3242
5446.870	92.3735	0.2742
5449.800	92.1973	0.2829
5452.730	91.9311	0.2552
5455.660	91.8992	0.2383
5458.590	91.8710	0.2505
5461.520	92.0653	0.2431
5464.450	92.3182	0.2446
5467.380	92.5120	0.2629
5470.310	92.7295	0.2769
5473.240	92.7479	0.2763
5476.170	92.4239	0.2902
5479.100	92.0442	0.2891
5482.030	91.9349	0.2750
5484.960	92.2077	0.2615
5487.890	92.6117	0.2423
5490.820	92.5281	0.2712
5493.750	92.5232	0.2777
5496.680	92.2404	0.2774
5499.610	91.9244	0.2563
5502.540	91.7511	0.2547
5505.470	91.6942	0.2663
5508.400	91.6359	0.2949
5511.330	91.6010	0.3050
5514.260	91.8867	0.2857
5517.190	92.3493	0.2775
5520.120	92.3724	0.2759
5523.050	92.3978	0.2854
5525.980	92.1428	0.2566
5528.910	91.3073	0.2746
5531.840	91.0542	0.3134
5534.770	91.4216	0.3146
5537.700	91.7888	0.3155
5540.630	92.0598	0.2898
5543.560	92.0723	0.2567
5546.490	91.8584	0.2713
5549.420	91.9364	0.2752
5552.350	91.7681	0.2781
5555.280	91.7515	0.2803
5558.210	91.7641	0.2920
5561.140	91.7360	0.3065
5564.070	91.4976	0.3036
5567.000	91.2596	0.2689
5569.930	90.9181	0.2642
5572.860	90.6335	0.2843
5575.790	90.2299	0.3293
5578.720	90.4984	0.3160
5581.650	90.6933	0.2931
5584.580	90.5275	0.3126
5587.510	90.0663	0.3182
5590.440	89.7419	0.2994
5593.370	89.8203	0.2863
5596.300	89.9796	0.2850
5599.230	89.9199	0.2777
5602.160	90.0757	0.2708
5605.090	90.2241	0.2882
5608.020	90.5087	0.3123
5610.950	90.6541	0.2938
5613.880	90.2613	0.2718
5616.810	90.0881	0.2890
5619.740	90.3424	0.2778
5622.670	90.5406	0.2719
5625.600	90.4767	0.2814
5628.530	90.3316	0.3111
5631.460	90.4982	0.2950
5634.390	90.8054	0.2971
5637.320	90.4986	0.2999
5640.250	90.1123	0.3364
5643.180	90.2284	0.2911
5646.110	90.2049	0.2872
5649.040	90.3238	0.2955
5651.970	90.3228	0.2718
5654.900	90.2739	0.2642
5657.830	90.1862	0.2974
5660.760	90.0233	0.2794
5663.690	90.1475	0.2683
5666.620	90.0376	0.2711
5669.550	90.0432	0.2771
5672.480	90.0979	0.2942
5675.410	90.0737	0.3199
5678.340	89.8549	0.3149
5681.270	89.8167	0.3259
5684.200	89.7213	0.2836
5687.130	89.9256	0.2868
5690.060	90.1286	0.2738
5692.990	90.0266	0.2876
5695.920	89.7835	0.2827
5698.850	89.7514	0.2783
5701.780	89.6989	0.2682
5704.710	89.6491	0.2878
5707.640	89.4716	0.3380
5710.570	89.1498	0.3154
5713.500	88.9347	0.3058
5716.430	89.2264	0.3068
5719.360	89.1376	0.2979
5722.290	89.2983	0.2734
5725.220	89.5048	0.2692
5728.150	89.4338	0.2635
5731.080	89.3304	0.2633
5734.010	89.1879	0.2403
5736.940	89.2799	0.2555
5739.870	89.1820	0.2461
5742.800	89.1612	0.2680
5745.730	89.3066	0.2663
5748.660	89.2448	0.2819
5751.590	89.0779	0.2726
5754.520	88.6399	0.2935
5757.450	88.5674	0.3029
5760.380	88.6348	0.2955
5763.310	88.7710	0.2740
5766.240	88.5547	0.2825
5769.170	88.5704	0.2785
5772.100	88.7664	0.2568
5775.030	88.7094	0.2523
5777.960	88.7723	0.2518
5780.890	88.8231	0.2654
5783.820	88.6571	0.2781
5786.750	88.4749	0.2764
5789.680	88.3534	0.2837
5792.610	88.2651	0.2727
5795.540	88.2338	0.2768
5798.470	88.0445	0.2698
5801.400	88.0835	0.2928
5804.330	87.9325	0.3011
5807.260	88.0532	0.3153
5810.190	87.8736	0.2942
5813.120	88.0104	0.2738
5816.050	88.0751	0.2741
5818.980	88.1224	0.2608
5821.910	88.0243	0.2564
5824.840	87.9331	0.2600
5827.770	87.7787	0.2774
5830.700	87.7847	0.2803
5833.630	87.9297	0.2567
5836.560	87.7681	0.2586
5839.490	87.5123	0.2792
5842.420	87.6063	0.2625
5845.350	87.5656	0.2654
5848.280	87.4971	0.2655
5851.210	87.2517	0.2897
5854.140	87.3194	0.3119
5857.070	87.0140	0.3146
5860.000	86.6846	0.3014
5862.930	86.7767	0.2963
5865.860	87.1066	0.3016
5868.790	87.3679	0.3291
5871.720	87.8689	0.5670
5874.650	88.3182	0.6329
5877.580	87.7514	0.4266
5880.510	87.1769	0.2535
5883.440	86.7000	0.2426
5886.370	86.1591	0.3280
5889.300	85.5223	0.4353
5892.230	84.8147	0.3918
5895.160	84.7112	0.3278
5898.090	85.0552	0.2769
5901.020	85.5699	0.2903
5903.950	86.3265	0.2970
5906.880	86.3791	0.2905
5909.810	86.4294	0.2821
5912.740	86.4907	0.2681
5915.670	86.4841	0.2576
5918.600	86.4098	0.2685
5921.530	86.2451	0.3053
5924.460	86.3051	0.3081
5927.390	86.4415	0.3098
5930.320	86.3484	0.2922
5933.250	86.4048	0.2768
5936.180	86.2825	0.2576
5939.110	86.2131	0.2458
5942.040	85.9896	0.2993
5944.970	85.9009	0.3061
5947.900	86.0119	0.2928
5950.830	86.0710	0.2824
5953.760	86.0013	0.2739
5956.690	85.8722	0.2866
5959.620	85.8762	0.2530
5962.550	85.9656	0.2569
5965.480	85.8495	0.2562
5968.410	85.7913	0.2814
5971.340	85.7669	0.3062
5974.270	85.8916	0.3043
5977.200	85.7168	0.3058
5980.130	85.4937	0.2851
5983.060	85.3439	0.2879
5985.990	85.4716	0.2970
5988.920	85.3922	0.2787
5991.850	85.2113	0.2887
5994.780	85.2403	0.2860
5997.710	85.2571	0.2976
6000.640	85.0380	0.3276
6003.570	84.9825	0.3241
6006.500	85.0955	0.3202
6009.430	85.0605	0.3102
6012.360	85.0105	0.2759
6015.290	85.0251	0.2648
6018.220	84.8959	0.2733
6021.150	84.8807	0.2678
6024.080	84.7654	0.2845
6027.010	84.7173	0.2567
6029.940	84.7108	0.2696
6032.870	84.4582	0.2716
6035.800	84.5611	0.2829
6038.730	84.8309	0.2412
6041.660	84.8391	0.2556
6044.590	84.5262	0.2745
6047.520	84.4669	0.2766
6050.450	84.5028	0.2904
6053.380	84.3178	0.3060
6056.310	84.2702	0.3004
6059.240	84.2002	0.2941
6062.170	84.1280	0.2861
6065.100	84.0876	0.2729
6068.030	83.9698	0.2583
6070.960	84.0125	0.2646
6073.890	84.0967	0.2500
6076.820	84.2918	0.2709
6079.750	84.0621	0.2627
6082.680	83.8212	0.2656
6085.610	83.6758	0.2907
6088.540	83.7424	0.2601
6091.470	83.6531	0.2778
6094.400	83.4912	0.2738
6097.330	83.4862	0.2635
6100.260	83.6356	0.2748
6103.190	83.5930	0.2632
6106.120	83.2201	0.2489
6109.050	83.1135	0.2624
6111.980	83.1939	0.2749
6114.910	83.2999	0.2712
6117.840	83.1397	0.2760
6120.770	82.9963	0.2623
6123.700	82.6180	0.2633
6126.630	82.5489	0.2763
6129.560	83.0494	0.2721
6132.490	83.2303	0.2547
6135.420	82.9149	0.2645
6138.350	82.4060	0.2818
6141.280	82.3058	0.2584
6144.210	82.4937	0.2499
6147.140	82.7253	0.2631
6150.070	82.8215	0.2495
6153.000	82.8451	0.2411
6155.930	82.7175	0.2470
6158.860	82.4061	0.2954
6161.790	82.0846	0.3270
6164.720	81.7971	0.3123
6167.650	81.9812	0.2976
6170.580	82.1789	0.2488
6173.510	82.2622	0.2556
6176.440	82.2905	0.2478
6179.370	82.1962	0.2491
6182.300	82.2681	0.2466
6185.230	82.2575	0.2373
6188.160	82.1777	0.2574
6191.090	81.9677	0.2809
6194.020	81.7958	0.2704
6196.950	81.8971	0.2751
6199.880	82.1534	0.2607
6202.810	82.2930	0.2461
6205.740	82.1872	0.2436
6208.670	82.0619	0.2487
6211.600	81.8628	0.2548
6214.530	81.7231	0.2651
6217.460	81.5920	0.2776
6220.390	81.4605	0.2537
6223.320	81.4396	0.2519
6226.250	81.3912	0.2643
6229.180	81.3043	0.2756
6232.110	81.0519	0.2576
6235.040	81.0076	0.2479
6237.970	81.1666	0.2829
6240.900	81.2717	0.2727
6243.830	81.2989	0.2670
6246.760	81.1500	0.2624
6249.690	80.9937	0.2617
6252.620	80.8724	0.2514
6255.550	80.8304	0.2507
6258.480	80.9743	0.2391
6261.410	80.9303	0.2539
6264.340	80.7652	0.2786
6267.270	80.8394	0.2612
6270.200	80.9593	0.2789
6273.130	80.9374	0.2612
6276.060	81.1381	0.2497
6278.990	81.1773	0.2578
6281.920	81.2083	0.2768
6284.850	81.0933	0.3069
6287.780	81.1177	0.2727
6290.710	81.0995	0.2421
6293.640	81.0991	0.2431
6296.570	81.0596	0.2552
6299.500	80.8140	0.2533
6302.430	80.6186	0.2537
6305.360	80.5821	0.2686
6308.290	80.5608	0.2953
6311.220	80.6691	0.2881
6314.150	80.5051	0.3201
6317.080	80.0597	0.2826
6320.010	79.8412	0.2597
6322.940	79.5708	0.2753
6325.870	79.3867	0.2856
6328.800	79.3790	0.2762
6331.730	79.1597	0.2282
6334.660	78.9702	0.2352
6337.590	79.1430	0.2301
6340.520	79.4920	0.2256
6343.450	79.5924	0.2317
6346.380	79.6366	0.2082
6349.310	79.6885	0.2252
6352.240	79.8614	0.2241
6355.170	79.8723	0.2406
6358.100	79.9834	0.2391
6361.030	79.7704	0.2285
6363.960	79.5746	0.2400
6366.890	79.4856	0.2483
6369.820	79.3671	0.2690
6372.750	79.3760	0.2686
6375.680	79.3702	0.2649
6378.610	79.4647	0.2575
6381.540	79.4564	0.2470
6384.470	79.4823	0.2459
6387.400	79.3940	0.2794
6390.330	79.2044	0.2446
6393.260	79.0058	0.2380
6396.190	78.7364	0.2502
6399.120	78.6188	0.2348
6402.050	78.5309	0.2426
6404.980	78.4621	0.2487
6407.910	78.4374	0.2750
6410.840	78.3866	0.2740
6413.770	78.3609	0.2514
6416.700	78.5488	0.2483
6419.630	78.5273	0.2381
6422.560	78.3790	0.2152
6425.490	78.4246	0.2483
6428.420	78.3862	0.2512
6431.350	78.2056	0.2390
6434.280	78.1243	0.2486
6437.210	77.9146	0.2773
6440.140	77.6424	0.2967
6443.070	77.7584	0.2653
6446.000	77.9799	0.2599
6448.930	78.0846	0.2676
6451.860	78.0575	0.2750
6454.790	78.0921	0.2541
6457.720	77.9872	0.2740
6460.650	77.7502	0.2645
6463.580	77.5007	0.2416
6466.510	77.5979	0.2370
6469.440	77.5978	0.2454
6472.370	77.4801	0.2493
6475.300	77.3540	0.2431
6478.230	77.5065	0.2426
6481.160	77.7614	0.2493
6484.090	77.8034	0.2491
6487.020	77.8222	0.2537
6489.950	77.6810	0.2522
6492.880	77.3758	0.2790
6495.810	77.0065	0.2943
6498.740	76.7827	0.2673
6501.670	76.9391	0.2623
6504.600	77.0979	0.2828
6507.530	77.2991	0.2723
6510.460	77.4074	0.2753
6513.390	77.3616	0.2654
6516.320	77.1737	0.2771
6519.250	76.9256	0.2849
6522.180	76.8755	0.2876
6525.110	76.9864	0.2634
6528.040	77.0783	0.2640
6530.970	77.0016	0.2537
6533.900	76.8216	0.2427
6536.830	76.7647	0.2496
6539.760	76.6524	0.2582
6542.690	76.4369	0.3007
6545.620	76.0327	0.3058
6548.550	75.4350	0.3231
6551.480	74.8826	0.3901
6554.410	74.2375	0.4132
6557.340	72.6512	0.4008
6560.270	69.0800	0.4670
6563.200	63.5670	0.4696
6566.130	62.1137	0.3140
6569.060	65.8426	0.3314
6571.990	70.1307	0.2173
6574.920	72.6771	0.2128
6577.850	73.8770	0.2176
6580.780	74.6462	0.2189
6583.710	75.2278	0.2119
6586.640	75.5957	0.2289
6589.570	75.6555	0.2739
6592.500	75.6418	0.2945
6595.430	75.6040	0.2448
6598.360	75.6919	0.2407
6601.290	75.8243	0.2472
6604.220	76.0768	0.2334
6607.150	76.1475	0.2408
6610.080	76.0256	0.2486
6613.010	75.8823	0.2447
6615.940	75.8664	0.2488
6618.870	75.9118	0.2335
6621.800	75.9099	0.2283
6624.730	75.8318	0.2443
6627.660	75.6423	0.2389
6630.590	75.6462	0.2558
6633.520	75.6233	0.2650
6636.450	75.6732	0.2584
6639.380	75.5096	0.2563
6642.310	75.3274	0.2646
6645.240	75.1675	0.2738
6648.170	75.1468	0.2469
6651.100	75.2029	0.2369
6654.030	75.2348	0.2511
6656.960	75.1972	0.2289
6659.890	75.0749	0.2446
6662.820	75.0965	0.2621
6665.750	74.8398	0.2892
6668.680	74.9362	0.2389
6671.610	75.3252	0.2554
6674.540	75.6103	0.4056
6677.470	75.5170	0.4662
6680.400	75.0400	0.3353
6683.330	74.6916	0.2618
6686.260	74.6817	0.2472
6689.190	74.7396	0.2212
6692.120	74.6864	0.2191
6695.050	74.6532	0.2476
6697.980	74.6745	0.2667
6700.910	74.6566	0.2491
6703.840	74.4727	0.2469
6706.770	74.3520	0.2383
6709.700	74.2477	0.2596
6712.630	74.3143	0.2416
6715.560	74.3149	0.2383
6718.490	74.1762	0.2507
6721.420	74.0429	0.2829
6724.350	74.0196	0.2687
6727.280	74.0318	0.2615
6730.210	73.8916	0.2690
6733.140	73.8851	0.2528
6736.070	74.0703	0.2514
6739.000	74.1255	0.2303
6741.930	74.1170	0.2293
6744.860	74.1330	0.2499
6747.790	74.0046	0.2559
6750.720	74.0223	0.2499
6753.650	73.8707	0.2639
6756.580	73.7605	0.2311
6759.510	73.7432	0.2197
6762.440	73.6205	0.2225
6765.370	73.5925	0.2403
6768.300	73.4898	0.2309
6771.230	73.4545	0.2322
6774.160	73.3538	0.2575
6777.090	73.3226	0.2435
6780.020	73.4013	0.2323
6782.950	73.4774	0.2173
6785.880	73.3987	0.2123
6788.810	73.1782	0.2347
6791.740	73.0878	0.2347
6794.670	73.1887	0.2253
6797.600	72.9832	0.2214
6800.530	72.9448	0.2268
6803.460	73.0186	0.2116
6806.390	73.0179	0.2328
6809.320	73.0531	0.2225
6812.250	73.0545	0.2021
6815.180	72.9488	0.2079
6818.110	72.8228	0.2122
6821.040	72.7121	0.2167
6823.970	72.5900	0.2407
6826.900	72.5727	0.2484
6829.830	72.6479	0.2484
6832.760	72.7157	0.2447
6835.690	72.7132	0.2430
6838.620	72.6840	0.2426
6841.550	72.5877	0.2218
6844.480	72.3921	0.2265
6847.410	72.2737	0.2375
6850.340	72.1966	0.2425
6853.270	72.1685	0.2525
6856.200	72.0929	0.2491
6859.130	72.0389	0.2620
6862.060	72.1459	0.2416
6864.990	72.5027	0.2429
6867.920	72.4513	0.2541
6870.850	71.9201	0.2324
6873.780	71.7404	0.2172
6876.710	71.7611	0.2171
6879.640	71.7186	0.2312
6882.570	71.7657	0.2536
6885.500	71.8481	0.2892
6888.430	71.9263	0.2645
6891.360	71.7997	0.2403
6894.290	71.6436	0.2275
6897.220	71.6860	0.2187
6900.150	71.7585	0.2032
6903.080	71.6558	0.2110
6906.010	71.6649	0.2132
6908.940	71.6274	0.2303
6911.870	71.5209	0.2391
6914.800	71.5199	0.2241
6917.730	71.3326	0.2189
6920.660	71.2079	0.2234
6923.590	71.2692	0.2156
6926.520	71.3466	0.2111
6929.450	71.1788	0.2096
6932.380	71.1126	0.2091
6935.310	71.1396	0.2008
6938.240	71.1925	0.2109
6941.170	71.1202	0.2066
6944.100	71.0292	0.2068
6947.030	70.8617	0.2223
6949.960	70.7352	0.2290
6952.890	70.7348	0.2226
6955.820	70.6984	0.2162
6958.750	70.6545	0.2074
6961.680	70.6186	0.2143
6964.610	70.5930	0.2273
6967.540	70.5980	0.2250
6970.470	70.5893	0.2260
6973.400	70.5968	0.2226
6976.330	70.6504	0.2211
6979.260	70.5921	0.2308
6982.190	70.5186	0.2162
6985.120	70.4062	0.2193
6988.050	70.2946	0.2219
6990.980	70.1723	0.2422
6993.910	70.1317	0.2364
6996.840	70.1992	0.2280
6999.770	70.1537	0.2409
7002.700	70.0620	0.2369
7005.630	69.9369	0.2319
7008.560	69.8128	0.2305
7011.490	69.8184	0.2232
7014.420	69.9078	0.2049
7017.350	69.7839	0.2099
7020.280	69.7324	0.2149
7023.210	69.8227	0.2219
7026.140	69.8027	0.2238
7029.070	69.7456	0.2159
7032.000	69.7894	0.1958
7034.930	69.7528	0.1885
7037.860	69.6531	0.1877
7040.790	69.5836	0.1937
7043.720	69.5954	0.2143
7046.650	69.5753	0.2075
7049.580	69.4803	0.1958
7052.510	69.4651	0.1977
7055.440	69.3918	0.2136
7058.370	69.4839	0.2450
7061.300	69.5814	0.2876
7064.230	69.6142	0.3606
7067.160	69.3674	0.2914
7070.090	68.9770	0.2050
7073.020	68.8557	0.2090
7075.950	68.9804	0.2146
7078.880	69.0698	0.2027
7081.810	68.9817	0.1961
7084.740	68.8301	0.2057
7087.670	68.8560	0.1994
7090.600	68.7784	0.1896
7093.530	68.7368	0.1996
7096.460	68.6036	0.1936
7099.390	68.6196	0.1939
7102.320	68.6585	0.2156
7105.250	68.6410	0.2337
7108.180	68.5968	0.2283
7111.110	68.5381	0.2205
7114.040	68.4666	0.2065
7116.970	68.4189	0.2160
7119.900	68.4726	0.2245
7122.830	68.4531	0.2288
7125.760	68.3749	0.2189
7128.690	68.3642	0.2013
7131.620	68.2402	0.2015
7134.550	68.1598	0.2070
7137.480	68.2472	0.1953
7140.410	68.3003	0.1953
7143.340	68.3163	0.2280
7146.270	68.2029	0.2146
7149.200	67.8075	0.2209
7152.130	67.5614	0.2241
7155.060	67.6927	0.2110
7157.990	67.7868	0.2153
7160.920	67.7255	0.2132
7163.850	67.6937	0.2345
7166.780	67.6418	0.2330
7169.710	67.6259	0.2611
7172.640	67.6799	0.2684
7175.570	67.5629	0.2552
7178.500	67.2916	0.2399
7181.430	67.2179	0.2210
7184.360	67.1622	0.2192
7187.290	67.0022	0.2082
7190.220	66.9295	0.2063
7193.150	67.0735	0.2011
7196.080	67.2249	0.2017
7199.010	67.1980	0.2287
7201.940	67.0260	0.2242
7204.870	66.8891	0.2114
7207.800	66.7543	0.2045
7210.730	66.8752	0.1972
7213.660	67.0390	0.1998
7216.590	67.1424	0.1983
7219.520	67.2704	0.2181
7222.450	67.2323	0.2859
7225.380	67.1068	0.2726
7228.310	66.9454	0.2271
7231.240	66.8062	0.2152
7234.170	66.7719	0.2129
7237.100	66.7925	0.2107
7240.030	66.8069	0.2149
7242.960	66.8752	0.2249
7245.890	66.8167	0.2379
7248.820	66.8059	0.2317
7251.750	66.8229	0.2295
7254.680	66.7306	0.2183
7257.610	66.7001	0.2067
7260.540	66.6316	0.1950
7263.470	66.4926	0.2096
7266.400	66.2446	0.2092
7269.330	66.1255	0.2290
7272.260	66.1454	0.2306
7275.190	66.2089	0.2277
7278.120	66.3961	0.2524
7281.050	66.4072	0.2595
7283.980	66.2712	0.2229
7286.910	66.0388	0.2304
7289.840	65.8854	0.2409
7292.770	65.7629	0.2243
7295.700	65.7421	0.2188
7298.630	65.7626	0.2227
7301.560	65.8691	0.2166
7304.490	65.9063	0.2176
7307.420	65.7445	0.2119
7310.350	65.6835	0.2080
7313.280	65.7367	0.2092
7316.210	65.7162	0.2146
7319.140	65.7512	0.1980
7322.070	65.7165	0.1977
7325.000	65.6043	0.2065
7327.930	65.5117	0.2112
7330.860	65.4975	0.2094
7333.790	65.3701	0.2336
7336.720	65.1899	0.2504
7339.650	65.2860	0.2242
7342.580	65.4193	0.2074
7345.510	65.4428	0.1966
7348.440	65.3484	0.1977
7351.370	65.2519	0.2249
7354.300	65.1516	0.2409
7357.230	65.1599	0.2097
7360.160	65.1344	0.2052
7363.090	65.0307	0.2092
7366.020	64.9928	0.2079
7368.950	65.1179	0.1967
7371.880	65.1699	0.1993
7374.810	65.0861	0.1929
7377.740	65.0021	0.2038
7380.670	64.9741	0.2036
7383.600	64.8536	0.2141
7386.530	64.8008	0.2143
7389.460	64.8503	0.2064
7392.390	64.7281	0.1968
7395.320	64.5925	0.1970
7398.250	64.4290	0.1988
7401.180	64.4004	0.1942
7404.110	64.3725	0.1962
7407.040	64.3514	0.2043
7409.970	64.2969	0.2209
7412.900	64.2096	0.2335
7415.830	64.1620	0.2175
7418.760	64.2544	0.1992
7421.690	64.3114	0.2102
7424.620	64.2557	0.2140
7427.550	64.2262	0.1945
7430.480	64.2784	0.1977
7433.410	64.1808	0.1955
7436.340	64.0411	0.1926
7439.270	63.9773	0.2048
7442.200	63.9938	0.1917
7445.130	63.9984	0.2055
7448.060	63.9293	0.2065
7450.990	63.7982	0.2181
7453.920	63.6322	0.2295
7456.850	63.6374	0.2144
7459.780	63.6744	0.2213
7462.710	63.6672	0.2220
7465.640	63.5934	0.2270
7468.570	63.6395	0.2183
7471.500	63.6132	0.2242
7474.430	63.6115	0.2409
7477.360	63.4210	0.2291
7480.290	63.3159	0.2285
7483.220	63.3487	0.2132
7486.150	63.3121	0.2091
7489.080	63.2289	0.2055
7492.010	63.2259	0.2221
7494.940	63.1064	0.2203
7497.870	62.7636	0.2262
7500.800	62.8207	0.2181
7503.730	63.0139	0.2151
7506.660	62.9995	0.2079
7509.590	62.9588	0.2107
7512.520	62.8363	0.2123
7515.450	62.8889	0.1883
7518.380	62.9665	0.2045
7521.310	63.0057	0.2182
7524.240	62.8999	0.2245
7527.170	62.8204	0.2132
7530.100	62.7815	0.2143
7533.030	62.7109	0.2161
7535.960	62.6444	0.1922
7538.890	62.6489	0.2036
7541.820	62.5763	0.2179
7544.750	62.5428	0.2107
7547.680	62.4334	0.1858
7550.610	62.4134	0.1918
7553.540	62.4817	0.1830
7556.470	62.5106	0.1875
7559.400	62.3973	0.2015
7562.330	62.3163	0.2155
7565.260	62.2216	0.2403
7568.190	62.1403	0.2496
7571.120	62.0561	0.2147
7574.050	62.1219	0.1960
7576.980	62.1127	0.1908
7579.910	62.0637	0.2071
7582.840	62.0768	0.2218
7585.770	61.9193	0.2554
7588.700	61.8657	0.2656
7591.630	62.1105	0.2964
7594.560	62.2818	0.3209
7597.490	62.2605	0.3248
7600.420	61.9155	0.2884
7603.350	61.7223	0.2598
7606.280	61.3884	0.2163
7609.210	61.0892	0.2232
7612.140	60.8232	0.2206
7615.070	61.0065	0.2250
7618.000	61.4258	0.2069
7620.930	61.6224	0.2150
7623.860	61.5232	0.2652
7626.790	61.2863	0.2374
7629.720	61.2577	0.2312
7632.650	61.1879	0.2050
7635.580	61.1434	0.1837
7638.510	61.1076	0.1947
7641.440	61.1033	0.2321
7644.370	61.0682	0.2084
7647.300	61.2255	0.1965
7650.230	61.1599	0.2157
7653.160	61.0362	0.2013
7656.090	61.0953	0.2241
7659.020	60.9794	0.2407
7661.950	60.8940	0.2378
7664.880	60.6766	0.2166
7667.810	60.6270	0.1789
7670.740	60.7931	0.1834
7673.670	60.8683	0.2019
7676.600	60.9158	0.2076
7679.530	60.8221	0.2144
7682.460	60.6778	0.2062
7685.390	60.6045	0.2250
7688.320	60.4528	0.2208
7691.250	60.5218	0.2193
7694.180	60.4692	0.2065
7697.110	60.4080	0.1970
7700.040	60.3744	0.1982
7702.970	60.2571	0.1923
7705.900	60.2642	0.1928
7708.830	60.3094	0.1976
7711.760	60.3176	0.2065
7714.690	60.3523	0.2046
7717.620	60.3296	0.1847
7720.550	60.3424	0.2148
7723.480	60.3243	0.2256
7726.410	60.4501	0.2122
7729.340	60.4132	0.2186
7732.270	60.1745	0.2197
7735.200	59.9920	0.1956
7738.130	60.0728	0.1982
7741.060	60.0877	0.1833
7743.990	59.9717	0.2042
7746.920	59.8882	0.1940
7749.850	59.8006	0.1794
7752.780	59.7471	0.1852
7755.710	59.8555	0.1986
7758.640	59.8052	0.1837
7761.570	59.6483	0.1961
7764.500	59.6001	0.1934
7767.430	59.6703	0.1831
7770.360	59.5574	0.2089
7773.290	59.5966	0.2208
7776.220	59.5918	0.2069
7779.150	59.3788	0.2082
7782.080	59.2800	0.1873
7785.010	59.2905	0.1944
7787.940	59.2787	0.1920
7790.870	59.2531	0.1812
7793.800	59.1559	0.1831
7796.730	59.2717	0.1859
7799.660	59.3767	0.1852
7802.590	59.2325	0.2089
7805.520	59.0843	0.2300
7808.450	59.0738	0.2104
7811.380	59.1146	0.2004
7814.310	59.0153	0.1900
7817.240	59.0083	0.1935
7820.170	59.0629	0.1949
7823.100	59.0211	0.1900
7826.030	58.9919	0.1946
7828.960	58.9721	0.2081
7831.890	58.7843	0.2200
7834.820	58.6872	0.2024
7837.750	58.6906	0.1980
7840.680	58.6931	0.1918
7843.610	58.5821	0.1820
7846.540	58.5123	0.2062
7849.470	58.5030	0.2241
7852.400	58.5136	0.2121
7855.330	58.5570	0.2208
7858.260	58.5571	0.2029
7861.190	58.5249	0.1936
7864.120	58.6964	0.2052
7867.050	58.5192	0.2085
7869.980	58.2218	0.2222
7872.910	58.2349	0.2080
7875.840	58.2058	0.2091
7878.770	58.1936	0.2009
7881.700	58.1147	0.1970
7884.630	58.0410	0.2106
7887.560	58.0159	0.2035
7890.490	58.1844	0.1819
7893.420	58.3633	0.1827
7896.350	58.4463	0.1924
7899.280	58.4074	0.2178
7902.210	58.4036	0.2188
7905.140	58.2207	0.2220
7908.070	57.9871	0.2188
7911.000	57.8336	0.2311
7913.930	57.6452	0.2187
7916.860	57.5628	0.2132
7919.790	57.4819	0.1971
7922.720	57.4968	0.2226
7925.650	57.6060	0.2057
7928.580	57.5648	0.1965
7931.510	57.4789	0.2031
7934.440	57.4616	0.2017
7937.370	57.3995	0.1942
7940.300	57.3573	0.1819
7943.230	57.5008	0.1792
7946.160	57.5111	0.1816
7949.090	57.3677	0.1815
7952.020	57.2239	0.1840
7954.950	57.2846	0.1934
7957.880	57.1205	0.2043
7960.810	57.1387	0.2175
7963.740	57.0323	0.2260
7966.670	57.0676	0.2133
7969.600	57.0046	0.2039
7972.530	57.0306	0.2235
7975.460	57.0668	0.2030
7978.390	57.1375	0.2078
7981.320	57.1085	0.1975
7984.250	57.0409	0.1974
7987.180	56.9471	0.2177
7990.110	56.8481	0.2206
7993.040	56.9128	0.2014
7995.970	56.8233	0.2018
7998.900	56.5636	0.1920
8001.830	56.4118	0.1830
8004.760	56.5554	0.1698
8007.690	56.7254	0.1589
8010.620	56.8216	0.1600
8013.550	56.8505	0.1680
8016.480	56.9278	0.1937
8019.410	56.9358	0.2043
8022.340	56.9328	0.2074
8025.270	56.8717	0.1940
8028.200	56.7878	0.2192
8031.130	56.5819	0.1978
8034.060	56.2742	0.1813
8036.990	56.2135	0.1868
8039.920	56.2128	0.1891
8042.850	56.1942	0.1901
8045.780	56.0647	0.1895
8048.710	55.7930	0.1940
8051.640	55.7439	0.1998
8054.570	55.7758	0.2288
8057.500	55.8763	0.2035
8060.430	55.9381	0.1841
8063.360	56.0879	0.1860
8066.290	56.2260	0.1707
8069.220	56.1012	0.1997
8072.150	56.1313	0.1942
8075.080	56.0865	0.1935
8078.010	56.0377	0.2102
8080.940	55.8338	0.2159
8083.870	55.7291	0.2020
8086.800	55.5317	0.1846
8089.730	55.4508	0.1877
8092.660	55.6004	0.1867
8095.590	55.6093	0.1869
8098.520	55.4460	0.1867
8101.450	55.2696	0.1980
8104.380	55.3232	0.1981
8107.310	55.2706	0.2082
8110.240	55.3013	0.1918
8113.170	55.4521	0.2039
8116.100	55.5393	0.2199
8119.030	55.5028	0.2096
8121.960	55.5197	0.2001
8124.890	55.5511	0.1855
8127.820	55.6604	0.1722
8130.750	55.7222	0.1866
8133.680	55.3255	0.1757
8136.610	54.9991	0.1898
8139.540	55.0012	0.1906
8142.470	54.9331	0.1992
8145.400	54.9288	0.1703
8148.330	54.9732	0.1726
8151.260	55.0690	0.1823
8154.190	54.9883	0.1833
8157.120	54.9997	0.2041
8160.050	54.9540	0.2033
8162.980	54.8323	0.2122
8165.910	54.7429	0.2213
8168.840	54.5857	0.2493
8171.770	54.6799	0.2356
8174.700	54.6987	0.2267
8177.630	54.6299	0.2194
8180.560	54.4097	0.2349
8183.490	54.2556	0.2436
8186.420	54.1934	0.2165
8189.350	54.2689	0.2108
8192.280	54.3909	0.1991
8195.210	54.2262	0.2096
8198.140	53.9930	0.1812
8201.070	54.0192	0.1765
8204.000	54.1109	0.1827
8206.930	54.1509	0.1900
8209.860	54.1624	0.1787
8212.790	54.2353	0.1734
8215.720	54.2683	0.1588
8218.650	54.2014	0.1787
8221.580	53.9965	0.2012
8224.510	53.8073	0.2227
8227.440	53.8402	0.2625
8230.370	53.8119	0.3060
8233.300	54.0046	0.2729
8236.230	54.0552	0.2293
8239.160	53.9988	0.2020
8242.090	53.8573	0.1596
8245.020	53.8088	0.1577
8247.950	53.8122	0.1783
8250.880	53.7600	0.1702
8253.810	53.7459	0.1800
8256.740	53.5011	0.2051
8259.670	53.3938	0.1884
8262.600	53.3752	0.1827
8265.530	53.3259	0.1815
8268.460	53.2701	0.1797
8271.390	53.5114	0.1736
8274.320	53.5826	0.1664
8277.250	53.3974	0.1614
8280.180	53.3687	0.1817
8283.110	53.3365	0.1731
8286.040	53.3238	0.1739
8288.970	53.3072	0.1834
8291.900	53.2379	0.1945
8294.830	52.9724	0.1914
8297.760	52.5998	0.1952
8300.690	52.7173	0.1749
8303.620	52.9768	0.1629
8306.550	53.0260	0.1766
8309.480	53.0780	0.2008
8312.410	53.1067	0.1921
8315.340	53.1407	0.2080
8318.270	53.0468	0.2046
8321.200	53.0203	0.1970
8324.130	53.0312	0.1870
8327.060	52.6528	0.2170
8329.990	52.3717	0.2184
8332.920	52.4252	0.2172
8335.850	52.4627	0.2131
8338.780	52.4899	0.2055
8341.710	52.2801	0.2130
8344.640	52.2524	0.2022
8347.570	52.3963	0.1794
8350.500	52.2445	0.1922
8353.430	52.0524	0.2025
8356.360	52.2155	0.1784
8359.290	52.3666	0.1822
8362.220	52.2433	0.2097
8365.150	52.1388	0.2127
8368.080	52.1066	0.1799
8371.010	52.3442	0.1680
8373.940	52.5424	0.1653
8376.870	52.4584	0.1973
8379.800	52.2861	0.2164
8382.730	52.2399	0.2273
8385.660	52.3028	0.1930
8388.590	51.9570	0.1766
8391.520	51.7181	0.1740
8394.450	51.9021	0.1948
8397.380	52.0263	0.2049
8400.310	51.9571	0.1816
8403.240	51.9715	0.1585
8406.170	51.9535	0.1543
8409.100	51.9539	0.1682
8412.030	51.7789	0.1960
8414.960	51.7074	0.2206
8417.890	51.9111	0.1749
8420.820	52.0058	0.1580
8423.750	51.9107	0.1611
8426.680	51.5972	0.1900
8429.610	51.4646	0.2349
8432.540	51.7761	0.2018
8435.470	51.7630	0.2030
8438.400	51.4970	0.1924
8441.330	51.3963	0.1808
8444.260	51.3326	0.1645
8447.190	51.2488	0.1756
8450.120	51.2410	0.2391
8453.050	51.2619	0.1904
8455.980	51.3308	0.1772
8458.910	51.2107	0.2112
8461.840	51.1457	0.2133
8464.770	51.2814	0.2188
8467.700	51.2811	0.2020
8470.630	51.1109	0.1815
8473.560	51.0917	0.1836
8476.490	51.2841	0.1970
8479.420	51.2884	0.1954
8482.350	51.2796	0.1927
8485.280	51.2784	0.2266
8488.210	51.2437	0.2230
8491.140	51.1869	0.2116
8494.070	50.9940	0.2662
8497.000	50.0013	0.3488
8499.930	48.1836	0.2571
8502.860	48.1938	0.2092
8505.790	49.6110	0.2147
8508.720	50.2665	0.2063
8511.650	50.4328	0.1868
8514.580	50.2655	0.2126
8517.510	50.0970	0.1969
8520.440	49.9863	0.1922
8523.370	50.1698	0.1858
8526.300	50.4564	0.2110
8529.230	50.4679	0.2414
8532.160	50.3741	0.2250
8535.090	50.1556	0.2140
8538.020	49.7010	0.4046
8540.950	47.3536	0.4788
8543.880	44.1808	0.3276
8546.810	44.4082	0.2011
8549.740	47.5033	0.2390
8552.670	49.3200	0.2186
8555.600	49.8683	0.1786
8558.530	50.1290	0.1741
8561.460	50.3197	0.1809
8564.390	50.4748	0.1837
8567.320	50.4128	0.1801
8570.250	50.2440	0.1817
8573.180	50.1849	0.1946
8576.110	50.1995	0.2004
8579.040	50.3384	0.2091
8581.970	50.2128	0.2311
8584.900	49.9225	0.2217
8587.830	49.6101	0.2089
8590.760	49.6055	0.1707
8593.690	49.6634	0.1651
8596.620	49.6003	0.1688
8599.550	49.4948	0.2006
8602.480	49.6028	0.1887
8605.410	49.7534	0.1599
8608.340	49.7644	0.1495
8611.270	49.5967	0.1477
8614.200	49.6637	0.1681
8617.130	49.9185	0.1587
8620.060	49.9005	0.1944
8622.990	49.6306	0.2526
8625.920	49.5533	0.2175
8628.850	49.5760	0.2008
8631.780	49.4291	0.1831
8634.710	49.2515	0.2140
8637.640	49.1948	0.2265
8640.570	49.3076	0.2199
8643.500	49.3042	0.2019
8646.430	49.3346	0.1934
8649.360	48.9735	0.2029
8652.290	48.5492	0.2064
8655.220	48.5688	0.1545
8658.150	48.4347	0.3622
8661.080	46.9321	0.4278
8664.010	44.3851	0.3081
8666.940	44.3154	0.2047
8669.870	46.5901	0.2035
8672.800	47.9277	0.1960
8675.730	48.1764	0.1958
8678.660	48.5037	0.1927
8681.590	48.8087	0.1819
8684.520	48.9377	0.1761
8687.450	48.7330	0.1815
8690.380	48.2559	0.1810
8693.310	48.2940	0.1732
8696.240	48.7840	0.1672
8699.170	49.0326	0.1741
8702.100	49.0686	0.1788
8705.030	48.9771	0.1829
8707.960	48.9507	0.1819
8710.890	48.8733	0.1763
8713.820	48.7182	0.1768
8716.750	48.5759	0.1634
8719.680	48.4756	0.1666
8722.610	48.4860	0.1800
8725.540	48.6061	0.1561
8728.470	48.6521	0.1446
8731.400	48.5070	0.1392
8734.330	48.3539	0.1558
8737.260	48.2835	0.1703
8740.190	48.3258	0.1628
8743.120	48.1933	0.1643
8746.050	48.0749	0.1626
8748.980	48.0054	0.1606
8751.910	47.8707	0.1769
8754.840	47.9097	0.1650
8757.770	48.0860	0.1668
8760.700	48.1179	0.1820
8763.630	48.1942	0.1796
8766.560	48.3112	0.1934
8769.490	48.2997	0.1990
8772.420	48.2004	0.2002
8775.350	47.8698	0.1987
8778.280	47.7191	0.1845
8781.210	47.5858	0.2000
8784.140	47.5346	0.2020
8787.070	47.6540	0.2089
8790.000	47.8058	0.1759
8792.930	47.7583	0.1606
8795.860	47.6746	0.1500
8798.790	47.5213	0.1595
8801.720	47.5997	0.1833
8804.650	47.7474	0.2195
8807.580	47.2346	0.2056
8810.510	46.8441	0.2056
8813.440	47.2248	0.2110
8816.370	47.4793	0.2063
8819.300	47.4749	0.1972
8822.230	47.3060	0.1937
8825.160	46.7903	0.2001
8828.090	46.7674	0.1778
8831.020	47.0288	0.1757
8833.950	47.1334	0.1789
8836.880	47.3238	0.1701
8839.810	47.5662	0.1504
8842.740	47.7415	0.1558
8845.670	47.5655	0.1751
8848.600	47.2561	0.2189
8851.530	47.1136	0.2126
8854.460	46.9659	0.1959
8857.390	46.7382	0.1821
8860.320	46.6927	0.1570
8863.250	46.5561	0.1758
8866.180	46.4944	0.1911
8869.110	46.6187	0.1773
8872.040	46.8862	0.1641
8874.970	46.9408	0.1587
8877.900	47.0022	0.1355
8880.830	47.0254	0.1520
8883.760	46.9009	0.1792
8886.690	46.8189	0.1647
8889.620	46.8453	0.1384
8892.550	46.6762	0.1588
8895.480	46.6771	0.1941
8898.410	46.7092	0.1990
8901.340	46.6425	0.1972
8904.270	46.6461	0.1868
8907.200	46.6090	0.1805
8910.130	46.6038	0.1616
8913.060	46.7640	0.1859
8915.990	46.6751	0.1756
8918.920	46.7792	0.1636
8921.850	46.8421	0.1861
8924.780	46.7811	0.2032
8927.710	46.4997	0.1980
8930.640	46.2117	0.1723
8933.570	45.9994	0.1648
8936.500	45.9190	0.1710
8939.430	45.9707	0.1945
8942.360	46.1743	0.1896
8945.290	46.3701	0.1767
8948.220	46.3642	0.1748
8951.150	46.3725	0.1614
8954.080	46.3333	0.1807
8957.010	46.0839	0.1803
8959.940	46.0131	0.1485
8962.870	46.0634	0.1546
8965.800	46.3007	0.1710
8968.730	46.3899	0.1858
8971.660	46.0087	0.2096
8974.590	45.7233	0.2008
8977.520	45.6555	0.1922
8980.450	45.6683	0.1736
8983.380	45.5868	0.1638
8986.310	45.6963	0.1756
8989.240	45.8276	0.1936
8992.170	45.9361	0.1875
8995.100	45.9601	0.2038
8998.030	45.9131	0.2109
9000.960	45.4592	0.1864
9003.890	45.2991	0.1718
9006.820	45.2771	0.1757
9009.750	45.3237	0.1842
9012.680	45.2938	0.2267
9015.610	45.2896	0.2278
9018.540	45.2827	0.1894
9021.470	45.5563	0.1822
9024.400	45.7269	0.2051
9027.330	45.5991	0.2042
9030.260	45.3179	0.1677
9033.190	45.1753	0.1304
9036.120	45.2213	0.1428
9039.050	45.1279	0.1449
9041.980	45.1442	0.1746
9044.910	45.1899	0.1751
9047.840	45.2006	0.2053
9050.770	45.1678	0.2070
9053.700	45.0689	0.1737
9056.630	45.1014	0.1422
9059.560	45.0038	0.1603
9062.490	44.8874	0.1743
9065.420	44.7773	0.1938
9068.350	44.9450	0.2091
9071.280	45.2890	0.1964
9074.210	45.6965	0.1808
9077.140	45.8425	0.1778
9080.070	45.4540	0.2042
9083.000	45.1406	0.1756
9085.930	45.0601	0.1690
9088.860	44.8788	0.1816
9091.790	44.5754	0.1939
9094.720	44.5296	0.1691
9097.650	44.5296	0.1670
9100.580	44.4394	0.1833
9103.510	44.4837	0.1826
9106.440	44.6975	0.1810
9109.370	44.9448	0.1958
9112.300	44.9862	0.1996
9115.230	44.9845	0.2183
9118.160	44.7828	0.2182
9121.090	44.3033	0.1819
9124.020	43.9958	0.1634
9126.950	43.9835	0.1602
9129.880	43.9731	0.1866
9132.810	44.1193	0.2074
9135.740	44.5484	0.1920
9138.670	44.8035	0.1941
9141.600	44.9216	0.1852
9144.530	44.6778	0.1817
9147.460	44.4908	0.1640
9150.390	44.4939	0.1668
9153.320	44.5942	0.1891
9156.250	44.7509	0.1898
9159.180	44.6685	0.1954
9162.110	44.5430	0.1921
9165.040	44.1547	0.1956
9167.970	43.8356	0.1880
9170.900	43.7479	0.1770
9173.830	43.7793	0.1969
9176.760	43.9271	0.1925
9179.690	44.0974	0.1938
9182.620	44.2706	0.1967
9185.550	44.4078	0.1711
9188.480	44.3504	0.1756
9191.410	44.2692	0.1742
9194.340	43.8543	0.1717
9197.270	43.5585	0.1875
9200.200	43.6457	0.1742
9203.130	43.9276	0.1988
9206.060	43.9541	0.1917
9208.990	43.8601	0.1887
9211.920	43.5467	0.1816
9214.850	43.2578	0.1827
9217.780	43.0085	0.1938
9220.710	42.9571	0.1804
9223.640	43.0890	0.1661
9226.570	43.1221	0.1798
9229.500	43.1052	0.1807
9232.430	42.9489	0.1873
9235.360	43.0131	0.1732
9238.290	43.2748	0.1579
9241.220	43.1922	0.1673
9244.150	43.0592	0.1861
9247.080	42.9619	0.2118
9250.010	43.0426	0.2130
9252.940	43.3069	0.1876
9255.870	43.4305	0.1716
9258.800	43.2360	0.1778
9261.730	43.0590	0.1855
9264.660	42.9884	0.1913
9267.590	42.9191	0.1850
9270.520	42.7787	0.1983
9273.450	42.7359	0.2041
9276.380	42.7892	0.2203
9279.310	43.0255	0.2295
9282.240	43.2407	0.1961
9285.170	43.2812	0.1781
9288.100	43.1937	0.1769
9291.030	43.1884	0.1582
9293.960	43.2797	0.1536
9296.890	43.4645	0.1723
9299.820	43.6102	0.1897
9302.750	43.4369	0.2129
9305.680	43.1583	0.1874
9308.610	42.7889	0.1889
9311.540	42.5275	0.1873
9314.470	42.4157	0.2245
9317.400	42.2810	0.2045
9320.330	42.2880	0.2290
9323.260	42.4785	0.2564
9326.190	42.4844	0.2330
9329.120	42.6347	0.2095
9332.050	42.8479	0.2353
9334.980	42.8557	0.2682
9337.910	42.6872	0.2946
9340.840	42.7991	0.2841
9343.770	42.7079	0.2744
9346.700	42.2168	0.2460
9349.630	42.0101	0.2285
9352.560	41.9804	0.2527
9355.490	41.7862	0.2462
9358.420	41.7117	0.2096
9361.350	41.8786	0.2080
9364.280	42.2513	0.2195
9367.210	42.5522	0.2365
9370.140	42.4276	0.2315
9373.070	42.2113	0.2157
9376.000	42.1580	0.2190
9378.930	42.1057	0.2407
9381.860	41.8227	0.2316
9384.790	42.0567	0.1739
9387.720	42.1728	0.1736
9390.650	42.0520	0.1888
9393.580	42.0429	0.2233
9396.510	42.1327	0.2063
9399.440	42.0467	0.2003
9402.370	41.8954	0.2068
9405.300	42.0118	0.2292
9408.230	41.8907	0.2273
9411.160	41.4798	0.2788
9414.090	41.2160	0.2629
9417.020	41.1123	0.2101
9419.950	41.2577	0.2236
9422.880	41.7037	0.2252
9425.810	41.8276	0.2240
9428.740	41.7239	0.2124
9431.670	41.5052	0.1889
9434.600	41.6448	0.1786
9437.530	41.8916	0.2348
9440.460	41.7450	0.2605
9443.390	41.5481	0.2296
9446.320	41.5847	0.2018
9449.250	41.6211	0.1973
9452.180	41.6460	0.2105
9455.110	41.3668	0.2165
9458.040	41.0699	0.1956
9460.970	41.0299	0.1874
9463.900	41.2021	0.1725
9466.830	41.3435	0.1719
9469.760	41.2917	0.1838
9472.690	41.1724	0.2041
9475.620	41.1085	0.2131
9478.550	40.8103	0.2191
9481.480	40.6467	0.2089
9484.410	40.7418	0.1908
9487.340	40.6059	0.2071
9490.270	40.6826	0.2005
9493.200	40.9759	0.1991
9496.130	41.1557	0.2220
9499.060	41.0985	0.2425
9501.990	40.9579	0.2168
9504.920	40.8818	0.1883
9507.850	41.0786	0.1884
9510.780	41.2669	0.2168
9513.710	41.1838	0.2505
9516.640	40.8468	0.2639
9519.570	40.2963	0.2339
9522.500	40.2447	0.1871
9525.430	40.4367	0.1763
9528.360	40.6159	0.1827
9531.290	40.4536	0.1821
9534.220	40.3268	0.1976
9537.150	40.2863	0.2124
9540.080	40.3680	0.2252
9543.010	40.3181	0.2421
9545.940	39.5696	0.2341
9548.870	38.8878	0.2301
9551.800	38.8953	0.2315
9554.730	39.4082	0.2198
9557.660	39.7579	0.2258
9560.590	40.1380	0.2241
9563.520	40.4382	0.2447
9566.450	40.4819	0.2750
9569.380	40.4657	0.2513
9572.310	40.4816	0.2227
9575.240	40.1378	0.2017
9578.170	39.7533	0.2111
9581.100	39.3566	0.2125
9584.030	39.3917	0.2290
9586.960	39.7121	0.2669
9589.890	39.8028	0.2808
9592.820	39.7226	0.2702
9595.750	39.7555	0.2654
9598.680	39.5724	0.2473
9601.610	39.4872	0.2615
9604.540	39.4792	0.2859
9607.470	39.6691	0.3186
9610.400	39.9710	0.3405
9613.330	39.9075	0.3401
9616.260	39.7386	0.2998
9619.190	39.7503	0.3629
9622.120	39.4583	0.3814
9625.050	38.9230	0.3774
9627.980	38.7687	0.3412
9630.910	38.7568	0.3226
9633.840	38.9677	0.3401
9636.770	39.1433	0.3569
9639.700	39.1077	0.3465
9642.630	39.0162	0.3636
9645.560	39.1235	0.3850
9648.490	39.1516	0.3734
9651.420	39.0687	0.3854
9654.350	38.7770	0.3671
9657.280	38.7245	0.3701
9660.210	38.5074	0.4131
9663.140	38.3095	0.4106
9666.070	38.2837	0.4063
9669.000	38.5470	0.3990
9671.930	38.6619	0.4277
9674.860	38.8868	0.4304
9677.790	38.9548	0.4495
9680.720	38.4831	0.4314
9683.650	38.2373	0.4517
9686.580	38.1050	0.4517
9689.510	37.8515	0.4471
9692.440	37.7079	0.4507
9695.370	37.8523	0.4594
9698.300	37.9545	0.4523
9701.230	38.0730	0.4773
