3298.680	44.2985	0.3364
3301.060	44.3486	0.3663
3303.440	44.0773	0.3468
3305.820	43.7486	0.3102
3308.200	43.5187	0.2929
3310.580	43.4122	0.3210
3312.960	43.5574	0.3102
3315.340	43.8741	0.3085
3317.720	43.8096	0.3166
3320.100	43.7518	0.3596
3322.480	43.4840	0.3049
3324.860	42.9548	0.2815
3327.240	43.1139	0.2830
3329.620	43.4069	0.2757
3332.000	43.1831	0.3070
3334.380	43.3010	0.2950
3336.760	43.2411	0.2841
3339.140	43.0313	0.2769
3341.520	42.7925	0.2806
3343.900	42.6100	0.2796
3346.280	42.8503	0.2467
3348.660	43.0356	0.2841
3351.040	42.0327	0.2675
3353.420	42.4297	0.2832
3355.800	43.3505	0.3302
3358.180	43.5129	0.3121
3360.560	43.8089	0.3200
3362.940	43.1077	0.2728
3365.320	43.0113	0.2876
3367.700	43.5111	0.2654
3370.080	43.1482	0.2786
3372.460	42.3469	0.2647
3374.840	42.2847	0.2754
3377.220	42.6784	0.3161
3379.600	43.5689	0.2363
3381.980	42.7270	0.2381
3384.360	41.9963	0.2428
3386.740	42.8428	0.2880
3389.120	43.4861	0.2587
3391.500	43.7015	0.2522
3393.880	43.4165	0.2850
3396.260	43.1016	0.2402
3398.640	43.6596	0.2925
3401.020	44.6196	0.3121
3403.400	44.3071	0.2507
3405.780	43.4805	0.2320
3408.160	43.2448	0.2197
3410.540	43.0995	0.2332
3412.920	43.1992	0.2548
3415.300	43.2918	0.2392
3417.680	43.2294	0.2588
3420.060	43.5784	0.2864
3422.440	43.9576	0.2627
3424.820	43.8734	0.2215
3427.200	43.6795	0.2134
3429.580	43.9102	0.2617
3431.960	44.1035	0.2817
3434.340	44.0054	0.2846
3436.720	43.8101	0.2885
3439.100	43.7748	0.2583
3441.480	43.2536	0.2705
3443.860	42.3876	0.2541
3446.240	42.2186	0.2301
3448.620	42.9945	0.2754
3451.000	44.0731	0.2762
3453.380	44.0503	0.2649
3455.760	43.8049	0.2449
3458.140	44.4096	0.2197
3460.520	44.4072	0.2282
3462.900	43.6876	0.2289
3465.280	43.5570	0.2881
3467.660	43.8791	0.2692
3470.040	44.1358	0.2909
3472.420	44.5333	0.2437
3474.800	44.0608	0.2318
3477.180	42.9955	0.2674
3479.560	42.9064	0.3013
3481.940	43.8755	0.2761
3484.320	44.3302	0.2488
3486.700	44.2473	0.2563
3489.080	44.5839	0.2332
3491.460	44.1480	0.2454
3493.840	43.4268	0.2160
3496.220	43.6540	0.2226
3498.600	43.9384	0.2193
3500.980	43.9069	0.2637
3503.360	43.9936	0.2786
3505.740	44.2190	0.2601
3508.120	44.4131	0.2320
3510.500	44.4364	0.2244
3512.880	43.9428	0.2346
3515.260	43.4357	0.2263
3517.640	43.8936	0.1998
3520.020	44.2290	0.2052
3522.400	44.2463	0.2285
3524.780	43.7406	0.2967
3527.160	42.7826	0.2087
3529.540	42.8105	0.2041
3531.920	43.9399	0.2237
3534.300	44.5303	0.2089
3536.680	44.7807	0.2075
3539.060	44.8078	0.2136
3541.440	44.9759	0.2272
3543.820	44.8931	0.2363
3546.200	45.0545	0.2690
3548.580	45.1364	0.2390
3550.960	45.4463	0.2500
3553.340	45.4561	0.2558
3555.720	44.8216	0.2605
3558.100	44.3531	0.2597
3560.480	44.3916	0.2399
3562.860	44.9098	0.2209
3565.240	44.9583	0.2221
3567.620	44.2666	0.2001
3570.000	43.4368	0.2509
3572.380	43.0163	0.2130
3574.760	42.8687	0.2115
3577.140	43.4265	0.2242
3579.520	44.3119	0.2413
3581.900	44.2034	0.2329
3584.280	43.7573	0.2366
3586.660	42.9351	0.2222
3589.040	42.6395	0.2143
3591.420	43.2742	0.2239
3593.800	43.9945	0.2796
3596.180	44.1555	0.2951
3598.560	44.4668	0.2734
3600.940	44.9847	0.2235
3603.320	45.0052	0.2132
3605.700	44.4837	0.2192
3608.080	43.8973	0.2011
3610.460	43.6759	0.2367
3612.840	43.2836	0.2907
3615.220	43.6562	0.2613
3617.600	44.5992	0.1989
3619.980	44.1931	0.2461
3622.360	43.8746	0.2272
3624.740	44.1597	0.2977
3627.120	44.7099	0.2876
3629.500	45.2324	0.2466
3631.880	45.0782	0.2663
3634.260	44.2548	0.2470
3636.640	44.3290	0.2433
3639.020	44.9868	0.2249
3641.400	45.3379	0.2220
3643.780	45.0229	0.2217
3646.160	44.6578	0.2113
3648.540	44.6204	0.2200
3650.920	44.4135	0.1944
3653.300	44.5822	0.2327
3655.680	45.1351	0.2363
3658.060	45.4892	0.2252
3660.440	45.7215	0.2026
3662.820	45.6637	0.1970
3665.200	45.5758	0.1978
3667.580	45.8364	0.2022
3669.960	45.7275	0.2273
3672.340	45.5172	0.2602
3674.720	45.7217	0.2368
3677.100	45.5552	0.2174
3679.480	45.1412	0.2084
3681.860	44.7704	0.2089
3684.240	44.5318	0.2146
3686.620	44.3716	0.2215
3689.000	44.2575	0.2256
3691.380	44.8478	0.2209
3693.760	45.3423	0.2306
3696.140	45.8726	0.2272
3698.520	45.7681	0.2262
3700.900	46.0691	0.2993
3703.280	46.3749	0.2533
3705.660	45.1797	0.2278
3708.040	44.3348	0.1953
3710.420	44.7135	0.2138
3712.800	44.2801	0.2391
3715.180	44.6430	0.2653
3717.560	47.4365	0.2271
3719.940	49.0385	0.2810
3722.320	45.8147	0.2122
3724.700	43.1119	0.2184
3727.080	45.5278	0.2655
3729.460	49.6011	0.2626
3731.840	50.5262	0.2972
3734.220	46.9322	0.2634
3736.600	42.0112	0.1939
3738.980	42.1897	0.2793
3741.360	47.5111	0.2903
3743.740	51.6964	0.2206
3746.120	51.5349	0.2440
3748.500	47.9868	0.2464
3750.880	42.9778	0.2361
3753.260	41.0463	0.3326
3755.640	45.5240	0.2703
3758.020	51.3097	0.2191
3760.400	53.4821	0.2254
3762.780	53.5491	0.2514
3765.160	53.6457	0.2468
3767.540	52.4177	0.2397
3769.920	47.9400	0.2371
3772.300	42.5845	0.1988
3774.680	42.8636	0.1913
3777.060	48.4374	0.2008
3779.440	54.0400	0.2185
3781.820	57.3455	0.2408
3784.200	58.7532	0.2424
3786.580	58.8348	0.2899
3788.960	58.3747	0.2398
3791.340	56.9071	0.2519
3793.720	55.1794	0.2543
3796.100	51.4647	0.2619
3798.480	44.7069	0.2175
3800.860	40.5802	0.1844
3803.240	44.4354	0.2041
3805.620	51.3231	0.2590
3808.000	55.5498	0.2362
3810.380	57.5455	0.2712
3812.760	59.1462	0.2834
3815.140	59.7438	0.3557
3817.520	59.6706	0.3493
3819.900	59.6012	0.3536
3822.280	59.4737	0.2937
3824.660	58.5202	0.2416
3827.040	57.1541	0.2352
3829.420	55.2488	0.2222
3831.800	52.8299	0.2193
3834.180	48.2950	0.2343
3836.560	41.9786	0.1925
3838.940	39.4110	0.1966
3841.320	43.8329	0.1891
3843.700	50.2289	0.2960
3846.080	55.2088	0.3230
3848.460	58.4099	0.2819
3850.840	59.8294	0.2703
3853.220	60.7554	0.2461
3855.600	61.8701	0.2382
3857.980	62.2260	0.2653
3860.360	61.5875	0.2519
3862.740	60.8217	0.3841
3865.120	61.7548	0.4034
3867.500	62.8009	0.2819
3869.880	63.0996	0.3048
3872.260	62.6790	0.2431
3874.640	61.7144	0.2582
3877.020	60.6059	0.2514
3879.400	59.3191	0.2559
3881.780	57.9887	0.2593
3884.160	56.8531	0.2683
3886.540	53.9566	0.2760
3888.920	47.1677	0.2474
3891.300	41.0895	0.1676
3893.680	42.4231	0.1880
3896.060	48.8716	0.2315
3898.440	53.8334	0.2140
3900.820	56.4219	0.2088
3903.200	57.8352	0.2154
3905.580	58.8176	0.2208
3907.960	59.8010	0.2341
3910.340	61.0262	0.3034
3912.720	62.2907	0.3313
3915.100	62.7480	0.3142
3917.480	62.9655	0.2929
3919.860	62.6771	0.2970
3922.240	61.9196	0.2961
3924.620	61.9200	0.2979
3927.000	62.0515	0.3538
3929.380	61.6698	0.3327
3931.760	58.3191	0.5314
3934.140	49.1995	0.4639
3936.520	41.2179	0.2778
3938.900	46.1705	0.2727
3941.280	56.2954	0.2859
3943.660	61.1408	0.3489
3946.040	62.1988	0.2676
3948.420	62.1110	0.3073
3950.800	61.9884	0.3189
3953.180	62.0074	0.3411
3955.560	61.4118	0.3129
3957.940	60.3882	0.3266
3960.320	59.2160	0.3385
3962.700	57.9627	0.3036
3965.080	56.2202	0.3827
3967.460	51.4962	0.4661
3969.840	41.0721	0.3944
3972.220	33.3327	0.1906
3974.600	37.8360	0.2189
3976.980	47.2869	0.2719
3979.360	53.6155	0.3484
3981.740	57.2626	0.3765
3984.120	59.4621	0.2808
3986.500	60.6061	0.2736
3988.880	61.5819	0.2935
3991.260	62.5427	0.2922
3993.640	63.4204	0.2780
3996.020	63.9801	0.2887
3998.400	63.8874	0.2823
4000.780	63.5810	0.3051
4003.160	63.8320	0.3086
4005.540	63.9930	0.2952
4007.920	64.1033	0.2723
4010.300	64.2044	0.2890
4012.680	64.4749	0.2892
4015.060	64.2773	0.2681
4017.440	64.3461	0.2518
4019.820	64.7972	0.2682
4022.200	65.0265	0.3234
4024.580	64.9547	0.3628
4026.960	64.4732	0.2846
4029.340	64.2739	0.2509
4031.720	63.9607	0.2198
4034.100	63.5744	0.2224
4036.480	63.5102	0.2367
4038.860	63.9373	0.2596
4041.240	64.7006	0.2525
4043.620	64.9623	0.2814
4046.000	64.1747	0.2406
4048.380	63.3172	0.2436
4050.760	63.4298	0.2634
4053.140	64.2548	0.2591
4055.520	64.4409	0.2436
4057.900	64.0788	0.2477
4060.280	63.8635	0.2444
4062.660	63.8527	0.2339
4065.040	63.1897	0.2401
4067.420	62.6978	0.2489
4069.800	62.9181	0.2571
4072.180	62.8953	0.2574
4074.560	62.6100	0.2583
4076.940	62.5251	0.2661
4079.320	62.0271	0.2547
4081.700	61.8275	0.2472
4084.080	62.1933	0.2505
4086.460	62.0977	0.2684
4088.840	61.4001	0.2821
4091.220	60.6263	0.2719
4093.600	59.5965	0.2777
4095.980	58.3467	0.3119
4098.360	56.3227	0.3649
4100.740	51.9595	0.3559
4103.120	44.8030	0.2372
4105.500	41.3483	0.1873
4107.880	46.2498	0.1912
4110.260	52.6787	0.2179
4112.640	56.6844	0.2216
4115.020	58.5984	0.2299
4117.400	60.1455	0.2339
4119.780	61.0270	0.2458
4122.160	61.4584	0.2369
4124.540	61.8333	0.2616
4126.920	62.3024	0.2556
4129.300	62.7167	0.2404
4131.680	63.1104	0.2591
4134.060	62.9842	0.2702
4136.440	62.5606	0.2695
4138.820	63.0001	0.2619
4141.200	63.5171	0.2924
4143.580	63.7884	0.2817
4145.960	62.8679	0.2363
4148.340	62.6412	0.2508
4150.720	63.3305	0.2636
4153.100	63.8404	0.2580
4155.480	63.8918	0.2698
4157.860	63.4729	0.2577
4160.240	63.3078	0.2609
4162.620	63.4790	0.2736
4165.000	63.7766	0.2588
4167.380	63.6841	0.2633
4169.760	63.8046	0.2221
4172.140	63.7434	0.2487
4174.520	63.5517	0.2677
4176.900	62.9095	0.2307
4179.280	62.7933	0.2360
4181.660	63.0949	0.2234
4184.040	63.1472	0.2242
4186.420	63.1617	0.2460
4188.800	62.7793	0.2690
4191.180	62.5643	0.2937
4193.560	62.9548	0.2679
4195.940	63.3405	0.2715
4198.320	63.4756	0.3036
4200.700	62.5723	0.2704
4203.080	61.9245	0.2357
4205.460	61.9275	0.2466
4207.840	62.5010	0.2283
4210.220	62.8798	0.2369
4212.600	63.0198	0.2492
4214.980	63.0654	0.2524
4217.360	62.4648	0.2302
4219.740	61.8359	0.2338
4222.120	62.1578	0.2173
4224.500	62.8588	0.3121
4226.880	62.1923	0.2272
4229.260	60.8657	0.2195
4231.640	60.8517	0.2926
4234.020	62.0272	0.2407
4236.400	62.3094	0.2240
4238.780	61.9960	0.2213
4241.160	62.2116	0.2360
4243.540	62.5199	0.2395
4245.920	62.6179	0.2275
4248.300	62.3457	0.2387
4250.680	61.7716	0.2416
4253.060	61.0295	0.2348
4255.440	61.0828	0.2379
4257.820	61.7850	0.2328
4260.200	62.0752	0.2313
4262.580	62.0562	0.2388
4264.960	61.7218	0.2542
4267.340	62.1009	0.2489
4269.720	62.5661	0.2568
4272.100	62.1306	0.2740
4274.480	60.7981	0.2291
4276.860	60.3910	0.2262
4279.240	61.1597	0.2351
4281.620	61.7901	0.2354
4284.000	61.5860	0.2452
4286.380	61.3156	0.2450
4288.760	61.1719	0.2654
4291.140	60.6009	0.2396
4293.520	59.8924	0.2479
4295.900	59.9834	0.2619
4298.280	60.2947	0.2575
4300.660	60.0430	0.2436
4303.040	59.2263	0.2348
4305.420	58.9630	0.2176
4307.800	59.5793	0.2772
4310.180	59.4497	0.3085
4312.560	58.9674	0.2500
4314.940	59.0773	0.2785
4317.320	58.7344	0.3705
4319.700	59.0176	0.3022
4322.080	59.5301	0.2550
4324.460	59.4934	0.3012
4326.840	58.2286	0.2492
4329.220	57.2385	0.2548
4331.600	56.7464	0.2874
4333.980	56.3057	0.2746
4336.360	55.2831	0.3029
4338.740	52.5890	0.3902
4341.120	46.4922	0.3048
4343.500	40.7464	0.1791
4345.880	42.3062	0.1762
4348.260	48.8141	0.1911
4350.640	53.6826	0.2045
4353.020	55.8032	0.1989
4355.400	56.8263	0.1957
4357.780	57.6971	0.1954
4360.160	58.6790	0.2213
4362.540	59.3037	0.2259
4364.920	59.8342	0.2214
4367.300	60.0943	0.2410
4369.680	60.2451	0.2562
4372.060	60.2076	0.2373
4374.440	60.2925	0.2385
4376.820	60.4596	0.2562
4379.200	60.5476	0.2676
4381.580	60.8104	0.2626
4383.960	60.7739	0.2688
4386.340	60.4370	0.2947
4388.720	60.1995	0.2567
4391.100	60.6565	0.2189
4393.480	60.9712	0.2354
4395.860	60.6318	0.2256
4398.240	60.2696	0.2131
4400.620	60.4755	0.2102
4403.000	60.6630	0.2597
4405.380	60.4584	0.2159
4407.760	60.3185	0.2175
4410.140	60.3883	0.2330
4412.520	60.9302	0.2310
4414.900	60.9906	0.2173
4417.280	60.4563	0.2387
4419.660	60.0051	0.2306
4422.040	60.0942	0.2398
4424.420	60.5131	0.2343
4426.800	60.5562	0.2248
4429.180	60.4232	0.2198
4431.560	60.5712	0.2305
4433.940	60.7155	0.2250
4436.320	60.4465	0.2302
4438.700	60.3319	0.2153
4441.080	60.3716	0.2464
4443.460	60.5124	0.2149
4445.840	60.0697	0.2222
4448.220	59.6759	0.2310
4450.600	60.1046	0.2391
4452.980	60.6495	0.2372
4455.360	60.7124	0.2315
4457.740	60.2017	0.2371
4460.120	59.9219	0.2182
4462.500	60.2261	0.2109
4464.880	60.5057	0.2498
4467.260	60.5909	0.3404
4469.640	60.3704	0.3322
4472.020	59.7671	0.2567
4474.400	59.7707	0.2052
4476.780	60.2574	0.2157
4479.160	60.4879	0.2098
4481.540	60.3525	0.2104
4483.920	60.1405	0.2119
4486.300	59.9996	0.2068
4488.680	59.9707	0.2084
4491.060	60.1253	0.2140
4493.440	60.1782	0.2469
4495.820	60.2543	0.2374
4498.200	60.3762	0.2470
4500.580	60.1902	0.2497
4502.960	59.9053	0.2398
4505.340	59.6346	0.2516
4507.720	59.7636	0.2449
4510.100	60.0645	0.2315
4512.480	60.0266	0.2219
4514.860	60.1327	0.2168
4517.240	60.1790	0.2311
4519.620	60.1757	0.2247
4522.000	59.7653	0.2419
4524.380	59.6528	0.2171
4526.760	59.7449	0.2282
4529.140	59.6008	0.2385
4531.520	59.3680	0.2669
4533.900	59.1887	0.2659
4536.280	59.0866	0.2817
4538.660	59.1138	0.3072
4541.040	59.4134	0.2603
4543.420	59.6493	0.2388
4545.800	59.7137	0.2410
4548.180	59.5844	0.2231
4550.560	59.1231	0.2155
4552.940	58.6261	0.2102
4555.320	58.5913	0.1987
4557.700	58.8389	0.2033
4560.080	59.1488	0.2119
4562.460	59.3346	0.2139
4564.840	59.3419	0.2047
4567.220	59.2130	0.2125
4569.600	59.2607	0.2087
4571.980	59.3896	0.2267
4574.360	59.2172	0.2276
4576.740	59.0981	0.2240
4579.120	59.2344	0.2345
4581.500	59.2164	0.2322
4583.880	59.0975	0.2241
4586.260	58.8518	0.2279
4588.640	58.7793	0.2418
4591.020	58.9511	0.2267
4593.400	59.0115	0.2066
4595.780	59.0141	0.2225
4598.160	59.2381	0.2106
4600.540	59.4305	0.2233
4602.920	59.2230	0.2322
4605.300	58.9911	0.2510
4607.680	58.9619	0.2498
4610.060	58.9954	0.2365
4612.440	59.1754	0.2190
4614.820	59.0272	0.2158
4617.200	59.0682	0.2255
4619.580	58.9873	0.2087
4621.960	58.8282	0.2148
4624.340	58.7829	0.2267
4626.720	58.7738	0.2195
4629.100	58.9734	0.2402
4631.480	58.7625	0.2377
4633.860	58.8185	0.2111
4636.240	58.8550	0.2022
4638.620	58.8207	0.2254
4641.000	58.7789	0.2531
4643.380	58.4002	0.2250
4645.760	58.4186	0.2118
4648.140	58.6277	0.2106
4650.520	58.3503	0.2403
4652.900	58.3806	0.2359
4655.280	58.5155	0.2220
4657.660	58.3237	0.2315
4660.040	58.1913	0.2179
4662.420	58.4915	0.2148
4664.800	58.5162	0.2361
4667.180	58.5020	0.2326
4669.560	58.3614	0.2340
4671.940	58.1563	0.2220
4674.320	58.2265	0.2509
4676.700	58.3118	0.2621
4679.080	58.4575	0.2843
4681.460	58.6630	0.3495
4683.840	58.7657	0.3614
4686.220	58.3085	0.3622
4688.600	57.9133	0.3034
4690.980	57.7771	0.1963
4693.360	57.7513	0.1972
4695.740	57.8977	0.1953
4698.120	57.9758	0.1906
4700.500	58.0564	0.1994
4702.880	57.9506	0.2279
4705.260	57.6804	0.2383
4707.640	57.5240	0.2099
4710.020	57.9234	0.2367
4712.400	58.0396	0.2517
4714.780	57.8336	0.2265
4717.160	57.6199	0.2123
4719.540	57.7801	0.2104
4721.920	57.6529	0.2183
4724.300	57.5134	0.2237
4726.680	57.6368	0.2337
4729.060	57.7462	0.2411
4731.440	57.6331	0.2489
4733.820	57.5547	0.2273
4736.200	57.4949	0.2278
4738.580	57.2985	0.2014
4740.960	57.3617	0.2119
4743.340	57.5299	0.2222
4745.720	57.5523	0.2459
4748.100	57.5544	0.2299
4750.480	57.5284	0.2329
4752.860	57.3903	0.2304
4755.240	57.1545	0.2395
4757.620	57.0351	0.2102
4760.000	56.8614	0.2220
4762.380	56.9269	0.2326
4764.760	57.0861	0.2227
4767.140	57.0566	0.2258
4769.520	56.8710	0.2518
4771.900	56.8749	0.2287
4774.280	56.9678	0.2146
4776.660	56.9020	0.2101
4779.040	56.7853	0.2090
4781.420	56.7382	0.2098
4783.800	56.7655	0.2182
4786.180	56.8939	0.2092
4788.560	56.7632	0.2091
4790.940	56.5322	0.2118
4793.320	56.5153	0.2051
4795.700	56.4708	0.2128
4798.080	56.3240	0.2138
4800.460	56.3640	0.2169
4802.840	56.4010	0.2219
4805.220	56.3617	0.2363
4807.600	56.2836	0.2316
4809.980	56.2558	0.2317
4812.360	56.2701	0.2061
4814.740	56.1122	0.2037
4817.120	55.9724	0.2187
4819.500	55.8699	0.2279
4821.880	56.0262	0.2364
4824.260	56.1290	0.2147
4826.640	56.1543	0.2138
4829.020	55.8937	0.2388
4831.400	55.7303	0.2431
4833.780	55.6227	0.2297
4836.160	55.2772	0.2296
4838.540	55.2297	0.2240
4840.920	55.0713	0.2194
4843.300	54.7103	0.2451
4845.680	54.2075	0.2607
4848.060	53.8544	0.2361
4850.440	53.5043	0.2430
4852.820	52.9045	0.2617
4855.200	51.9598	0.2710
4857.580	50.8031	0.3190
4859.960	48.2207	0.3228
4862.340	43.0051	0.2568
4864.720	38.4036	0.1465
4867.100	39.6349	0.1462
4869.480	44.8639	0.1583
4871.860	48.6982	0.1704
4874.240	50.4921	0.1793
4876.620	51.6785	0.2000
4879.000	52.6568	0.2091
4881.380	53.3464	0.2129
4883.760	53.5615	0.2321
4886.140	54.0674	0.2103
4888.520	54.3765	0.2263
4890.900	54.3144	0.2119
4893.280	53.9908	0.2094
4895.660	53.8740	0.2212
4898.040	54.3452	0.2362
4900.420	54.8317	0.2132
4902.800	55.0540	0.2189
4905.180	55.1327	0.2240
4907.560	55.0428	0.2207
4909.940	54.9632	0.2153
4912.320	55.0129	0.2150
4914.700	55.0213	0.2300
4917.080	55.0844	0.2791
4919.460	55.1632	0.3123
4921.840	54.8197	0.2782
4924.220	54.1434	0.2066
4926.600	54.0304	0.2093
4928.980	54.2987	0.2125
4931.360	54.6999	0.1942
4933.740	55.1016	0.2140
4936.120	55.1387	0.2525
4938.500	55.1799	0.2308
4940.880	54.8080	0.2360
4943.260	54.7345	0.2166
4945.640	55.0147	0.2075
4948.020	55.1722	0.2084
4950.400	55.0156	0.2395
4952.780	55.1105	0.2293
4955.160	55.2953	0.2268
4957.540	54.7985	0.2287
4959.920	54.2321	0.2196
4962.300	54.0215	0.2182
4964.680	54.3569	0.2217
4967.060	54.6606	0.2116
4969.440	54.6601	0.2201
4971.820	54.8442	0.2197
4974.200	54.7312	0.2236
4976.580	54.7475	0.2396
4978.960	54.7214	0.2499
4981.340	54.7155	0.2460
4983.720	54.4534	0.2312
4986.100	54.0225	0.2277
4988.480	54.1236	0.2366
4990.860	54.2861	0.2136
4993.240	54.2766	0.2270
4995.620	54.3732	0.2254
4998.000	54.3455	0.2308
5000.380	54.3553	0.2242
5002.760	54.3830	0.2368
5005.140	54.2085	0.2441
5007.520	53.9325	0.2398
5009.900	53.8755	0.2482
5012.280	53.8605	0.2412
5014.660	53.9199	0.2358
5017.040	53.7898	0.2265
5019.420	53.4719	0.2258
5021.800	53.3116	0.2333
5024.180	53.4342	0.2427
5026.560	53.7099	0.2317
5028.940	53.9745	0.2272
5031.320	53.8443	0.2415
5033.700	54.0163	0.2458
5036.080	53.9099	0.2524
5038.460	53.9130	0.2524
5040.840	53.7118	0.2449
5043.220	53.7825	0.2379
5045.600	53.7913	0.2433
5047.980	53.7084	0.2383
5050.360	53.7174	0.2168
5052.740	53.7516	0.2260
5055.120	53.6328	0.2290
5057.500	53.4642	0.2349
5059.880	53.6639	0.2349
5062.260	53.7282	0.2222
5064.640	53.8412	0.2165
5067.020	53.7911	0.2416
5069.400	53.7215	0.2309
5071.780	53.5385	0.2308
5074.160	53.5876	0.2367
5076.540	53.6252	0.2292
5078.920	53.6934	0.2286
5081.300	53.5123	0.2251
5083.680	53.2937	0.2210
5086.060	53.2958	0.2201
5088.440	53.3137	0.2321
5090.820	53.2252	0.2313
5093.200	53.2194	0.2298
5095.580	53.2136	0.2368
5097.960	53.2326	0.2482
5098.200	52.9425	0.2310
5100.340	53.3046	0.2444
5101.130	53.1166	0.2594
5102.720	53.1158	0.2369
5104.060	53.3939	0.2456
5105.100	53.1291	0.2229
5106.990	53.2494	0.2223
5107.480	53.1256	0.2108
5109.860	53.0164	0.2103
5109.920	53.2094	0.2307
5112.240	52.9124	0.2002
5112.850	53.1803	0.2282
5114.620	52.8962	0.2274
5115.780	53.1919	0.2494
5117.000	52.8804	0.2271
5118.710	53.1379	0.2474
5119.380	52.7974	0.2303
5121.640	53.0723	0.2336
5121.760	52.8320	0.2459
5124.140	52.7833	0.2238
5124.570	52.6885	0.2655
5126.520	52.6477	0.2266
5127.500	52.6846	0.2112
5128.900	52.7629	0.2055
5130.430	52.6810	0.2135
5131.280	52.5736	0.2346
5133.360	52.6521	0.2337
5133.660	52.4479	0.2382
5136.040	52.3462	0.2367
5136.290	52.6279	0.2309
5138.420	52.2563	0.2419
5139.220	52.5143	0.2342
5140.800	52.1787	0.2552
5142.150	52.5467	0.2367
5143.180	52.2064	0.2562
5145.080	52.5532	0.2368
5145.560	52.2514	0.2694
5147.940	52.2786	0.2756
5148.010	52.5432	0.2353
5150.320	52.3569	0.2775
5150.940	52.7599	0.2101
5153.870	52.8061	0.2280
5156.800	52.7225	0.2173
5159.730	52.5979	0.2324
5162.660	52.5271	0.2416
5165.590	51.9348	0.3465
5168.520	51.6110	0.2743
5171.450	51.1578	0.2245
5174.380	50.9839	0.2411
5177.310	50.9160	0.2567
5180.240	50.8928	0.2325
5183.170	51.2257	0.2844
5186.100	51.4723	0.2349
5189.030	51.0742	0.2299
5191.960	51.0181	0.2115
5194.890	51.2869	0.2025
5197.820	51.6463	0.2017
5200.750	51.5686	0.2105
5203.680	51.6813	0.1940
5206.610	51.5965	0.2187
5209.540	51.4940	0.1995
5212.470	51.4556	0.2283
5215.400	51.3216	0.2007
5218.330	51.6187	0.1910
5221.260	51.8694	0.1973
5224.190	51.4946	0.1897
5227.120	51.4872	0.2100
5230.050	51.4476	0.1929
5232.980	51.0509	0.1858
5235.910	50.9401	0.1986
5238.840	51.3698	0.2157
5241.770	51.4015	0.2013
5244.700	51.4603	0.1831
5247.630	51.5994	0.1861
5250.560	51.4330	0.1961
5253.490	51.3636	0.1932
5256.420	51.3927	0.1774
5259.350	51.5373	0.1774
5262.280	51.1239	0.2096
5265.210	50.9591	0.1940
5268.140	50.9112	0.1781
5271.070	50.6384	0.1979
5274.000	50.4854	0.2021
5276.930	50.5134	0.1933
5279.860	50.5925	0.1627
5282.790	50.7769	0.1710
5285.720	50.9282	0.1856
5288.650	50.8808	0.1779
5291.580	50.9195	0.1790
5294.510	51.0516	0.1853
5297.440	51.0769	0.1826
5300.370	51.1257	0.1779
5303.300	50.8898	0.1871
5306.230	50.9250	0.1742
5309.160	50.6486	0.1744
5312.090	50.6406	0.1667
5315.020	50.5134	0.1751
5317.950	50.5271	0.1894
5320.880	50.4989	0.1893
5323.810	50.4964	0.1979
5326.740	50.1182	0.2044
5329.670	49.9500	0.1930
5332.600	49.9956	0.1882
5335.530	50.0755	0.1742
5338.460	50.1426	0.1859
5341.390	50.1595	0.1838
5344.320	50.1418	0.1791
5347.250	50.1686	0.1779
5350.180	50.3206	0.1728
5353.110	50.0268	0.1947
5356.040	50.1275	0.1827
5358.970	50.2135	0.1694
5361.900	50.2495	0.1910
5364.830	50.2749	0.1873
5367.760	50.0486	0.1684
5370.690	49.6046	0.1742
5373.620	49.6316	0.1865
5376.550	49.7596	0.1972
5379.480	49.6724	0.1638
5382.410	49.6825	0.1773
5385.340	49.7811	0.1657
5388.270	49.7331	0.1631
5391.200	49.6976	0.1749
5394.130	49.5724	0.1672
5397.060	49.4202	0.1678
5399.990	49.2334	0.1736
5402.920	49.1068	0.1861
5405.850	49.1485	0.1912
5408.780	49.1017	0.1855
5411.710	49.2103	0.1818
5414.640	49.3440	0.1829
5417.570	49.4567	0.1644
5420.500	49.4043	0.1612
5423.430	49.4226	0.1629
5426.360	49.3877	0.1758
5429.290	49.1571	0.1595
5432.220	49.0729	0.1566
5435.150	49.0116	0.1677
5438.080	48.8353	0.1703
5441.010	48.9721	0.1726
5443.940	48.9129	0.1795
5446.870	48.9644	0.1590
5449.800	48.9213	0.1582
5452.730	48.6672	0.1485
5455.660	48.5763	0.1395
5458.590	48.6416	0.1429
5461.520	48.6424	0.1412
5464.450	48.5801	0.1386
5467.380	48.6852	0.1488
5470.310	48.7565	0.1562
5473.240	48.7660	0.1565
5476.170	48.7815	0.1627
5479.100	48.5311	0.1599
5482.030	48.3596	0.1540
5484.960	48.3143	0.1489
5487.890	48.4607	0.1410
5490.820	48.5900	0.1535
5493.750	48.5888	0.1558
5496.680	48.6404	0.1543
5499.610	48.5573	0.1457
5502.540	48.4276	0.1446
5505.470	48.3127	0.1532
5508.400	48.1458	0.1633
5511.330	48.1033	0.1709
5514.260	48.1206	0.1594
5517.190	48.2623	0.1564
5520.120	48.2081	0.1551
5523.050	48.2041	0.1594
5525.980	48.3309	0.1491
5528.910	48.1722	0.1556
5531.840	47.8727	0.1737
5534.770	47.7217	0.1734
5537.700	47.7718	0.1720
5540.630	47.8765	0.1603
5543.560	47.8997	0.1457
5546.490	47.9208	0.1522
5549.420	47.9325	0.1550
5552.350	47.8077	0.1565
5555.280	47.7433	0.1589
5558.210	47.8168	0.1632
5561.140	47.7861	0.1670
5564.070	47.7562	0.1683
5567.000	47.8015	0.1526
5569.930	47.6624	0.1482
5572.860	47.6269	0.1587
5575.790	47.1925	0.1820
5578.720	47.3301	0.1722
5581.650	47.3228	0.1605
5584.580	47.4200	0.1722
5587.510	47.3346	0.1734
5590.440	47.2719	0.1652
5593.370	47.0917	0.1594
5596.300	47.1243	0.1587
5599.230	47.1863	0.1546
5602.160	47.1227	0.1517
5605.090	46.9926	0.1593
5608.020	47.0151	0.1694
5610.950	47.0551	0.1641
5613.880	47.0967	0.1496
5616.810	47.0711	0.1588
5619.740	47.0242	0.1548
5622.670	47.0876	0.1513
5625.600	46.9840	0.1542
5628.530	46.8892	0.1677
5631.460	46.8537	0.1637
5634.390	46.9660	0.1617
5637.320	46.9056	0.1638
5640.250	46.7221	0.1826
5643.180	46.7147	0.1563
5646.110	46.6360	0.1570
5649.040	46.6952	0.1604
5651.970	46.7190	0.1496
5654.900	46.8099	0.1473
5657.830	46.7729	0.1612
5660.760	46.6911	0.1531
5663.690	46.7149	0.1510
5666.620	46.6210	0.1499
5669.550	46.5383	0.1536
5672.480	46.5340	0.1601
5675.410	46.4364	0.1702
5678.340	46.3561	0.1706
5681.270	46.3465	0.1756
5684.200	46.3634	0.1571
5687.130	46.3774	0.1555
5690.060	46.3775	0.1485
5692.990	46.3369	0.1566
5695.920	46.2030	0.1529
5698.850	46.2192	0.1525
5701.780	46.3026	0.1473
5704.710	46.1570	0.1579
5707.640	46.1576	0.1797
5710.570	46.1714	0.1706
5713.500	46.0049	0.1663
5716.430	45.9157	0.1660
5719.360	45.9152	0.1627
5722.290	45.8597	0.1500
5725.220	45.9763	0.1471
5728.150	45.9263	0.1442
5731.080	45.8795	0.1447
5734.010	45.7985	0.1367
5736.940	45.8326	0.1401
5739.870	45.7830	0.1340
5742.800	45.7680	0.1458
5745.730	45.7759	0.1458
5748.660	45.7325	0.1516
5751.590	45.6980	0.1497
5754.520	45.6577	0.1596
5757.450	45.5001	0.1628
5760.380	45.5211	0.1601
5763.310	45.5592	0.1494
5766.240	45.4015	0.1554
5769.170	45.4340	0.1503
5772.100	45.4440	0.1402
5775.030	45.3574	0.1390
5777.960	45.3727	0.1368
5780.890	45.4081	0.1450
5783.820	45.3237	0.1515
5786.750	45.2567	0.1506
5789.680	45.1422	0.1542
5792.610	45.1123	0.1487
5795.540	45.0517	0.1494
5798.470	45.0706	0.1467
5801.400	45.0757	0.1577
5804.330	44.9387	0.1621
5807.260	45.0306	0.1686
5810.190	44.9225	0.1566
5813.120	44.9361	0.1490
5816.050	44.9211	0.1501
5818.980	45.0432	0.1401
5821.910	44.9478	0.1413
5824.840	44.8414	0.1420
5827.770	44.8266	0.1499
5830.700	44.7569	0.1513
5833.630	44.7907	0.1402
5836.560	44.7154	0.1413
5839.490	44.5470	0.1499
5842.420	44.5984	0.1414
5845.350	44.5605	0.1449
5848.280	44.5529	0.1454
5851.210	44.5107	0.1530
5854.140	44.5018	0.1663
5857.070	44.4674	0.1691
5860.000	44.2627	0.1611
5862.930	44.2242	0.1569
5865.860	44.2091	0.1582
5868.790	44.3682	0.1725
5871.720	44.6465	0.2941
5874.650	44.8715	0.3248
5877.580	44.5792	0.2209
5880.510	44.2794	0.1374
5883.440	44.0886	0.1330
5886.370	43.8838	0.1747
5889.300	43.6816	0.2266
5892.230	43.3838	0.2061
5895.160	43.2521	0.1770
5898.090	43.1876	0.1487
5901.020	43.2765	0.1533
5903.950	43.6162	0.1560
5906.880	43.7300	0.1524
5909.810	43.7967	0.1501
5912.740	43.8739	0.1440
5915.670	43.8957	0.1398
5918.600	43.7982	0.1457
5921.530	43.6668	0.1611
5924.460	43.7461	0.1633
5927.390	43.7593	0.1627
5930.320	43.7963	0.1548
5933.250	43.7866	0.1471
5936.180	43.6012	0.1345
5939.110	43.6142	0.1320
5942.040	43.4732	0.1567
5944.970	43.4351	0.1640
5947.900	43.4932	0.1535
5950.830	43.5898	0.1489
5953.760	43.4966	0.1479
5956.690	43.3447	0.1503
5959.620	43.3904	0.1346
5962.550	43.3936	0.1382
5965.480	43.2636	0.1374
5968.410	43.3614	0.1511
5971.340	43.2275	0.1598
5974.270	43.3302	0.1600
5977.200	43.2957	0.1614
5980.130	43.1974	0.1524
5983.060	43.1571	0.1536
5985.990	43.0976	0.1580
5988.920	43.1371	0.1491
5991.850	42.9826	0.1524
5994.780	42.9428	0.1519
5997.710	42.9625	0.1568
6000.640	42.9027	0.1716
6003.570	42.8357	0.1702
6006.500	42.8226	0.1674
6009.430	42.8105	0.1626
6012.360	42.8646	0.1443
6015.290	42.7812	0.1425
6018.220	42.7344	0.1463
6021.150	42.8369	0.1416
6024.080	42.7816	0.1494
6027.010	42.7553	0.1342
6029.940	42.5662	0.1421
6032.870	42.5417	0.1439
6035.800	42.4614	0.1516
6038.730	42.5714	0.1283
6041.660	42.6300	0.1356
6044.590	42.4766	0.1449
6047.520	42.4000	0.1477
6050.450	42.3477	0.1506
6053.380	42.3331	0.1585
6056.310	42.2680	0.1583
6059.240	42.2489	0.1552
6062.170	42.3519	0.1520
6065.100	42.3706	0.1442
6068.030	42.2826	0.1354
6070.960	42.1646	0.1372
6073.890	42.2239	0.1340
6076.820	42.3090	0.1424
6079.750	42.1352	0.1376
6082.680	42.0635	0.1397
6085.610	41.9599	0.1541
6088.540	41.9784	0.1390
6091.470	41.8725	0.1456
6094.400	41.7652	0.1443
6097.330	41.7983	0.1386
6100.260	41.9761	0.1437
6103.190	41.9807	0.1382
6106.120	41.7392	0.1308
6109.050	41.6709	0.1375
6111.980	41.6566	0.1420
6114.910	41.6725	0.1413
6117.840	41.6380	0.1453
6120.770	41.6068	0.1398
6123.700	41.5017	0.1375
6126.630	41.3796	0.1451
6129.560	41.4293	0.1416
6132.490	41.6297	0.1355
6135.420	41.6290	0.1386
6138.350	41.4661	0.1489
6141.280	41.4507	0.1368
6144.210	41.3535	0.1340
6147.140	41.3223	0.1374
6150.070	41.3194	0.1318
6153.000	41.3137	0.1264
6155.930	41.2848	0.1322
6158.860	41.2677	0.1545
6161.790	41.2924	0.1712
6164.720	41.1194	0.1639
6167.650	41.0533	0.1526
6170.580	41.0623	0.1327
6173.510	41.0465	0.1339
6176.440	40.9753	0.1300
6179.370	40.9166	0.1315
6182.300	40.9297	0.1300
6185.230	40.9207	0.1280
6188.160	41.0396	0.1346
6191.090	40.9258	0.1472
6194.020	40.8986	0.1427
6196.950	40.8281	0.1416
6199.880	40.8465	0.1337
6202.810	40.8573	0.1272
6205.740	40.8133	0.1293
6208.670	40.7519	0.1304
6211.600	40.7246	0.1335
6214.530	40.6752	0.1362
6217.460	40.6266	0.1418
6220.390	40.5101	0.1322
6223.320	40.4884	0.1321
6226.250	40.5739	0.1378
6229.180	40.5270	0.1432
6232.110	40.4941	0.1363
6235.040	40.3805	0.1297
6237.970	40.2958	0.1472
6240.900	40.3765	0.1443
6243.830	40.3986	0.1400
6246.760	40.4264	0.1375
6249.690	40.3238	0.1385
6252.620	40.2854	0.1328
6255.550	40.3052	0.1319
6258.480	40.3408	0.1276
6261.410	40.2259	0.1321
6264.340	40.0790	0.1435
6267.270	40.0828	0.1361
6270.200	40.1335	0.1434
6273.130	40.1025	0.1356
6276.060	40.1426	0.1331
6278.990	40.2044	0.1344
6281.920	40.2008	0.1443
6284.850	40.1220	0.1563
6287.780	40.0945	0.1399
6290.710	40.0441	0.1272
6293.640	40.0551	0.1281
6296.570	40.1604	0.1311
6299.500	40.1090	0.1328
6302.430	39.9791	0.1301
6305.360	39.9140	0.1400
6308.290	39.8619	0.1527
6311.220	39.8573	0.1467
6314.150	39.7449	0.1604
6317.080	39.6251	0.1480
6320.010	39.4815	0.1357
6322.940	39.3272	0.1406
6325.870	39.2183	0.1439
6328.800	39.1861	0.1405
6331.730	39.1146	0.1199
6334.660	39.0921	0.1229
6337.590	39.2285	0.1203
6340.520	39.3283	0.1166
6343.450	39.2345	0.1205
6346.380	39.3091	0.1089
6349.310	39.3286	0.1176
6352.240	39.3451	0.1175
6355.170	39.3338	0.1230
6358.100	39.4185	0.1233
6361.030	39.3120	0.1201
6363.960	39.1682	0.1218
6366.890	39.1025	0.1292
6369.820	39.0607	0.1373
6372.750	39.0130	0.1367
6375.680	38.9777	0.1354
6378.610	38.9957	0.1333
6381.540	39.0098	0.1265
6384.470	39.0190	0.1251
6387.400	39.0419	0.1404
6390.330	38.9801	0.1291
6393.260	39.0405	0.1234
6396.190	38.9319	0.1281
6399.120	38.8253	0.1233
6402.050	38.7530	0.1251
6404.980	38.6437	0.1284
6407.910	38.5690	0.1409
6410.840	38.5750	0.1378
6413.770	38.6247	0.1291
6416.700	38.5921	0.1285
6419.630	38.5830	0.1223
6422.560	38.5679	0.1160
6425.490	38.5588	0.1278
6428.420	38.5204	0.1276
6431.350	38.4533	0.1227
6434.280	38.4571	0.1281
6437.210	38.3725	0.1398
6440.140	38.2526	0.1483
6443.070	38.1468	0.1360
6446.000	38.1880	0.1340
6448.930	38.2140	0.1348
6451.860	38.1830	0.1365
6454.790	38.2088	0.1297
6457.720	38.1882	0.1393
6460.650	38.1399	0.1341
6463.580	38.0760	0.1240
6466.510	38.0701	0.1228
6469.440	37.9804	0.1262
6472.370	37.8976	0.1264
6475.300	37.8469	0.1238
6478.230	37.8958	0.1232
6481.160	37.9615	0.1261
6484.090	37.9549	0.1257
6487.020	37.8989	0.1298
6489.950	37.9372	0.1252
6492.880	38.0220	0.1407
6495.810	37.9562	0.1503
6498.740	37.7499	0.1366
6501.670	37.6025	0.1334
6504.600	37.5735	0.1412
6507.530	37.6516	0.1393
6510.460	37.6633	0.1390
6513.390	37.6793	0.1324
6516.320	37.5595	0.1399
6519.250	37.3774	0.1424
6522.180	37.3431	0.1436
6525.110	37.3666	0.1337
6528.040	37.3718	0.1318
6530.970	37.2936	0.1299
6533.900	37.2522	0.1222
6536.830	37.1337	0.1284
6539.760	37.0489	0.1290
6542.690	36.9372	0.1490
6545.620	36.6824	0.1503
6548.550	36.4306	0.1601
6551.480	36.1220	0.1892
6554.410	36.0073	0.2049
6557.340	35.8143	0.1994
6560.270	35.0178	0.2404
6563.200	32.4813	0.2409
6566.130	29.2074	0.1502
6569.060	27.9563	0.1430
6571.990	29.7609	0.1004
6574.920	32.2943	0.1004
6577.850	34.0414	0.1053
6580.780	35.0703	0.1097
6583.710	35.7010	0.1060
6586.640	36.0647	0.1155
6589.570	36.2122	0.1339
6592.500	36.3971	0.1444
6595.430	36.4561	0.1229
6598.360	36.5379	0.1218
6601.290	36.6129	0.1222
6604.220	36.7266	0.1172
6607.150	36.7508	0.1212
6610.080	36.6496	0.1239
6613.010	36.6099	0.1221
6615.940	36.6934	0.1254
6618.870	36.7057	0.1163
6621.800	36.7107	0.1160
6624.730	36.6375	0.1233
6627.660	36.5991	0.1179
6630.590	36.6226	0.1285
6633.520	36.5964	0.1338
6636.450	36.5860	0.1285
6639.380	36.5318	0.1289
6642.310	36.4899	0.1309
6645.240	36.3960	0.1371
6648.170	36.3851	0.1225
6651.100	36.3603	0.1180
6654.030	36.3415	0.1242
6656.960	36.3560	0.1168
6659.890	36.3818	0.1229
6662.820	36.3780	0.1301
6665.750	36.3059	0.1424
6668.680	36.2595	0.1203
6671.610	36.3688	0.1277
6674.540	36.5652	0.1980
6677.470	36.5941	0.2258
6680.400	36.3570	0.1673
6683.330	36.1470	0.1311
6686.260	36.0568	0.1239
6689.190	36.0801	0.1113
6692.120	36.1005	0.1115
6695.050	36.0674	0.1243
6697.980	36.0158	0.1325
6700.910	35.9887	0.1253
6703.840	35.9406	0.1250
6706.770	35.9227	0.1195
6709.700	35.8618	0.1296
6712.630	35.8089	0.1213
6715.560	35.8160	0.1205
6718.490	35.7819	0.1240
6721.420	35.7599	0.1394
6724.350	35.7373	0.1352
6727.280	35.7089	0.1324
6730.210	35.6610	0.1351
6733.140	35.6457	0.1285
6736.070	35.6532	0.1259
6739.000	35.7122	0.1149
6741.930	35.7338	0.1157
6744.860	35.6850	0.1258
6747.790	35.6382	0.1257
6750.720	35.6492	0.1250
6753.650	35.5952	0.1294
6756.580	35.5114	0.1140
6759.510	35.4880	0.1096
6762.440	35.4426	0.1110
6765.370	35.4023	0.1206
6768.300	35.3922	0.1161
6771.230	35.3355	0.1142
6774.160	35.2723	0.1270
6777.090	35.3256	0.1194
6780.020	35.3188	0.1157
6782.950	35.3106	0.1104
6785.880	35.2530	0.1044
6788.810	35.1805	0.1164
6791.740	35.0890	0.1177
6794.670	35.1474	0.1136
6797.600	35.1281	0.1112
6800.530	35.1097	0.1144
6803.460	35.0610	0.1086
6806.390	35.0573	0.1167
6809.320	35.0899	0.1114
6812.250	35.1098	0.1017
6815.180	35.0735	0.1051
6818.110	35.0201	0.1057
6821.040	34.9394	0.1090
6823.970	34.8751	0.1181
6826.900	34.8307	0.1243
6829.830	34.8600	0.1253
6832.760	34.8717	0.1203
6835.690	34.8612	0.1211
6838.620	34.8287	0.1176
6841.550	34.8097	0.1099
6844.480	34.7367	0.1134
6847.410	34.6715	0.1144
6850.340	34.6363	0.1177
6853.270	34.6417	0.1244
6856.200	34.5390	0.1253
6859.130	34.4479	0.1288
6862.060	34.5512	0.1202
6864.990	34.6573	0.1207
6867.920	34.5378	0.1252
6870.850	34.3351	0.1135
6873.780	34.3130	0.1069
6876.710	34.3431	0.1078
6879.640	34.3387	0.1128
6882.570	34.3560	0.1249
6885.500	34.3659	0.1409
6888.430	34.3829	0.1294
6891.360	34.3475	0.1180
6894.290	34.3206	0.1128
6897.220	34.2996	0.1086
6900.150	34.2885	0.1026
6903.080	34.2464	0.1084
6906.010	34.2549	0.1076
6908.940	34.2099	0.1149
6911.870	34.1793	0.1179
6914.800	34.1609	0.1111
6917.730	34.0508	0.1102
6920.660	34.0138	0.1103
6923.590	34.0934	0.1076
6926.520	34.0924	0.1054
6929.450	34.0013	0.1045
6932.380	33.9714	0.1053
6935.310	33.9756	0.1005
6938.240	33.9096	0.1044
6941.170	33.9087	0.1039
6944.100	33.9010	0.1035
6947.030	33.7953	0.1104
6949.960	33.7429	0.1148
6952.890	33.7383	0.1092
6955.820	33.7008	0.1072
6958.750	33.6355	0.1032
6961.680	33.6473	0.1057
6964.610	33.6610	0.1132
6967.540	33.6483	0.1138
6970.470	33.6785	0.1132
6973.400	33.6999	0.1093
6976.330	33.7042	0.1090
6979.260	33.6546	0.1158
6982.190	33.6101	0.1068
6985.120	33.5107	0.1087
6988.050	33.4621	0.1089
6990.980	33.4441	0.1183
6993.910	33.4141	0.1168
6996.840	33.3893	0.1127
6999.770	33.3762	0.1155
7002.700	33.3447	0.1176
7005.630	33.2940	0.1147
7008.560	33.2244	0.1129
7011.490	33.2255	0.1099
7014.420	33.2402	0.1028
7017.350	33.2147	0.1047
7020.280	33.2320	0.1075
7023.210	33.2474	0.1093
7026.140	33.1685	0.1110
7029.070	33.1447	0.1056
7032.000	33.1857	0.0993
7034.930	33.1379	0.0948
7037.860	33.1060	0.0948
7040.790	33.0486	0.0968
7043.720	33.0319	0.1057
7046.650	33.0311	0.1033
7049.580	33.0170	0.0988
7052.510	32.9782	0.0986
7055.440	32.9526	0.1051
7058.370	33.0073	0.1209
7061.300	33.0416	0.1380
7064.230	33.0402	0.1728
7067.160	32.9138	0.1425
7070.090	32.7857	0.1027
7073.020	32.6827	0.1028
7075.950	32.6870	0.1075
7078.880	32.6969	0.0999
7081.810	32.6587	0.0992
7084.740	32.5705	0.0996
7087.670	32.5760	0.0989
7090.600	32.5637	0.0963
7093.530	32.5369	0.0978
7096.460	32.4612	0.0970
7099.390	32.4689	0.0971
7102.320	32.4769	0.1046
7105.250	32.5071	0.1135
7108.180	32.4557	0.1111
7111.110	32.3944	0.1074
7114.040	32.3957	0.1008
7116.970	32.4043	0.1063
7119.900	32.3957	0.1095
7122.830	32.3809	0.1124
7125.760	32.3516	0.1081
7128.690	32.3309	0.0988
7131.620	32.3052	0.0994
7134.550	32.2782	0.1014
7137.480	32.3142	0.0970
7140.410	32.3141	0.0975
7143.340	32.2911	0.1125
7146.270	32.2732	0.1065
7149.200	32.1345	0.1095
7152.130	32.0051	0.1093
7155.060	31.9755	0.1046
7157.990	32.0137	0.1042
7160.920	31.9895	0.1047
7163.850	31.9794	0.1144
7166.780	31.9891	0.1140
7169.710	31.9580	0.1286
7172.640	31.9162	0.1299
7175.570	31.9407	0.1248
7178.500	31.9033	0.1188
7181.430	31.8690	0.1099
7184.360	31.7878	0.1084
7187.290	31.7511	0.1039
7190.220	31.7288	0.1018
7193.150	31.6823	0.1001
7196.080	31.6834	0.1009
7199.010	31.7030	0.1114
7201.940	31.6550	0.1094
7204.870	31.6320	0.1035
7207.800	31.6016	0.1013
7210.730	31.5900	0.0970
7213.660	31.6107	0.0973
7216.590	31.6359	0.0978
7219.520	31.7122	0.1077
7222.450	31.6908	0.1382
7225.380	31.6276	0.1315
7228.310	31.5878	0.1115
7231.240	31.5198	0.1070
7234.170	31.5020	0.1060
7237.100	31.4739	0.1052
7240.030	31.4323	0.1067
7242.960	31.4081	0.1099
7245.890	31.4143	0.1169
7248.820	31.4376	0.1120
7251.750	31.4136	0.1121
7254.680	31.3553	0.1062
7257.610	31.2972	0.1015
7260.540	31.2568	0.0960
7263.470	31.2195	0.1048
7266.400	31.1895	0.1012
7269.330	31.1271	0.1125
7272.260	31.0905	0.1140
7275.190	31.0289	0.1109
7278.120	31.0719	0.1193
7281.050	31.1438	0.1253
7283.980	31.1407	0.1090
7286.910	30.9992	0.1126
7289.840	30.8904	0.1165
7292.770	30.8579	0.1102
7295.700	30.8317	0.1068
7298.630	30.8444	0.1077
7301.560	30.8870	0.1060
7304.490	30.8900	0.1058
7307.420	30.8175	0.1050
7310.350	30.8307	0.1017
7313.280	30.8395	0.1047
7316.210	30.8102	0.1041
7319.140	30.8162	0.0966
7322.070	30.8534	0.0982
7325.000	30.7899	0.1029
7327.930	30.7738	0.1069
7330.860	30.7518	0.1024
7333.790	30.6605	0.1123
7336.720	30.5582	0.1190
7339.650	30.5807	0.1100
7342.580	30.6612	0.1022
7345.510	30.6599	0.0949
7348.440	30.6121	0.0986
7351.370	30.5700	0.1110
7354.300	30.5022	0.1157
7357.230	30.4803	0.1030
7360.160	30.4676	0.1009
7363.090	30.3936	0.1003
7366.020	30.3806	0.1020
7368.950	30.4041	0.0970
7371.880	30.4431	0.0976
7374.810	30.4105	0.0948
7377.740	30.3778	0.0990
7380.670	30.3913	0.0983
7383.600	30.3300	0.1045
7386.530	30.2891	0.1040
7389.460	30.3295	0.0995
7392.390	30.2524	0.0968
7395.320	30.1797	0.0958
7398.250	30.1447	0.0946
7401.180	30.0989	0.0943
7404.110	30.0731	0.0954
7407.040	30.0690	0.0999
7409.970	30.0660	0.1078
7412.900	29.9950	0.1128
7415.830	29.9756	0.1062
7418.760	30.0003	0.0975
7421.690	30.0570	0.1026
7424.620	30.0313	0.1034
7427.550	29.9770	0.0952
7430.480	29.9773	0.0979
7433.410	29.9376	0.0970
7436.340	29.8578	0.0964
7439.270	29.8278	0.0998
7442.200	29.8572	0.0938
7445.130	29.8679	0.1011
7448.060	29.8297	0.1016
7450.990	29.7352	0.1065
7453.920	29.6525	0.1112
7456.850	29.6720	0.1038
7459.780	29.7014	0.1053
7462.710	29.6805	0.1048
7465.640	29.6649	0.1092
7468.570	29.6707	0.1052
7471.500	29.6240	0.1067
7474.430	29.5883	0.1175
7477.360	29.4962	0.1112
7480.290	29.4793	0.1094
7483.220	29.4936	0.1043
7486.150	29.4627	0.1013
7489.080	29.4597	0.0995
7492.010	29.4105	0.1062
7494.940	29.4015	0.1066
7497.870	29.2838	0.1089
7500.800	29.2526	0.1061
7503.730	29.2810	0.1028
7506.660	29.3061	0.0996
7509.590	29.3932	0.1026
7512.520	29.3225	0.1028
7515.450	29.2923	0.0923
7518.380	29.3094	0.0967
7521.310	29.3031	0.1022
7524.240	29.2658	0.1075
7527.170	29.2100	0.1021
7530.100	29.1849	0.1034
7533.030	29.1409	0.1039
7535.960	29.0665	0.0936
7538.890	29.0824	0.0976
7541.820	29.0447	0.1052
7544.750	29.0709	0.1014
7547.680	29.0156	0.0898
7550.610	28.9653	0.0931
7553.540	29.0235	0.0898
7556.470	29.0381	0.0917
7559.400	28.9537	0.0973
7562.330	28.9178	0.1035
7565.260	28.8957	0.1147
7568.190	28.8285	0.1191
7571.120	28.8159	0.1032
7574.050	28.8771	0.0944
7576.980	28.8709	0.0922
7579.910	28.8102	0.1006
7582.840	28.7904	0.1056
7585.770	28.7468	0.1206
7588.700	28.7333	0.1258
7591.630	28.8323	0.1402
7594.560	28.9476	0.1534
7597.490	29.0146	0.1566
7600.420	28.7975	0.1402
7603.350	28.6608	0.1275
7606.280	28.4416	0.1113
7609.210	28.3128	0.1147
7612.140	28.1594	0.1107
7615.070	28.2109	0.1106
7618.000	28.3547	0.1005
7620.930	28.6075	0.1066
7623.860	28.5894	0.1289
7626.790	28.4245	0.1161
7629.720	28.3183	0.1125
7632.650	28.3194	0.1006
7635.580	28.2606	0.0902
7638.510	28.1792	0.0956
7641.440	28.1701	0.1108
7644.370	28.1895	0.1009
7647.300	28.2329	0.0970
7650.230	28.1763	0.1026
7653.160	28.1839	0.0993
7656.090	28.2504	0.1068
7659.020	28.2348	0.1137
7661.950	28.2635	0.1131
7664.880	28.2196	0.1047
7667.810	28.1564	0.0880
7670.740	28.0680	0.0900
7673.670	28.0850	0.0998
7676.600	28.1073	0.1002
7679.530	28.0598	0.1030
7682.460	28.0136	0.0978
7685.390	27.9484	0.1081
7688.320	27.8758	0.1053
7691.250	27.8840	0.1018
7694.180	27.8910	0.0970
7697.110	27.8980	0.0956
7700.040	27.9366	0.0952
7702.970	27.8717	0.0929
7705.900	27.7767	0.0922
7708.830	27.8247	0.0947
7711.760	27.8796	0.1002
7714.690	27.8129	0.0983
7717.620	27.8521	0.0903
7720.550	27.8177	0.1007
7723.480	27.8237	0.1073
7726.410	27.8442	0.1016
7729.340	27.8051	0.1040
7732.270	27.7303	0.1056
7735.200	27.6353	0.0943
7738.130	27.6592	0.0953
7741.060	27.6617	0.0893
7743.990	27.5788	0.0987
7746.920	27.6312	0.0957
7749.850	27.6071	0.0875
7752.780	27.5648	0.0917
7755.710	27.5559	0.0956
7758.640	27.5197	0.0882
7761.570	27.4577	0.0945
7764.500	27.4035	0.0932
7767.430	27.4571	0.0889
7770.360	27.4848	0.1005
7773.290	27.3890	0.1052
7776.220	27.3633	0.0954
7779.150	27.1950	0.0991
7782.080	27.1797	0.0905
7785.010	27.2316	0.0933
7787.940	27.2599	0.0928
7790.870	27.2420	0.0887
7793.800	27.2804	0.0889
7796.730	27.2932	0.0899
7799.660	27.3237	0.0899
7802.590	27.2801	0.0995
7805.520	27.2151	0.1103
7808.450	27.1779	0.1001
7811.380	27.1777	0.0957
7814.310	27.1556	0.0923
7817.240	27.1611	0.0949
7820.170	27.1004	0.0916
7823.100	27.1143	0.0916
7826.030	27.1322	0.0920
7828.960	27.1250	0.0995
7831.890	27.0460	0.1059
7834.820	26.9867	0.0972
7837.750	26.9526	0.0943
7840.680	26.9671	0.0925
7843.610	26.8890	0.0888
7846.540	26.9105	0.0979
7849.470	26.9228	0.1051
7852.400	26.8864	0.1020
7855.330	26.8776	0.1054
7858.260	26.8796	0.0948
7861.190	26.8577	0.0942
7864.120	26.9003	0.0964
7867.050	26.8624	0.0997
7869.980	26.7012	0.1046
7872.910	26.6929	0.0988
7875.840	26.6634	0.0991
7878.770	26.6478	0.0953
7881.700	26.6003	0.0939
7884.630	26.6086	0.1000
7887.560	26.5590	0.0980
7890.490	26.6109	0.0873
7893.420	26.7261	0.0881
7896.350	26.7373	0.0924
7899.280	26.7455	0.1053
7902.210	26.6753	0.1016
7905.140	26.6681	0.1058
7908.070	26.6069	0.1045
7911.000	26.5006	0.1108
7913.930	26.4441	0.1047
7916.860	26.4116	0.1021
7919.790	26.3782	0.0963
7922.720	26.3254	0.1071
7925.650	26.3426	0.0967
7928.580	26.3718	0.0923
7931.510	26.3652	0.0967
7934.440	26.3436	0.0972
7937.370	26.3449	0.0940
7940.300	26.3508	0.0875
7943.230	26.4016	0.0842
7946.160	26.3443	0.0869
7949.090	26.3050	0.0879
7952.020	26.1839	0.0876
7954.950	26.2277	0.0923
7957.880	26.1508	0.0998
7960.810	26.1339	0.1045
7963.740	26.1172	0.1072
7966.670	26.1267	0.1006
7969.600	26.0691	0.0969
7972.530	26.1197	0.1051
7975.460	26.1518	0.0988
7978.390	26.1648	0.0972
7981.320	26.1130	0.0945
7984.250	26.0711	0.0932
7987.180	26.0752	0.1022
7990.110	26.0019	0.1030
7993.040	25.9719	0.0953
7995.970	25.9880	0.0951
7998.900	25.9574	0.0910
8001.830	25.8378	0.0890
8004.760	25.8190	0.0810
8007.690	25.8963	0.0782
8010.620	25.9356	0.0785
8013.550	25.9449	0.0824
8016.480	25.9331	0.0931
8019.410	25.9455	0.0977
8022.340	25.9868	0.0985
8025.270	25.9393	0.0951
8028.200	25.9223	0.1025
8031.130	25.7863	0.0938
8034.060	25.7020	0.0886
8036.990	25.6765	0.0898
8039.920	25.6222	0.0898
8042.850	25.6827	0.0917
8045.780	25.6368	0.0914
8048.710	25.5644	0.0921
8051.640	25.4811	0.0950
8054.570	25.4180	0.1077
8057.500	25.4627	0.0971
8060.430	25.5027	0.0888
8063.360	25.5465	0.0912
8066.290	25.6075	0.0833
8069.220	25.6099	0.0962
8072.150	25.5818	0.0927
8075.080	25.5012	0.0936
8078.010	25.4802	0.1000
8080.940	25.3802	0.1020
8083.870	25.3557	0.0959
8086.800	25.3403	0.0893
8089.730	25.2851	0.0907
8092.660	25.2713	0.0888
8095.590	25.2660	0.0894
8098.520	25.2481	0.0884
8101.450	25.1691	0.0939
8104.380	25.1567	0.0923
8107.310	25.1451	0.0991
8110.240	25.1192	0.0909
8113.170	25.2113	0.0973
8116.100	25.2454	0.1039
8119.030	25.1959	0.0974
8121.960	25.2055	0.0955
8124.890	25.2165	0.0881
8127.820	25.3166	0.0845
8130.750	25.2751	0.0883
8133.680	25.1837	0.0836
8136.610	25.0133	0.0899
8139.540	24.9614	0.0916
8142.470	24.9361	0.0937
8145.400	24.9708	0.0827
8148.330	24.9796	0.0836
8151.260	24.9971	0.0887
8154.190	25.0155	0.0883
8157.120	24.9664	0.0971
8160.050	24.9388	0.0960
8162.980	24.9579	0.1007
8165.910	24.8517	0.1042
8168.840	24.7992	0.1165
8171.770	24.8311	0.1115
8174.700	24.8451	0.1052
8177.630	24.8536	0.1039
8180.560	24.7632	0.1103
8183.490	24.6139	0.1125
8186.420	24.6746	0.1003
8189.350	24.5917	0.0994
8192.280	24.6642	0.0951
8195.210	24.6341	0.0984
8198.140	24.5992	0.0876
8201.070	24.5611	0.0852
8204.000	24.4931	0.0873
8206.930	24.5409	0.0893
8209.860	24.5783	0.0849
8212.790	24.6320	0.0825
8215.720	24.6082	0.0778
8218.650	24.6142	0.0866
8221.580	24.5671	0.0960
8224.510	24.5206	0.1069
8227.440	24.4681	0.1247
8230.370	24.4530	0.1430
8233.300	24.4919	0.1254
8236.230	24.5115	0.1075
8239.160	24.4809	0.0963
8242.090	24.3685	0.0776
8245.020	24.3547	0.0775
8247.950	24.3355	0.0843
8250.880	24.3130	0.0812
8253.810	24.3173	0.0846
8256.740	24.1894	0.0971
8259.670	24.1667	0.0875
8262.600	24.1426	0.0859
8265.530	24.1526	0.0861
8268.460	24.2067	0.0878
8271.390	24.2261	0.0821
8274.320	24.2529	0.0802
8277.250	24.2180	0.0780
8280.180	24.1484	0.0840
8283.110	24.1108	0.0841
8286.040	24.0983	0.0822
8288.970	24.0852	0.0887
8291.900	24.0895	0.0920
8294.830	24.0141	0.0894
8297.760	23.8588	0.0919
8300.690	23.8544	0.0829
8303.620	23.9649	0.0796
8306.550	23.9561	0.0855
8309.480	23.9763	0.0936
8312.410	24.0093	0.0888
8315.340	23.9863	0.0980
8318.270	23.9294	0.0959
8321.200	23.9668	0.0924
8324.130	23.9581	0.0883
8327.060	23.9124	0.1028
8329.990	23.8878	0.1031
8332.920	23.8334	0.0998
8335.850	23.7181	0.0987
8338.780	23.6932	0.0980
8341.710	23.5854	0.0993
8344.640	23.6267	0.0957
8347.570	23.7016	0.0833
8350.500	23.5940	0.0907
8353.430	23.5297	0.0948
8356.360	23.6449	0.0854
8359.290	23.6764	0.0869
8362.220	23.5902	0.0974
8365.150	23.5481	0.0982
8368.080	23.5164	0.0862
8371.010	23.6556	0.0787
8373.940	23.7102	0.0789
8376.870	23.6618	0.0910
8379.800	23.5849	0.1008
8382.730	23.5808	0.1061
8385.660	23.6920	0.0914
8388.590	23.6247	0.0821
8391.520	23.5131	0.0831
8394.450	23.4231	0.0910
8397.380	23.3993	0.0950
8400.310	23.4612	0.0862
8403.240	23.4330	0.0748
8406.170	23.4105	0.0731
8409.100	23.3831	0.0802
8412.030	23.3512	0.0924
8414.960	23.3021	0.1013
8417.890	23.3816	0.0834
8420.820	23.4723	0.0751
8423.750	23.4209	0.0774
8426.680	23.2374	0.0886
8429.610	23.1856	0.1096
8432.540	23.3776	0.0930
8435.470	23.3455	0.0945
8438.400	23.2606	0.0920
8441.330	23.2016	0.0850
8444.260	23.0962	0.0770
8447.190	23.0791	0.0825
8450.120	23.0710	0.1110
8453.050	23.0786	0.0883
8455.980	23.0981	0.0834
8458.910	23.1055	0.0993
8461.840	23.0877	0.1005
8464.770	23.1407	0.1015
8467.700	23.1646	0.0938
8470.630	23.1120	0.0864
8473.560	23.0159	0.0867
8476.490	23.0224	0.0916
8479.420	23.0527	0.0902
8482.350	23.0909	0.0899
8485.280	23.0384	0.1051
8488.210	23.0863	0.1018
8491.140	23.1138	0.0990
8494.070	23.1731	0.1241
8497.000	23.1513	0.1632
8499.930	22.6943	0.1240
8502.860	22.1020	0.0976
8505.790	21.9040	0.0988
8508.720	22.1860	0.0932
8511.650	22.5574	0.0877
8514.580	22.6812	0.0992
8517.510	22.6687	0.0926
8520.440	22.5779	0.0876
8523.370	22.6064	0.0874
8526.300	22.6744	0.0975
8529.230	22.6930	0.1128
8532.160	22.7100	0.1021
8535.090	22.8229	0.1004
8538.020	23.1564	0.1910
8540.950	23.1310	0.2372
8543.880	22.4585	0.1678
8546.810	21.2700	0.0990
8549.740	20.8033	0.1091
8552.670	21.3681	0.0963
8555.600	22.1044	0.0827
8558.530	22.4367	0.0817
8561.460	22.5735	0.0837
8564.390	22.6588	0.0868
8567.320	22.6758	0.0850
8570.250	22.6458	0.0857
8573.180	22.6216	0.0913
8576.110	22.5858	0.0923
8579.040	22.6210	0.0964
8581.970	22.5752	0.1063
8584.900	22.4468	0.1020
8587.830	22.3613	0.0961
8590.760	22.3201	0.0807
8593.690	22.3008	0.0776
8596.620	22.2614	0.0786
8599.550	22.1467	0.0926
8602.480	22.1012	0.0878
8605.410	22.1039	0.0756
8608.340	22.1370	0.0705
8611.270	22.1837	0.0713
8614.200	22.3204	0.0791
8617.130	22.3960	0.0749
8620.060	22.3714	0.0904
8622.990	22.3218	0.1163
8625.920	22.2707	0.1015
8628.850	22.2784	0.0922
8631.780	22.2478	0.0857
8634.710	22.0764	0.1008
8637.640	22.0509	0.1044
8640.570	22.1324	0.1013
8643.500	22.1575	0.0940
8646.430	22.1874	0.0910
8649.360	22.0166	0.0950
8652.290	21.8632	0.0957
8655.220	21.9827	0.0746
8658.150	22.1706	0.1687
8661.080	22.3151	0.2038
8664.010	21.8365	0.1538
8666.940	20.8157	0.0994
8669.870	20.2863	0.0902
8672.800	20.6777	0.0873
8675.730	21.2536	0.0893
8678.660	21.5448	0.0894
8681.590	21.7444	0.0845
8684.520	21.9019	0.0816
8687.450	22.0036	0.0846
8690.380	21.9735	0.0859
8693.310	21.8809	0.0820
8696.240	21.9218	0.0785
8699.170	21.9811	0.0821
8702.100	21.9873	0.0842
8705.030	21.9982	0.0884
8707.960	22.0039	0.0872
8710.890	21.9668	0.0835
8713.820	21.9198	0.0849
8716.750	21.8813	0.0789
8719.680	21.8105	0.0796
8722.610	21.7880	0.0854
8725.540	21.8133	0.0753
8728.470	21.7964	0.0687
8731.400	21.7752	0.0702
8734.330	21.7434	0.0735
8737.260	21.7045	0.0794
8740.190	21.6497	0.0757
8743.120	21.5620	0.0774
8746.050	21.4710	0.0780
8748.980	21.4068	0.0755
8751.910	21.2639	0.0825
8754.840	21.0776	0.0774
8757.770	20.9942	0.0778
8760.700	21.0581	0.0824
8763.630	21.3195	0.0833
8766.560	21.4480	0.0901
8769.490	21.4990	0.0927
8772.420	21.5146	0.0914
8775.350	21.4393	0.0920
8778.280	21.4430	0.0873
8781.210	21.4147	0.0931
8784.140	21.3768	0.0941
8787.070	21.3598	0.0952
8790.000	21.4446	0.0823
8792.930	21.4493	0.0765
8795.860	21.4383	0.0729
8798.790	21.3987	0.0754
8801.720	21.4765	0.0865
8804.650	21.5838	0.1018
8807.580	21.5518	0.0950
8810.510	21.3361	0.0958
8813.440	21.2205	0.0987
8816.370	21.2507	0.0942
8819.300	21.3681	0.0915
8822.230	21.3749	0.0912
8825.160	21.2618	0.0940
8828.090	21.1823	0.0834
8831.020	21.1470	0.0842
8833.950	21.1418	0.0844
8836.880	21.2175	0.0800
8839.810	21.2836	0.0715
8842.740	21.3471	0.0734
8845.670	21.2887	0.0811
8848.600	21.1376	0.0994
8851.530	21.0542	0.0975
8854.460	20.9547	0.0910
8857.390	20.8514	0.0842
8860.320	20.7547	0.0732
8863.250	20.5431	0.0827
8866.180	20.2833	0.0871
8869.110	20.0603	0.0808
8872.040	20.1287	0.0758
8874.970	20.4219	0.0753
8877.900	20.6692	0.0656
8880.830	20.7670	0.0723
8883.760	20.8000	0.0829
8886.690	20.8214	0.0764
8889.620	20.8506	0.0675
8892.550	20.8655	0.0735
8895.480	20.9171	0.0901
8898.410	20.9590	0.0940
8901.340	20.9486	0.0909
8904.270	20.9216	0.0896
8907.200	20.8897	0.0845
8910.130	20.8628	0.0746
8913.060	20.9318	0.0866
8915.990	20.9131	0.0811
8918.920	20.9251	0.0776
8921.850	21.0011	0.0861
8924.780	21.0467	0.0952
8927.710	20.9138	0.0911
8930.640	20.7427	0.0807
8933.570	20.5888	0.0796
8936.500	20.5591	0.0800
8939.430	20.5936	0.0889
8942.360	20.7116	0.0888
8945.290	20.8151	0.0838
8948.220	20.8378	0.0836
8951.150	20.8791	0.0777
8954.080	20.8287	0.0858
8957.010	20.7037	0.0851
8959.940	20.6551	0.0727
8962.870	20.6281	0.0731
8965.800	20.7206	0.0797
8968.730	20.7508	0.0865
8971.660	20.6427	0.0975
8974.590	20.5184	0.0943
8977.520	20.4653	0.0907
8980.450	20.4199	0.0825
8983.380	20.3949	0.0768
8986.310	20.4184	0.0837
8989.240	20.5157	0.0933
8992.170	20.5688	0.0892
8995.100	20.5469	0.0953
8998.030	20.5147	0.0982
9000.960	20.3479	0.0894
9003.890	20.2118	0.0814
9006.820	20.0782	0.0836
9009.750	20.0712	0.0862
9012.680	20.0674	0.1044
9015.610	19.9234	0.1051
9018.540	19.5212	0.0833
9021.470	19.1514	0.0809
9024.400	19.1592	0.0889
9027.330	19.4925	0.0903
9030.260	19.7203	0.0770
9033.190	19.8615	0.0625
9036.120	19.9669	0.0684
9039.050	20.0637	0.0689
9041.980	20.0862	0.0812
9044.910	20.0359	0.0827
9047.840	20.0504	0.0930
9050.770	20.0322	0.0945
9053.700	20.0588	0.0819
9056.630	20.1105	0.0687
9059.560	20.1161	0.0771
9062.490	20.1586	0.0821
9065.420	20.1068	0.0910
9068.350	20.0388	0.0972
9071.280	20.1742	0.0914
9074.210	20.3496	0.0857
9077.140	20.4040	0.0835
9080.070	20.2470	0.0937
9083.000	20.1210	0.0822
9085.930	20.0753	0.0806
9088.860	20.1047	0.0861
9091.790	20.0293	0.0907
9094.720	19.9533	0.0796
9097.650	19.9027	0.0795
9100.580	19.7549	0.0864
9103.510	19.7568	0.0850
9106.440	19.9118	0.0850
9109.370	20.0678	0.0918
9112.300	20.1063	0.0926
9115.230	20.1356	0.1017
9118.160	19.9960	0.1004
9121.090	19.7670	0.0849
9124.020	19.6348	0.0778
9126.950	19.6562	0.0768
9129.880	19.6499	0.0889
9132.810	19.7313	0.0982
9135.740	19.9032	0.0903
9138.670	20.0198	0.0915
9141.600	20.0351	0.0866
9144.530	19.9368	0.0845
9147.460	19.8709	0.0768
9150.390	19.8557	0.0793
9153.320	19.8617	0.0884
9156.250	19.8806	0.0887
9159.180	19.8891	0.0896
9162.110	19.8459	0.0886
9165.040	19.7208	0.0917
9167.970	19.5902	0.0879
9170.900	19.4423	0.0824
9173.830	19.4474	0.0909
9176.760	19.5185	0.0892
9179.690	19.5901	0.0902
9182.620	19.7050	0.0917
9185.550	19.8061	0.0796
9188.480	19.7529	0.0805
9191.410	19.7038	0.0815
9194.340	19.5499	0.0816
9197.270	19.3482	0.0865
9200.200	19.3647	0.0834
9203.130	19.4544	0.0934
9206.060	19.4613	0.0894
9208.990	19.4656	0.0874
9211.920	19.3758	0.0857
9214.850	19.1784	0.0864
9217.780	18.9978	0.0893
9220.710	18.9299	0.0825
9223.640	18.9391	0.0785
9226.570	18.9638	0.0825
9229.500	18.8498	0.0823
9232.430	18.4326	0.0850
9235.360	17.8970	0.0759
9238.290	17.7826	0.0692
9241.220	18.1415	0.0751
9244.150	18.5113	0.0838
9247.080	18.7023	0.0939
9250.010	18.8514	0.0969
9252.940	19.0439	0.0861
9255.870	19.1950	0.0798
9258.800	19.1372	0.0821
9261.730	19.0607	0.0858
9264.660	19.0120	0.0880
9267.590	18.9826	0.0866
9270.520	19.0138	0.0920
9273.450	19.0026	0.0936
9276.380	18.9673	0.1008
9279.310	19.0508	0.1057
9282.240	19.0857	0.0902
9285.170	19.0943	0.0857
9288.100	19.1265	0.0853
9291.030	19.2095	0.0770
9293.960	19.3037	0.0757
9296.890	19.3528	0.0845
9299.820	19.3836	0.0903
9302.750	19.2724	0.0988
9305.680	19.1714	0.0898
9308.610	19.0391	0.0904
9311.540	18.9683	0.0905
9314.470	18.8857	0.1074
9317.400	18.9066	0.0975
9320.330	18.9248	0.1085
9323.260	18.9628	0.1200
9326.190	18.9516	0.1101
9329.120	18.9905	0.1023
9332.050	19.0232	0.1088
9334.980	18.9811	0.1230
9337.910	18.9202	0.1355
9340.840	18.9689	0.1347
9343.770	18.9883	0.1288
9346.700	18.8102	0.1154
9349.630	18.6357	0.1069
9352.560	18.6754	0.1180
9355.490	18.6404	0.1185
9358.420	18.6444	0.1040
9361.350	18.7384	0.1020
9364.280	18.8321	0.1033
9367.210	18.8642	0.1157
9370.140	18.8199	0.1104
9373.070	18.7274	0.1042
9376.000	18.6393	0.1047
9378.930	18.6789	0.1144
9381.860	18.6379	0.1091
9384.790	18.7322	0.0867
9387.720	18.7252	0.0842
9390.650	18.6288	0.0889
9393.580	18.5818	0.1023
9396.510	18.6184	0.0977
9399.440	18.6088	0.0948
9402.370	18.5419	0.0970
9405.300	18.6358	0.1081
9408.230	18.6514	0.1079
9411.160	18.5004	0.1283
9414.090	18.3650	0.1216
9417.020	18.3094	0.0984
9419.950	18.2982	0.1044
9422.880	18.4075	0.1056
9425.810	18.4442	0.1049
9428.740	18.5072	0.1006
9431.670	18.5024	0.0917
9434.600	18.5753	0.0866
9437.530	18.6354	0.1105
9440.460	18.5432	0.1241
9443.390	18.3588	0.1089
9446.320	18.3296	0.0955
9449.250	18.4134	0.0918
9452.180	18.4326	0.0982
9455.110	18.3216	0.1027
9458.040	18.1820	0.0961
9460.970	18.1440	0.0922
9463.900	18.1823	0.0846
9466.830	18.3279	0.0818
9469.760	18.3827	0.0889
9472.690	18.2891	0.0966
9475.620	18.2231	0.1020
9478.550	18.1630	0.1047
9481.480	18.1011	0.0994
9484.410	18.0823	0.0918
9487.340	17.9698	0.0963
9490.270	17.9234	0.0945
9493.200	18.0647	0.0947
9496.130	18.1838	0.1063
9499.060	18.0867	0.1140
9501.990	18.0242	0.1053
9504.920	18.0183	0.0899
9507.850	18.0989	0.0895
9510.780	18.1695	0.1009
9513.710	18.0792	0.1149
9516.640	17.8670	0.1210
9519.570	17.6619	0.1092
9522.500	17.7010	0.0903
9525.430	17.7738	0.0864
9528.360	17.8531	0.0864
9531.290	17.7955	0.0875
9534.220	17.6726	0.0930
9537.150	17.5584	0.1002
9540.080	17.5006	0.1038
9543.010	17.4615	0.1100
9545.940	17.2499	0.1089
9548.870	16.7496	0.1050
9551.800	16.1628	0.1006
9554.730	15.9756	0.0954
9557.660	16.3309	0.1000
9560.590	16.9070	0.1003
9563.520	17.2590	0.1098
9566.450	17.4123	0.1247
9569.380	17.5185	0.1126
9572.310	17.5903	0.1015
9575.240	17.5281	0.0929
9578.170	17.3928	0.0978
9581.100	17.2264	0.0981
9584.030	17.2653	0.1061
9586.960	17.3707	0.1226
9589.890	17.3783	0.1285
9592.820	17.4057	0.1240
9595.750	17.4380	0.1239
9598.680	17.3972	0.1137
9601.610	17.3861	0.1199
9604.540	17.3603	0.1292
9607.470	17.3744	0.1429
9610.400	17.5004	0.1535
9613.330	17.4610	0.1494
9616.260	17.3423	0.1356
9619.190	17.3200	0.1638
9622.120	17.2545	0.1713
9625.050	17.0447	0.1683
9627.980	16.9865	0.1532
9630.910	17.0182	0.1464
9633.840	17.1366	0.1524
9636.770	17.1916	0.1637
9639.700	17.1884	0.1574
9642.630	17.1395	0.1628
9645.560	17.1005	0.1729
9648.490	17.0294	0.1678
9651.420	16.9992	0.1719
9654.350	16.8861	0.1659
9657.280	16.8465	0.1654
9660.210	16.7931	0.1858
9663.140	16.7646	0.1865
9666.070	16.7235	0.1819
9669.000	16.8151	0.1816
9671.930	16.9386	0.1938
9674.860	17.0413	0.1919
9677.790	16.9907	0.1992
9680.720	16.7402	0.1924
9683.650	16.6952	0.2053
9686.580	16.6671	0.2019
9689.510	16.5922	0.2026
9692.440	16.5445	0.2025
9695.370	16.6131	0.2059
9698.300	16.6763	0.2054
9701.230	16.6516	0.2152
