3298.680	97.6478	0.6901
3301.060	94.2319	0.7631
3303.440	89.2569	0.6773
3305.820	87.3549	0.5905
3308.200	89.2814	0.5781
3310.580	90.5290	0.6429
3312.960	90.5293	0.6176
3315.340	90.9916	0.6341
3317.720	91.6495	0.6707
3320.100	88.4875	0.7138
3322.480	86.1903	0.6007
3324.860	87.4206	0.5572
3327.240	88.3375	0.5616
3329.620	89.2185	0.5584
3332.000	89.5804	0.6035
3334.380	86.9446	0.5784
3336.760	85.2021	0.5419
3339.140	86.3578	0.5485
3341.520	88.5898	0.5322
3343.900	90.7086	0.5599
3346.280	87.8905	0.4952
3348.660	84.5187	0.5492
3351.040	86.9180	0.5206
3353.420	90.9209	0.5802
3355.800	88.8317	0.6681
3358.180	80.8886	0.5668
3360.560	77.6424	0.5712
3362.940	83.1297	0.5192
3365.320	85.8835	0.5535
3367.700	82.4780	0.4993
3370.080	79.6624	0.5094
3372.460	82.5493	0.5161
3374.840	88.2038	0.5571
3377.220	86.3360	0.6247
3379.600	82.6384	0.4354
3381.980	84.2362	0.4478
3384.360	88.0766	0.4775
3386.740	89.9687	0.5791
3389.120	89.0147	0.5082
3391.500	86.1270	0.4805
3393.880	87.3344	0.5577
3396.260	92.7876	0.5080
3398.640	95.6436	0.6250
3401.020	93.8226	0.6448
3403.400	89.7413	0.5021
3405.780	86.9878	0.4615
3408.160	86.9296	0.4235
3410.540	87.6399	0.4611
3412.920	87.0820	0.5082
3415.300	88.3716	0.4851
3417.680	91.0340	0.5483
3420.060	91.4605	0.5954
3422.440	89.6795	0.5176
3424.820	89.9855	0.4545
3427.200	92.6159	0.4473
3429.580	94.5684	0.5548
3431.960	93.4695	0.5922
3434.340	92.3397	0.5873
3436.720	88.7662	0.5833
3439.100	81.5321	0.4776
3441.480	77.2243	0.4801
3443.860	80.2301	0.4722
3446.240	86.8484	0.4493
3448.620	90.6079	0.5670
3451.000	90.9384	0.5564
3453.380	90.3607	0.5378
3455.760	89.3935	0.4867
3458.140	86.8813	0.4189
3460.520	85.9408	0.4432
3462.900	88.1290	0.4503
3465.280	90.0818	0.5851
3467.660	91.7492	0.5507
3470.040	91.0222	0.5788
3472.420	86.8902	0.4762
3474.800	83.3142	0.4387
3477.180	85.1835	0.5052
3479.560	88.4916	0.6103
3481.940	89.0520	0.5506
3484.320	89.2760	0.4910
3486.700	89.3485	0.5075
3489.080	87.5278	0.4568
3491.460	85.0753	0.4683
3493.840	83.6484	0.4120
3496.220	85.0687	0.4252
3498.600	89.9548	0.4320
3500.980	93.6437	0.5493
3503.360	93.5733	0.5835
3505.740	92.3064	0.5296
3508.120	90.5210	0.4675
3510.500	88.6471	0.4398
3512.880	88.1885	0.4466
3515.260	90.2855	0.4508
3517.640	91.6098	0.3960
3520.020	88.3465	0.3973
3522.400	83.8826	0.4232
3524.780	82.1460	0.5450
3527.160	85.1634	0.4017
3529.540	89.5835	0.4078
3531.920	91.9524	0.4477
3534.300	93.6231	0.4264
3536.680	95.5394	0.4374
3539.060	96.4400	0.4479
3541.440	97.0522	0.4822
3543.820	98.0008	0.5041
3546.200	97.9849	0.5565
3548.580	97.9379	0.4993
3550.960	96.8157	0.5249
3553.340	94.9822	0.5209
3555.720	94.4122	0.5334
3558.100	95.2484	0.5427
3560.480	95.7150	0.5008
3562.860	92.9475	0.4409
3565.240	86.7743	0.4190
3567.620	82.4934	0.3659
3570.000	81.4589	0.4671
3572.380	83.6565	0.4050
3574.760	86.8157	0.4274
3577.140	87.1818	0.4407
3579.520	84.1872	0.4470
3581.900	79.7593	0.4190
3584.280	76.8712	0.4119
3586.660	77.4481	0.3950
3589.040	83.7071	0.4008
3591.420	90.6708	0.4582
3593.800	93.7039	0.5810
3596.180	95.5461	0.6306
3598.560	96.2500	0.5784
3600.940	93.3044	0.4396
3603.320	88.5698	0.4050
3605.700	86.3642	0.4128
3608.080	85.1477	0.3858
3610.460	85.2049	0.4540
3612.840	86.1554	0.5562
3615.220	86.2171	0.4998
3617.600	84.6427	0.3646
3619.980	85.2152	0.4640
3622.360	90.3278	0.4542
3624.740	95.2738	0.6349
3627.120	95.8620	0.6088
3629.500	90.2008	0.4774
3631.880	85.2160	0.4931
3634.260	86.6486	0.4721
3636.640	91.2934	0.4856
3639.020	94.5286	0.4654
3641.400	93.4266	0.4399
3643.780	89.4314	0.4317
3646.160	88.0580	0.4048
3648.540	89.7672	0.4325
3650.920	93.4828	0.3852
3653.300	97.7100	0.4929
3655.680	100.3571	0.5040
3658.060	101.4469	0.4822
3660.440	101.2768	0.4231
3662.820	99.7720	0.4098
3665.200	98.3865	0.4141
3667.580	97.3769	0.4158
3669.960	97.7391	0.4750
3672.340	98.9403	0.5565
3674.720	98.1208	0.4975
3677.100	94.9391	0.4456
3679.480	93.8946	0.4105
3681.860	94.8615	0.4200
3684.240	94.5411	0.4423
3686.620	94.1567	0.4517
3689.000	96.9450	0.4735
3691.380	100.9257	0.4777
3693.760	101.4666	0.4961
3696.140	102.3066	0.4987
3698.520	103.9514	0.4993
3700.900	101.5938	0.6592
3703.280	94.9611	0.5098
3705.660	90.8412	0.4452
3708.040	92.2117	0.3918
3710.420	96.3772	0.4413
3712.800	102.5228	0.5329
3715.180	106.9387	0.6183
3717.560	102.1236	0.4728
3719.940	92.8431	0.5157
3722.320	92.1421	0.4116
3724.700	99.8636	0.4842
3727.080	104.3759	0.5855
3729.460	101.4455	0.5331
3731.840	90.7997	0.5164
3734.220	82.3267	0.4577
3736.600	87.3562	0.3945
3738.980	98.9039	0.6255
3741.360	103.6349	0.6228
3743.740	97.8154	0.4052
3746.120	87.3313	0.4121
3748.500	81.3901	0.4139
3750.880	89.4673	0.4786
3753.260	103.5739	0.8229
3755.640	108.4766	0.6335
3758.020	105.9394	0.4272
3760.400	105.8576	0.4353
3762.780	107.6376	0.4846
3765.160	105.0912	0.4743
3767.540	97.6438	0.4318
3769.920	93.5745	0.4412
3772.300	99.7389	0.4486
3774.680	110.8617	0.4615
3777.060	119.1420	0.4710
3779.440	125.2644	0.4727
3781.820	127.9051	0.5174
3784.200	124.7875	0.5014
3786.580	118.3776	0.5700
3788.960	113.9071	0.4597
3791.340	108.9167	0.4724
3793.720	99.7871	0.4499
3796.100	90.9284	0.4589
3798.480	92.1018	0.4325
3800.860	105.5798	0.4484
3803.240	117.7441	0.5023
3805.620	122.5532	0.5911
3808.000	125.3502	0.5061
3810.380	125.1367	0.5718
3812.760	119.9054	0.5570
3815.140	115.6005	0.6753
3817.520	115.3190	0.6655
3819.900	113.3150	0.6676
3822.280	109.2065	0.5192
3824.660	102.9173	0.4061
3827.040	96.9110	0.3788
3829.420	90.9746	0.3548
3831.800	82.1131	0.3357
3834.180	75.1240	0.3527
3836.560	77.0146	0.3434
3838.940	87.3568	0.4151
3841.320	101.8684	0.4154
3843.700	114.2296	0.6595
3846.080	121.9857	0.6979
3848.460	126.4308	0.5867
3850.840	128.4736	0.5533
3853.220	128.2060	0.4973
3855.600	124.3917	0.4572
3857.980	120.8763	0.5108
3860.360	123.4096	0.4942
3862.740	129.0564	0.8115
3865.120	132.4995	0.8547
3867.500	131.5655	0.5746
3869.880	126.3148	0.5912
3872.260	121.4921	0.4461
3874.640	120.8695	0.4893
3877.020	120.0873	0.4714
3879.400	118.4025	0.4906
3881.780	114.4718	0.5037
3884.160	104.0376	0.4738
3886.540	91.7487	0.4649
3888.920	88.1601	0.4493
3891.300	96.5467	0.3628
3893.680	106.8798	0.4303
3896.060	113.8749	0.5238
3898.440	118.3469	0.4566
3900.820	119.6190	0.4178
3903.200	118.4430	0.4083
3905.580	119.0906	0.4306
3907.960	124.7142	0.4737
3910.340	129.3138	0.6221
3912.720	129.6212	0.6773
3915.100	126.6936	0.6292
3917.480	123.6100	0.5601
3919.860	120.7141	0.5584
3922.240	118.1669	0.5466
3924.620	111.8884	0.5129
3927.000	94.8175	0.5207
3929.380	69.9031	0.3904
3931.760	49.2150	0.4457
3934.140	47.1756	0.4448
3936.520	65.7832	0.4392
3938.900	89.2516	0.4907
3941.280	104.6958	0.5083
3943.660	112.4364	0.6232
3946.040	118.1258	0.4849
3948.420	121.2991	0.5832
3950.800	123.0761	0.6145
3953.180	123.6011	0.6622
3955.560	122.3665	0.6051
3957.940	119.0856	0.6279
3960.320	110.5221	0.6212
3962.700	93.7958	0.4725
3965.080	70.9687	0.4944
3967.460	53.7030	0.4874
3969.840	57.1859	0.5415
3972.220	77.5686	0.4123
3974.600	99.3788	0.5384
3976.980	115.3241	0.6462
3979.360	124.4987	0.8053
3981.740	128.5558	0.8324
3984.120	130.6005	0.6002
3986.500	132.9896	0.5615
3988.880	136.1476	0.6174
3991.260	139.2264	0.6290
3993.640	139.2885	0.5804
3996.020	137.3149	0.5810
3998.400	138.6311	0.5769
4000.780	141.1444	0.6276
4003.160	139.4887	0.6432
4005.540	137.4633	0.5695
4007.920	140.7683	0.5316
4010.300	144.3681	0.5889
4012.680	144.9660	0.5804
4015.060	144.4085	0.5521
4017.440	145.0896	0.5064
4019.820	146.7173	0.5731
4022.200	147.0876	0.6993
4024.580	146.9030	0.7917
4026.960	145.0522	0.6030
4029.340	140.0851	0.5139
4031.720	136.4514	0.4368
4034.100	140.0654	0.4594
4036.480	146.2279	0.5138
4038.860	148.2967	0.5611
4041.240	144.9871	0.5207
4043.620	139.3308	0.5709
4046.000	137.8603	0.4794
4048.380	143.1273	0.5082
4050.760	145.1060	0.5663
4053.140	142.0296	0.5459
4055.520	139.2984	0.4941
4057.900	139.0845	0.5033
4060.280	138.9317	0.5007
4062.660	137.3178	0.4738
4065.040	136.6834	0.4847
4067.420	139.2487	0.5295
4069.800	140.0436	0.5454
4072.180	138.6313	0.5372
4074.560	135.5476	0.5428
4076.940	133.1125	0.5415
4079.320	135.1205	0.5249
4081.700	138.5180	0.5310
4084.080	139.3353	0.5223
4086.460	141.3747	0.5799
4088.840	142.4772	0.6155
4091.220	139.9022	0.5986
4093.600	134.6485	0.6002
4095.980	126.1527	0.6491
4098.360	112.3832	0.7160
4100.740	100.6231	0.6671
4103.120	105.3856	0.5318
4105.500	118.8459	0.4987
4107.880	128.5324	0.4736
4110.260	134.4997	0.5094
4112.640	139.8416	0.4931
4115.020	142.7703	0.5174
4117.400	142.4988	0.5089
4119.780	141.2525	0.5248
4122.160	141.7575	0.4999
4124.540	142.4932	0.5643
4126.920	142.1428	0.5576
4129.300	140.9326	0.5040
4131.680	140.1256	0.5449
4134.060	142.4713	0.5816
4136.440	147.3816	0.6002
4138.820	150.2368	0.5939
4141.200	147.0619	0.6337
4143.580	145.1871	0.6022
4145.960	145.8254	0.5146
4148.340	146.3279	0.5523
4150.720	145.1248	0.5664
4153.100	142.9405	0.5392
4155.480	142.1198	0.5745
4157.860	144.1215	0.5535
4160.240	147.3165	0.5647
4162.620	149.7432	0.6176
4165.000	149.1718	0.5652
4167.380	146.3375	0.5737
4169.760	141.8107	0.4644
4172.140	136.7714	0.5039
4174.520	136.4538	0.5311
4176.900	139.0691	0.4752
4179.280	141.2595	0.4972
4181.660	142.0799	0.4615
4184.040	141.2428	0.4690
4186.420	140.8854	0.5043
4188.800	142.5527	0.5715
4191.180	145.7155	0.6640
4193.560	146.1792	0.5729
4195.940	141.7522	0.5841
4198.320	138.3909	0.6351
4200.700	138.0140	0.5742
4203.080	139.9829	0.5009
4205.460	142.7063	0.5345
4207.840	145.1671	0.4950
4210.220	146.6823	0.5332
4212.600	146.2214	0.5379
4214.980	143.8485	0.5485
4217.360	142.9103	0.4772
4219.740	143.2696	0.5080
4222.120	140.0102	0.4427
4224.500	131.8831	0.6326
4226.880	130.1191	0.4440
4229.260	138.4883	0.4681
4231.640	141.8846	0.6615
4234.020	139.5232	0.5149
4236.400	138.0017	0.4647
4238.780	138.9015	0.4600
4241.160	141.1812	0.4997
4243.540	141.5649	0.5003
4245.920	139.1385	0.4722
4248.300	137.2039	0.5026
4250.680	139.1227	0.5112
4253.060	141.3519	0.5043
4255.440	141.3603	0.5185
4257.820	139.1897	0.4938
4260.200	137.4540	0.4834
4262.580	141.2310	0.5155
4264.960	143.8239	0.5584
4267.340	140.7311	0.5262
4269.720	134.7982	0.5122
4272.100	132.2450	0.5581
4274.480	135.2846	0.4794
4276.860	139.8180	0.4975
4279.240	139.9548	0.4991
4281.620	137.9815	0.4856
4284.000	135.2408	0.5111
4286.380	131.4936	0.4858
4288.760	127.1772	0.5163
4291.140	127.6921	0.4701
4293.520	129.8555	0.5130
4295.900	125.9809	0.5154
4298.280	117.5154	0.4799
4300.660	112.4616	0.4343
4303.040	113.4160	0.4256
4305.420	113.9386	0.3982
4307.800	113.8489	0.5001
4310.180	117.2021	0.5942
4312.560	124.6434	0.4915
4314.940	133.5317	0.5957
4317.320	139.1435	0.8510
4319.700	139.0346	0.6799
4322.080	132.9222	0.5351
4324.460	127.3403	0.6236
4326.840	128.5592	0.5190
4329.220	133.5332	0.5574
4331.600	133.8105	0.6629
4333.980	128.1968	0.6070
4336.360	115.4604	0.6135
4338.740	101.1535	0.7431
4341.120	99.1755	0.6303
4343.500	111.4571	0.4555
4345.880	124.4580	0.4715
4348.260	130.5282	0.4412
4350.640	130.5514	0.4417
4353.020	131.9005	0.4315
4355.400	136.4881	0.4227
4357.780	139.3734	0.4280
4360.160	141.6809	0.4828
4362.540	143.9247	0.5073
4364.920	144.1036	0.4982
4367.300	141.6024	0.5374
4369.680	139.8371	0.5581
4372.060	138.5251	0.5063
4374.440	137.5782	0.5053
4376.820	139.8120	0.5644
4379.200	140.6573	0.5881
4381.580	135.2669	0.5620
4383.960	130.4827	0.5518
4386.340	133.4363	0.6308
4388.720	137.9611	0.5681
4391.100	139.4765	0.4672
4393.480	139.8207	0.5053
4395.860	140.1616	0.4865
4398.240	140.0581	0.4551
4400.620	138.9623	0.4516
4403.000	138.1725	0.5578
4405.380	138.6359	0.4666
4407.760	140.9988	0.4632
4410.140	143.5631	0.5200
4412.520	143.6304	0.5100
4414.900	141.1939	0.4624
4417.280	141.3361	0.5244
4419.660	144.1101	0.4975
4422.040	144.8075	0.5208
4424.420	144.3743	0.5216
4426.800	144.4752	0.4972
4429.180	144.0119	0.4907
4431.560	142.5505	0.5212
4433.940	141.4937	0.4894
4436.320	142.9551	0.5099
4438.700	144.7999	0.4693
4441.080	142.6863	0.5383
4443.460	141.5915	0.4578
4445.840	143.2196	0.4906
4448.220	143.8062	0.5162
4450.600	142.6127	0.5046
4452.980	140.0178	0.4885
4455.360	137.6012	0.4730
4457.740	136.9828	0.5071
4460.120	138.2140	0.4577
4462.500	140.0535	0.4452
4464.880	141.6973	0.5580
4467.260	141.9983	0.7645
4469.640	142.7010	0.7545
4472.020	144.7241	0.5773
4474.400	146.6817	0.4446
4476.780	146.2138	0.4758
4479.160	142.7308	0.4522
4481.540	140.7985	0.4460
4483.920	143.0192	0.4572
4486.300	144.5206	0.4575
4488.680	143.3414	0.4687
4491.060	143.1108	0.4670
4493.440	144.1852	0.5642
4495.820	145.4185	0.5327
4498.200	146.7771	0.5374
4500.580	147.8216	0.5596
4502.960	149.3529	0.5567
4505.340	150.2117	0.6006
4507.720	149.7267	0.5745
4510.100	149.2025	0.5282
4512.480	148.0249	0.5104
4514.860	146.9234	0.4878
4517.240	146.2290	0.5181
4519.620	145.8474	0.4987
4522.000	143.9765	0.5501
4524.380	141.4237	0.4714
4526.760	138.7746	0.4896
4529.140	137.5074	0.5142
4531.520	137.3071	0.5737
4533.900	138.5179	0.5969
4536.280	142.5407	0.6497
4538.660	145.6261	0.7236
4541.040	145.6850	0.6052
4543.420	144.2560	0.5378
4545.800	141.6509	0.5325
4548.180	138.7333	0.4870
4550.560	138.0567	0.4722
4552.940	138.8266	0.4526
4555.320	140.8314	0.4367
4557.700	143.8066	0.4478
4560.080	146.0952	0.4817
4562.460	145.4253	0.4827
4564.840	144.8013	0.4476
4567.220	145.8045	0.4729
4569.600	145.3408	0.4563
4571.980	145.3906	0.5087
4574.360	146.2302	0.5091
4576.740	145.9823	0.5135
4579.120	143.1175	0.5291
4581.500	140.3871	0.5094
4583.880	140.3766	0.4871
4586.260	141.7090	0.5112
4588.640	142.6537	0.5601
4591.020	142.7700	0.5136
4593.400	142.8806	0.4592
4595.780	143.4320	0.5034
4598.160	143.3132	0.4585
4600.540	143.0678	0.4827
4602.920	143.3095	0.5170
4605.300	144.7184	0.5789
4607.680	145.6839	0.5667
4610.060	145.5372	0.5328
4612.440	144.9643	0.4999
4614.820	144.0413	0.4822
4617.200	143.6953	0.4913
4619.580	144.4096	0.4746
4621.960	145.2598	0.4905
4624.340	145.4068	0.5037
4626.720	145.0747	0.4980
4629.100	144.8862	0.5218
4631.480	144.5460	0.5407
4633.860	144.2470	0.4750
4636.240	143.8208	0.4398
4638.620	144.0804	0.5128
4641.000	144.4620	0.5802
4643.380	142.8286	0.5040
4645.760	140.6403	0.4642
4648.140	140.8955	0.4518
4650.520	141.7012	0.5413
4652.900	141.6770	0.5361
4655.280	142.3652	0.4989
4657.660	143.5712	0.5150
4660.040	144.6753	0.5010
4662.420	143.9535	0.4961
4664.800	140.2595	0.5305
4667.180	137.8504	0.5167
4669.560	139.2605	0.5298
4671.940	141.8508	0.5034
4674.320	143.6655	0.5848
4676.700	143.4886	0.6087
4679.080	142.5943	0.6588
4681.460	143.3710	0.8320
4683.840	144.8518	0.8587
4686.220	144.4912	0.8677
4688.600	142.9282	0.7299
4690.980	142.4219	0.4363
4693.360	142.9268	0.4373
4695.740	142.8752	0.4313
4698.120	141.4982	0.4077
4700.500	138.8524	0.4173
4702.880	137.6450	0.4917
4705.260	137.8436	0.5328
4707.640	138.5175	0.4610
4710.020	140.2223	0.5298
4712.400	141.8297	0.5792
4714.780	142.3387	0.5091
4717.160	143.0897	0.4779
4719.540	144.1785	0.4751
4721.920	144.0776	0.5053
4724.300	143.1602	0.5111
4726.680	141.4765	0.5243
4729.060	140.0727	0.5477
4731.440	139.8307	0.5689
4733.820	140.3640	0.5129
4736.200	140.8266	0.5188
4738.580	141.6876	0.4480
4740.960	142.4299	0.4978
4743.340	142.9116	0.5152
4745.720	142.9834	0.5607
4748.100	143.0548	0.5271
4750.480	142.3772	0.5240
4752.860	140.6979	0.5282
4755.240	139.8076	0.5487
4757.620	140.0714	0.4748
4760.000	139.3216	0.4972
4762.380	137.9153	0.5252
4764.760	137.8733	0.5060
4767.140	139.1714	0.5105
4769.520	140.3664	0.5796
4771.900	141.3412	0.5334
4774.280	142.3974	0.4900
4776.660	142.8556	0.4804
4779.040	142.1343	0.4672
4781.420	140.8266	0.4788
4783.800	139.6161	0.4827
4786.180	139.0768	0.4555
4788.560	139.2038	0.4614
4790.940	139.9987	0.4737
4793.320	141.6219	0.4644
4795.700	142.0336	0.4980
4798.080	140.8400	0.4939
4800.460	140.2060	0.4824
4802.840	140.0045	0.5005
4805.220	139.4608	0.5166
4807.600	139.2302	0.5113
4809.980	139.7166	0.5376
4812.360	140.7886	0.4612
4814.740	141.3245	0.4553
4817.120	141.1374	0.4925
4819.500	139.8469	0.5241
4821.880	138.5144	0.5477
4824.260	138.1388	0.4814
4826.640	138.8739	0.4979
4829.020	138.4252	0.5563
4831.400	138.0106	0.5538
4833.780	137.8571	0.5230
4836.160	136.6296	0.5266
4838.540	135.6674	0.5079
4840.920	135.1082	0.5007
4843.300	134.6615	0.5569
4845.680	133.3504	0.6174
4848.060	131.9700	0.5599
4850.440	130.3280	0.5414
4852.820	126.0447	0.5698
4855.200	118.2094	0.5875
4857.580	106.9968	0.6498
4859.960	96.9269	0.6250
4862.340	98.2319	0.5637
4864.720	109.0596	0.3610
4867.100	118.3837	0.3579
4869.480	122.1770	0.3658
4871.860	123.8347	0.3820
4874.240	126.6086	0.4047
4876.620	129.0204	0.4541
4879.000	131.3919	0.4674
4881.380	132.4649	0.4786
4883.760	131.0499	0.5192
4886.140	129.9989	0.4593
4888.520	129.3717	0.4997
4890.900	130.3049	0.4726
4893.280	133.7111	0.4852
4895.660	136.9039	0.5173
4898.040	136.9615	0.5467
4900.420	136.0981	0.4866
4902.800	135.8179	0.4943
4905.180	135.8535	0.5119
4907.560	135.0066	0.5062
4909.940	133.7377	0.4796
4912.320	134.3568	0.4822
4914.700	134.7753	0.5003
4917.080	132.0219	0.6204
4919.460	128.9025	0.7060
4921.840	129.3487	0.6278
4924.220	131.8742	0.4539
4926.600	134.2781	0.4752
4928.980	135.5136	0.4774
4931.360	134.3850	0.4299
4933.740	132.4898	0.4670
4936.120	131.8363	0.5606
4938.500	132.7070	0.5080
4940.880	134.3173	0.5252
4943.260	136.4121	0.5062
4945.640	136.9824	0.4466
4948.020	137.4091	0.4722
4950.400	137.0430	0.5465
4952.780	135.7732	0.5048
4955.160	133.1690	0.4983
4957.540	131.7721	0.4962
4959.920	134.1724	0.4745
4962.300	136.6599	0.4843
4964.680	135.6269	0.4887
4967.060	134.3656	0.4734
4969.440	134.7113	0.4823
4971.820	135.9125	0.4890
4974.200	136.4417	0.5082
4976.580	135.6329	0.5158
4978.960	132.5773	0.5511
4981.340	128.5186	0.5250
4983.720	127.2578	0.4856
4986.100	129.4041	0.5018
4988.480	132.2565	0.5213
4990.860	132.9160	0.4722
4993.240	133.1718	0.4825
4995.620	133.5011	0.4939
4998.000	132.5979	0.5010
5000.380	131.0439	0.4844
5002.760	129.5591	0.5040
5005.140	128.7355	0.5117
5007.520	129.0179	0.5029
5009.900	129.8160	0.5463
5012.280	128.3984	0.5235
5014.660	127.0085	0.5039
5017.040	127.2291	0.4658
5019.420	128.1593	0.4727
5021.800	130.0722	0.5000
5024.180	130.9959	0.5325
5026.560	131.0847	0.4907
5028.940	131.7033	0.4880
5031.320	132.3152	0.5269
5033.700	132.1482	0.5373
5036.080	130.0449	0.5468
5038.460	127.3589	0.5298
5040.840	126.8017	0.5212
5043.220	129.6853	0.5084
5045.600	132.2956	0.5402
5047.980	131.9899	0.5230
5050.360	131.0525	0.4820
5052.740	132.4220	0.4855
5055.120	134.4754	0.5247
5057.500	135.1948	0.5336
5059.880	134.9759	0.5182
5062.260	133.6524	0.4796
5064.640	132.2107	0.4696
5067.020	131.4887	0.5401
5069.400	131.5824	0.5168
5071.780	131.3892	0.5092
5074.160	130.9530	0.5263
5076.540	129.9009	0.5023
5078.920	128.3749	0.5013
5081.300	128.0560	0.4680
5083.680	130.0222	0.4814
5086.060	132.2050	0.4994
5088.440	133.0764	0.5112
5090.820	133.1622	0.5215
5093.200	132.5927	0.5149
5095.580	130.8312	0.5268
5097.960	129.1491	0.5544
5098.200	130.7649	0.4711
5100.340	129.9001	0.5482
5101.130	130.6882	0.5557
5102.720	131.1349	0.5275
5104.060	130.8635	0.5215
5105.100	130.8394	0.4924
5106.990	130.7559	0.4409
5107.480	129.7584	0.4552
5109.860	129.9367	0.4620
5109.920	130.7244	0.4624
5112.240	131.3532	0.4378
5112.850	131.9741	0.4571
5114.620	132.4384	0.5159
5115.780	133.0774	0.5150
5117.000	132.6911	0.5198
5118.710	132.9125	0.5385
5119.380	131.7366	0.5154
5121.640	131.9779	0.4899
5121.760	130.0068	0.5426
5124.140	128.0403	0.4875
5124.570	129.9091	0.5792
5126.520	127.4576	0.4872
5127.500	129.4199	0.4220
5128.900	127.8639	0.4375
5130.430	129.3264	0.4334
5131.280	128.1313	0.5168
5133.360	128.8974	0.4773
5133.660	127.7949	0.5165
5136.040	126.6204	0.5139
5136.290	128.0292	0.4752
5138.420	124.9821	0.5192
5139.220	126.5582	0.4881
5140.800	124.6678	0.5400
5142.150	126.1656	0.4865
5143.180	125.7429	0.5483
5145.080	127.2858	0.5006
5145.560	126.6190	0.5638
5147.940	127.0870	0.5743
5148.010	127.6721	0.5100
5150.320	127.0202	0.5210
5150.940	128.2482	0.4062
5153.870	128.7791	0.4743
5156.800	129.8841	0.4588
5159.730	129.4401	0.4756
5162.660	127.2351	0.4935
5165.590	121.5389	0.7547
5168.520	117.2984	0.5614
5171.450	116.4937	0.4240
5174.380	120.4538	0.4852
5177.310	124.8645	0.5760
5180.240	124.1592	0.4889
5183.170	120.8849	0.6158
5186.100	120.2425	0.4878
5189.030	121.8250	0.4883
5191.960	123.1196	0.4599
5194.890	123.7746	0.4308
5197.820	125.2853	0.4264
5200.750	125.9432	0.4707
5203.680	125.3937	0.4158
5206.610	124.5308	0.4785
5209.540	125.5606	0.4316
5212.470	126.6590	0.5195
5215.400	126.4822	0.4399
5218.330	126.7316	0.4240
5221.260	127.2740	0.4194
5224.190	125.6335	0.4207
5227.120	123.7773	0.4695
5230.050	123.4599	0.4167
5232.980	123.7128	0.4154
5235.910	125.0553	0.4423
5238.840	127.1567	0.4920
5241.770	127.7780	0.4523
5244.700	127.8576	0.4022
5247.630	127.7075	0.4075
5250.560	126.9631	0.4382
5253.490	126.9098	0.4311
5256.420	127.3661	0.4024
5259.350	126.0398	0.3805
5262.280	122.1264	0.4604
5265.210	119.1514	0.4202
5268.140	118.1710	0.3638
5271.070	119.1743	0.4323
5274.000	121.7062	0.4446
5276.930	123.5382	0.4253
5279.860	124.4424	0.3508
5282.790	124.6979	0.3700
5285.720	126.1582	0.4154
5288.650	128.1091	0.4005
5291.580	128.4087	0.4061
5294.510	127.1442	0.4116
5297.440	125.8549	0.4113
5300.370	125.6981	0.4028
5303.300	126.5114	0.4251
5306.230	127.6811	0.3923
5309.160	127.8348	0.4017
5312.090	127.2096	0.3718
5315.020	126.0464	0.3985
5317.950	125.5176	0.4359
5320.880	124.8980	0.4263
5323.810	123.4127	0.4482
5326.740	120.8787	0.4597
5329.670	121.4750	0.4419
5332.600	123.4913	0.4279
5335.530	124.3796	0.3973
5338.460	124.0057	0.4159
5341.390	123.5105	0.4120
5344.320	124.0407	0.4107
5347.250	124.5839	0.3984
5350.180	124.8684	0.3904
5353.110	125.5115	0.4545
5356.040	126.5215	0.4301
5358.970	126.4389	0.3826
5361.900	124.8700	0.4405
5364.830	123.3469	0.4264
5367.760	122.0527	0.3609
5370.690	121.4997	0.3925
5373.620	123.1746	0.4315
5376.550	125.1527	0.4619
5379.480	124.1624	0.3680
5382.410	123.6859	0.4007
5385.340	123.8524	0.3775
5388.270	123.6515	0.3743
5391.200	122.5480	0.3991
5394.130	121.6136	0.3703
5397.060	121.0312	0.3718
5399.990	120.3947	0.3823
5402.920	119.7588	0.4220
5405.850	119.4205	0.4305
5408.780	119.8509	0.4203
5411.710	120.8686	0.4166
5414.640	122.2523	0.4229
5417.570	122.9290	0.3671
5420.500	122.4811	0.3728
5423.430	122.0507	0.3570
5426.360	121.6973	0.4026
5429.290	121.3060	0.3601
5432.220	121.4879	0.3494
5435.150	122.2479	0.3891
5438.080	122.7210	0.3953
5441.010	123.3948	0.4004
5443.940	122.1933	0.4255
5446.870	121.6423	0.3538
5449.800	121.7467	0.3628
5452.730	121.6074	0.3308
5455.660	121.0710	0.3092
5458.590	121.3302	0.3214
5461.520	121.2719	0.3156
5464.450	120.9567	0.3131
5467.380	121.5909	0.3317
5470.310	121.8523	0.3498
5473.240	120.7843	0.3510
5476.170	119.5242	0.3663
5479.100	119.5748	0.3622
5482.030	120.3792	0.3455
5484.960	121.2438	0.3347
5487.890	121.5656	0.3140
5490.820	121.4578	0.3530
5493.750	121.6607	0.3595
5496.680	121.4395	0.3531
5499.610	120.8688	0.3337
5502.540	120.4310	0.3333
5505.470	120.1483	0.3391
5508.400	119.7380	0.3779
5511.330	119.9395	0.3982
5514.260	120.6163	0.3760
5517.190	121.4858	0.3626
5520.120	121.4333	0.3569
5523.050	120.8669	0.3620
5525.980	119.5370	0.3360
5528.910	118.6288	0.3503
5531.840	119.0584	0.4070
5534.770	119.5849	0.4034
5537.700	120.2395	0.4024
5540.630	120.5292	0.3687
5543.560	120.4957	0.3306
5546.490	120.4656	0.3456
5549.420	120.7540	0.3522
5552.350	120.4556	0.3647
5555.280	120.2270	0.3677
5558.210	119.9270	0.3761
5561.140	119.1699	0.3897
5564.070	118.4937	0.3841
5567.000	118.0924	0.3453
5569.930	117.8874	0.3422
5572.860	117.6238	0.3650
5575.790	117.6258	0.4254
5578.720	117.8820	0.4025
5581.650	117.9386	0.3780
5584.580	116.5884	0.4003
5587.510	115.4124	0.3945
5590.440	115.2080	0.3795
5593.370	115.5731	0.3598
5596.300	115.5291	0.3574
5599.230	115.1992	0.3488
5602.160	116.0220	0.3394
5605.090	117.3459	0.3658
5608.020	118.6412	0.4047
5610.950	118.2105	0.3701
5613.880	116.9735	0.3461
5616.810	116.6653	0.3667
5619.740	117.2963	0.3546
5622.670	117.4996	0.3447
5625.600	117.4951	0.3553
5628.530	117.7445	0.3949
5631.460	117.9406	0.3753
5634.390	117.7796	0.3741
5637.320	117.0777	0.3833
5640.250	116.4308	0.4350
5643.180	116.8923	0.3696
5646.110	117.2102	0.3666
5649.040	117.1451	0.3802
5651.970	116.4557	0.3414
5654.900	115.4091	0.3306
5657.830	114.5031	0.3696
5660.760	114.5471	0.3458
5663.690	115.6837	0.3435
5666.620	116.3621	0.3471
5669.550	116.6136	0.3522
5672.480	117.0630	0.3785
5675.410	116.8837	0.4029
5678.340	116.0451	0.4044
5681.270	115.1560	0.4110
5684.200	114.5904	0.3631
5687.130	114.9557	0.3576
5690.060	115.6449	0.3427
5692.990	116.1351	0.3658
5695.920	116.2453	0.3608
5698.850	115.8691	0.3560
5701.780	115.2428	0.3385
5704.710	114.3794	0.3573
5707.640	113.2259	0.4228
5710.570	113.2026	0.3926
5713.500	114.0913	0.3894
5716.430	115.4273	0.3864
5719.360	115.9297	0.3841
5722.290	116.3684	0.3436
5725.220	116.8165	0.3497
5728.150	116.5991	0.3288
5731.080	116.2365	0.3410
5734.010	116.1386	0.3072
5736.940	116.2142	0.3243
5739.870	116.2916	0.3129
5742.800	115.9235	0.3437
5745.730	115.5856	0.3422
5748.660	115.1443	0.3572
5751.590	114.7376	0.3494
5754.520	114.1015	0.3727
5757.450	114.1547	0.3880
5760.380	114.3919	0.3712
5763.310	114.5340	0.3442
5766.240	114.6573	0.3643
5769.170	114.8810	0.3605
5772.100	114.8255	0.3268
5775.030	114.6335	0.3238
5777.960	114.4253	0.3109
5780.890	114.0601	0.3300
5783.820	113.7352	0.3548
5786.750	113.6642	0.3551
5789.680	113.6823	0.3640
5792.610	113.5468	0.3395
5795.540	113.8174	0.3577
5798.470	113.6973	0.3475
5801.400	113.8366	0.3776
5804.330	113.4096	0.3855
5807.260	113.3887	0.4014
5810.190	113.3009	0.3760
5813.120	113.3945	0.3492
5816.050	113.6632	0.3511
5818.980	113.8977	0.3249
5821.910	113.9994	0.3332
5824.840	114.1185	0.3289
5827.770	113.7477	0.3566
5830.700	113.5761	0.3551
5833.630	113.4925	0.3250
5836.560	113.6235	0.3356
5839.490	113.3240	0.3587
5842.420	113.2153	0.3317
5845.350	113.0455	0.3389
5848.280	112.5037	0.3346
5851.210	111.7442	0.3669
5854.140	111.0125	0.3911
5857.070	110.2794	0.3951
5860.000	110.4879	0.3799
5862.930	111.0999	0.3734
5865.860	111.9522	0.3818
5868.790	112.6910	0.4195
5871.720	113.4389	0.7314
5874.650	113.9471	0.8136
5877.580	112.9697	0.5480
5880.510	111.9787	0.3226
5883.440	110.5572	0.3052
5886.370	108.3984	0.4126
5889.300	106.4316	0.5448
5892.230	105.9273	0.4884
5895.160	106.5354	0.4083
5898.090	108.3678	0.3437
5901.020	109.7859	0.3686
5903.950	110.8846	0.3769
5906.880	110.6850	0.3623
5909.810	110.6515	0.3612
5912.740	110.3032	0.3345
5915.670	110.3273	0.3263
5918.600	110.7226	0.3410
5921.530	110.8229	0.3847
5924.460	110.7337	0.3912
5927.390	110.2051	0.3904
5930.320	110.0069	0.3667
5933.250	110.0363	0.3434
5936.180	110.4397	0.3245
5939.110	110.5606	0.3042
5942.040	110.1676	0.3787
5944.970	109.6855	0.3858
5947.900	109.4674	0.3689
5950.830	109.6412	0.3539
5953.760	109.7775	0.3474
5956.690	109.7669	0.3611
5959.620	109.9589	0.3181
5962.550	110.2158	0.3248
5965.480	110.0806	0.3314
5968.410	109.8713	0.3576
5971.340	109.5597	0.3872
5974.270	109.4037	0.3856
5977.200	108.9717	0.3848
5980.130	108.5624	0.3611
5983.060	108.0477	0.3619
5985.990	108.0767	0.3698
5988.920	108.3639	0.3505
5991.850	108.6685	0.3644
5994.780	108.5867	0.3591
5997.710	108.3728	0.3765
6000.640	107.8930	0.4128
6003.570	107.6356	0.4173
6006.500	107.5134	0.4017
6009.430	107.4402	0.3920
6012.360	107.4224	0.3483
6015.290	107.2336	0.3350
6018.220	106.5849	0.3380
6021.150	106.4529	0.3316
6024.080	106.6750	0.3510
6027.010	107.2481	0.3209
6029.940	107.6358	0.3437
6032.870	107.6708	0.3408
6035.800	107.8026	0.3616
6038.730	107.8980	0.3021
6041.660	107.8187	0.3165
6044.590	107.6202	0.3492
6047.520	107.4609	0.3462
6050.450	107.4153	0.3634
6053.380	106.9426	0.3801
6056.310	106.7248	0.3716
6059.240	106.6805	0.3722
6062.170	106.7259	0.3665
6065.100	106.4472	0.3380
6068.030	106.6316	0.3260
6070.960	106.9586	0.3231
6073.890	106.6895	0.3148
6076.820	106.3334	0.3365
6079.750	106.1407	0.3340
6082.680	105.6793	0.3271
6085.610	105.5639	0.3629
6088.540	105.6594	0.3286
6091.470	105.4883	0.3521
6094.400	105.3263	0.3405
6097.330	104.9538	0.3226
6100.260	104.5828	0.3375
6103.190	104.3681	0.3267
6106.120	104.7187	0.3069
6109.050	105.0670	0.3261
6111.980	105.0201	0.3391
6114.910	104.8035	0.3374
6117.840	104.4221	0.3411
6120.770	104.0735	0.3281
6123.700	103.8772	0.3286
6126.630	104.0093	0.3352
6129.560	104.2959	0.3403
6132.490	103.7815	0.3163
6135.420	102.8760	0.3244
6138.350	102.2674	0.3476
6141.280	102.6003	0.3217
6144.210	103.1183	0.3103
6147.140	103.4499	0.3241
6150.070	103.5361	0.3083
6153.000	103.3801	0.2989
6155.930	102.6240	0.3039
6158.860	101.7172	0.3611
6161.790	101.2394	0.4008
6164.720	101.2093	0.3883
6167.650	101.6160	0.3637
6170.580	101.9444	0.3067
6173.510	102.5173	0.3101
6176.440	102.8209	0.3041
6179.370	103.1610	0.3107
6182.300	103.3061	0.3052
6185.230	103.2067	0.3021
6188.160	102.5658	0.3150
6191.090	102.4644	0.3550
6194.020	102.6583	0.3339
6196.950	103.0024	0.3436
6199.880	103.3414	0.3263
6202.810	103.4822	0.3063
6205.740	103.5016	0.3025
6208.670	103.0635	0.3064
6211.600	102.5103	0.3207
6214.530	101.9971	0.3287
6217.460	101.9044	0.3442
6220.390	101.9978	0.3187
6223.320	102.0388	0.3135
6226.250	101.7409	0.3258
6229.180	101.1979	0.3396
6232.110	100.9161	0.3168
6235.040	101.0002	0.3059
6237.970	100.8928	0.3478
6240.900	100.6616	0.3394
6243.830	100.2016	0.3272
6246.760	99.9062	0.3242
6249.690	99.8959	0.3234
6252.620	99.6706	0.3045
6255.550	99.9339	0.3136
6258.480	100.6794	0.2975
6261.410	101.0046	0.3120
6264.340	100.9608	0.3492
6267.270	101.0854	0.3266
6270.200	101.4075	0.3480
6273.130	101.3539	0.3247
6276.060	101.3955	0.3080
6278.990	101.4111	0.3194
6281.920	101.6747	0.3423
6284.850	101.5035	0.3787
6287.780	101.4478	0.3360
6290.710	101.4020	0.3015
6293.640	101.0986	0.2989
6296.570	100.5244	0.3119
6299.500	99.8872	0.3078
6302.430	99.9030	0.3031
6305.360	100.3680	0.3317
6308.290	100.4855	0.3697
6311.220	99.8574	0.3553
6314.150	99.1276	0.3890
6317.080	98.5132	0.3485
6320.010	98.5594	0.3220
6322.940	98.9342	0.3414
6325.870	98.9793	0.3523
6328.800	98.8914	0.3414
6331.730	98.2665	0.2793
6334.660	97.6167	0.2903
6337.590	97.7489	0.2847
6340.520	98.3586	0.2729
6343.450	98.5732	0.2765
6346.380	98.7636	0.2485
6349.310	98.9049	0.2792
6352.240	99.0554	0.2750
6355.170	99.0543	0.2923
6358.100	98.8545	0.2893
6361.030	98.5736	0.2799
6363.960	98.4817	0.2956
6366.890	98.4592	0.2979
6369.820	98.3697	0.3301
6372.750	98.6782	0.3328
6375.680	98.7926	0.3257
6378.610	98.7648	0.3199
6381.540	98.7897	0.2998
6384.470	98.8090	0.2936
6387.400	98.7160	0.3411
6390.330	98.1579	0.2957
6393.260	97.6468	0.2914
6396.190	97.2706	0.3111
6399.120	97.1126	0.2858
6402.050	97.0440	0.2924
6404.980	96.9518	0.2992
6407.910	96.5224	0.3356
6410.840	96.3977	0.3320
6413.770	96.2320	0.3063
6416.700	96.3322	0.2975
6419.630	96.3932	0.2881
6422.560	96.7919	0.2578
6425.490	97.0446	0.3011
6428.420	96.7416	0.3041
6431.350	96.3361	0.2899
6434.280	96.2220	0.3056
6437.210	96.0530	0.3360
6440.140	96.0007	0.3648
6443.070	96.3930	0.3280
6446.000	96.2314	0.3171
6448.930	96.0128	0.3191
6451.860	95.7645	0.3337
6454.790	95.5747	0.3023
6457.720	95.4205	0.3321
6460.650	95.1630	0.3169
6463.580	95.1973	0.2875
6466.510	95.7761	0.2886
6469.440	95.7560	0.2931
6472.370	95.3505	0.2981
6475.300	95.5253	0.2979
6478.230	95.7747	0.2910
6481.160	95.9608	0.3029
6484.090	95.8275	0.3010
6487.020	95.5676	0.3106
6489.950	94.5309	0.2978
6492.880	93.1165	0.3291
6495.810	92.7355	0.3534
6498.740	93.4627	0.3204
6501.670	94.4761	0.3237
6504.600	95.2007	0.3424
6507.530	95.4442	0.3328
6510.460	95.4395	0.3341
6513.390	95.1004	0.3240
6516.320	94.4137	0.3371
6519.250	94.1455	0.3409
6522.180	94.2113	0.3431
6525.110	94.3168	0.3185
6528.040	94.3624	0.3175
6530.970	94.2619	0.3096
6533.900	93.9867	0.2900
6536.830	93.7826	0.3013
6539.760	93.2843	0.3090
6542.690	92.4502	0.3582
6545.620	91.4490	0.3643
6548.550	90.3069	0.3851
6551.480	88.6707	0.4546
6554.410	85.8415	0.4738
6557.340	80.5581	0.4402
6560.270	74.5151	0.5012
6563.200	72.8054	0.5345
6566.130	77.6211	0.3892
6569.060	83.0584	0.4142
6571.990	86.4005	0.2615
6574.920	88.6701	0.2535
6577.850	89.9450	0.2588
6580.780	90.7954	0.2617
6583.710	91.4551	0.2541
6586.640	91.8152	0.2753
6589.570	91.6342	0.3275
6592.500	91.6670	0.3549
6595.430	91.9374	0.2910
6598.360	92.5250	0.2935
6601.290	92.8733	0.2958
6604.220	92.9178	0.2758
6607.150	92.9584	0.2872
6610.080	92.9390	0.2962
6613.010	93.0402	0.2978
6615.940	93.2622	0.3021
6618.870	93.3319	0.2823
6621.800	93.2181	0.2750
6624.730	93.1410	0.2951
6627.660	92.8412	0.2853
6630.590	92.3771	0.3032
6633.520	92.2243	0.3159
6636.450	92.2907	0.3090
6639.380	92.3557	0.3084
6642.310	92.2082	0.3196
6645.240	92.1523	0.3312
6648.170	92.2706	0.2918
6651.100	92.3734	0.2836
6654.030	92.3361	0.3022
6656.960	92.2870	0.2794
6659.890	91.8585	0.2955
6662.820	91.6162	0.3138
6665.750	91.4910	0.3510
6668.680	91.7774	0.2921
6671.610	92.2064	0.3073
6674.540	92.3247	0.4906
6677.470	92.1375	0.5602
6680.400	91.8040	0.4071
6683.330	91.6247	0.3152
6686.260	91.7746	0.2952
6689.190	91.8393	0.2665
6692.120	91.6614	0.2665
6695.050	91.3845	0.2991
6697.980	91.2876	0.3221
6700.910	91.1290	0.2969
6703.840	90.8038	0.2937
6706.770	90.7088	0.2896
6709.700	90.5673	0.3127
6712.630	90.5244	0.2880
6715.560	90.2600	0.2874
6718.490	89.9387	0.3002
6721.420	89.9795	0.3401
6724.350	90.2597	0.3264
6727.280	90.3329	0.3186
6730.210	90.3166	0.3228
6733.140	90.2164	0.3087
6736.070	90.3131	0.2976
6739.000	90.4411	0.2742
6741.930	90.3718	0.2775
6744.860	90.1555	0.2963
6747.790	89.9139	0.3062
6750.720	89.9029	0.3026
6753.650	89.9933	0.3181
6756.580	89.9867	0.2790
6759.510	89.9330	0.2637
6762.440	89.7431	0.2642
6765.370	89.5417	0.2852
6768.300	89.3394	0.2776
6771.230	89.4255	0.2800
6774.160	89.4700	0.3087
6777.090	89.5538	0.2932
6780.020	89.4906	0.2829
6782.950	89.5130	0.2618
6785.880	89.4270	0.2542
6788.810	89.1908	0.2813
6791.740	89.0617	0.2809
6794.670	89.1702	0.2754
6797.600	88.9994	0.2644
6800.530	88.9516	0.2752
6803.460	88.9294	0.2514
6806.390	88.7164	0.2803
6809.320	88.7831	0.2702
6812.250	88.9127	0.2397
6815.180	88.8032	0.2471
6818.110	88.6733	0.2573
6821.040	88.5607	0.2581
6823.970	88.3758	0.2917
6826.900	88.2487	0.3030
6829.830	88.2425	0.3007
6832.760	88.2980	0.2920
6835.690	88.0176	0.2923
6838.620	87.6193	0.2884
6841.550	87.3710	0.2606
6844.480	87.4105	0.2643
6847.410	87.5200	0.2809
6850.340	87.4485	0.2875
6853.270	87.2390	0.2968
6856.200	86.9736	0.3020
6859.130	86.9996	0.3123
6862.060	87.4270	0.2932
6864.990	87.8679	0.2913
6867.920	87.8452	0.3020
6870.850	87.3169	0.2739
6873.780	87.1431	0.2551
6876.710	87.0957	0.2488
6879.640	86.9119	0.2707
6882.570	86.8777	0.3061
6885.500	86.9778	0.3456
6888.430	87.2301	0.3182
6891.360	87.1472	0.2891
6894.290	86.9961	0.2718
6897.220	86.9913	0.2573
6900.150	87.0397	0.2431
6903.080	86.8421	0.2515
6906.010	86.7672	0.2563
6908.940	86.7723	0.2696
6911.870	86.4330	0.2832
6914.800	86.2402	0.2677
6917.730	86.0558	0.2614
6920.660	86.0178	0.2626
6923.590	86.1193	0.2539
6926.520	86.2016	0.2479
6929.450	86.1247	0.2470
6932.380	86.0822	0.2505
6935.310	86.1149	0.2335
6938.240	86.0533	0.2468
6941.170	85.9170	0.2460
6944.100	85.6835	0.2492
6947.030	85.4006	0.2639
6949.960	85.4272	0.2725
6952.890	85.4324	0.2627
6955.820	85.3825	0.2543
6958.750	85.3718	0.2465
6961.680	85.3104	0.2568
6964.610	85.2995	0.2732
6967.540	85.2281	0.2662
6970.470	85.1090	0.2686
6973.400	84.8723	0.2599
6976.330	84.5099	0.2596
6979.260	84.4334	0.2736
6982.190	84.7000	0.2530
6985.120	84.8815	0.2577
6988.050	84.8329	0.2650
6990.980	84.6756	0.2858
6993.910	84.4756	0.2850
6996.840	84.3360	0.2720
6999.770	83.9654	0.2759
7002.700	83.6152	0.2839
7005.630	83.4061	0.2751
7008.560	83.3638	0.2729
7011.490	83.4495	0.2651
7014.420	83.4346	0.2428
7017.350	83.2729	0.2487
7020.280	83.3185	0.2542
7023.210	83.4703	0.2597
7026.140	83.5258	0.2659
7029.070	83.5714	0.2520
7032.000	83.5138	0.2274
7034.930	83.3251	0.2197
7037.860	83.3760	0.2180
7040.790	83.5695	0.2287
7043.720	83.7128	0.2531
7046.650	83.7998	0.2468
7049.580	83.5685	0.2350
7052.510	83.3930	0.2343
7055.440	83.2484	0.2521
7058.370	83.3016	0.2926
7061.300	83.3631	0.3387
7064.230	83.3693	0.4286
7067.160	83.0656	0.3492
7070.090	82.7900	0.2387
7073.020	82.7533	0.2455
7075.950	82.9003	0.2571
7078.880	82.8778	0.2364
7081.810	82.5815	0.2319
7084.740	82.2027	0.2411
7087.670	82.2314	0.2372
7090.600	82.2126	0.2278
7093.530	82.1794	0.2348
7096.460	82.1624	0.2303
7099.390	82.3415	0.2300
7102.320	82.3930	0.2533
7105.250	82.3098	0.2762
7108.180	82.0773	0.2689
7111.110	81.7453	0.2573
7114.040	81.5625	0.2390
7116.970	81.4574	0.2515
7119.900	81.4314	0.2613
7122.830	81.4150	0.2692
7125.760	81.5000	0.2541
7128.690	81.4627	0.2379
7131.620	81.3365	0.2369
7134.550	81.5044	0.2444
7137.480	81.8071	0.2302
7140.410	81.7351	0.2348
7143.340	81.4504	0.2679
7146.270	81.0334	0.2510
7149.200	80.7183	0.2599
7152.130	80.7468	0.2636
7155.060	80.9978	0.2532
7157.990	81.0066	0.2518
7160.920	80.6028	0.2478
7163.850	80.2269	0.2755
7166.780	80.2228	0.2733
7169.710	80.6092	0.3109
7172.640	80.8589	0.3161
7175.570	80.6245	0.3020
7178.500	80.2091	0.2878
7181.430	79.8104	0.2638
7184.360	79.5804	0.2525
7187.290	79.4202	0.2412
7190.220	79.4034	0.2418
7193.150	79.4920	0.2313
7196.080	79.7339	0.2336
7199.010	79.6797	0.2674
7201.940	79.3206	0.2579
7204.870	79.0294	0.2432
7207.800	79.0257	0.2324
7210.730	79.4156	0.2303
7213.660	79.7289	0.2335
7216.590	79.6580	0.2306
7219.520	79.6093	0.2613
7222.450	79.4577	0.3396
7225.380	79.4263	0.3194
7228.310	79.4547	0.2601
7231.240	79.4798	0.2517
7234.170	79.5244	0.2489
7237.100	79.4265	0.2417
7240.030	79.3598	0.2488
7242.960	79.4667	0.2630
7245.890	79.4096	0.2813
7248.820	79.3310	0.2670
7251.750	79.2761	0.2671
7254.680	79.3261	0.2550
7257.610	79.2815	0.2390
7260.540	79.1398	0.2227
7263.470	78.9812	0.2481
7266.400	78.8174	0.2460
7269.330	78.6743	0.2698
7272.260	78.6123	0.2699
7275.190	78.5925	0.2650
7278.120	78.6898	0.2927
7281.050	78.3551	0.3032
7283.980	77.8782	0.2577
7286.910	77.3816	0.2687
7289.840	77.0800	0.2813
7292.770	77.2774	0.2643
7295.700	77.7283	0.2571
7298.630	77.9845	0.2618
7301.560	78.0834	0.2532
7304.490	77.9912	0.2530
7307.420	77.5813	0.2511
7310.350	77.5329	0.2416
7313.280	77.8335	0.2497
7316.210	77.8636	0.2488
7319.140	77.7616	0.2323
7322.070	77.5869	0.2325
7325.000	77.2763	0.2437
7327.930	77.2169	0.2486
7330.860	77.5492	0.2439
7333.790	77.5343	0.2690
7336.720	77.4418	0.2942
7339.650	77.5497	0.2630
7342.580	77.6092	0.2411
7345.510	77.5472	0.2282
7348.440	77.4083	0.2304
7351.370	77.1060	0.2659
7354.300	76.8744	0.2807
7357.230	76.9619	0.2482
7360.160	76.8708	0.2443
7363.090	76.8292	0.2479
7366.020	76.8511	0.2461
7368.950	77.0519	0.2292
7371.880	77.0626	0.2344
7374.810	76.9386	0.2284
7377.740	76.8331	0.2414
7380.670	76.5520	0.2328
7383.600	75.9387	0.2496
7386.530	75.3221	0.2454
7389.460	75.4123	0.2358
7392.390	75.6746	0.2294
7395.320	75.9142	0.2268
7398.250	75.8339	0.2297
7401.180	75.5542	0.2239
7404.110	75.2202	0.2231
7407.040	74.8659	0.2334
7409.970	74.6188	0.2550
7412.900	74.6010	0.2642
7415.830	74.7928	0.2531
7418.760	74.8761	0.2274
7421.690	74.9119	0.2409
7424.620	75.1515	0.2446
7427.550	75.5681	0.2249
7430.480	75.8174	0.2303
7433.410	75.7485	0.2324
7436.340	75.4753	0.2262
7439.270	75.1726	0.2409
7442.200	74.9749	0.2217
7445.130	74.8529	0.2391
7448.060	74.9754	0.2418
7450.990	75.0819	0.2541
7453.920	75.1043	0.2708
7456.850	75.0069	0.2510
7459.780	74.7571	0.2566
7462.710	74.6543	0.2579
7465.640	74.8607	0.2644
7468.570	75.0995	0.2559
7471.500	74.9664	0.2615
7474.430	74.8418	0.2809
7477.360	74.6271	0.2700
7480.290	74.6167	0.2647
7483.220	74.7378	0.2460
7486.150	74.6339	0.2480
7489.080	74.2952	0.2398
7492.010	73.8100	0.2540
7494.940	73.6609	0.2558
7497.870	73.7137	0.2655
7500.800	74.0396	0.2588
7503.730	74.0651	0.2457
7506.660	73.7067	0.2364
7509.590	73.4752	0.2433
7512.520	73.4775	0.2452
7515.450	73.8930	0.2211
7518.380	74.1106	0.2352
7521.310	73.8910	0.2482
7524.240	73.5666	0.2580
7527.170	73.4595	0.2477
7530.100	73.3624	0.2509
7533.030	73.3943	0.2501
7535.960	73.5923	0.2226
7538.890	73.7699	0.2372
7541.820	73.6913	0.2549
7544.750	73.5195	0.2489
7547.680	73.3675	0.2136
7550.610	73.1937	0.2196
7553.540	73.1181	0.2123
7556.470	73.1487	0.2188
7559.400	73.0927	0.2336
7562.330	73.0669	0.2530
7565.260	72.8517	0.2800
7568.190	72.6912	0.2929
7571.120	72.7059	0.2504
7574.050	72.8095	0.2266
7576.980	72.8154	0.2182
7579.910	72.6371	0.2389
7582.840	72.2023	0.2542
7585.770	71.9945	0.2902
7588.700	72.3217	0.3083
7591.630	73.0309	0.3414
7594.560	73.3064	0.3666
7597.490	73.3205	0.3765
7600.420	72.7994	0.3352
7603.350	72.7011	0.2986
7606.280	72.0457	0.2488
7609.210	71.5593	0.2545
7612.140	70.9913	0.2479
7615.070	70.8619	0.2453
7618.000	71.0655	0.2349
7620.930	71.7302	0.2509
7623.860	72.0512	0.3067
7626.790	72.1120	0.2753
7629.720	71.9399	0.2675
7632.650	71.9851	0.2370
7635.580	71.8510	0.2118
7638.510	71.7893	0.2256
7641.440	71.7179	0.2705
7644.370	71.7455	0.2383
7647.300	71.8075	0.2320
7650.230	71.4455	0.2530
7653.160	70.9018	0.2313
7656.090	70.3173	0.2568
7659.020	69.8793	0.2741
7661.950	69.5196	0.2671
7664.880	69.6550	0.2469
7667.810	70.3487	0.2029
7670.740	70.9756	0.2118
7673.670	71.2241	0.2307
7676.600	71.0808	0.2377
7679.530	70.7800	0.2511
7682.460	70.7318	0.2347
7685.390	70.6661	0.2626
7688.320	70.2164	0.2526
7691.250	70.0682	0.2470
7694.180	70.0052	0.2319
7697.110	69.8251	0.2224
7700.040	70.0622	0.2261
7702.970	70.3585	0.2240
7705.900	70.4065	0.2221
7708.830	70.0323	0.2244
7711.760	69.6204	0.2378
7714.690	69.8321	0.2346
7717.620	70.2194	0.2137
7720.550	70.3487	0.2494
7723.480	70.1778	0.2618
7726.410	70.2004	0.2445
7729.340	70.2171	0.2543
7732.270	70.2796	0.2554
7735.200	70.1861	0.2260
7738.130	70.0814	0.2324
7741.060	69.7045	0.2097
7743.990	69.1962	0.2297
7746.920	68.9585	0.2169
7749.850	69.1555	0.2061
7752.780	69.5063	0.2115
7755.710	69.8801	0.2300
7758.640	69.8199	0.2125
7761.570	69.6392	0.2249
7764.500	69.5466	0.2205
7767.430	69.2980	0.2051
7770.360	68.4938	0.2350
7773.290	67.9370	0.2480
7776.220	68.2030	0.2309
7779.150	68.5158	0.2392
7782.080	68.7725	0.2132
7785.010	68.9521	0.2265
7787.940	68.9379	0.2226
7790.870	68.9595	0.2091
7793.800	68.8334	0.2082
7796.730	68.6412	0.2107
7799.660	68.7442	0.2126
7802.590	68.7783	0.2400
7805.520	68.6283	0.2646
7808.450	68.6497	0.2495
7811.380	68.6473	0.2297
7814.310	68.7686	0.2205
7817.240	68.8134	0.2223
7820.170	68.8354	0.2234
7823.100	68.8875	0.2178
7826.030	68.6735	0.2240
7828.960	68.3378	0.2363
7831.890	67.7815	0.2510
7834.820	67.7986	0.2333
7837.750	68.0864	0.2266
7840.680	68.2729	0.2234
7843.610	68.1812	0.2134
7846.540	68.0000	0.2354
7849.470	67.9114	0.2536
7852.400	67.9217	0.2417
7855.330	68.0564	0.2521
7858.260	68.0302	0.2288
7861.190	68.1884	0.2231
7864.120	68.2660	0.2351
7867.050	68.0463	0.2401
7869.980	67.7165	0.2549
7872.910	67.6520	0.2389
7875.840	67.5957	0.2398
7878.770	67.5462	0.2278
7881.700	67.3900	0.2217
7884.630	67.4357	0.2390
7887.560	67.4534	0.2362
7890.490	67.5652	0.2073
7893.420	67.7535	0.2096
7896.350	67.7514	0.2244
7899.280	67.7358	0.2524
7902.210	67.7481	0.2474
7905.140	67.6144	0.2527
7908.070	67.4613	0.2484
7911.000	67.0458	0.2639
7913.930	66.4954	0.2490
7916.860	66.2835	0.2413
7919.790	66.3230	0.2252
7922.720	66.4463	0.2558
7925.650	66.4652	0.2329
7928.580	66.1064	0.2201
7931.510	65.6637	0.2256
7934.440	65.4672	0.2238
7937.370	65.7466	0.2180
7940.300	65.7548	0.2053
7943.230	65.6090	0.1995
7946.160	65.7037	0.2045
7949.090	66.1465	0.2175
7952.020	66.3322	0.2129
7954.950	66.4013	0.2206
7957.880	66.3527	0.2363
7960.810	66.2870	0.2521
7963.740	66.1402	0.2581
7966.670	66.0224	0.2403
7969.600	65.9374	0.2299
7972.530	66.0817	0.2488
7975.460	66.2406	0.2328
7978.390	66.2146	0.2349
7981.320	66.1792	0.2262
7984.250	66.0958	0.2234
7987.180	66.0616	0.2474
7990.110	65.9891	0.2503
7993.040	65.6330	0.2300
7995.970	65.2771	0.2270
7998.900	65.0216	0.2173
8001.830	65.0804	0.2105
8004.760	65.4390	0.1912
8007.690	65.5469	0.1806
8010.620	65.7599	0.1819
8013.550	65.8021	0.1912
8016.480	65.8680	0.2195
8019.410	65.8710	0.2354
8022.340	65.5851	0.2319
8025.270	65.3790	0.2208
8028.200	65.3786	0.2445
8031.130	65.2730	0.2255
8034.060	65.0425	0.2092
8036.990	65.0045	0.2132
8039.920	64.8402	0.2144
8042.850	64.5199	0.2122
8045.780	64.2080	0.2133
8048.710	64.0138	0.2196
8051.640	64.1519	0.2244
8054.570	64.2167	0.2604
8057.500	64.4211	0.2282
8060.430	64.6464	0.2095
8063.360	64.8072	0.2156
8066.290	64.8615	0.1932
8069.220	64.6367	0.2267
8072.150	64.5874	0.2198
8075.080	64.5757	0.2223
8078.010	64.5300	0.2412
8080.940	64.1718	0.2461
8083.870	63.8399	0.2312
8086.800	63.7144	0.2082
8089.730	63.8265	0.2146
8092.660	63.7681	0.2086
8095.590	63.6585	0.2104
8098.520	63.5824	0.2141
8101.450	63.7492	0.2277
8104.380	63.8294	0.2229
8107.310	63.8062	0.2365
8110.240	63.7887	0.2145
8113.170	63.9223	0.2362
8116.100	64.0719	0.2506
8119.030	64.0111	0.2377
8121.960	64.0687	0.2278
8124.890	64.1287	0.2109
8127.820	64.2245	0.1969
8130.750	64.2291	0.2104
8133.680	63.9429	0.2006
8136.610	63.5841	0.2144
8139.540	63.3764	0.2139
8142.470	63.3441	0.2279
8145.400	63.2912	0.1976
8148.330	63.3421	0.1953
8151.260	63.4371	0.2058
8154.190	63.4111	0.2105
8157.120	63.4203	0.2307
8160.050	63.3642	0.2321
8162.980	63.2854	0.2374
8165.910	63.0890	0.2516
8168.840	62.8415	0.2828
8171.770	62.9822	0.2729
8174.700	62.9730	0.2552
8177.630	62.5498	0.2459
8180.560	61.7638	0.2634
8183.490	61.2466	0.2720
8186.420	61.6369	0.2434
8189.350	61.8483	0.2388
8192.280	61.3234	0.2249
8195.210	60.9408	0.2340
8198.140	61.1988	0.2022
8201.070	61.6348	0.2000
8204.000	61.9189	0.2063
8206.930	61.9005	0.2163
8209.860	61.6824	0.2019
8212.790	61.4444	0.1935
8215.720	61.4722	0.1731
8218.650	61.4265	0.2020
8221.580	61.4934	0.2233
8224.510	61.9457	0.2547
8227.440	61.9571	0.2987
8230.370	61.6909	0.3467
8233.300	61.7780	0.3076
8236.230	61.9038	0.2590
8239.160	61.9057	0.2296
8242.090	61.7073	0.1796
8245.020	61.5659	0.1774
8247.950	61.2710	0.1972
8250.880	61.3475	0.1886
8253.810	61.4466	0.2010
8256.740	61.3062	0.2352
8259.670	61.2304	0.2105
8262.600	61.2800	0.2093
8265.530	61.2665	0.2039
8268.460	61.1628	0.2079
8271.390	61.2942	0.1924
8274.320	61.3875	0.1858
8277.250	61.1985	0.1773
8280.180	61.2175	0.2025
8283.110	61.1491	0.1928
8286.040	61.0498	0.1959
8288.970	60.9807	0.2061
8291.900	60.8612	0.2215
8294.830	60.6590	0.2142
8297.760	60.2595	0.2230
8300.690	60.3240	0.1945
8303.620	60.5247	0.1823
8306.550	60.4570	0.1992
8309.480	60.5150	0.2225
8312.410	60.6792	0.2151
8315.340	60.8406	0.2375
8318.270	60.7040	0.2316
8321.200	60.5307	0.2230
8324.130	60.1301	0.2091
8327.060	59.6232	0.2435
8329.990	59.2849	0.2424
8332.920	59.1632	0.2384
8335.850	59.1744	0.2363
8338.780	59.3950	0.2306
8341.710	59.2406	0.2364
8344.640	59.1275	0.2258
8347.570	59.5162	0.1931
8350.500	59.7123	0.2209
8353.430	59.6282	0.2285
8356.360	59.6518	0.2010
8359.290	59.7091	0.2033
8362.220	59.5515	0.2360
8365.150	59.4716	0.2377
8368.080	59.5557	0.2017
8371.010	59.9645	0.1908
8373.940	60.0776	0.1826
8376.870	59.9821	0.2200
8379.800	59.7465	0.2436
8382.730	59.4561	0.2553
8385.660	59.2258	0.2172
8388.590	59.2363	0.1966
8391.520	59.5099	0.1952
8394.450	59.5815	0.2186
8397.380	59.4962	0.2283
8400.310	59.3880	0.2045
8403.240	59.4952	0.1741
8406.170	59.4914	0.1727
8409.100	59.4411	0.1915
8412.030	59.1539	0.2203
8414.960	58.9538	0.2448
8417.890	59.2004	0.1932
8420.820	59.3323	0.1761
8423.750	59.1942	0.1815
8426.680	58.8215	0.2160
8429.610	58.7148	0.2644
8432.540	58.9532	0.2230
8435.470	58.7385	0.2250
8438.400	58.4305	0.2167
8441.330	58.2381	0.2013
8444.260	57.8436	0.1874
8447.190	57.7298	0.1936
8450.120	58.1977	0.2679
8453.050	58.4941	0.2113
8455.980	58.6939	0.1968
8458.910	58.5083	0.2438
8461.840	58.1249	0.2429
8464.770	57.9829	0.2403
8467.700	57.8791	0.2267
8470.630	58.0619	0.2051
8473.560	58.3624	0.2029
8476.490	58.5876	0.2197
8479.420	58.5272	0.2204
8482.350	58.4708	0.2157
8485.280	58.3673	0.2532
8488.210	58.1911	0.2508
8491.140	57.2868	0.2372
8494.070	55.2265	0.2840
8497.000	53.2107	0.3707
8499.930	53.6091	0.2813
8502.860	55.4532	0.2357
8505.790	56.7494	0.2492
8508.720	56.9697	0.2310
8511.650	56.7737	0.2068
8514.580	56.6655	0.2353
8517.510	56.9969	0.2200
8520.440	57.0366	0.2132
8523.370	57.0032	0.2119
8526.300	57.0334	0.2356
8529.230	56.8386	0.2723
8532.160	56.2686	0.2460
8535.090	54.0497	0.2259
8538.020	49.9409	0.4060
8540.950	46.2653	0.4692
8543.880	48.0410	0.3558
8546.810	52.2501	0.2343
8549.740	55.0407	0.2765
8552.670	55.8718	0.2464
8555.600	56.1336	0.1980
8558.530	56.4698	0.1938
8561.460	56.9995	0.2025
8564.390	57.3473	0.2091
8567.320	57.3252	0.2004
8570.250	57.2058	0.2002
8573.180	57.1706	0.2167
8576.110	57.1221	0.2221
8579.040	57.0236	0.2355
8581.970	56.7420	0.2579
8584.900	56.4114	0.2459
8587.830	56.1306	0.2311
8590.760	55.9446	0.1902
8593.690	55.6886	0.1844
8596.620	55.4902	0.1858
8599.550	55.4753	0.2224
8602.480	55.8675	0.2074
8605.410	56.1295	0.1760
8608.340	56.0643	0.1616
8611.270	55.9445	0.1625
8614.200	56.2262	0.1881
8617.130	56.6262	0.1756
8620.060	56.5453	0.2172
8622.990	56.4483	0.2833
8625.920	56.3519	0.2455
8628.850	56.3357	0.2225
8631.780	56.1634	0.2058
8634.710	56.0274	0.2430
8637.640	55.9073	0.2536
8640.570	55.9529	0.2462
8643.500	55.7695	0.2227
8646.430	55.2893	0.2152
8649.360	54.7931	0.2260
8652.290	54.1704	0.2231
8655.220	52.9040	0.1674
8658.150	49.7114	0.3718
8661.080	46.7441	0.4254
8664.010	48.0047	0.3317
8666.940	51.3009	0.2367
8669.870	53.2518	0.2317
8672.800	53.8604	0.2164
8675.730	54.1593	0.2156
8678.660	54.5539	0.2122
8681.590	54.8740	0.2045
8684.520	54.7917	0.1991
8687.450	54.5942	0.1999
8690.380	54.6331	0.1979
8693.310	54.9974	0.1928
8696.240	55.4011	0.1890
8699.170	55.5468	0.1968
8702.100	55.6601	0.2042
8705.030	55.4817	0.2060
8707.960	55.1250	0.2010
8710.890	54.8139	0.1958
8713.820	54.7607	0.1923
8716.750	54.9054	0.1807
8719.680	54.9459	0.1844
8722.610	54.8660	0.2017
8725.540	54.6493	0.1741
8728.470	54.5339	0.1581
8731.400	54.4597	0.1564
8734.330	54.1390	0.1699
8737.260	53.8452	0.1862
8740.190	53.6988	0.1778
8743.120	53.4974	0.1786
8746.050	53.0907	0.1763
8748.980	52.6014	0.1742
8751.910	52.5921	0.1959
8754.840	53.2126	0.1821
8757.770	53.7471	0.1826
8760.700	53.9388	0.1962
8763.630	54.0724	0.1997
8766.560	54.3640	0.2147
8769.490	54.5110	0.2203
8772.420	54.3345	0.2214
8775.350	54.0892	0.2250
8778.280	54.1144	0.2067
8781.210	53.9221	0.2235
8784.140	53.6926	0.2259
8787.070	53.4785	0.2289
8790.000	53.4140	0.1942
8792.930	53.6799	0.1799
8795.860	54.0109	0.1650
8798.790	53.9909	0.1795
8801.720	53.5591	0.2028
8804.650	52.9209	0.2445
8807.580	52.8239	0.2237
8810.510	53.4572	0.2276
8813.440	53.9691	0.2383
8816.370	53.9720	0.2289
8819.300	53.8063	0.2222
8822.230	53.3798	0.2156
8825.160	53.0027	0.2272
8828.090	53.3962	0.1992
8831.020	53.5315	0.1990
8833.950	53.1765	0.2021
8836.880	53.1688	0.1849
8839.810	53.3560	0.1643
8842.740	53.5273	0.1714
8845.670	53.4373	0.1930
8848.600	53.2000	0.2443
8851.530	52.9907	0.2368
8854.460	52.4044	0.2182
8857.390	51.3978	0.1982
8860.320	50.5503	0.1695
8863.250	50.1779	0.1873
8866.180	50.6701	0.2072
8869.110	51.7424	0.1969
8872.040	52.5796	0.1818
8874.970	52.8504	0.1776
8877.900	53.0274	0.1490
8880.830	52.8927	0.1681
8883.760	52.6110	0.1973
8886.690	52.6503	0.1746
8889.620	52.7532	0.1487
8892.550	52.6132	0.1714
8895.480	52.8116	0.2167
8898.410	52.9215	0.2241
8901.340	52.8831	0.2211
8904.270	52.8954	0.2119
8907.200	52.5258	0.2053
8910.130	52.1440	0.1752
8913.060	52.3658	0.2045
8915.990	52.5288	0.1952
8918.920	52.6992	0.1764
8921.850	52.5686	0.2031
8924.780	52.1745	0.2281
8927.710	51.9661	0.2190
8930.640	52.1481	0.1917
8933.570	52.2412	0.1864
8936.500	52.0568	0.1881
8939.430	51.8743	0.2161
8942.360	51.9035	0.2117
8945.290	52.0781	0.1979
8948.220	52.2846	0.1929
8951.150	52.7142	0.1823
8954.080	52.7220	0.2054
8957.010	52.4065	0.2027
8959.940	52.2356	0.1652
8962.870	52.0672	0.1696
8965.800	52.0103	0.1867
8968.730	52.0216	0.2052
8971.660	51.8044	0.2324
8974.590	51.6945	0.2217
8977.520	51.8104	0.2202
8980.450	51.8287	0.1978
8983.380	51.5780	0.1814
8986.310	51.5150	0.1970
8989.240	51.4884	0.2170
8992.170	51.4111	0.2087
8995.100	51.1951	0.2256
8998.030	50.9110	0.2317
9000.960	50.7684	0.2073
9003.890	50.6239	0.1865
9006.820	49.7397	0.1926
9009.750	48.5350	0.1966
9012.680	47.6797	0.2362
9015.610	47.9284	0.2408
9018.540	48.9716	0.2000
9021.470	50.0939	0.2007
9024.400	50.8824	0.2253
9027.330	51.2027	0.2235
9030.260	51.0062	0.1896
9033.190	50.7465	0.1463
9036.120	50.7315	0.1563
9039.050	50.6541	0.1569
9041.980	50.7168	0.1932
9044.910	50.9167	0.1981
9047.840	51.1205	0.2287
9050.770	51.0596	0.2302
9053.700	50.9203	0.2000
9056.630	50.4524	0.1594
9059.560	49.4826	0.1775
9062.490	49.1016	0.1897
9065.420	49.7318	0.2112
9068.350	50.6292	0.2320
9071.280	51.1851	0.2180
9074.210	51.2897	0.1991
9077.140	50.9315	0.1949
9080.070	50.5238	0.2228
9083.000	50.1811	0.1931
9085.930	49.5224	0.1880
9088.860	49.1178	0.1994
9091.790	49.0098	0.2118
9094.720	49.3851	0.1834
9097.650	49.8070	0.1847
9100.580	49.9361	0.2021
9103.510	49.9459	0.2011
9106.440	50.0225	0.2000
9109.370	50.0262	0.2166
9112.300	50.0019	0.2168
9115.230	50.3068	0.2398
9118.160	50.2428	0.2464
9121.090	49.9610	0.2041
9124.020	49.8631	0.1842
9126.950	49.7944	0.1778
9129.880	49.6455	0.2125
9132.810	49.8261	0.2332
9135.740	50.2704	0.2113
9138.670	50.5219	0.2165
9141.600	50.4950	0.2049
9144.530	50.1682	0.2003
9147.460	50.0154	0.1806
9150.390	50.2156	0.1859
9153.320	50.4147	0.2114
9156.250	50.5236	0.2097
9159.180	50.3086	0.2148
9162.110	50.0557	0.2096
9165.040	49.6705	0.2195
9167.970	49.3090	0.2066
9170.900	49.1181	0.1948
9173.830	49.2255	0.2169
9176.760	49.4546	0.2150
9179.690	49.6573	0.2146
9182.620	49.9245	0.2216
9185.550	50.1058	0.1911
9188.480	49.9528	0.1921
9191.410	49.7269	0.1917
9194.340	49.2152	0.1906
9197.270	48.8416	0.2087
9200.200	48.9281	0.1917
9203.130	49.1325	0.2207
9206.060	48.8630	0.2111
9208.990	48.3554	0.2026
9211.920	47.5906	0.1966
9214.850	47.0870	0.1990
9217.780	46.8246	0.2071
9220.710	46.5806	0.1930
9223.640	45.8951	0.1735
9226.570	44.7272	0.1824
9229.500	44.7376	0.1849
9232.430	45.8077	0.1988
9235.360	46.5740	0.1835
9238.290	47.0375	0.1678
9241.220	47.4643	0.1791
9244.150	47.6334	0.2022
9247.080	47.6802	0.2319
9250.010	47.7023	0.2365
9252.940	47.5435	0.2025
9255.870	47.4828	0.1859
9258.800	47.6809	0.1948
9261.730	47.7482	0.2039
9264.660	47.7029	0.2081
9267.590	47.8010	0.2066
9270.520	47.9953	0.2238
9273.450	48.0906	0.2262
9276.380	48.2124	0.2433
9279.310	48.3767	0.2563
9282.240	48.4659	0.2143
9285.170	48.5534	0.1966
9288.100	48.6003	0.1978
9291.030	48.6114	0.1777
9293.960	48.5434	0.1701
9296.890	48.7438	0.1910
9299.820	49.0318	0.2132
9302.750	48.8784	0.2374
9305.680	48.6122	0.2093
9308.610	48.2957	0.2117
9311.540	47.9346	0.2111
9314.470	47.6739	0.2475
9317.400	47.3263	0.2282
9320.330	47.2640	0.2518
9323.260	47.6584	0.2875
9326.190	47.8818	0.2618
9329.120	48.1467	0.2373
9332.050	48.4058	0.2631
9334.980	48.1301	0.3004
9337.910	47.7568	0.3269
9340.840	47.8383	0.3142
9343.770	47.8269	0.3060
9346.700	47.3296	0.2743
9349.630	47.2379	0.2543
9352.560	47.4739	0.2841
9355.490	47.3780	0.2769
9358.420	47.2089	0.2396
9361.350	47.1567	0.2363
9364.280	47.2777	0.2437
9367.210	47.4925	0.2635
9370.140	47.4136	0.2555
9373.070	47.2096	0.2413
9376.000	47.6317	0.2445
9378.930	47.8072	0.2721
9381.860	47.4438	0.2561
9384.790	47.4691	0.1935
9387.720	47.3015	0.1918
9390.650	46.9537	0.2102
9393.580	46.7321	0.2428
9396.510	46.8284	0.2284
9399.440	46.6399	0.2211
9402.370	46.1503	0.2258
9405.300	46.1134	0.2485
9408.230	46.1701	0.2508
9411.160	45.3345	0.3030
9414.090	44.6063	0.2856
9417.020	44.9064	0.2275
9419.950	45.8122	0.2486
9422.880	46.4213	0.2519
9425.810	46.5238	0.2456
9428.740	46.2393	0.2319
9431.670	45.9554	0.2096
9434.600	46.2333	0.1979
9437.530	46.6847	0.2590
9440.460	46.3821	0.2919
9443.390	46.0956	0.2547
9446.320	46.2203	0.2255
9449.250	46.4229	0.2164
9452.180	46.5788	0.2359
9455.110	46.2952	0.2404
9458.040	46.0699	0.2160
9460.970	45.9421	0.2050
9463.900	46.0884	0.1882
9466.830	46.3493	0.1843
9469.760	46.4189	0.2057
9472.690	46.2440	0.2239
9475.620	46.0617	0.2399
9478.550	45.8426	0.2455
9481.480	45.6096	0.2350
9484.410	45.6440	0.2102
9487.340	45.3889	0.2313
9490.270	45.3852	0.2195
9493.200	45.7780	0.2202
9496.130	46.0119	0.2452
9499.060	46.0318	0.2663
9501.990	45.8175	0.2424
9504.920	45.8163	0.2115
9507.850	45.9904	0.2128
9510.780	46.1323	0.2403
9513.710	45.9260	0.2764
9516.640	45.3544	0.2916
9519.570	44.7113	0.2570
9522.500	44.6968	0.2055
9525.430	44.8567	0.1972
9528.360	44.8860	0.1976
9531.290	44.5331	0.1999
9534.220	44.1357	0.2160
9537.150	43.6190	0.2312
9540.080	42.8060	0.2385
9543.010	41.7602	0.2527
9545.940	40.9433	0.2426
9548.870	41.6267	0.2448
9551.800	42.6802	0.2540
9554.730	43.4221	0.2377
9557.660	43.7404	0.2470
9560.590	44.2433	0.2474
9563.520	44.5893	0.2674
9566.450	44.7194	0.3037
9569.380	44.8123	0.2728
9572.310	44.9647	0.2447
9575.240	44.7712	0.2212
9578.170	44.4182	0.2332
9581.100	43.8867	0.2339
9584.030	43.7778	0.2560
9586.960	44.1562	0.2975
9589.890	44.4879	0.3171
9592.820	44.5142	0.2990
9595.750	44.5065	0.2969
9598.680	44.2568	0.2719
9601.610	43.8986	0.2881
9604.540	43.7008	0.3133
9607.470	44.0370	0.3519
9610.400	44.4651	0.3774
9613.330	44.5034	0.3758
9616.260	44.1294	0.3337
9619.190	43.8702	0.4019
9622.120	43.6439	0.4219
9625.050	43.2145	0.4166
9627.980	43.1817	0.3785
9630.910	43.3422	0.3622
9633.840	43.6545	0.3779
9636.770	43.7906	0.4004
9639.700	43.7713	0.3873
9642.630	43.7498	0.4042
9645.560	43.8898	0.4319
9648.490	43.8146	0.4163
9651.420	43.6236	0.4275
9654.350	43.0937	0.4079
9657.280	42.6863	0.4099
9660.210	42.5740	0.4539
9663.140	42.5796	0.4565
9666.070	42.6415	0.4529
9669.000	43.0130	0.4429
9671.930	43.1486	0.4739
9674.860	43.4106	0.4783
9677.790	43.5577	0.5004
9680.720	43.1544	0.4801
9683.650	42.9323	0.5112
9686.580	42.5998	0.4960
9689.510	42.3899	0.5039
9692.440	42.2962	0.5011
9695.370	42.4687	0.5103
9698.300	42.5875	0.5095
9701.230	42.5999	0.5342
