3298.680	40.7551	0.4162
3301.060	40.3313	0.4897
3303.440	39.8148	0.4398
3305.820	39.0408	0.4036
3308.200	38.3203	0.4167
3310.580	39.2173	0.4434
3312.960	40.0335	0.3946
3315.340	39.7975	0.4025
3317.720	39.7346	0.4023
3320.100	39.2995	0.4235
3322.480	38.8698	0.3850
3324.860	38.3660	0.3583
3327.240	38.6606	0.3555
3329.620	38.8947	0.3534
3332.000	38.8898	0.3681
3334.380	39.0801	0.3775
3336.760	38.6981	0.3688
3339.140	38.2942	0.3515
3341.520	38.1230	0.3453
3343.900	38.3311	0.3666
3346.280	38.7811	0.3669
3348.660	38.1199	0.3529
3351.040	37.5000	0.3262
3353.420	38.8496	0.3597
3355.800	39.4466	0.3873
3358.180	39.2774	0.3631
3360.560	38.1993	0.3722
3362.940	37.2038	0.3232
3365.320	38.1732	0.3403
3367.700	38.8509	0.3349
3370.080	37.9985	0.3352
3372.460	37.2174	0.3295
3374.840	37.6383	0.3286
3377.220	38.7082	0.3543
3379.600	38.8412	0.3102
3381.980	37.6931	0.2996
3384.360	37.9533	0.3072
3386.740	38.9606	0.3556
3389.120	39.6710	0.3282
3391.500	39.0846	0.3193
3393.880	38.6696	0.3394
3396.260	39.4613	0.3194
3398.640	40.7313	0.3516
3401.020	41.4224	0.3685
3403.400	40.5670	0.3255
3405.780	39.1966	0.3098
3408.160	38.9128	0.2955
3410.540	38.7636	0.3007
3412.920	38.7772	0.3210
3415.300	38.8690	0.3064
3417.680	39.0998	0.3258
3420.060	39.9492	0.3534
3422.440	40.2115	0.3270
3424.820	39.9158	0.3029
3427.200	39.8125	0.2962
3429.580	40.4440	0.3198
3431.960	41.0893	0.3477
3434.340	41.0965	0.3461
3436.720	40.7713	0.3515
3439.100	39.8759	0.3143
3441.480	38.3425	0.3158
3443.860	37.4168	0.3059
3446.240	38.4001	0.2880
3448.620	39.8692	0.3318
3451.000	40.6211	0.3324
3453.380	40.4206	0.3162
3455.760	40.5448	0.3045
3458.140	40.8623	0.2906
3460.520	40.3722	0.3020
3462.900	39.8289	0.2974
3465.280	40.0040	0.3360
3467.660	40.4685	0.3233
3470.040	40.8232	0.3373
3472.420	40.7640	0.3076
3474.800	39.7992	0.3025
3477.180	38.9099	0.3076
3479.560	39.6122	0.3400
3481.940	40.8916	0.3303
3484.320	41.2648	0.3133
3486.700	41.4432	0.3218
3489.080	41.2647	0.3052
3491.460	40.2187	0.3058
3493.840	39.6590	0.2878
3496.220	39.9134	0.2892
3498.600	39.9971	0.2881
3500.980	40.5358	0.3167
3503.360	41.0399	0.3368
3505.740	41.0163	0.3175
3508.120	40.9610	0.3021
3510.500	40.6707	0.2884
3512.880	40.0170	0.2855
3515.260	39.9276	0.2859
3517.640	40.6525	0.2756
3520.020	40.7480	0.2801
3522.400	40.1247	0.2856
3524.780	38.9425	0.3308
3527.160	38.0316	0.2669
3529.540	39.1556	0.2675
3531.920	40.9116	0.2881
3534.300	41.8261	0.2850
3536.680	42.2435	0.2878
3539.060	42.2919	0.2898
3541.440	42.4134	0.3004
3543.820	42.7640	0.3078
3546.200	42.9269	0.3269
3548.580	43.0665	0.3061
3550.960	43.1200	0.3159
3553.340	42.7508	0.3158
3555.720	41.8459	0.3168
3558.100	41.5664	0.3134
3560.480	42.0413	0.3067
3562.860	42.4023	0.2885
3565.240	41.6742	0.2964
3567.620	40.0531	0.2683
3570.000	38.5760	0.2972
3572.380	38.0992	0.2692
3574.760	38.7286	0.2721
3577.140	39.8688	0.2835
3579.520	40.4568	0.2861
3581.900	39.5168	0.2782
3584.280	38.4137	0.2768
3586.660	37.5510	0.2726
3589.040	37.5377	0.2647
3591.420	39.0391	0.2776
3593.800	40.7527	0.3166
3596.180	41.5749	0.3378
3598.560	42.2993	0.3256
3600.940	42.6795	0.2869
3603.320	41.9197	0.2792
3605.700	40.9828	0.2794
3608.080	40.4282	0.2636
3610.460	40.2007	0.2955
3612.840	39.8311	0.3212
3615.220	40.2734	0.2996
3617.600	40.7027	0.2616
3619.980	40.3740	0.2949
3622.360	40.7083	0.2863
3624.740	41.6366	0.3368
3627.120	42.5481	0.3359
3629.500	42.6524	0.3085
3631.880	41.3959	0.3055
3634.260	40.1783	0.2938
3636.640	40.6534	0.2878
3639.020	42.1003	0.2847
3641.400	42.9352	0.2776
3643.780	41.9590	0.2847
3646.160	40.9193	0.2741
3648.540	40.9614	0.2866
3650.920	41.1966	0.2615
3653.300	42.0844	0.2938
3655.680	43.1952	0.2979
3658.060	43.9846	0.2909
3660.440	44.4158	0.2696
3662.820	44.1072	0.2774
3665.200	43.7898	0.2691
3667.580	43.7986	0.2743
3669.960	43.5062	0.2945
3672.340	43.3636	0.3176
3674.720	43.7481	0.2949
3677.100	43.4420	0.2896
3679.480	42.8550	0.2781
3681.860	42.3646	0.2679
3684.240	42.0811	0.2715
3686.620	41.8925	0.2848
3689.000	41.9105	0.2873
3691.380	43.0366	0.2792
3693.760	43.9601	0.2890
3696.140	44.3900	0.2944
3698.520	44.5895	0.2921
3700.900	44.9476	0.3512
3703.280	44.2267	0.3087
3705.660	42.2434	0.2808
3708.040	41.1153	0.2620
3710.420	41.7336	0.2695
3712.800	42.8468	0.2983
3715.180	44.5326	0.3308
3717.560	46.0324	0.3017
3719.940	44.7719	0.3259
3722.320	41.4034	0.2695
3724.700	41.1709	0.2785
3727.080	44.3547	0.3234
3729.460	46.5383	0.3304
3731.840	45.1993	0.3298
3734.220	41.1074	0.2987
3736.600	38.1840	0.2543
3738.980	39.9220	0.3096
3741.360	44.7683	0.3346
3743.740	46.7739	0.2797
3746.120	44.5834	0.2933
3748.500	40.5677	0.2845
3750.880	38.4163	0.2777
3753.260	40.2852	0.3786
3755.640	45.0581	0.3354
3758.020	48.0419	0.2809
3760.400	48.0574	0.2846
3762.780	48.0136	0.3082
3765.160	48.3317	0.3063
3767.540	46.5842	0.2948
3769.920	43.1313	0.2836
3772.300	40.8425	0.2597
3774.680	43.1800	0.2627
3777.060	47.8647	0.2795
3779.440	51.5886	0.2923
3781.820	53.6582	0.3051
3784.200	54.2204	0.3116
3786.580	53.4962	0.3415
3788.960	52.4364	0.3167
3791.340	51.2408	0.3229
3793.720	49.0847	0.3110
3796.100	44.9920	0.3051
3798.480	40.3720	0.2621
3800.860	40.1466	0.2554
3803.240	45.0709	0.2796
3805.620	50.0148	0.3158
3808.000	52.3580	0.3045
3810.380	53.4008	0.3271
3812.760	53.8133	0.3295
3815.140	52.9375	0.3763
3817.520	52.1773	0.3646
3819.900	52.3148	0.3814
3822.280	52.0806	0.3288
3824.660	50.6746	0.2919
3827.040	49.1463	0.2824
3829.420	47.0227	0.2816
3831.800	44.0405	0.2724
3834.180	39.6240	0.2679
3836.560	36.0178	0.2327
3838.940	36.4996	0.2440
3841.320	41.2749	0.2501
3843.700	46.8733	0.3345
3846.080	51.2700	0.3631
3848.460	53.9150	0.3311
3850.840	55.2410	0.3283
3853.220	55.8743	0.3074
3855.600	56.2449	0.3059
3857.980	55.4776	0.3234
3860.360	54.3867	0.3142
3862.740	54.4698	0.4145
3865.120	56.0313	0.4275
3867.500	57.4169	0.3459
3869.880	57.3047	0.3554
3872.260	56.0553	0.3148
3874.640	54.5474	0.3134
3877.020	53.6769	0.3027
3879.400	53.2199	0.3142
3881.780	52.6682	0.3261
3884.160	51.3621	0.3239
3886.540	47.4628	0.3220
3888.920	41.3350	0.2792
3891.300	38.9403	0.2303
3893.680	42.2431	0.2445
3896.060	47.1182	0.2862
3898.440	50.2452	0.2839
3900.820	51.8033	0.2815
3903.200	52.3846	0.2911
3905.580	52.4888	0.2829
3907.960	53.1671	0.2912
3910.340	54.7680	0.3437
3912.720	56.2459	0.3722
3915.100	56.3980	0.3518
3917.480	55.9083	0.3377
3919.860	54.8500	0.3357
3922.240	54.0749	0.3350
3924.620	53.7833	0.3495
3927.000	52.4109	0.3815
3929.380	47.2802	0.3396
3931.760	37.8181	0.4043
3934.140	27.3399	0.3011
3936.520	24.6752	0.2174
3938.900	33.1126	0.2448
3941.280	44.0061	0.2815
3943.660	50.1981	0.3451
3946.040	52.6246	0.2993
3948.420	53.4759	0.3309
3950.800	53.9893	0.3424
3953.180	54.4135	0.3696
3955.560	54.1281	0.3407
3957.940	53.6083	0.3607
3960.320	52.9181	0.3845
3962.700	51.0481	0.3701
3965.080	45.8931	0.3902
3967.460	36.8583	0.3934
3969.840	27.6501	0.3054
3972.220	27.0543	0.2152
3974.600	35.9557	0.2645
3976.980	45.2253	0.3298
3979.360	50.6918	0.3972
3981.740	53.7375	0.4132
3984.120	55.3803	0.3430
3986.500	56.0189	0.3350
3988.880	56.5237	0.3531
3991.260	57.4019	0.3689
3993.640	58.2790	0.3507
3996.020	58.3473	0.3544
3998.400	57.8771	0.3503
4000.780	57.7251	0.3484
4003.160	58.2994	0.3659
4005.540	58.1054	0.3519
4007.920	58.0772	0.3473
4010.300	58.4414	0.3535
4012.680	59.2102	0.3481
4015.060	59.5811	0.3519
4017.440	59.6869	0.3333
4019.820	59.9607	0.3529
4022.200	60.1086	0.3906
4024.580	59.9917	0.4116
4026.960	59.5260	0.3542
4029.340	59.0519	0.3298
4031.720	58.1642	0.3023
4034.100	57.6271	0.3075
4036.480	58.2442	0.3238
4038.860	59.6111	0.3340
4041.240	60.4438	0.3333
4043.620	59.8574	0.3471
4046.000	58.1874	0.3150
4048.380	57.5174	0.3170
4050.760	58.6708	0.3373
4053.140	59.9321	0.3330
4055.520	59.8556	0.3262
4057.900	59.0819	0.3255
4060.280	58.6462	0.3169
4062.660	58.3858	0.2999
4065.040	57.7559	0.3122
4067.420	57.5647	0.3181
4069.800	57.9640	0.3156
4072.180	58.0532	0.3255
4074.560	57.8980	0.3241
4076.940	57.5595	0.3187
4079.320	57.1499	0.3246
4081.700	57.7011	0.3179
4084.080	58.3600	0.3214
4086.460	58.3191	0.3271
4088.840	58.2576	0.3483
4091.220	58.1847	0.3470
4093.600	57.3864	0.3524
4095.980	55.9813	0.3796
4098.360	52.9268	0.4075
4100.740	47.5666	0.3842
4103.120	42.3573	0.2833
4105.500	42.8368	0.2545
4107.880	48.1115	0.2736
4110.260	52.6468	0.2871
4112.640	55.1859	0.2949
4115.020	56.6321	0.2990
4117.400	57.5877	0.3081
4119.780	57.9027	0.3144
4122.160	57.7340	0.3166
4124.540	58.3808	0.3319
4126.920	58.9803	0.3268
4129.300	59.0763	0.3229
4131.680	58.9761	0.3237
4134.060	58.7326	0.3284
4136.440	58.7142	0.3395
4138.820	59.6234	0.3343
4141.200	60.0236	0.3495
4143.580	59.6846	0.3404
4145.960	59.0533	0.3087
4148.340	59.2802	0.3141
4150.720	59.7605	0.3278
4153.100	59.9241	0.3256
4155.480	59.2416	0.3298
4157.860	58.6806	0.3221
4160.240	58.7895	0.3285
4162.620	59.6703	0.3377
4165.000	60.0748	0.3237
4167.380	59.9458	0.3308
4169.760	59.6571	0.2949
4172.140	58.9011	0.3117
4174.520	57.9685	0.3210
4176.900	57.3795	0.2931
4179.280	57.9664	0.3066
4181.660	58.6525	0.2963
4184.040	58.8784	0.2991
4186.420	58.5435	0.3112
4188.800	58.0445	0.3248
4191.180	58.2352	0.3517
4193.560	59.1758	0.3250
4195.940	59.4039	0.3357
4198.320	58.6690	0.3510
4200.700	57.2874	0.3235
4203.080	57.2825	0.2948
4205.460	57.8292	0.3153
4207.840	58.5354	0.3021
4210.220	58.7070	0.3022
4212.600	58.8922	0.3144
4214.980	58.8973	0.3177
4217.360	58.2698	0.3031
4219.740	57.6220	0.3020
4222.120	57.9817	0.2892
4224.500	58.0906	0.3532
4226.880	56.0527	0.2797
4229.260	54.9947	0.2813
4231.640	56.3714	0.3416
4234.020	57.8513	0.3056
4236.400	57.7284	0.2945
4238.780	57.5411	0.2892
4241.160	58.0322	0.3055
4243.540	58.2794	0.2971
4245.920	58.3982	0.2912
4248.300	57.7775	0.3093
4250.680	57.1165	0.3062
4253.060	57.0103	0.2926
4255.440	57.6097	0.3033
4257.820	58.4195	0.3041
4260.200	58.3014	0.3052
4262.580	57.6875	0.3032
4264.960	57.9391	0.3152
4267.340	58.7760	0.3225
4269.720	58.4644	0.3073
4272.100	57.0923	0.3228
4274.480	55.9355	0.2860
4276.860	56.4350	0.2858
4279.240	57.5421	0.2948
4281.620	57.7645	0.2903
4284.000	57.1079	0.2970
4286.380	56.9783	0.3023
4288.760	56.1445	0.3107
4291.140	54.8829	0.2924
4293.520	54.5566	0.2979
4295.900	55.1088	0.3068
4298.280	54.8954	0.3069
4300.660	53.3272	0.2925
4303.040	52.0320	0.2805
4305.420	51.8876	0.2681
4307.800	52.4143	0.3083
4310.180	52.2359	0.3335
4312.560	52.4426	0.2883
4314.940	53.4031	0.3086
4317.320	54.6848	0.3929
4319.700	56.2038	0.3485
4322.080	56.7632	0.3137
4324.460	55.8648	0.3507
4326.840	54.5262	0.3062
4329.220	54.2073	0.3190
4331.600	55.0893	0.3500
4333.980	55.4558	0.3479
4336.360	53.9809	0.3650
4338.740	50.0206	0.4227
4341.120	43.6983	0.3377
4343.500	40.6802	0.2428
4345.880	44.9443	0.2533
4348.260	50.9704	0.2665
4350.640	53.9180	0.2829
4353.020	54.5185	0.2689
4355.400	55.0602	0.2660
4357.780	56.1283	0.2683
4360.160	57.1181	0.2874
4362.540	57.8431	0.2988
4364.920	58.2210	0.3001
4367.300	58.1516	0.3096
4369.680	57.9005	0.3205
4372.060	57.4424	0.3073
4374.440	57.3023	0.2926
4376.820	57.3321	0.3077
4379.200	57.6902	0.3315
4381.580	58.2085	0.3237
4383.960	57.2810	0.3224
4386.340	56.2132	0.3385
4388.720	56.4292	0.3110
4391.100	57.4988	0.2908
4393.480	57.8916	0.3068
4395.860	57.7225	0.2917
4398.240	57.6259	0.2801
4400.620	57.8583	0.2817
4403.000	57.7123	0.3150
4405.380	57.2383	0.2897
4407.760	57.1978	0.2896
4410.140	57.6910	0.2982
4412.520	58.4374	0.2991
4414.900	58.2309	0.2791
4417.280	57.3480	0.2935
4419.660	57.0979	0.2885
4422.040	57.6786	0.2943
4424.420	57.9242	0.2939
4426.800	57.7556	0.2931
4429.180	57.6240	0.2871
4431.560	58.0063	0.3034
4433.940	58.2328	0.2941
4436.320	57.8711	0.2971
4438.700	57.8148	0.2894
4441.080	57.9116	0.3042
4443.460	57.7946	0.2844
4445.840	57.1579	0.2895
4448.220	57.1203	0.2912
4450.600	57.7861	0.3029
4452.980	58.1335	0.2938
4455.360	57.9868	0.2913
4457.740	57.1945	0.3025
4460.120	57.0026	0.2875
4462.500	57.4139	0.2886
4464.880	57.8880	0.3182
4467.260	57.8643	0.3837
4469.640	57.5553	0.3707
4472.020	57.3281	0.3101
4474.400	57.8060	0.2796
4476.780	58.3345	0.2907
4479.160	58.3307	0.2908
4481.540	57.9777	0.2842
4483.920	57.7301	0.2831
4486.300	57.8146	0.2809
4488.680	58.2086	0.2878
4491.060	58.3147	0.2907
4493.440	58.1144	0.3103
4495.820	58.1469	0.3034
4498.200	58.3251	0.3065
4500.580	58.3934	0.3017
4502.960	58.3257	0.3020
4505.340	58.4867	0.3181
4507.720	58.8306	0.3051
4510.100	58.9298	0.3024
4512.480	58.8338	0.3002
4514.860	58.9589	0.2942
4517.240	58.8134	0.3018
4519.620	58.5398	0.3052
4522.000	58.1786	0.3108
4524.380	57.9939	0.2811
4526.760	57.6445	0.2887
4529.140	57.4161	0.2930
4531.520	57.0544	0.3211
4533.900	56.5973	0.3231
4536.280	56.5313	0.3329
4538.660	57.1148	0.3549
4541.040	58.1563	0.3226
4543.420	58.5181	0.3095
4545.800	58.3377	0.3060
4548.180	57.7199	0.3011
4550.560	56.8474	0.2878
4552.940	56.5583	0.2883
4555.320	56.8711	0.2769
4557.700	57.0001	0.2736
4560.080	57.5946	0.2900
4562.460	57.9669	0.2833
4564.840	57.9428	0.2821
4567.220	58.0922	0.2932
4569.600	58.0995	0.2866
4571.980	57.9686	0.3005
4574.360	57.8008	0.2913
4576.740	58.0123	0.2915
4579.120	58.1853	0.2975
4581.500	57.7649	0.2927
4583.880	57.3774	0.2894
4586.260	57.1452	0.2942
4588.640	57.3653	0.3085
4591.020	57.5219	0.2935
4593.400	57.5961	0.2741
4595.780	57.7972	0.2955
4598.160	57.9748	0.2830
4600.540	57.9146	0.2864
4602.920	57.8083	0.2958
4605.300	57.6727	0.3167
4607.680	57.8789	0.3127
4610.060	57.8893	0.3029
4612.440	58.0285	0.3009
4614.820	58.0292	0.2919
4617.200	57.9589	0.2885
4619.580	57.6828	0.2916
4621.960	57.5165	0.2780
4624.340	57.9302	0.2950
4626.720	58.0563	0.2967
4629.100	57.9761	0.3069
4631.480	57.8298	0.3178
4633.860	58.0774	0.2895
4636.240	57.9956	0.2774
4638.620	57.6885	0.2922
4641.000	57.7409	0.3127
4643.380	57.7143	0.2974
4645.760	57.4710	0.2886
4648.140	57.4838	0.2817
4650.520	57.1949	0.3057
4652.900	57.3943	0.3040
4655.280	57.6575	0.2992
4657.660	57.2080	0.2973
4660.040	57.3345	0.2932
4662.420	58.0375	0.2925
4664.800	58.0712	0.3042
4667.180	57.5124	0.3041
4669.560	57.2878	0.3016
4671.940	57.1546	0.3027
4674.320	57.3750	0.3173
4676.700	57.7638	0.3270
4679.080	57.9981	0.3398
4681.460	57.9770	0.4065
4683.840	57.8889	0.4119
4686.220	57.5926	0.4086
4688.600	57.1797	0.3611
4690.980	57.2586	0.2837
4693.360	57.3634	0.2704
4695.740	57.1864	0.2671
4698.120	57.5308	0.2666
4700.500	57.3873	0.2772
4702.880	57.0101	0.2958
4705.260	56.6615	0.3230
4707.640	56.6077	0.2870
4710.020	56.9978	0.3021
4712.400	57.0690	0.3186
4714.780	57.2263	0.2958
4717.160	57.0416	0.2923
4719.540	57.1372	0.2843
4721.920	57.1121	0.2880
4724.300	57.1819	0.2910
4726.680	57.1924	0.2948
4729.060	57.1417	0.3019
4731.440	57.0067	0.3142
4733.820	56.9396	0.3019
4736.200	56.7489	0.2964
4738.580	56.8643	0.2789
4740.960	56.9475	0.2914
4743.340	57.1497	0.2943
4745.720	57.1799	0.3107
4748.100	57.1778	0.3017
4750.480	57.1621	0.3046
4752.860	56.8970	0.3005
4755.240	56.7112	0.3079
4757.620	56.5832	0.2812
4760.000	56.4183	0.2892
4762.380	56.5504	0.3020
4764.760	56.6027	0.2995
4767.140	56.5946	0.2987
4769.520	56.4615	0.3125
4771.900	56.3701	0.2965
4774.280	56.4650	0.2873
4776.660	56.7225	0.2806
4779.040	56.7462	0.2860
4781.420	56.4928	0.2802
4783.800	56.4267	0.2886
4786.180	56.5929	0.2845
4788.560	56.4518	0.2853
4790.940	56.0597	0.2787
4793.320	56.1751	0.2741
4795.700	56.3903	0.2848
4798.080	56.3389	0.2849
4800.460	56.5162	0.2929
4802.840	56.4439	0.2944
4805.220	56.2002	0.2880
4807.600	56.0873	0.2945
4809.980	56.0543	0.2995
4812.360	56.1840	0.2818
4814.740	56.1706	0.2787
4817.120	56.1370	0.2862
4819.500	56.0011	0.2956
4821.880	56.0008	0.3053
4824.260	56.0267	0.2921
4826.640	55.9275	0.2919
4829.020	55.7153	0.3032
4831.400	55.7355	0.3064
4833.780	55.6784	0.3077
4836.160	55.4814	0.2979
4838.540	55.5341	0.2860
4840.920	55.4271	0.2890
4843.300	55.0506	0.3155
4845.680	54.6232	0.3271
4848.060	54.3753	0.3100
4850.440	54.2852	0.3126
4852.820	53.7457	0.3295
4855.200	52.7375	0.3466
4857.580	50.5732	0.3774
4859.960	46.7061	0.3562
4862.340	41.7841	0.2970
4864.720	40.1545	0.2135
4867.100	43.7267	0.2217
4869.480	48.2921	0.2379
4871.860	50.5561	0.2496
4874.240	51.6282	0.2585
4876.620	52.3893	0.2693
4879.000	53.0839	0.2780
4881.380	53.6552	0.2787
4883.760	53.9147	0.2935
4886.140	54.3197	0.2901
4888.520	54.3858	0.2929
4890.900	53.7863	0.2900
4893.280	53.4770	0.2852
4895.660	53.7962	0.2926
4898.040	54.6114	0.3028
4900.420	55.0871	0.2902
4902.800	55.1028	0.2924
4905.180	54.9041	0.2876
4907.560	55.0240	0.2884
4909.940	54.9931	0.2810
4912.320	55.0028	0.2881
4914.700	55.1102	0.2966
4917.080	55.2095	0.3336
4919.460	54.5829	0.3648
4921.840	53.6916	0.3316
4924.220	53.2948	0.2860
4926.600	53.7661	0.2804
4928.980	54.5188	0.2783
4931.360	55.1313	0.2740
4933.740	55.1399	0.2892
4936.120	54.6034	0.3132
4938.500	54.7095	0.3037
4940.880	54.5072	0.2974
4943.260	54.6763	0.2972
4945.640	55.1611	0.2854
4948.020	55.5548	0.2872
4950.400	55.5240	0.3196
4952.780	55.4550	0.3009
4955.160	55.4120	0.3030
4957.540	54.6929	0.3058
4959.920	53.6501	0.2901
4962.300	53.6662	0.2839
4964.680	54.7370	0.3019
4967.060	55.1870	0.3006
4969.440	54.8269	0.2940
4971.820	54.7622	0.2990
4974.200	54.9623	0.3083
4976.580	55.2327	0.3139
4978.960	54.9261	0.3245
4981.340	54.6651	0.3235
4983.720	53.9091	0.3105
4986.100	53.2409	0.3065
4988.480	53.2095	0.3114
4990.860	53.9305	0.2894
4993.240	54.3336	0.3028
4995.620	54.0516	0.3048
4998.000	54.0598	0.3047
5000.380	54.1702	0.3167
5002.760	54.0809	0.3168
5005.140	53.8046	0.3087
5007.520	53.2887	0.3020
5009.900	53.4331	0.3209
5012.280	53.2608	0.3158
5014.660	53.2753	0.3184
5017.040	52.8719	0.3092
5019.420	52.7235	0.2999
5021.800	52.9343	0.3066
5024.180	53.3331	0.3090
5026.560	53.4835	0.3050
5028.940	53.4971	0.3049
5031.320	53.7605	0.3160
5033.700	53.8328	0.3188
5036.080	53.4821	0.3261
5038.460	53.1253	0.3163
5040.840	52.8249	0.3156
5043.220	52.6208	0.3042
5045.600	52.7079	0.3075
5047.980	53.1581	0.3125
5050.360	53.2885	0.2939
5052.740	53.2210	0.2985
5055.120	53.1596	0.3030
5057.500	53.2483	0.3153
5059.880	53.5882	0.3067
5062.260	53.6977	0.2945
5064.640	53.6468	0.2950
5067.020	53.4813	0.3171
5069.400	53.3122	0.3097
5071.780	53.1058	0.3008
5074.160	53.3513	0.3117
5076.540	53.6344	0.3075
5078.920	53.5455	0.3065
5081.300	52.9921	0.2982
5083.680	53.0025	0.3018
5086.060	53.2837	0.3028
5088.440	53.5723	0.3199
5090.820	53.7033	0.3078
5093.200	53.7380	0.3124
5095.580	53.7367	0.3176
5097.960	53.6288	0.3311
5098.200	54.2827	0.3386
5100.340	53.5528	0.3271
5101.130	53.9084	0.3589
5102.720	53.6211	0.3269
5104.060	53.9946	0.3433
5105.100	53.6251	0.3216
5106.990	54.3710	0.3325
5107.480	53.5210	0.2963
5109.860	53.2564	0.2980
5109.920	54.1862	0.3349
5112.240	53.1903	0.2925
5112.850	53.9085	0.3237
5114.620	53.3964	0.3156
5115.780	53.8960	0.3450
5117.000	53.5480	0.3229
5118.710	54.0654	0.3471
5119.380	53.7474	0.3184
5121.640	54.1079	0.3322
5121.760	53.8448	0.3309
5124.140	53.5192	0.3192
5124.570	53.9049	0.3516
5126.520	53.2037	0.3142
5127.500	53.6544	0.3185
5128.900	53.0302	0.3077
5130.430	53.9123	0.3234
5131.280	52.8538	0.3318
5133.360	53.7621	0.3395
5133.660	53.0264	0.3143
5136.040	52.9040	0.3285
5136.290	53.7871	0.3350
5138.420	52.5170	0.3415
5139.220	53.0543	0.3391
5140.800	52.3348	0.3475
5142.150	53.0623	0.3342
5143.180	52.1603	0.3543
5145.080	53.3651	0.3442
5145.560	52.4150	0.3686
5147.940	52.5071	0.3718
5148.010	53.4281	0.3470
5150.320	52.7347	0.3780
5150.940	53.6936	0.3213
5153.870	53.5291	0.3446
5156.800	53.9872	0.3260
5159.730	53.9422	0.3337
5162.660	53.5212	0.3374
5165.590	52.5124	0.4165
5168.520	51.4669	0.3506
5171.450	50.4761	0.3019
5174.380	50.4976	0.3136
5177.310	51.0462	0.3368
5180.240	51.7276	0.3109
5183.170	51.9956	0.3562
5186.100	51.6240	0.3104
5189.030	51.1573	0.3052
5191.960	51.4651	0.2979
5194.890	51.8177	0.2817
5197.820	52.0472	0.2791
5200.750	52.1571	0.2877
5203.680	52.3638	0.2750
5206.610	52.2831	0.3066
5209.540	52.1196	0.2797
5212.470	52.2946	0.3081
5215.400	52.0627	0.2762
5218.330	52.4530	0.2856
5221.260	52.5574	0.2775
5224.190	52.5151	0.2706
5227.120	52.3783	0.2899
5230.050	51.8892	0.2610
5232.980	51.5995	0.2581
5235.910	51.8104	0.2699
5238.840	52.4421	0.2915
5241.770	52.5273	0.2808
5244.700	52.7879	0.2685
5247.630	53.0447	0.2607
5250.560	52.9181	0.2812
5253.490	52.7378	0.2666
5256.420	53.0607	0.2641
5259.350	52.8648	0.2580
5262.280	52.2836	0.2827
5265.210	52.0046	0.2681
5268.140	51.3606	0.2468
5271.070	50.8712	0.2665
5274.000	50.7970	0.2664
5276.930	51.2290	0.2583
5279.860	51.6670	0.2426
5282.790	51.8775	0.2562
5285.720	51.8765	0.2637
5288.650	52.3746	0.2611
5291.580	52.4521	0.2640
5294.510	52.6113	0.2588
5297.440	52.5413	0.2543
5300.370	52.3156	0.2551
5303.300	52.5161	0.2574
5306.230	52.6890	0.2557
5309.160	52.5176	0.2497
5312.090	52.1767	0.2399
5315.020	52.1691	0.2522
5317.950	52.2556	0.2606
5320.880	52.0864	0.2646
5323.810	51.7122	0.2687
5326.740	51.2017	0.2779
5329.670	50.9033	0.2556
5332.600	51.1059	0.2575
5335.530	51.3853	0.2484
5338.460	51.6791	0.2555
5341.390	51.5764	0.2564
5344.320	51.4435	0.2504
5347.250	51.4262	0.2489
5350.180	51.6536	0.2483
5353.110	51.4304	0.2610
5356.040	51.7594	0.2534
5358.970	52.0955	0.2481
5361.900	51.9633	0.2703
5364.830	51.8269	0.2558
5367.760	51.6295	0.2444
5370.690	50.9198	0.2538
5373.620	51.0369	0.2632
5376.550	51.3609	0.2709
5379.480	51.2733	0.2386
5382.410	51.3075	0.2464
5385.340	51.3780	0.2445
5388.270	51.2703	0.2394
5391.200	51.2650	0.2456
5394.130	51.0901	0.2399
5397.060	50.8654	0.2396
5399.990	50.6650	0.2407
5402.920	50.5449	0.2521
5405.850	50.4585	0.2620
5408.780	50.2615	0.2546
5411.710	50.2660	0.2468
5414.640	50.6083	0.2469
5417.570	50.9106	0.2302
5420.500	50.9687	0.2361
5423.430	51.0955	0.2376
5426.360	50.9071	0.2468
5429.290	50.6259	0.2327
5432.220	50.7334	0.2303
5435.150	50.6601	0.2407
5438.080	50.5169	0.2450
5441.010	50.8271	0.2427
5443.940	51.0665	0.2586
5446.870	50.7127	0.2540
5449.800	50.3665	0.2342
5452.730	50.3765	0.2240
5455.660	50.3392	0.2240
5458.590	50.0729	0.2185
5461.520	50.0903	0.2114
5464.450	50.3453	0.2203
5467.380	50.2988	0.2169
5470.310	50.6094	0.2266
5473.240	50.5530	0.2370
5476.170	50.3663	0.2327
5479.100	50.0647	0.2398
5482.030	50.0315	0.2244
5484.960	50.1975	0.2171
5487.890	50.4456	0.2238
5490.820	50.5182	0.2319
5493.750	50.4864	0.2336
5496.680	50.5494	0.2303
5499.610	50.5210	0.2310
5502.540	50.2574	0.2164
5505.470	50.0812	0.2298
5508.400	49.9736	0.2331
5511.330	50.1124	0.2444
5514.260	50.1865	0.2347
5517.190	50.2509	0.2267
5520.120	50.4776	0.2312
5523.050	50.5101	0.2347
5525.980	50.3067	0.2223
5528.910	49.9633	0.2247
5531.840	49.6172	0.2492
5534.770	49.5433	0.2444
5537.700	49.7664	0.2382
5540.630	49.9124	0.2339
5543.560	50.1101	0.2293
5546.490	50.1551	0.2300
5549.420	50.0979	0.2292
5552.350	50.0519	0.2310
5555.280	49.8946	0.2276
5558.210	49.9534	0.2391
5561.140	49.8183	0.2430
5564.070	49.7614	0.2438
5567.000	49.7612	0.2225
5569.930	49.7034	0.2174
5572.860	49.5012	0.2335
5575.790	49.1725	0.2437
5578.720	49.2811	0.2437
5581.650	49.4556	0.2351
5584.580	49.4642	0.2448
5587.510	49.2350	0.2420
5590.440	49.0207	0.2388
5593.370	48.7483	0.2323
5596.300	48.7161	0.2316
5599.230	48.9557	0.2294
5602.160	48.9438	0.2221
5605.090	48.8890	0.2321
5608.020	49.0173	0.2348
5610.950	49.2669	0.2349
5613.880	49.4423	0.2256
5616.810	49.2932	0.2322
5619.740	49.1604	0.2276
5622.670	49.1100	0.2238
5625.600	49.1820	0.2310
5628.530	49.0464	0.2355
5631.460	49.0812	0.2311
5634.390	49.2768	0.2321
5637.320	49.2218	0.2377
5640.250	49.0508	0.2545
5643.180	48.8824	0.2306
5646.110	48.9777	0.2327
5649.040	48.9844	0.2299
5651.970	49.1444	0.2290
5654.900	49.0701	0.2159
5657.830	48.8444	0.2282
5660.760	48.8212	0.2260
5663.690	48.8769	0.2267
5666.620	48.8541	0.2258
5669.550	48.7605	0.2219
5672.480	48.8734	0.2265
5675.410	48.8497	0.2366
5678.340	48.8514	0.2430
5681.270	48.6922	0.2432
5684.200	48.6564	0.2261
5687.130	48.7467	0.2317
5690.060	48.7674	0.2276
5692.990	48.7160	0.2306
5695.920	48.6921	0.2241
5698.850	48.5946	0.2244
5701.780	48.5280	0.2246
5704.710	48.4065	0.2284
5707.640	48.3640	0.2455
5710.570	48.1667	0.2387
5713.500	48.1996	0.2352
5716.430	48.1864	0.2351
5719.360	48.2923	0.2344
5722.290	48.2898	0.2178
5725.220	48.4589	0.2190
5728.150	48.4045	0.2181
5731.080	48.4323	0.2148
5734.010	48.2518	0.2015
5736.940	48.3580	0.2165
5739.870	48.4603	0.2135
5742.800	48.3467	0.2191
5745.730	48.2530	0.2160
5748.660	48.3355	0.2266
5751.590	48.3245	0.2189
5754.520	48.1091	0.2314
5757.450	47.8542	0.2299
5760.380	47.8696	0.2306
5763.310	47.9850	0.2175
5766.240	47.9021	0.2188
5769.170	47.8008	0.2192
5772.100	47.7999	0.2091
5775.030	47.7789	0.2200
5777.960	47.7596	0.2122
5780.890	47.7644	0.2162
5783.820	47.7178	0.2216
5786.750	47.6860	0.2240
5789.680	47.7161	0.2240
5792.610	47.7433	0.2210
5795.540	47.6124	0.2236
5798.470	47.5268	0.2168
5801.400	47.4937	0.2218
5804.330	47.4290	0.2260
5807.260	47.5345	0.2339
5810.190	47.4381	0.2274
5813.120	47.5641	0.2189
5816.050	47.4726	0.2173
5818.980	47.4760	0.2150
5821.910	47.5927	0.2172
5824.840	47.4808	0.2120
5827.770	47.5317	0.2146
5830.700	47.4610	0.2264
5833.630	47.4576	0.2154
5836.560	47.4401	0.2090
5839.490	47.2275	0.2165
5842.420	47.2559	0.2072
5845.350	47.0528	0.2114
5848.280	47.1541	0.2145
5851.210	47.1998	0.2201
5854.140	47.0185	0.2296
5857.070	46.8390	0.2377
5860.000	46.6061	0.2302
5862.930	46.5505	0.2285
5865.860	46.8609	0.2288
5868.790	46.9487	0.2410
5871.720	47.3375	0.3497
5874.650	47.5916	0.3794
5877.580	47.2924	0.2862
5880.510	46.8957	0.2063
5883.440	46.6569	0.2052
5886.370	46.2729	0.2373
5889.300	45.7896	0.2866
5892.230	45.1754	0.2632
5895.160	45.0204	0.2341
5898.090	45.2220	0.2177
5901.020	45.3723	0.2133
5903.950	46.1603	0.2187
5906.880	46.4530	0.2232
5909.810	46.5012	0.2192
5912.740	46.5070	0.2153
5915.670	46.3507	0.2187
5918.600	46.3284	0.2168
5921.530	46.2947	0.2256
5924.460	46.4548	0.2306
5927.390	46.4757	0.2258
5930.320	46.4556	0.2198
5933.250	46.4711	0.2158
5936.180	46.4902	0.2102
5939.110	46.3379	0.2012
5942.040	46.2814	0.2287
5944.970	46.1977	0.2270
5947.900	46.2689	0.2221
5950.830	46.1507	0.2156
5953.760	46.0815	0.2152
5956.690	46.2020	0.2158
5959.620	46.2109	0.2063
5962.550	46.0659	0.1990
5965.480	45.9801	0.1995
5968.410	45.9440	0.2098
5971.340	45.8966	0.2153
5974.270	46.0112	0.2261
5977.200	45.9651	0.2212
5980.130	45.8429	0.2146
5983.060	45.7130	0.2143
5985.990	45.7181	0.2184
5988.920	45.6784	0.2102
5991.850	45.7205	0.2164
5994.780	45.7456	0.2128
5997.710	45.7123	0.2147
6000.640	45.6035	0.2287
6003.570	45.6477	0.2365
6006.500	45.4503	0.2319
6009.430	45.4830	0.2267
6012.360	45.3570	0.2109
6015.290	45.6420	0.2120
6018.220	45.4137	0.2063
6021.150	45.5122	0.2083
6024.080	45.4345	0.2152
6027.010	45.2793	0.1994
6029.940	45.2220	0.2032
6032.870	45.2323	0.2106
6035.800	45.3019	0.2144
6038.730	45.3913	0.1955
6041.660	45.3673	0.2017
6044.590	45.2970	0.2139
6047.520	45.2874	0.2111
6050.450	45.1732	0.2137
6053.380	45.1141	0.2207
6056.310	45.2322	0.2200
6059.240	45.1133	0.2243
6062.170	45.1365	0.2146
6065.100	45.1322	0.2091
6068.030	45.0280	0.2055
6070.960	44.7438	0.2044
6073.890	44.9392	0.2018
6076.820	45.0116	0.2027
6079.750	45.0088	0.2029
6082.680	44.9229	0.2081
6085.610	44.7622	0.2156
6088.540	44.6033	0.1983
6091.470	44.6740	0.2105
6094.400	44.6489	0.2060
6097.330	44.6663	0.2042
6100.260	44.8758	0.2060
6103.190	44.8093	0.2044
6106.120	44.4751	0.1950
6109.050	44.3015	0.2031
6111.980	44.4205	0.2064
6114.910	44.4349	0.2070
6117.840	44.5606	0.2075
6120.770	44.4520	0.2010
6123.700	44.1980	0.2005
6126.630	44.0401	0.2054
6129.560	44.2842	0.2024
6132.490	44.4203	0.1945
6135.420	44.4357	0.2044
6138.350	44.0883	0.2119
6141.280	43.9463	0.2004
6144.210	43.8579	0.1986
6147.140	43.9057	0.2010
6150.070	44.1117	0.1961
6153.000	44.1311	0.1924
6155.930	44.1033	0.1953
6158.860	43.9940	0.2088
6161.790	43.8397	0.2295
6164.720	43.4986	0.2187
6167.650	43.4804	0.2112
6170.580	43.7212	0.1945
6173.510	43.6947	0.1973
6176.440	43.7057	0.1916
6179.370	43.5495	0.1948
6182.300	43.7687	0.2004
6185.230	43.7242	0.1965
6188.160	43.8011	0.1992
6191.090	43.7027	0.2033
6194.020	43.5116	0.1987
6196.950	43.5524	0.2085
6199.880	43.6557	0.2025
6202.810	43.7167	0.1967
6205.740	43.6573	0.1947
6208.670	43.6558	0.1982
6211.600	43.6850	0.1940
6214.530	43.6364	0.2007
6217.460	43.4286	0.2040
6220.390	43.3925	0.1995
6223.320	43.3762	0.1918
6226.250	43.4288	0.2053
6229.180	43.3688	0.2055
6232.110	43.2533	0.1982
6235.040	43.1089	0.1928
6237.970	43.1875	0.2081
6240.900	43.1617	0.2041
6243.830	43.1231	0.1941
6246.760	43.2713	0.1980
6249.690	42.9966	0.1997
6252.620	43.0784	0.1890
6255.550	43.0922	0.1939
6258.480	43.0806	0.1934
6261.410	43.0604	0.1945
6264.340	42.8534	0.2091
6267.270	43.0150	0.2015
6270.200	43.1599	0.2071
6273.130	43.0232	0.1915
6276.060	43.0637	0.1910
6278.990	43.0519	0.1934
6281.920	42.9694	0.2053
6284.850	42.8665	0.2112
6287.780	42.7782	0.1999
6290.710	42.9829	0.1944
6293.640	43.1370	0.1905
6296.570	43.0837	0.1959
6299.500	43.0834	0.1968
6302.430	42.8864	0.1948
6305.360	42.7402	0.2008
6308.290	42.7845	0.2125
6311.220	42.7443	0.2085
6314.150	42.6090	0.2207
6317.080	42.5360	0.2060
6320.010	42.3706	0.1947
6322.940	42.1639	0.1926
6325.870	42.0298	0.2044
6328.800	42.1868	0.1977
6331.730	42.1659	0.1830
6334.660	42.0296	0.1824
6337.590	41.9567	0.1867
6340.520	42.0944	0.1769
6343.450	42.1825	0.1827
6346.380	42.3471	0.1787
6349.310	42.2830	0.1856
6352.240	42.3350	0.1869
6355.170	42.2903	0.1832
6358.100	42.4489	0.1835
6361.030	42.3514	0.1802
6363.960	42.1377	0.1848
6366.890	42.1013	0.1889
6369.820	41.9791	0.1963
6372.750	42.0727	0.1964
6375.680	41.9560	0.1903
6378.610	41.9827	0.1903
6381.540	42.0442	0.1905
6384.470	42.1136	0.1862
6387.400	42.1466	0.1998
6390.330	42.0544	0.1867
6393.260	41.9855	0.1880
6396.190	41.8035	0.1874
6399.120	41.7345	0.1806
6402.050	41.6074	0.1807
6404.980	41.4775	0.1921
6407.910	41.6548	0.1983
6410.840	41.5321	0.1946
6413.770	41.5106	0.1879
6416.700	41.5343	0.1878
6419.630	41.6616	0.1768
6422.560	41.7292	0.1806
6425.490	41.5585	0.1892
6428.420	41.4855	0.1844
6431.350	41.5309	0.1851
6434.280	41.4059	0.1866
6437.210	41.2742	0.1971
6440.140	41.2045	0.2003
6443.070	40.8731	0.1917
6446.000	41.1424	0.1934
6448.930	41.3088	0.1951
6451.860	41.3459	0.1957
6454.790	41.3173	0.1942
6457.720	41.2615	0.1970
6460.650	41.1955	0.1883
6463.580	41.0392	0.1845
6466.510	41.0092	0.1835
6469.440	40.9558	0.1856
6472.370	40.9161	0.1889
6475.300	40.9780	0.1868
6478.230	41.0673	0.1845
6481.160	41.0174	0.1845
6484.090	40.9938	0.1853
6487.020	40.9602	0.1867
6489.950	41.0541	0.1902
6492.880	41.0094	0.1989
6495.810	40.7392	0.2019
6498.740	40.3989	0.1865
6501.670	40.2438	0.1896
6504.600	40.6616	0.1976
6507.530	40.7563	0.1939
6510.460	40.7903	0.1956
6513.390	40.8383	0.1903
6516.320	40.7004	0.1961
6519.250	40.5146	0.1977
6522.180	40.4881	0.2011
6525.110	40.5313	0.1869
6528.040	40.5078	0.1863
6530.970	40.3973	0.1876
6533.900	40.4437	0.1820
6536.830	40.2945	0.1830
6539.760	40.2162	0.1840
6542.690	40.2164	0.2099
6545.620	39.8199	0.2090
6548.550	39.4736	0.2157
6551.480	39.1866	0.2441
6554.410	39.0924	0.2584
6557.340	38.6313	0.2586
6560.270	37.1660	0.2854
6563.200	34.1701	0.2779
6566.130	31.3635	0.1903
6569.060	31.8288	0.1939
6571.990	34.4491	0.1582
6574.920	36.7461	0.1609
6577.850	38.0736	0.1632
6580.780	38.6939	0.1628
6583.710	39.1701	0.1610
6586.640	39.5780	0.1781
6589.570	39.7271	0.1917
6592.500	39.7259	0.1992
6595.430	39.6441	0.1823
6598.360	39.7402	0.1819
6601.290	39.9340	0.1814
6604.220	40.0935	0.1763
6607.150	40.1148	0.1812
6610.080	40.0034	0.1771
6613.010	39.9202	0.1796
6615.940	39.9711	0.1810
6618.870	40.0061	0.1747
6621.800	39.9084	0.1682
6624.730	39.9113	0.1836
6627.660	40.0053	0.1751
6630.590	40.0252	0.1851
6633.520	39.9222	0.1905
6636.450	39.8503	0.1854
6639.380	39.7537	0.1840
6642.310	39.8051	0.1857
6645.240	39.7221	0.1901
6648.170	39.6285	0.1782
6651.100	39.6243	0.1750
6654.030	39.7217	0.1790
6656.960	39.8490	0.1746
6659.890	39.7499	0.1810
6662.820	39.6665	0.1886
6665.750	39.5472	0.1977
6668.680	39.5587	0.1767
6671.610	39.7196	0.1842
6674.540	39.8726	0.2514
6677.470	39.9147	0.2766
6680.400	39.5311	0.2186
6683.330	39.3224	0.1861
6686.260	39.3940	0.1808
6689.190	39.3816	0.1654
6692.120	39.3963	0.1714
6695.050	39.4519	0.1819
6697.980	39.4309	0.1864
6700.910	39.4233	0.1780
6703.840	39.3440	0.1770
6706.770	39.3027	0.1812
6709.700	39.2202	0.1807
6712.630	39.1583	0.1718
6715.560	39.1493	0.1781
6718.490	39.1510	0.1812
6721.420	38.9978	0.1903
6724.350	38.9682	0.1839
6727.280	38.9794	0.1839
6730.210	38.9467	0.1843
6733.140	38.9636	0.1827
6736.070	38.9346	0.1782
6739.000	38.9640	0.1732
6741.930	38.9814	0.1685
6744.860	38.9906	0.1728
6747.790	38.9823	0.1813
6750.720	38.9179	0.1815
6753.650	38.8764	0.1841
6756.580	38.8506	0.1761
6759.510	38.8369	0.1669
6762.440	38.7918	0.1650
6765.370	38.7548	0.1749
6768.300	38.7372	0.1741
6771.230	38.7080	0.1679
6774.160	38.6703	0.1829
6777.090	38.6585	0.1770
6780.020	38.6836	0.1718
6782.950	38.7074	0.1646
6785.880	38.7485	0.1654
6788.810	38.5682	0.1731
6791.740	38.5014	0.1688
6794.670	38.5756	0.1717
6797.600	38.4818	0.1690
6800.530	38.5701	0.1731
6803.460	38.5688	0.1606
6806.390	38.4291	0.1741
6809.320	38.4392	0.1724
6812.250	38.4887	0.1598
6815.180	38.3877	0.1644
6818.110	38.3321	0.1657
6821.040	38.3087	0.1690
6823.970	38.2682	0.1725
6826.900	38.2867	0.1798
6829.830	38.2844	0.1791
6832.760	38.3151	0.1730
6835.690	38.3202	0.1763
6838.620	38.2457	0.1766
6841.550	38.1299	0.1690
6844.480	37.9620	0.1712
6847.410	37.8968	0.1735
6850.340	37.9696	0.1755
6853.270	37.9373	0.1791
6856.200	37.8513	0.1768
6859.130	37.8694	0.1813
6862.060	37.9168	0.1726
6864.990	38.0594	0.1737
6867.920	37.9451	0.1829
6870.850	37.7741	0.1705
6873.780	37.7242	0.1676
6876.710	37.7898	0.1671
6879.640	37.7219	0.1711
6882.570	37.7855	0.1779
6885.500	37.7812	0.1912
6888.430	37.8169	0.1801
6891.360	37.7299	0.1733
6894.290	37.6786	0.1701
6897.220	37.6655	0.1676
6900.150	37.6924	0.1603
6903.080	37.7206	0.1598
6906.010	37.7172	0.1613
6908.940	37.5799	0.1721
6911.870	37.5570	0.1738
6914.800	37.5888	0.1700
6917.730	37.3982	0.1642
6920.660	37.3185	0.1644
6923.590	37.4061	0.1595
6926.520	37.4892	0.1607
6929.450	37.4099	0.1569
6932.380	37.3196	0.1573
6935.310	37.3384	0.1549
6938.240	37.3782	0.1585
6941.170	37.4082	0.1602
6944.100	37.3102	0.1580
6947.030	37.2053	0.1649
6949.960	37.1150	0.1706
6952.890	37.0630	0.1633
6955.820	37.0166	0.1637
6958.750	37.1289	0.1606
6961.680	37.1156	0.1634
6964.610	37.0658	0.1604
6967.540	37.0051	0.1642
6970.470	37.0639	0.1688
6973.400	37.1371	0.1643
6976.330	37.1527	0.1649
6979.260	37.0634	0.1672
6982.190	36.9454	0.1563
6985.120	36.9036	0.1617
6988.050	36.8143	0.1650
6990.980	36.8180	0.1717
6993.910	36.8950	0.1695
6996.840	36.8966	0.1657
6999.770	36.8173	0.1684
7002.700	36.7550	0.1710
7005.630	36.6233	0.1675
7008.560	36.5779	0.1663
7011.490	36.5737	0.1612
7014.420	36.6760	0.1557
7017.350	36.6481	0.1586
7020.280	36.6310	0.1614
7023.210	36.6348	0.1642
7026.140	36.6200	0.1661
7029.070	36.5264	0.1598
7032.000	36.4880	0.1562
7034.930	36.5205	0.1497
7037.860	36.5597	0.1483
7040.790	36.5200	0.1522
7043.720	36.4240	0.1598
7046.650	36.3826	0.1575
7049.580	36.3825	0.1563
7052.510	36.4878	0.1529
7055.440	36.5126	0.1606
7058.370	36.4927	0.1723
7061.300	36.4356	0.1861
7064.230	36.3707	0.2237
7067.160	36.2618	0.1934
7070.090	36.1293	0.1586
7073.020	36.0908	0.1572
7075.950	36.1825	0.1601
7078.880	36.1820	0.1537
7081.810	36.1340	0.1506
7084.740	36.0266	0.1555
7087.670	36.0163	0.1554
7090.600	35.9640	0.1504
7093.530	35.8484	0.1513
7096.460	35.8022	0.1510
7099.390	35.9062	0.1494
7102.320	36.0161	0.1571
7105.250	36.0509	0.1659
7108.180	35.9201	0.1613
7111.110	35.7991	0.1589
7114.040	35.7489	0.1557
7116.970	35.7642	0.1586
7119.900	35.7801	0.1588
7122.830	35.8265	0.1596
7125.760	35.7857	0.1638
7128.690	35.7581	0.1553
7131.620	35.6926	0.1555
7134.550	35.6236	0.1544
7137.480	35.7089	0.1487
7140.410	35.7544	0.1505
7143.340	35.7180	0.1636
7146.270	35.6658	0.1607
7149.200	35.5265	0.1617
7152.130	35.3085	0.1630
7155.060	35.4032	0.1592
7157.990	35.5178	0.1573
7160.920	35.5287	0.1567
7163.850	35.4646	0.1666
7166.780	35.3847	0.1653
7169.710	35.3887	0.1774
7172.640	35.3803	0.1788
7175.570	35.3167	0.1786
7178.500	35.2201	0.1697
7181.430	35.2737	0.1651
7184.360	35.2294	0.1652
7187.290	35.1851	0.1614
7190.220	35.0872	0.1570
7193.150	34.9989	0.1565
7196.080	35.0285	0.1581
7199.010	35.0203	0.1674
7201.940	34.9960	0.1651
7204.870	34.8971	0.1595
7207.800	34.7855	0.1565
7210.730	34.8011	0.1532
7213.660	34.9250	0.1494
7216.590	35.0768	0.1524
7219.520	35.1268	0.1596
7222.450	34.9866	0.1843
7225.380	34.9242	0.1809
7228.310	34.8303	0.1668
7231.240	34.7629	0.1634
7234.170	34.8279	0.1626
7237.100	34.8088	0.1589
7240.030	34.8114	0.1620
7242.960	34.9537	0.1660
7245.890	34.9025	0.1721
7248.820	34.7930	0.1679
7251.750	34.6670	0.1673
7254.680	34.6173	0.1630
7257.610	34.6596	0.1588
7260.540	34.6690	0.1555
7263.470	34.5798	0.1616
7266.400	34.4858	0.1606
7269.330	34.5150	0.1650
7272.260	34.5819	0.1640
7275.190	34.6218	0.1640
7278.120	34.5861	0.1760
7281.050	34.4984	0.1777
7283.980	34.4823	0.1635
7286.910	34.4319	0.1690
7289.840	34.2675	0.1700
7292.770	34.1585	0.1649
7295.700	34.2017	0.1587
7298.630	34.3139	0.1596
7301.560	34.3447	0.1613
7304.490	34.2996	0.1591
7307.420	34.2038	0.1615
7310.350	34.2215	0.1551
7313.280	34.2708	0.1563
7316.210	34.1740	0.1573
7319.140	34.1378	0.1508
7322.070	34.2721	0.1526
7325.000	34.2447	0.1539
7327.930	34.1336	0.1594
7330.860	34.0338	0.1563
7333.790	33.9966	0.1645
7336.720	33.9420	0.1695
7339.650	34.0267	0.1621
7342.580	33.9988	0.1530
7345.510	34.0268	0.1499
7348.440	34.0770	0.1453
7351.370	34.0346	0.1590
7354.300	33.9235	0.1646
7357.230	33.9008	0.1523
7360.160	33.9064	0.1541
7363.090	33.8368	0.1515
7366.020	33.8721	0.1507
7368.950	33.9590	0.1472
7371.880	33.9280	0.1484
7374.810	33.8771	0.1440
7377.740	33.8100	0.1548
7380.670	33.7575	0.1542
7383.600	33.7447	0.1556
7386.530	33.6526	0.1549
7389.460	33.6883	0.1512
7392.390	33.6768	0.1509
7395.320	33.5688	0.1481
7398.250	33.4597	0.1478
7401.180	33.3788	0.1467
7404.110	33.4003	0.1494
7407.040	33.5197	0.1508
7409.970	33.4615	0.1566
7412.900	33.3480	0.1586
7415.830	33.2352	0.1577
7418.760	33.2900	0.1447
7421.690	33.3733	0.1523
7424.620	33.3792	0.1478
7427.550	33.3301	0.1425
7430.480	33.3262	0.1456
7433.410	33.2804	0.1448
7436.340	33.2424	0.1414
7439.270	33.2488	0.1486
7442.200	33.2895	0.1428
7445.130	33.3590	0.1507
7448.060	33.2622	0.1494
7450.990	33.0762	0.1565
7453.920	32.9846	0.1595
7456.850	33.0462	0.1573
7459.780	33.0626	0.1574
7462.710	33.0579	0.1557
7465.640	33.0264	0.1591
7468.570	33.0225	0.1572
7471.500	32.9712	0.1573
7474.430	33.0044	0.1660
7477.360	32.9676	0.1598
7480.290	32.9123	0.1601
7483.220	32.9552	0.1554
7486.150	32.9784	0.1514
7489.080	32.9538	0.1477
7492.010	32.8915	0.1528
7494.940	32.7570	0.1567
7497.870	32.5832	0.1595
7500.800	32.5539	0.1547
7503.730	32.7732	0.1510
7506.660	32.8452	0.1508
7509.590	32.8142	0.1543
7512.520	32.6476	0.1532
7515.450	32.5486	0.1409
7518.380	32.7368	0.1459
7521.310	32.7963	0.1513
7524.240	32.7678	0.1569
7527.170	32.6901	0.1514
7530.100	32.6107	0.1522
7533.030	32.5730	0.1521
7535.960	32.5186	0.1425
7538.890	32.4773	0.1449
7541.820	32.4839	0.1491
7544.750	32.4556	0.1529
7547.680	32.4537	0.1413
7550.610	32.3726	0.1445
7553.540	32.4362	0.1415
7556.470	32.4447	0.1396
7559.400	32.4048	0.1418
7562.330	32.4226	0.1491
7565.260	32.2803	0.1614
7568.190	32.2513	0.1634
7571.120	32.2872	0.1531
7574.050	32.2941	0.1497
7576.980	32.2289	0.1456
7579.910	32.2430	0.1492
7582.840	32.2222	0.1547
7585.770	32.1467	0.1675
7588.700	32.0390	0.1744
7591.630	32.0089	0.1939
7594.560	32.1066	0.2176
7597.490	32.1576	0.2288
7600.420	31.9992	0.2084
7603.350	32.0078	0.1906
7606.280	31.8485	0.1718
7609.210	31.5819	0.1754
7612.140	31.5678	0.1797
7615.070	31.6543	0.1725
7618.000	31.6526	0.1499
7620.930	31.7805	0.1597
7623.860	31.7693	0.1844
7626.790	31.7184	0.1643
7629.720	31.6508	0.1639
7632.650	31.5907	0.1481
7635.580	31.5772	0.1404
7638.510	31.5613	0.1488
7641.440	31.4904	0.1617
7644.370	31.4781	0.1572
7647.300	31.5513	0.1525
7650.230	31.5021	0.1568
7653.160	31.5281	0.1505
7656.090	31.6309	0.1560
7659.020	31.6184	0.1620
7661.950	31.4587	0.1609
7664.880	31.2907	0.1514
7667.810	31.1900	0.1370
7670.740	31.0791	0.1399
7673.670	31.2727	0.1478
7676.600	31.4464	0.1502
7679.530	31.4109	0.1483
7682.460	31.3298	0.1477
7685.390	31.2524	0.1538
7688.320	31.2031	0.1504
7691.250	31.2923	0.1513
7694.180	31.1587	0.1454
7697.110	31.0829	0.1442
7700.040	31.1574	0.1457
7702.970	31.0474	0.1379
7705.900	31.0148	0.1411
7708.830	31.1078	0.1481
7711.760	31.1911	0.1510
7714.690	31.1256	0.1450
7717.620	31.1333	0.1381
7720.550	31.2213	0.1495
7723.480	31.1507	0.1579
7726.410	31.1571	0.1495
7729.340	31.1756	0.1537
7732.270	31.1106	0.1536
7735.200	31.0594	0.1409
7738.130	31.1853	0.1445
7741.060	31.0949	0.1407
7743.990	31.0191	0.1454
7746.920	30.9523	0.1450
7749.850	30.8785	0.1426
7752.780	30.8107	0.1406
7755.710	30.8879	0.1451
7758.640	30.8805	0.1396
7761.570	30.8024	0.1421
7764.500	30.8112	0.1431
7767.430	30.8585	0.1419
7770.360	30.8301	0.1498
7773.290	30.8033	0.1555
7776.220	30.6586	0.1476
7779.150	30.4942	0.1473
7782.080	30.5432	0.1389
7785.010	30.6210	0.1412
7787.940	30.6185	0.1428
7790.870	30.5577	0.1406
7793.800	30.5825	0.1380
7796.730	30.7099	0.1390
7799.660	30.7846	0.1422
7802.590	30.5854	0.1474
7805.520	30.5367	0.1603
7808.450	30.6583	0.1527
7811.380	30.7182	0.1425
7814.310	30.5569	0.1421
7817.240	30.4803	0.1427
7820.170	30.5886	0.1418
7823.100	30.6484	0.1381
7826.030	30.5807	0.1408
7828.960	30.6134	0.1475
7831.890	30.5017	0.1558
7834.820	30.4460	0.1439
7837.750	30.3339	0.1400
7840.680	30.3582	0.1392
7843.610	30.3632	0.1365
7846.540	30.3173	0.1461
7849.470	30.4051	0.1553
7852.400	30.3140	0.1492
7855.330	30.3147	0.1521
7858.260	30.2901	0.1419
7861.190	30.3894	0.1380
7864.120	30.4602	0.1456
7867.050	30.3588	0.1454
7869.980	30.2051	0.1525
7872.910	30.1364	0.1493
7875.840	30.0760	0.1520
7878.770	30.0401	0.1448
7881.700	30.0974	0.1459
7884.630	30.0651	0.1492
7887.560	29.9663	0.1449
7890.490	30.0832	0.1409
7893.420	30.2633	0.1414
7896.350	30.2126	0.1406
7899.280	30.1923	0.1541
7902.210	30.1461	0.1498
7905.140	30.1755	0.1525
7908.070	30.1407	0.1501
7911.000	30.0247	0.1563
7913.930	29.8705	0.1513
7916.860	29.7540	0.1508
7919.790	29.7795	0.1422
7922.720	29.7346	0.1541
7925.650	29.7813	0.1492
7928.580	29.8489	0.1436
7931.510	29.7428	0.1454
7934.440	29.6916	0.1441
7937.370	29.6687	0.1420
7940.300	29.7049	0.1374
7943.230	29.6740	0.1354
7946.160	29.6722	0.1352
7949.090	29.6098	0.1360
7952.020	29.5531	0.1367
7954.950	29.6615	0.1431
7957.880	29.7248	0.1472
7960.810	29.5697	0.1536
7963.740	29.5128	0.1560
7966.670	29.5185	0.1513
7969.600	29.6101	0.1443
7972.530	29.6046	0.1514
7975.460	29.5709	0.1477
7978.390	29.5773	0.1477
7981.320	29.5194	0.1418
7984.250	29.5208	0.1433
7987.180	29.5018	0.1520
7990.110	29.4725	0.1537
7993.040	29.5155	0.1418
7995.970	29.4037	0.1423
7998.900	29.3565	0.1407
8001.830	29.2717	0.1386
8004.760	29.1917	0.1329
8007.690	29.3594	0.1283
8010.620	29.3653	0.1287
8013.550	29.4057	0.1337
8016.480	29.5042	0.1414
8019.410	29.4722	0.1480
8022.340	29.4188	0.1466
8025.270	29.4675	0.1418
8028.200	29.4587	0.1511
8031.130	29.2721	0.1466
8034.060	29.1646	0.1381
8036.990	29.2018	0.1370
8039.920	29.1254	0.1391
8042.850	29.1532	0.1364
8045.780	29.1149	0.1403
8048.710	28.9469	0.1404
8051.640	28.8503	0.1421
8054.570	28.7859	0.1549
8057.500	28.8964	0.1431
8060.430	28.9527	0.1386
8063.360	29.0271	0.1398
8066.290	29.1111	0.1332
8069.220	29.0634	0.1429
8072.150	29.0421	0.1386
8075.080	29.0185	0.1406
8078.010	29.0558	0.1450
8080.940	28.9424	0.1473
8083.870	28.8443	0.1405
8086.800	28.6937	0.1388
8089.730	28.6523	0.1353
8092.660	28.8141	0.1325
8095.590	28.7730	0.1386
8098.520	28.7415	0.1356
8101.450	28.5805	0.1419
8104.380	28.6862	0.1387
8107.310	28.6437	0.1439
8110.240	28.6287	0.1411
8113.170	28.7055	0.1452
8116.100	28.7287	0.1517
8119.030	28.6535	0.1458
8121.960	28.7653	0.1437
8124.890	28.7469	0.1387
8127.820	28.7421	0.1365
8130.750	28.7602	0.1373
8133.680	28.6286	0.1320
8136.610	28.4535	0.1396
8139.540	28.3438	0.1398
8142.470	28.4618	0.1451
8145.400	28.4263	0.1339
8148.330	28.3574	0.1332
8151.260	28.3929	0.1356
8154.190	28.3605	0.1380
8157.120	28.3623	0.1478
8160.050	28.2629	0.1439
8162.980	28.3307	0.1497
8165.910	28.2297	0.1497
8168.840	28.1695	0.1648
8171.770	28.2094	0.1616
8174.700	28.2541	0.1553
8177.630	28.1228	0.1511
8180.560	28.0509	0.1589
8183.490	27.9465	0.1594
8186.420	27.8957	0.1531
8189.350	27.7864	0.1430
8192.280	27.9820	0.1430
8195.210	28.0330	0.1457
8198.140	27.7669	0.1391
8201.070	27.7083	0.1360
8204.000	27.8379	0.1380
8206.930	27.9684	0.1382
8209.860	27.9618	0.1331
8212.790	27.9931	0.1311
8215.720	27.9302	0.1281
8218.650	27.9636	0.1365
8221.580	27.8682	0.1461
8224.510	27.7979	0.1553
8227.440	27.6561	0.1755
8230.370	27.7230	0.1928
8233.300	27.7914	0.1713
8236.230	27.8649	0.1532
8239.160	27.8695	0.1446
8242.090	27.8019	0.1279
8245.020	27.8229	0.1261
8247.950	27.8503	0.1306
8250.880	27.7732	0.1269
8253.810	27.6976	0.1306
8256.740	27.6598	0.1417
8259.670	27.6069	0.1374
8262.600	27.6295	0.1371
8265.530	27.6706	0.1329
8268.460	27.5544	0.1324
8271.390	27.6009	0.1311
8274.320	27.6239	0.1321
8277.250	27.5277	0.1340
8280.180	27.4738	0.1338
8283.110	27.4203	0.1301
8286.040	27.4788	0.1313
8288.970	27.5173	0.1357
8291.900	27.4162	0.1422
8294.830	27.3826	0.1405
8297.760	27.1756	0.1441
8300.690	27.1107	0.1287
8303.620	27.3216	0.1300
8306.550	27.3423	0.1357
8309.480	27.3422	0.1428
8312.410	27.4295	0.1422
8315.340	27.4120	0.1468
8318.270	27.3217	0.1448
8321.200	27.2978	0.1442
8324.130	27.2861	0.1385
8327.060	27.2084	0.1506
8329.990	26.9321	0.1473
8332.920	26.9918	0.1477
8335.850	27.1163	0.1470
8338.780	27.0340	0.1473
8341.710	26.9290	0.1478
8344.640	26.8729	0.1406
8347.570	26.9476	0.1306
8350.500	26.8444	0.1372
8353.430	26.8055	0.1421
8356.360	27.0325	0.1394
8359.290	27.0208	0.1307
8362.220	26.8970	0.1462
8365.150	26.8619	0.1436
8368.080	26.8899	0.1359
8371.010	26.9181	0.1308
8373.940	27.0247	0.1275
8376.870	27.0614	0.1383
8379.800	26.9064	0.1484
8382.730	26.8922	0.1512
8385.660	26.9674	0.1399
8388.590	26.9054	0.1351
8391.520	26.7279	0.1320
8394.450	26.8144	0.1363
8397.380	26.7570	0.1425
8400.310	26.7947	0.1325
8403.240	26.8450	0.1228
8406.170	26.8931	0.1240
8409.100	26.8230	0.1327
8412.030	26.7049	0.1407
8414.960	26.6626	0.1491
8417.890	26.8301	0.1344
8420.820	26.8897	0.1289
8423.750	26.7498	0.1304
8426.680	26.6266	0.1391
8429.610	26.6325	0.1578
8432.540	26.6888	0.1433
8435.470	26.7674	0.1405
8438.400	26.6255	0.1430
8441.330	26.5311	0.1300
8444.260	26.4361	0.1259
8447.190	26.3168	0.1278
8450.120	26.3713	0.1537
8453.050	26.3521	0.1349
8455.980	26.4998	0.1331
8458.910	26.5108	0.1440
8461.840	26.4804	0.1493
8464.770	26.4957	0.1469
8467.700	26.5357	0.1405
8470.630	26.3718	0.1336
8473.560	26.2147	0.1342
8476.490	26.3545	0.1425
8479.420	26.3474	0.1383
8482.350	26.4221	0.1368
8485.280	26.4213	0.1479
8488.210	26.4260	0.1446
8491.140	26.4352	0.1486
8494.070	26.4851	0.1701
8497.000	26.3756	0.2072
8499.930	25.3950	0.1658
8502.860	24.5647	0.1397
8505.790	24.9000	0.1407
8508.720	25.5057	0.1387
8511.650	25.8352	0.1338
8514.580	25.9518	0.1412
8517.510	25.9068	0.1373
8520.440	25.8511	0.1357
8523.370	25.9763	0.1337
8526.300	25.9997	0.1407
8529.230	25.9810	0.1558
8532.160	25.9373	0.1530
8535.090	26.1073	0.1485
8538.020	26.2933	0.2388
8540.950	25.8312	0.2814
8543.880	23.9717	0.2002
8546.810	22.4123	0.1275
8549.740	23.0162	0.1418
8552.670	24.5838	0.1382
8555.600	25.3344	0.1299
8558.530	25.5822	0.1288
8561.460	25.8276	0.1324
8564.390	25.9839	0.1334
8567.320	25.9240	0.1288
8570.250	25.9542	0.1306
8573.180	25.9724	0.1355
8576.110	25.9470	0.1378
8579.040	26.0061	0.1414
8581.970	25.9120	0.1528
8584.900	25.7238	0.1468
8587.830	25.6366	0.1446
8590.760	25.5946	0.1294
8593.690	25.5586	0.1227
8596.620	25.5087	0.1242
8599.550	25.3957	0.1397
8602.480	25.3944	0.1329
8605.410	25.3562	0.1253
8608.340	25.4218	0.1194
8611.270	25.4253	0.1199
8614.200	25.4852	0.1239
8617.130	25.5811	0.1218
8620.060	25.5988	0.1349
8622.990	25.5042	0.1610
8625.920	25.5045	0.1468
8628.850	25.5059	0.1385
8631.780	25.4249	0.1340
8634.710	25.3585	0.1446
8637.640	25.3267	0.1490
8640.570	25.4316	0.1477
8643.500	25.4377	0.1400
8646.430	25.3688	0.1390
8649.360	25.1861	0.1441
8652.290	24.9662	0.1409
8655.220	25.1412	0.1225
8658.150	25.4786	0.2152
8661.080	25.1711	0.2479
8664.010	23.7611	0.1873
8666.940	22.3315	0.1363
8669.870	22.6977	0.1287
8672.800	23.8719	0.1332
8675.730	24.5539	0.1373
8678.660	24.8895	0.1292
8681.590	24.9590	0.1276
8684.520	25.0171	0.1264
8687.450	25.1429	0.1315
8690.380	25.1443	0.1287
8693.310	25.0820	0.1235
8696.240	25.1708	0.1264
8699.170	25.2522	0.1256
8702.100	25.2761	0.1274
8705.030	25.2068	0.1294
8707.960	25.1969	0.1332
8710.890	25.1658	0.1273
8713.820	25.1249	0.1252
8716.750	25.1148	0.1225
8719.680	25.1157	0.1251
8722.610	25.0401	0.1343
8725.540	25.0190	0.1222
8728.470	25.0331	0.1140
8731.400	25.0781	0.1125
8734.330	25.0913	0.1199
8737.260	25.0522	0.1250
8740.190	24.9422	0.1196
8743.120	24.8305	0.1238
8746.050	24.7121	0.1262
8748.980	24.6177	0.1247
8751.910	24.5188	0.1309
8754.840	24.4303	0.1269
8757.770	24.4583	0.1275
8760.700	24.6374	0.1310
8763.630	24.7219	0.1314
8766.560	24.8155	0.1384
8769.490	24.9034	0.1405
8772.420	24.7714	0.1406
8775.350	24.5529	0.1407
8778.280	24.5853	0.1337
8781.210	24.6111	0.1390
8784.140	24.5706	0.1408
8787.070	24.6029	0.1437
8790.000	24.6122	0.1312
8792.930	24.5579	0.1216
8795.860	24.4991	0.1190
8798.790	24.5504	0.1217
8801.720	24.7507	0.1339
8804.650	24.9770	0.1508
8807.580	24.7369	0.1447
8810.510	24.2974	0.1401
8813.440	24.1348	0.1432
8816.370	24.3665	0.1378
8819.300	24.5042	0.1411
8822.230	24.5500	0.1366
8825.160	24.3302	0.1394
8828.090	24.3705	0.1357
8831.020	24.4438	0.1320
8833.950	24.2891	0.1316
8836.880	24.3834	0.1249
8839.810	24.4461	0.1175
8842.740	24.5760	0.1216
8845.670	24.4637	0.1255
8848.600	24.3396	0.1449
8851.530	24.3693	0.1439
8854.460	24.2752	0.1401
8857.390	24.0494	0.1318
8860.320	23.9051	0.1251
8863.250	23.6517	0.1321
8866.180	23.3930	0.1336
8869.110	23.4094	0.1256
8872.040	23.7392	0.1231
8874.970	24.0039	0.1236
8877.900	24.1812	0.1176
8880.830	24.1587	0.1230
8883.760	23.9983	0.1279
8886.690	24.0038	0.1238
8889.620	24.0020	0.1168
8892.550	24.0119	0.1229
8895.480	24.0893	0.1377
8898.410	24.1140	0.1359
8901.340	24.0824	0.1366
8904.270	24.1229	0.1336
8907.200	24.0434	0.1343
8910.130	24.0555	0.1275
8913.060	24.0587	0.1356
8915.990	23.9237	0.1287
8918.920	24.0440	0.1211
8921.850	24.2598	0.1354
8924.780	24.2273	0.1418
8927.710	24.0370	0.1376
8930.640	23.7802	0.1289
8933.570	23.5654	0.1254
8936.500	23.7041	0.1258
8939.430	23.7259	0.1387
8942.360	23.8097	0.1353
8945.290	23.9331	0.1291
8948.220	23.9617	0.1299
8951.150	24.0306	0.1245
8954.080	23.9464	0.1348
8957.010	23.7939	0.1327
8959.940	23.7901	0.1199
8962.870	23.7116	0.1233
8965.800	23.7977	0.1321
8968.730	23.7505	0.1332
8971.660	23.5747	0.1437
8974.590	23.5348	0.1374
8977.520	23.5750	0.1425
8980.450	23.6703	0.1350
8983.380	23.6176	0.1297
8986.310	23.5854	0.1368
8989.240	23.5461	0.1450
8992.170	23.5536	0.1406
8995.100	23.5169	0.1414
8998.030	23.4730	0.1417
9000.960	23.3160	0.1376
9003.890	23.2740	0.1309
9006.820	23.2621	0.1323
9009.750	23.1540	0.1377
9012.680	22.9689	0.1498
9015.610	22.7060	0.1470
9018.540	22.4480	0.1291
9021.470	22.4748	0.1260
9024.400	22.7990	0.1380
9027.330	23.0003	0.1367
9030.260	23.0925	0.1235
9033.190	23.1814	0.1147
9036.120	23.3821	0.1187
9039.050	23.3496	0.1187
9041.980	23.1864	0.1276
9044.910	23.1076	0.1269
9047.840	23.1089	0.1377
9050.770	23.1134	0.1402
9053.700	23.0897	0.1283
9056.630	23.1996	0.1166
9059.560	23.2364	0.1245
9062.490	23.1314	0.1281
9065.420	22.9050	0.1336
9068.350	22.8489	0.1411
9071.280	23.1587	0.1377
9074.210	23.4715	0.1317
9077.140	23.3391	0.1306
9080.070	23.1097	0.1372
9083.000	23.0271	0.1284
9085.930	23.0765	0.1265
9088.860	23.2025	0.1328
9091.790	23.1511	0.1389
9094.720	22.9168	0.1277
9097.650	22.7475	0.1263
9100.580	22.6559	0.1302
9103.510	22.7206	0.1296
9106.440	22.9510	0.1304
9109.370	23.1791	0.1367
9112.300	23.2522	0.1405
9115.230	23.2461	0.1464
9118.160	22.9710	0.1451
9121.090	22.7605	0.1303
9124.020	22.7138	0.1254
9126.950	22.7280	0.1297
9129.880	22.8002	0.1401
9132.810	22.9796	0.1457
9135.740	23.0906	0.1393
9138.670	23.1020	0.1403
9141.600	23.0151	0.1286
9144.530	22.8199	0.1287
9147.460	22.7632	0.1269
9150.390	22.8041	0.1290
9153.320	22.8541	0.1381
9156.250	22.9447	0.1378
9159.180	22.9803	0.1390
9162.110	22.9878	0.1382
9165.040	22.8641	0.1398
9167.970	22.6397	0.1317
9170.900	22.3594	0.1291
9173.830	22.3465	0.1364
9176.760	22.4073	0.1340
9179.690	22.5318	0.1371
9182.620	22.6380	0.1350
9185.550	22.8289	0.1246
9188.480	22.9258	0.1276
9191.410	22.8868	0.1312
9194.340	22.7232	0.1352
9197.270	22.5828	0.1355
9200.200	22.5400	0.1338
9203.130	22.5002	0.1377
9206.060	22.4427	0.1371
9208.990	22.4892	0.1351
9211.920	22.4595	0.1344
9214.850	22.2914	0.1347
9217.780	22.0982	0.1343
9220.710	22.0635	0.1311
9223.640	22.0449	0.1258
9226.570	21.7956	0.1272
9229.500	21.5689	0.1268
9232.430	21.1920	0.1257
9235.360	21.0920	0.1201
9238.290	21.3707	0.1173
9241.220	21.7617	0.1227
9244.150	21.8435	0.1322
9247.080	21.8861	0.1437
9250.010	22.0865	0.1427
9252.940	22.2156	0.1304
9255.870	22.2208	0.1264
9258.800	22.1026	0.1273
9261.730	21.9857	0.1318
9264.660	21.8531	0.1323
9267.590	21.9151	0.1355
9270.520	21.9843	0.1364
9273.450	21.9754	0.1384
9276.380	21.9801	0.1478
9279.310	22.0799	0.1519
9282.240	22.1274	0.1369
9285.170	22.1790	0.1327
9288.100	22.3170	0.1339
9291.030	22.3062	0.1266
9293.960	22.2277	0.1266
9296.890	22.2706	0.1377
9299.820	22.2920	0.1461
9302.750	22.2293	0.1491
9305.680	22.2301	0.1446
9308.610	22.1904	0.1473
9311.540	21.9983	0.1459
9314.470	21.9626	0.1631
9317.400	21.8044	0.1602
9320.330	21.7347	0.1710
9323.260	21.7644	0.1794
9326.190	21.8338	0.1777
9329.120	22.0221	0.1630
9332.050	22.0663	0.1703
9334.980	21.9278	0.1882
9337.910	21.8067	0.2002
9340.840	21.7950	0.2034
9343.770	21.6004	0.1963
9346.700	21.4913	0.1786
9349.630	21.6697	0.1644
9352.560	21.7168	0.1846
9355.490	21.7237	0.1932
9358.420	21.7135	0.1695
9361.350	21.7029	0.1586
9364.280	21.6626	0.1665
9367.210	21.7032	0.1839
9370.140	21.5589	0.1805
9373.070	21.4364	0.1719
9376.000	21.6269	0.1782
9378.930	21.6875	0.1882
9381.860	21.6862	0.1737
9384.790	21.8016	0.1448
9387.720	21.7549	0.1393
9390.650	21.5044	0.1436
9393.580	21.4356	0.1515
9396.510	21.4482	0.1488
9399.440	21.4643	0.1481
9402.370	21.6314	0.1533
9405.300	21.7173	0.1636
9408.230	21.6183	0.1598
9411.160	21.2450	0.1798
9414.090	21.1553	0.1716
9417.020	20.9831	0.1498
9419.950	20.8863	0.1540
9422.880	21.1936	0.1598
9425.810	21.3737	0.1629
9428.740	21.3519	0.1646
9431.670	21.4412	0.1580
9434.600	21.5036	0.1407
9437.530	21.3919	0.1697
9440.460	21.2208	0.1862
9443.390	21.2824	0.1702
9446.320	21.3734	0.1539
9449.250	21.4519	0.1484
9452.180	21.4254	0.1570
9455.110	21.2538	0.1644
9458.040	20.9931	0.1553
9460.970	20.8127	0.1490
9463.900	20.9200	0.1436
9466.830	21.1472	0.1414
9469.760	21.3638	0.1453
9472.690	21.2064	0.1556
9475.620	21.2613	0.1592
9478.550	21.2956	0.1708
9481.480	20.9764	0.1740
9484.410	20.7881	0.1577
9487.340	20.8539	0.1502
9490.270	20.8566	0.1442
9493.200	20.9768	0.1525
9496.130	20.9979	0.1679
9499.060	20.9037	0.1792
9501.990	20.8157	0.1648
9504.920	20.8633	0.1436
9507.850	21.0289	0.1421
9510.780	21.2489	0.1582
9513.710	21.1500	0.1752
9516.640	20.9816	0.1818
9519.570	20.6716	0.1691
9522.500	20.6122	0.1505
9525.430	20.7146	0.1506
9528.360	20.6547	0.1461
9531.290	20.5288	0.1426
9534.220	20.5135	0.1481
9537.150	20.4843	0.1564
9540.080	20.5153	0.1614
9543.010	20.2944	0.1662
9545.940	19.8750	0.1618
9548.870	19.2917	0.1563
9551.800	18.6775	0.1537
9554.730	19.0180	0.1536
9557.660	19.7032	0.1631
9560.590	20.1416	0.1597
9563.520	20.2575	0.1694
9566.450	20.3967	0.1817
9569.380	20.4148	0.1703
9572.310	20.5037	0.1565
9575.240	20.4034	0.1437
9578.170	20.2389	0.1512
9581.100	20.0900	0.1535
9584.030	20.2661	0.1648
9586.960	20.5023	0.1866
9589.890	20.4725	0.1951
9592.820	20.5004	0.1889
9595.750	20.4021	0.1823
9598.680	20.2960	0.1733
9601.610	20.2253	0.1756
9604.540	20.0791	0.1847
9607.470	20.0960	0.1977
9610.400	20.3508	0.2063
9613.330	20.3328	0.2094
9616.260	20.4164	0.1948
9619.190	20.4257	0.2271
9622.120	20.2041	0.2372
9625.050	20.0368	0.2317
9627.980	19.8990	0.2136
9630.910	19.8833	0.2022
9633.840	19.9754	0.2109
9636.770	19.9239	0.2237
9639.700	20.0247	0.2188
9642.630	20.1113	0.2298
9645.560	20.0284	0.2406
9648.490	19.9139	0.2271
9651.420	19.9258	0.2358
9654.350	19.8490	0.2275
9657.280	19.9899	0.2350
9660.210	19.9383	0.2525
9663.140	19.7771	0.2531
9666.070	19.6891	0.2537
9669.000	19.7501	0.2498
9671.930	19.8584	0.2624
9674.860	19.9052	0.2648
9677.790	20.0504	0.2762
9680.720	19.7642	0.2685
9683.650	19.6014	0.2761
9686.580	19.4864	0.2726
9689.510	19.5603	0.2730
9692.440	19.6254	0.2783
9695.370	19.6287	0.2800
9698.300	19.5384	0.2816
9701.230	19.5559	0.2950
