3298.680	58.0211	0.4542
3301.060	57.2407	0.4953
3303.440	56.9519	0.4730
3305.820	57.2285	0.4295
3308.200	57.6506	0.4223
3310.580	57.9140	0.4490
3312.960	57.7408	0.4308
3315.340	57.2312	0.4384
3317.720	56.9624	0.4544
3320.100	56.4400	0.4908
3322.480	56.8934	0.4460
3324.860	57.2505	0.3968
3327.240	57.1103	0.4051
3329.620	56.9532	0.4008
3332.000	56.9296	0.4267
3334.380	56.8409	0.4175
3336.760	56.8988	0.4002
3339.140	56.3609	0.3936
3341.520	56.7387	0.3884
3343.900	57.3079	0.3921
3346.280	56.3225	0.3714
3348.660	56.3983	0.3979
3351.040	57.9421	0.3805
3353.420	58.2869	0.4079
3355.800	57.4162	0.4586
3358.180	56.4186	0.4176
3360.560	56.9148	0.4423
3362.940	57.6887	0.4018
3365.320	57.1663	0.4140
3367.700	56.5534	0.3824
3370.080	56.0440	0.3952
3372.460	56.9116	0.3879
3374.840	58.3929	0.4016
3377.220	56.9005	0.4421
3379.600	56.2192	0.3382
3381.980	56.9643	0.3452
3384.360	57.8055	0.3619
3386.740	57.9150	0.4037
3389.120	57.2936	0.3657
3391.500	56.8021	0.3536
3393.880	58.2566	0.4053
3396.260	59.4656	0.3677
3398.640	59.3082	0.4221
3401.020	58.3568	0.4308
3403.400	57.6315	0.3579
3405.780	57.3971	0.3428
3408.160	57.7031	0.3193
3410.540	57.4038	0.3462
3412.920	57.3006	0.3694
3415.300	58.3506	0.3507
3417.680	58.9087	0.3831
3420.060	58.3412	0.4064
3422.440	57.9574	0.3667
3424.820	58.6993	0.3228
3427.200	59.3812	0.3259
3429.580	59.3800	0.3859
3431.960	58.8559	0.4005
3434.340	58.6773	0.3975
3436.720	57.6992	0.4039
3439.100	56.5843	0.3612
3441.480	56.3338	0.3787
3443.860	57.2709	0.3683
3446.240	58.6531	0.3379
3448.620	58.6366	0.4020
3451.000	58.5519	0.3871
3453.380	58.7757	0.3796
3455.760	58.9592	0.3555
3458.140	58.5443	0.3210
3460.520	58.4623	0.3385
3462.900	59.0581	0.3291
3465.280	59.2651	0.4143
3467.660	59.6521	0.3898
3470.040	59.2753	0.4095
3472.420	58.1224	0.3450
3474.800	58.3064	0.3383
3477.180	59.3818	0.3815
3479.560	59.5983	0.4378
3481.940	59.4578	0.3980
3484.320	59.4551	0.3524
3486.700	58.8744	0.3669
3489.080	58.6632	0.3383
3491.460	58.8527	0.3514
3493.840	58.9389	0.3235
3496.220	59.3040	0.3348
3498.600	59.7259	0.3221
3500.980	59.5025	0.3806
3503.360	59.5010	0.3978
3505.740	59.6836	0.3722
3508.120	59.2144	0.3359
3510.500	58.6853	0.3212
3512.880	58.9911	0.3307
3515.260	59.4441	0.3367
3517.640	59.6812	0.3078
3520.020	58.7524	0.3125
3522.400	57.9823	0.3315
3524.780	57.8847	0.4145
3527.160	58.8853	0.3221
3529.540	60.2767	0.3090
3531.920	60.7341	0.3195
3534.300	60.7137	0.3146
3536.680	60.9740	0.3153
3539.060	61.0119	0.3287
3541.440	61.3240	0.3427
3543.820	61.4700	0.3497
3546.200	61.2534	0.3853
3548.580	61.4456	0.3605
3550.960	61.1545	0.3552
3553.340	60.7378	0.3656
3555.720	60.3647	0.3741
3558.100	60.7428	0.3815
3560.480	60.9257	0.3558
3562.860	60.2086	0.3193
3565.240	59.1092	0.3177
3567.620	58.1901	0.2929
3570.000	57.8906	0.3574
3572.380	58.8064	0.3225
3574.760	59.6967	0.3252
3577.140	59.5250	0.3355
3579.520	59.4597	0.3495
3581.900	58.6839	0.3401
3584.280	58.1411	0.3409
3586.660	58.9946	0.3335
3589.040	60.4850	0.3278
3591.420	60.9511	0.3439
3593.800	60.5610	0.4145
3596.180	60.5648	0.4289
3598.560	60.8964	0.3921
3600.940	60.8249	0.3292
3603.320	60.0349	0.3105
3605.700	59.5488	0.3184
3608.080	59.2607	0.3024
3610.460	59.7488	0.3529
3612.840	59.9800	0.4230
3615.220	59.9511	0.3842
3617.600	59.8928	0.2963
3619.980	60.2770	0.3597
3622.360	61.0028	0.3348
3624.740	61.3790	0.4306
3627.120	60.8782	0.4196
3629.500	60.2168	0.3618
3631.880	61.0286	0.3814
3634.260	61.8769	0.3722
3636.640	61.9525	0.3639
3639.020	61.4391	0.3337
3641.400	61.4177	0.3254
3643.780	61.1383	0.3268
3646.160	60.9433	0.3112
3648.540	60.9822	0.3228
3650.920	61.5351	0.2916
3653.300	62.5264	0.3698
3655.680	62.7835	0.3510
3658.060	62.5212	0.3306
3660.440	62.7193	0.3024
3662.820	63.0142	0.2977
3665.200	62.7945	0.3018
3667.580	62.5985	0.3066
3669.960	62.4811	0.3460
3672.340	62.3869	0.3916
3674.720	62.2189	0.3471
3677.100	61.6656	0.3243
3679.480	61.4807	0.3108
3681.860	61.1334	0.3097
3684.240	60.9391	0.3179
3686.620	61.5996	0.3377
3689.000	62.3872	0.3378
3691.380	62.9870	0.3462
3693.760	62.7224	0.3496
3696.140	63.1926	0.3472
3698.520	63.3646	0.3509
3700.900	61.9734	0.4262
3703.280	60.8028	0.3584
3705.660	61.1280	0.3407
3708.040	61.3403	0.3069
3710.420	61.3550	0.3243
3712.800	63.8729	0.3701
3715.180	65.4523	0.4148
3717.560	62.6047	0.3352
3719.940	59.8099	0.3654
3722.320	62.1493	0.3192
3724.700	66.4662	0.3580
3727.080	67.4951	0.4197
3729.460	63.9386	0.3728
3731.840	58.0148	0.3620
3734.220	57.8054	0.3477
3736.600	63.9609	0.3252
3738.980	68.5416	0.4641
3741.360	68.5912	0.4505
3743.740	64.8686	0.3101
3746.120	58.7310	0.3115
3748.500	55.8806	0.3121
3750.880	61.2656	0.3565
3753.260	67.8427	0.5611
3755.640	70.2712	0.4450
3758.020	71.1622	0.3382
3760.400	71.3224	0.3359
3762.780	69.6621	0.3644
3765.160	64.9069	0.3424
3767.540	58.6011	0.2991
3769.920	57.7460	0.3107
3772.300	64.2878	0.3273
3774.680	71.6793	0.3399
3777.060	75.9006	0.3527
3779.440	77.6696	0.3525
3781.820	77.6175	0.3720
3784.200	76.5465	0.3667
3786.580	75.0761	0.4075
3788.960	73.5011	0.3485
3791.340	68.9357	0.3493
3793.720	60.8184	0.3262
3796.100	55.4224	0.3087
3798.480	59.5171	0.3211
3800.860	68.2184	0.3365
3803.240	73.6511	0.3610
3805.620	76.1688	0.4161
3808.000	77.9309	0.3732
3810.380	77.9210	0.3960
3812.760	77.5150	0.4073
3815.140	77.9243	0.4987
3817.520	77.9673	0.4902
3819.900	76.6915	0.4859
3822.280	74.8895	0.3989
3824.660	72.3253	0.3435
3827.040	69.6574	0.3223
3829.420	64.4617	0.2948
3831.800	56.7299	0.2740
3834.180	53.4239	0.2815
3836.560	58.9707	0.2961
3838.940	67.2858	0.3624
3841.320	73.5106	0.3422
3843.700	76.5960	0.4761
3846.080	78.2049	0.4851
3848.460	79.3307	0.4124
3850.840	80.1017	0.3974
3853.220	80.0869	0.3740
3855.600	79.5978	0.3539
3857.980	79.9763	0.4108
3860.360	81.0307	0.3788
3862.740	81.0506	0.5425
3865.120	81.1947	0.5641
3867.500	81.3074	0.4091
3869.880	80.2178	0.4179
3872.260	78.9064	0.3464
3874.640	77.8849	0.3619
3877.020	76.4852	0.3527
3879.400	75.0968	0.3653
3881.780	71.5966	0.3685
3884.160	63.5455	0.3379
3886.540	56.3534	0.3128
3888.920	57.9045	0.3270
3891.300	66.0521	0.2965
3893.680	71.9085	0.3380
3896.060	74.7714	0.3862
3898.440	76.5036	0.3458
3900.820	77.4019	0.3277
3903.200	78.1908	0.3263
3905.580	79.5247	0.3431
3907.960	81.5332	0.3661
3910.340	81.9653	0.4417
3912.720	81.7789	0.4704
3915.100	81.3740	0.4482
3917.480	81.3003	0.4190
3919.860	81.0597	0.4206
3922.240	80.7635	0.4265
3924.620	79.9313	0.4205
3927.000	75.4580	0.4678
3929.380	64.2469	0.3850
3931.760	54.7345	0.5236
3934.140	60.5665	0.5919
3936.520	73.5235	0.5130
3938.900	80.1814	0.4742
3941.280	81.1877	0.4308
3943.660	81.0996	0.4879
3946.040	81.3121	0.3843
3948.420	80.9968	0.4368
3950.800	80.5348	0.4503
3953.180	80.0576	0.4749
3955.560	78.6934	0.4298
3957.940	77.0600	0.4571
3960.320	74.3166	0.4609
3962.700	67.6205	0.3993
3965.080	54.9377	0.4243
3967.460	46.0686	0.4412
3969.840	52.4101	0.5200
3972.220	65.0064	0.3831
3974.600	73.2718	0.4440
3976.980	77.1315	0.4862
3979.360	78.4416	0.5339
3981.740	79.9495	0.5597
3984.120	81.4942	0.4232
3986.500	82.2338	0.4105
3988.880	82.6768	0.4297
3991.260	83.0528	0.4249
3993.640	83.0266	0.4061
3996.020	83.1108	0.4147
3998.400	83.4455	0.4127
4000.780	83.3613	0.4263
4003.160	83.0273	0.4416
4005.540	83.0491	0.4165
4007.920	83.8254	0.3850
4010.300	84.4402	0.3984
4012.680	84.4595	0.3987
4015.060	84.3532	0.3933
4017.440	84.4337	0.3660
4019.820	84.5670	0.4017
4022.200	84.6139	0.4654
4024.580	84.3653	0.5018
4026.960	83.6107	0.4111
4029.340	83.0219	0.3635
4031.720	83.0150	0.3293
4034.100	83.8762	0.3396
4036.480	84.4296	0.3598
4038.860	84.1194	0.3908
4041.240	83.7743	0.3743
4043.620	83.3373	0.4008
4046.000	83.2340	0.3588
4048.380	84.0022	0.3755
4050.760	84.3677	0.3900
4053.140	84.1649	0.3738
4055.520	84.0656	0.3676
4057.900	83.5057	0.3715
4060.280	82.7029	0.3601
4062.660	82.4550	0.3425
4065.040	82.7736	0.3495
4067.420	82.7515	0.3630
4069.800	82.4752	0.3707
4072.180	82.1840	0.3703
4074.560	81.9179	0.3735
4076.940	81.9045	0.3861
4079.320	82.0072	0.3763
4081.700	81.9880	0.3720
4084.080	81.8061	0.3644
4086.460	81.4525	0.3834
4088.840	80.0733	0.3971
4091.220	78.0731	0.3801
4093.600	74.9950	0.3863
4095.980	69.1373	0.4089
4098.360	60.6688	0.4210
4100.740	57.7885	0.4143
4103.120	64.9478	0.3700
4105.500	72.6272	0.3578
4107.880	76.6107	0.3489
4110.260	79.1290	0.3519
4112.640	80.5483	0.3422
4115.020	81.3182	0.3520
4117.400	81.6034	0.3638
4119.780	82.4087	0.3629
4122.160	82.8458	0.3594
4124.540	83.3563	0.3942
4126.920	83.0392	0.3834
4129.300	82.6820	0.3585
4131.680	83.0451	0.3774
4134.060	83.8172	0.3904
4136.440	83.8691	0.4031
4138.820	83.7408	0.3884
4141.200	83.1402	0.4074
4143.580	83.4743	0.3961
4145.960	83.7445	0.3546
4148.340	83.8757	0.3717
4150.720	84.0657	0.3796
4153.100	83.8761	0.3751
4155.480	84.1339	0.3871
4157.860	84.3405	0.3808
4160.240	84.2003	0.3784
4162.620	84.3138	0.4025
4165.000	84.1511	0.3703
4167.380	84.1233	0.3802
4169.760	83.9965	0.3331
4172.140	83.7791	0.3637
4174.520	83.7911	0.3780
4176.900	83.5456	0.3420
4179.280	83.4063	0.3524
4181.660	83.4259	0.3398
4184.040	83.1812	0.3323
4186.420	83.0421	0.3581
4188.800	83.3394	0.3888
4191.180	83.5289	0.4235
4193.560	83.6204	0.3756
4195.940	82.7779	0.3863
4198.320	82.7146	0.4223
4200.700	82.6497	0.3850
4203.080	83.0251	0.3521
4205.460	83.2924	0.3612
4207.840	83.2544	0.3384
4210.220	83.1444	0.3520
4212.600	82.3572	0.3590
4214.980	82.3869	0.3632
4217.360	82.8048	0.3338
4219.740	82.4501	0.3468
4222.120	81.8213	0.3193
4224.500	81.1455	0.4291
4226.880	81.4138	0.3293
4229.260	82.4591	0.3311
4231.640	81.9379	0.4251
4234.020	82.0822	0.3551
4236.400	82.7261	0.3333
4238.780	83.2777	0.3281
4241.160	83.3280	0.3490
4243.540	82.5871	0.3520
4245.920	81.8988	0.3271
4248.300	81.3254	0.3395
4250.680	81.8951	0.3533
4253.060	82.0951	0.3463
4255.440	82.1359	0.3494
4257.820	82.4092	0.3399
4260.200	82.3995	0.3394
4262.580	82.9082	0.3456
4264.960	82.7828	0.3729
4267.340	81.9323	0.3594
4269.720	80.7348	0.3558
4272.100	80.9299	0.3930
4274.480	81.6714	0.3444
4276.860	82.0586	0.3447
4279.240	81.9608	0.3454
4281.620	81.5617	0.3316
4284.000	81.3216	0.3527
4286.380	80.9619	0.3496
4288.760	80.2729	0.3680
4291.140	80.1239	0.3383
4293.520	80.0903	0.3691
4295.900	79.6190	0.3711
4298.280	78.6714	0.3653
4300.660	78.6149	0.3507
4303.040	79.1029	0.3452
4305.420	78.5802	0.3281
4307.800	78.9200	0.3893
4310.180	79.6016	0.4447
4312.560	79.6957	0.3592
4314.940	80.2277	0.4045
4317.320	79.8966	0.5181
4319.700	79.5919	0.4283
4322.080	78.7513	0.3557
4324.460	78.0598	0.4184
4326.840	77.4445	0.3579
4329.220	76.5812	0.3702
4331.600	74.3929	0.4030
4333.980	69.6186	0.3745
4336.360	62.0774	0.3722
4338.740	57.4856	0.4450
4341.120	62.1657	0.4254
4343.500	69.8512	0.3436
4345.880	74.5759	0.3307
4348.260	76.6550	0.3149
4350.640	77.9451	0.3177
4353.020	79.0988	0.3182
4355.400	80.0735	0.3046
4357.780	80.4262	0.2991
4360.160	80.7163	0.3321
4362.540	81.1786	0.3409
4364.920	81.4480	0.3255
4367.300	81.4138	0.3532
4369.680	81.3883	0.3731
4372.060	81.1360	0.3495
4374.440	81.1796	0.3498
4376.820	81.7448	0.3741
4379.200	81.6137	0.3897
4381.580	81.0821	0.3753
4383.960	81.2498	0.3870
4386.340	82.3628	0.4222
4388.720	82.3636	0.3828
4391.100	81.8824	0.3279
4393.480	81.5154	0.3511
4395.860	81.5683	0.3337
4398.240	81.6758	0.3194
4400.620	81.6068	0.3101
4403.000	81.4001	0.3752
4405.380	81.6174	0.3248
4407.760	82.1323	0.3257
4410.140	81.9805	0.3475
4412.520	81.4776	0.3384
4414.900	81.1791	0.3182
4417.280	81.3951	0.3572
4419.660	81.5564	0.3345
4422.040	81.3789	0.3373
4424.420	81.1212	0.3460
4426.800	81.3118	0.3298
4429.180	81.3793	0.3297
4431.560	81.4430	0.3430
4433.940	81.5822	0.3311
4436.320	81.5941	0.3354
4438.700	81.5017	0.3210
4441.080	80.9382	0.3454
4443.460	81.2345	0.3151
4445.840	81.5607	0.3338
4448.220	81.2952	0.3511
4450.600	81.1854	0.3397
4452.980	81.4577	0.3326
4455.360	81.9585	0.3408
4457.740	81.9323	0.3427
4460.120	81.7799	0.3190
4462.500	81.6817	0.3179
4464.880	81.6267	0.3670
4467.260	81.8713	0.4759
4469.640	81.9534	0.4680
4472.020	81.7010	0.3646
4474.400	81.5503	0.3071
4476.780	81.6690	0.3189
4479.160	81.6126	0.3159
4481.540	81.6396	0.3193
4483.920	81.7364	0.3159
4486.300	81.7247	0.3209
4488.680	81.6587	0.3190
4491.060	81.6904	0.3294
4493.440	81.7644	0.3659
4495.820	81.8258	0.3455
4498.200	81.6665	0.3459
4500.580	81.5088	0.3556
4502.960	81.7342	0.3550
4505.340	81.6454	0.3705
4507.720	81.6420	0.3590
4510.100	81.8171	0.3409
4512.480	81.8533	0.3290
4514.860	81.9314	0.3238
4517.240	81.9571	0.3433
4519.620	81.9576	0.3318
4522.000	81.4754	0.3556
4524.380	81.2697	0.3233
4526.760	81.1906	0.3323
4529.140	80.9371	0.3499
4531.520	80.5030	0.3775
4533.900	80.9001	0.3891
4536.280	81.7240	0.4088
4538.660	81.7259	0.4440
4541.040	81.5831	0.3794
4543.420	81.3685	0.3563
4545.800	80.7293	0.3591
4548.180	80.2731	0.3392
4550.560	80.4495	0.3237
4552.940	80.7630	0.3237
4555.320	81.3205	0.3098
4557.700	81.2734	0.3036
4560.080	81.0230	0.3171
4562.460	80.7863	0.3178
4564.840	81.0422	0.3056
4567.220	81.1867	0.3271
4569.600	80.7760	0.3097
4571.980	81.0041	0.3343
4574.360	81.3168	0.3446
4576.740	81.3399	0.3382
4579.120	81.1569	0.3454
4581.500	80.6849	0.3395
4583.880	80.8782	0.3314
4586.260	81.0033	0.3439
4588.640	80.9512	0.3675
4591.020	80.9268	0.3424
4593.400	81.1049	0.3130
4595.780	81.0421	0.3385
4598.160	80.8955	0.3201
4600.540	80.8723	0.3280
4602.920	80.8975	0.3396
4605.300	81.0101	0.3698
4607.680	80.9402	0.3583
4610.060	80.7775	0.3428
4612.440	80.8806	0.3334
4614.820	80.8841	0.3270
4617.200	80.8745	0.3247
4619.580	80.9916	0.3208
4621.960	80.6981	0.3205
4624.340	80.4654	0.3292
4626.720	80.7163	0.3321
4629.100	80.8965	0.3445
4631.480	80.7903	0.3525
4633.860	80.8323	0.3142
4636.240	80.7496	0.3051
4638.620	80.8728	0.3356
4641.000	80.6799	0.3687
4643.380	79.9734	0.3371
4645.760	80.1166	0.3207
4648.140	80.6162	0.3170
4650.520	80.1548	0.3536
4652.900	79.9435	0.3492
4655.280	80.5627	0.3289
4657.660	80.2948	0.3405
4660.040	80.1284	0.3285
4662.420	80.3581	0.3253
4664.800	80.4785	0.3553
4667.180	80.5120	0.3504
4669.560	80.4276	0.3413
4671.940	80.3900	0.3369
4674.320	80.2587	0.3743
4676.700	80.0872	0.3925
4679.080	80.3638	0.4047
4681.460	80.7706	0.5021
4683.840	80.9589	0.5134
4686.220	80.5074	0.5114
4688.600	79.9435	0.4492
4690.980	79.8104	0.3102
4693.360	79.8172	0.2996
4695.740	79.6452	0.2909
4698.120	79.6683	0.2896
4700.500	79.5278	0.2997
4702.880	79.5596	0.3339
4705.260	79.7638	0.3531
4707.640	79.8979	0.3212
4710.020	80.1308	0.3453
4712.400	80.0630	0.3745
4714.780	79.8863	0.3346
4717.160	79.6865	0.3208
4719.540	79.8660	0.3221
4721.920	79.6894	0.3305
4724.300	79.3082	0.3375
4726.680	79.4242	0.3465
4729.060	79.7600	0.3577
4731.440	79.5913	0.3667
4733.820	79.4126	0.3361
4736.200	79.3911	0.3392
4738.580	79.6013	0.3043
4740.960	79.6984	0.3292
4743.340	79.7137	0.3360
4745.720	79.6706	0.3582
4748.100	79.7184	0.3422
4750.480	79.5316	0.3401
4752.860	79.1774	0.3513
4755.240	79.1121	0.3551
4757.620	79.0057	0.3161
4760.000	78.7343	0.3286
4762.380	78.8729	0.3450
4764.760	79.1615	0.3424
4767.140	79.1606	0.3422
4769.520	79.0344	0.3681
4771.900	78.9698	0.3402
4774.280	79.0644	0.3242
4776.660	78.9951	0.3201
4779.040	78.8280	0.3168
4781.420	78.8401	0.3189
4783.800	78.7312	0.3169
4786.180	78.8794	0.3094
4788.560	78.8835	0.3135
4790.940	78.4876	0.3188
4793.320	78.4638	0.3152
4795.700	78.6928	0.3233
4798.080	78.5109	0.3231
4800.460	78.4481	0.3206
4802.840	78.4560	0.3266
4805.220	78.4100	0.3356
4807.600	78.2933	0.3417
4809.980	78.1395	0.3497
4812.360	78.2281	0.3119
4814.740	78.1467	0.3026
4817.120	77.8886	0.3265
4819.500	77.6988	0.3388
4821.880	77.8842	0.3518
4824.260	78.2058	0.3250
4826.640	78.3336	0.3333
4829.020	77.9771	0.3579
4831.400	77.6729	0.3574
4833.780	77.3551	0.3387
4836.160	77.0210	0.3484
4838.540	76.9418	0.3368
4840.920	76.6764	0.3244
4843.300	76.0100	0.3578
4845.680	75.0634	0.3797
4848.060	74.2371	0.3510
4850.440	73.0549	0.3547
4852.820	70.3435	0.3659
4855.200	65.0403	0.3598
4857.580	58.1469	0.3850
4859.960	55.9306	0.3867
4862.340	61.3538	0.3856
4864.720	67.8979	0.2848
4867.100	71.2569	0.2764
4869.480	72.9678	0.2775
4871.860	73.9545	0.2841
4874.240	74.8845	0.2976
4876.620	75.2795	0.3145
4879.000	75.8184	0.3224
4881.380	76.1353	0.3287
4883.760	76.0081	0.3436
4886.140	76.2551	0.3192
4888.520	76.2302	0.3428
4890.900	76.2073	0.3258
4893.280	76.5875	0.3298
4895.660	76.8712	0.3359
4898.040	76.8483	0.3582
4900.420	77.0232	0.3223
4902.800	77.4310	0.3258
4905.180	77.5141	0.3408
4907.560	77.4387	0.3384
4909.940	77.3869	0.3259
4912.320	77.2223	0.3327
4914.700	77.0020	0.3362
4917.080	76.6608	0.4094
4919.460	76.5273	0.4598
4921.840	76.8002	0.4142
4924.220	77.0536	0.3290
4926.600	77.2374	0.3264
4928.980	77.1753	0.3235
4931.360	77.1788	0.3024
4933.740	77.4043	0.3253
4936.120	77.4632	0.3726
4938.500	77.7025	0.3470
4940.880	77.2155	0.3557
4943.260	77.1817	0.3385
4945.640	77.4599	0.3064
4948.020	77.5480	0.3211
4950.400	77.3791	0.3591
4952.780	76.7580	0.3400
4955.160	76.5655	0.3340
4957.540	76.5296	0.3411
4959.920	76.9107	0.3308
4962.300	77.0077	0.3326
4964.680	76.8942	0.3454
4967.060	76.9316	0.3296
4969.440	77.2195	0.3436
4971.820	77.5396	0.3457
4974.200	77.3228	0.3439
4976.580	77.0291	0.3577
4978.960	76.7672	0.3771
4981.340	76.6236	0.3766
4983.720	76.7193	0.3586
4986.100	76.3697	0.3558
4988.480	76.4502	0.3608
4990.860	76.4309	0.3297
4993.240	76.6615	0.3482
4995.620	76.6410	0.3456
4998.000	76.5098	0.3491
5000.380	76.5300	0.3499
5002.760	76.4142	0.3587
5005.140	76.1848	0.3617
5007.520	76.2443	0.3599
5009.900	76.3301	0.3862
5012.280	76.1210	0.3728
5014.660	76.0282	0.3710
5017.040	75.5981	0.3425
5019.420	75.7062	0.3394
5021.800	76.2112	0.3520
5024.180	76.0667	0.3628
5026.560	76.1081	0.3439
5028.940	76.2047	0.3396
5031.320	76.0122	0.3826
5033.700	76.3508	0.3665
5036.080	76.0558	0.3843
5038.460	75.5264	0.3750
5040.840	75.5948	0.3724
5043.220	76.0892	0.3667
5045.600	76.0247	0.3701
5047.980	75.7763	0.3647
5050.360	75.9202	0.3579
5052.740	76.1189	0.3571
5055.120	76.0873	0.3571
5057.500	76.1888	0.3644
5059.880	76.1588	0.3721
5062.260	75.8397	0.3360
5064.640	76.0159	0.3293
5067.020	75.9907	0.3620
5069.400	76.0193	0.3587
5071.780	75.7347	0.3646
5074.160	75.7099	0.3730
5076.540	75.8201	0.3541
5078.920	75.9763	0.3604
5081.300	75.7422	0.3495
5083.680	75.8246	0.3406
5086.060	75.8586	0.3421
5088.440	75.5631	0.3601
5090.820	75.3862	0.3702
5093.200	75.4510	0.3651
5095.580	75.5384	0.3706
5097.960	75.4703	0.3847
5098.200	76.2637	0.3507
5100.340	75.3351	0.3769
5101.130	76.6355	0.3912
5102.720	75.2515	0.3652
5104.060	76.2289	0.3742
5105.100	75.2245	0.3610
5106.990	76.1003	0.3378
5107.480	75.2932	0.3332
5109.860	75.2371	0.3360
5109.920	76.0828	0.3459
5112.240	75.1450	0.3181
5112.850	76.0854	0.3476
5114.620	74.9591	0.3459
5115.780	76.2272	0.3673
5117.000	74.9085	0.3531
5118.710	76.2030	0.3849
5119.380	75.1051	0.3577
5121.640	76.3633	0.3608
5121.760	75.1388	0.3757
5124.140	74.7964	0.3461
5124.570	75.7988	0.4019
5126.520	74.9260	0.3425
5127.500	76.2915	0.3292
5128.900	75.2090	0.3256
5130.430	76.0566	0.3349
5131.280	74.9696	0.3672
5133.360	75.7481	0.3669
5133.660	74.5475	0.3517
5136.040	74.1621	0.3692
5136.290	75.4909	0.3546
5138.420	74.0487	0.3750
5139.220	75.3086	0.3586
5140.800	73.9901	0.3865
5142.150	75.5354	0.3690
5143.180	74.5475	0.3986
5145.080	75.8513	0.3672
5145.560	74.5704	0.4050
5147.940	74.2889	0.4014
5148.010	75.4113	0.3626
5150.320	74.1419	0.3977
5150.940	75.4275	0.3180
5153.870	75.6889	0.3564
5156.800	75.8381	0.3417
5159.730	75.3496	0.3530
5162.660	74.2913	0.3520
5165.590	72.6856	0.4953
5168.520	72.5691	0.3999
5171.450	73.1501	0.3281
5174.380	74.0647	0.3568
5177.310	74.9400	0.3948
5180.240	73.7462	0.3521
5183.170	73.3178	0.4209
5186.100	74.3354	0.3565
5189.030	74.6204	0.3525
5191.960	74.5029	0.3346
5194.890	74.7988	0.3225
5197.820	75.1556	0.3194
5200.750	74.6211	0.3293
5203.680	74.2394	0.2975
5206.610	74.3577	0.3353
5209.540	75.0643	0.3220
5212.470	75.0205	0.3529
5215.400	74.6086	0.3145
5218.330	74.7209	0.3115
5221.260	74.5315	0.3068
5224.190	74.0291	0.3002
5227.120	74.0390	0.3238
5230.050	74.3096	0.3018
5232.980	74.0882	0.2959
5235.910	74.2214	0.3200
5238.840	74.8561	0.3418
5241.770	74.6373	0.3168
5244.700	74.5294	0.3041
5247.630	74.5033	0.2971
5250.560	74.4511	0.3132
5253.490	74.4247	0.3100
5256.420	74.6037	0.2923
5259.350	74.4025	0.2793
5262.280	73.4001	0.3248
5265.210	73.1292	0.3005
5268.140	72.9814	0.2763
5271.070	73.2023	0.3141
5274.000	73.8826	0.3273
5276.930	74.1192	0.3071
5279.860	73.8574	0.2644
5282.790	73.7868	0.2783
5285.720	74.0128	0.2949
5288.650	74.0828	0.2884
5291.580	73.8946	0.2866
5294.510	73.9163	0.2867
5297.440	73.8223	0.2889
5300.370	74.0159	0.2841
5303.300	74.1944	0.2952
5306.230	74.2412	0.2773
5309.160	73.9758	0.2738
5312.090	73.7171	0.2699
5315.020	73.6776	0.2880
5317.950	73.5597	0.3044
5320.880	73.1072	0.2983
5323.810	72.8390	0.3071
5326.740	72.4079	0.3173
5329.670	72.8744	0.3039
5332.600	73.3475	0.3007
5335.530	73.3797	0.2846
5338.460	73.3158	0.2979
5341.390	73.1847	0.2879
5344.320	73.4376	0.2850
5347.250	73.2899	0.2859
5350.180	73.3807	0.2780
5353.110	73.0943	0.3097
5356.040	73.1038	0.2924
5358.970	73.1540	0.2717
5361.900	72.6772	0.3025
5364.830	72.8749	0.2975
5367.760	72.6118	0.2653
5370.690	72.2727	0.2826
5373.620	72.7902	0.2963
5376.550	73.2904	0.3119
5379.480	72.7459	0.2672
5382.410	72.4765	0.2818
5385.340	72.5687	0.2701
5388.270	72.6474	0.2761
5391.200	72.2580	0.2799
5394.130	72.0035	0.2672
5397.060	71.8806	0.2655
5399.990	71.8628	0.2712
5402.920	71.5243	0.2905
5405.850	71.7995	0.3023
5408.780	72.0691	0.2946
5411.710	72.2362	0.2903
5414.640	72.4143	0.2887
5417.570	72.5568	0.2606
5420.500	72.3711	0.2693
5423.430	72.0960	0.2647
5426.360	71.9504	0.2844
5429.290	71.6719	0.2554
5432.220	71.6399	0.2569
5435.150	72.0267	0.2704
5438.080	71.9172	0.2728
5441.010	71.9211	0.2799
5443.940	71.6122	0.2856
5446.870	71.6220	0.2508
5449.800	71.4655	0.2569
5452.730	71.2567	0.2403
5455.660	71.3119	0.2296
5458.590	71.3574	0.2408
5461.520	71.6160	0.2356
5464.450	71.7132	0.2326
5467.380	71.4486	0.2426
5470.310	71.4603	0.2521
5473.240	71.4355	0.2505
5476.170	71.3969	0.2614
5479.100	71.4220	0.2634
5482.030	71.2294	0.2571
5484.960	71.1896	0.2476
5487.890	71.2083	0.2322
5490.820	71.3284	0.2539
5493.750	71.3156	0.2490
5496.680	71.5494	0.2539
5499.610	71.4410	0.2368
5502.540	71.2194	0.2424
5505.470	71.1996	0.2435
5508.400	71.0819	0.2620
5511.330	70.9633	0.2693
5514.260	71.0026	0.2623
5517.190	71.1177	0.2507
5520.120	71.0856	0.2506
5523.050	70.8965	0.2569
5525.980	71.0164	0.2436
5528.910	70.8133	0.2566
5531.840	70.5395	0.2761
5534.770	70.6499	0.2795
5537.700	70.7969	0.2781
5540.630	70.8057	0.2614
5543.560	70.7387	0.2455
5546.490	70.6729	0.2472
5549.420	70.6610	0.2455
5552.350	70.6060	0.2599
5555.280	70.5521	0.2670
5558.210	70.6819	0.2618
5561.140	70.6433	0.2749
5564.070	70.2682	0.2701
5567.000	70.4199	0.2447
5569.930	70.4868	0.2471
5572.860	70.4609	0.2608
5575.790	70.1826	0.2892
5578.720	69.9737	0.2766
5581.650	69.9927	0.2651
5584.580	69.9076	0.2757
5587.510	69.8657	0.2794
5590.440	69.7688	0.2761
5593.370	69.9205	0.2622
5596.300	69.9211	0.2558
5599.230	69.8798	0.2539
5602.160	69.9736	0.2479
5605.090	69.9203	0.2627
5608.020	69.7778	0.2764
5610.950	69.4837	0.2591
5613.880	69.6360	0.2462
5616.810	69.8570	0.2581
5619.740	69.8967	0.2546
5622.670	69.7747	0.2468
5625.600	69.7659	0.2575
5628.530	69.5241	0.2760
5631.460	69.5305	0.2643
5634.390	69.6811	0.2630
5637.320	69.5460	0.2649
5640.250	69.2355	0.2885
5643.180	69.2708	0.2595
5646.110	69.2896	0.2529
5649.040	69.2838	0.2607
5651.970	69.2394	0.2475
5654.900	69.1386	0.2396
5657.830	69.1052	0.2629
5660.760	69.3402	0.2635
5663.690	69.4119	0.2540
5666.620	69.2433	0.2471
5669.550	69.0382	0.2544
5672.480	68.9988	0.2580
5675.410	68.9572	0.2717
5678.340	68.8657	0.2747
5681.270	68.6860	0.2811
5684.200	68.7721	0.2530
5687.130	69.0538	0.2560
5690.060	69.0843	0.2436
5692.990	68.8982	0.2521
5695.920	68.8331	0.2494
5698.850	68.6551	0.2503
5701.780	68.6857	0.2383
5704.710	68.4859	0.2583
5707.640	68.6363	0.2901
5710.570	68.6238	0.2745
5713.500	68.4950	0.2723
5716.430	68.5596	0.2653
5719.360	68.4772	0.2629
5722.290	68.4458	0.2482
5725.220	68.4492	0.2453
5728.150	68.3341	0.2357
5731.080	68.3067	0.2419
5734.010	68.3491	0.2250
5736.940	68.5280	0.2319
5739.870	68.2058	0.2228
5742.800	68.1754	0.2426
5745.730	68.1781	0.2451
5748.660	68.2830	0.2509
5751.590	68.3300	0.2445
5754.520	68.0421	0.2561
5757.450	67.8984	0.2635
5760.380	67.7559	0.2596
5763.310	67.8775	0.2464
5766.240	67.7448	0.2529
5769.170	67.6519	0.2493
5772.100	67.6665	0.2367
5775.030	67.6781	0.2346
5777.960	67.5328	0.2249
5780.890	67.5094	0.2378
5783.820	67.4478	0.2456
5786.750	67.5278	0.2450
5789.680	67.4416	0.2503
5792.610	67.3297	0.2424
5795.540	67.3349	0.2436
5798.470	67.1360	0.2407
5801.400	67.2413	0.2537
5804.330	67.0709	0.2595
5807.260	67.1880	0.2679
5810.190	67.1142	0.2559
5813.120	67.1355	0.2411
5816.050	67.1992	0.2438
5818.980	67.2275	0.2361
5821.910	67.1598	0.2299
5824.840	67.1368	0.2347
5827.770	66.9316	0.2505
5830.700	66.8789	0.2477
5833.630	66.9805	0.2304
5836.560	66.8541	0.2331
5839.490	66.7709	0.2489
5842.420	66.7001	0.2357
5845.350	66.7539	0.2343
5848.280	66.6435	0.2333
5851.210	66.8151	0.2538
5854.140	66.6859	0.2697
5857.070	66.5518	0.2744
5860.000	66.4337	0.2634
5862.930	66.3834	0.2626
5865.860	66.5331	0.2619
5868.790	66.4520	0.2822
5871.720	66.9502	0.4513
5874.650	67.2479	0.4984
5877.580	66.7998	0.3520
5880.510	66.2395	0.2392
5883.440	65.4962	0.2223
5886.370	64.4343	0.2736
5889.300	63.6153	0.3454
5892.230	63.5134	0.3170
5895.160	64.1351	0.2788
5898.090	64.7793	0.2418
5901.020	65.2912	0.2462
5903.950	65.7967	0.2527
5906.880	65.8478	0.2511
5909.810	65.8049	0.2514
5912.740	65.9255	0.2407
5915.670	65.8417	0.2293
5918.600	65.7164	0.2396
5921.530	65.7322	0.2634
5924.460	65.7399	0.2650
5927.390	65.7606	0.2637
5930.320	65.7755	0.2549
5933.250	65.7890	0.2390
5936.180	65.8505	0.2287
5939.110	65.5948	0.2185
5942.040	65.3016	0.2532
5944.970	65.2637	0.2623
5947.900	65.3578	0.2536
5950.830	65.4294	0.2502
5953.760	65.4949	0.2450
5956.690	65.2896	0.2431
5959.620	65.3074	0.2246
5962.550	65.4160	0.2274
5965.480	65.2365	0.2258
5968.410	65.1759	0.2460
5971.340	65.0787	0.2581
5974.270	65.2473	0.2666
5977.200	65.2898	0.2689
5980.130	65.1420	0.2477
5983.060	65.0194	0.2478
5985.990	64.9294	0.2560
5988.920	64.9272	0.2395
5991.850	64.7717	0.2444
5994.780	64.7178	0.2449
5997.710	64.7728	0.2506
6000.640	64.6399	0.2783
6003.570	64.4916	0.2739
6006.500	64.5273	0.2686
6009.430	64.5473	0.2660
6012.360	64.5791	0.2429
6015.290	64.6152	0.2350
6018.220	64.4674	0.2363
6021.150	64.6424	0.2337
6024.080	64.6441	0.2468
6027.010	64.5108	0.2275
6029.940	64.4647	0.2417
6032.870	64.2753	0.2333
6035.800	64.1919	0.2493
6038.730	64.3364	0.2221
6041.660	64.3335	0.2295
6044.590	64.1497	0.2405
6047.520	64.0782	0.2397
6050.450	64.1133	0.2512
6053.380	64.1130	0.2578
6056.310	63.9548	0.2585
6059.240	63.9072	0.2533
6062.170	63.9484	0.2552
6065.100	63.9856	0.2342
6068.030	63.9061	0.2265
6070.960	63.8644	0.2255
6073.890	63.9119	0.2215
6076.820	64.0091	0.2347
6079.750	63.8345	0.2279
6082.680	63.6774	0.2291
6085.610	63.4708	0.2527
6088.540	63.4679	0.2343
6091.470	63.4936	0.2402
6094.400	63.3597	0.2353
6097.330	63.3052	0.2308
6100.260	63.5734	0.2365
6103.190	63.4998	0.2258
6106.120	63.3235	0.2200
6109.050	63.2915	0.2301
6111.980	63.1590	0.2384
6114.910	63.0173	0.2349
6117.840	63.1132	0.2367
6120.770	63.0211	0.2310
6123.700	63.1195	0.2287
6126.630	62.9234	0.2357
6129.560	62.9567	0.2333
6132.490	63.1153	0.2264
6135.420	63.1426	0.2308
6138.350	63.0516	0.2444
6141.280	62.9507	0.2322
6144.210	62.8409	0.2303
6147.140	62.8001	0.2297
6150.070	62.8696	0.2188
6153.000	62.8689	0.2131
6155.930	62.5333	0.2186
6158.860	62.3605	0.2491
6161.790	62.5802	0.2752
6164.720	62.4387	0.2635
6167.650	62.4894	0.2485
6170.580	62.4975	0.2189
6173.510	62.4241	0.2247
6176.440	62.3109	0.2181
6179.370	62.1120	0.2200
6182.300	62.1957	0.2170
6185.230	62.1195	0.2167
6188.160	62.1217	0.2248
6191.090	62.1683	0.2401
6194.020	62.1008	0.2357
6196.950	62.0579	0.2330
6199.880	62.1184	0.2279
6202.810	62.1481	0.2192
6205.740	62.0660	0.2094
6208.670	61.9409	0.2150
6211.600	61.8896	0.2178
6214.530	61.8626	0.2286
6217.460	61.7879	0.2380
6220.390	61.7944	0.2229
6223.320	61.6676	0.2194
6226.250	61.6675	0.2272
6229.180	61.7287	0.2383
6232.110	61.7190	0.2291
6235.040	61.6208	0.2194
6237.970	61.5484	0.2415
6240.900	61.5048	0.2392
6243.830	61.4450	0.2343
6246.760	61.3567	0.2271
6249.690	61.3930	0.2295
6252.620	61.4925	0.2219
6255.550	61.4439	0.2203
6258.480	61.5375	0.2108
6261.410	61.2979	0.2189
6264.340	61.1988	0.2399
6267.270	61.1531	0.2270
6270.200	61.1932	0.2385
6273.130	61.1199	0.2244
6276.060	61.0839	0.2170
6278.990	60.9269	0.2271
6281.920	60.9995	0.2343
6284.850	60.9291	0.2549
6287.780	61.0290	0.2297
6290.710	61.2097	0.2171
6293.640	61.1942	0.2137
6296.570	61.2356	0.2186
6299.500	61.1033	0.2235
6302.430	61.0363	0.2234
6305.360	60.9468	0.2294
6308.290	60.8765	0.2506
6311.220	60.7409	0.2465
6314.150	60.6288	0.2634
6317.080	60.4906	0.2383
6320.010	60.3692	0.2230
6322.940	60.1789	0.2306
6325.870	59.9338	0.2386
6328.800	59.9074	0.2316
6331.730	59.8000	0.2033
6334.660	59.6679	0.2058
6337.590	59.9113	0.2075
6340.520	60.1490	0.2005
6343.450	60.1392	0.2007
6346.380	60.0810	0.1867
6349.310	60.0044	0.1972
6352.240	60.0226	0.2017
6355.170	60.2533	0.2112
6358.100	60.3074	0.2075
6361.030	60.0185	0.1958
6363.960	59.8802	0.2091
6366.890	59.8035	0.2167
6369.820	59.7716	0.2244
6372.750	59.7921	0.2255
6375.680	59.7384	0.2236
6378.610	59.7340	0.2241
6381.540	59.7615	0.2139
6384.470	59.8472	0.2082
6387.400	59.8496	0.2323
6390.330	59.6182	0.2119
6393.260	59.6131	0.2076
6396.190	59.6604	0.2140
6399.120	59.5943	0.2057
6402.050	59.4336	0.2092
6404.980	59.2602	0.2169
6407.910	59.2444	0.2321
6410.840	59.2953	0.2294
6413.770	59.1819	0.2177
6416.700	59.2884	0.2127
6419.630	59.2234	0.2051
6422.560	59.3427	0.1982
6425.490	59.2304	0.2105
6428.420	59.2216	0.2120
6431.350	59.0726	0.2089
6434.280	58.9426	0.2108
6437.210	58.8969	0.2331
6440.140	58.8664	0.2503
6443.070	58.8240	0.2315
6446.000	58.8015	0.2243
6448.930	58.7541	0.2234
6451.860	58.7663	0.2235
6454.790	58.7467	0.2204
6457.720	58.6060	0.2322
6460.650	58.5962	0.2248
6463.580	58.6215	0.2119
6466.510	58.7189	0.2089
6469.440	58.6647	0.2125
6472.370	58.4383	0.2149
6475.300	58.2957	0.2115
6478.230	58.3320	0.2089
6481.160	58.4852	0.2166
6484.090	58.4179	0.2091
6487.020	58.3164	0.2142
6489.950	58.2064	0.2132
6492.880	58.3073	0.2327
6495.810	58.3419	0.2469
6498.740	58.3528	0.2240
6501.670	58.2600	0.2258
6504.600	58.0820	0.2311
6507.530	57.9684	0.2260
6510.460	57.9872	0.2279
6513.390	58.0268	0.2191
6516.320	57.8170	0.2299
6519.250	57.5438	0.2368
6522.180	57.4255	0.2352
6525.110	57.4630	0.2199
6528.040	57.3806	0.2200
6530.970	57.2438	0.2134
6533.900	57.1515	0.2059
6536.830	57.0387	0.2152
6539.760	56.7864	0.2140
6542.690	56.4486	0.2446
6545.620	55.7282	0.2445
6548.550	54.6713	0.2564
6551.480	53.0059	0.2925
6554.410	50.1341	0.2943
6557.340	46.2664	0.2705
6560.270	44.7416	0.3165
6563.200	47.4030	0.3626
6566.130	51.2636	0.2804
6569.060	53.4529	0.2878
6571.990	54.5817	0.1950
6574.920	55.2162	0.1870
6577.850	55.6287	0.1933
6580.780	55.9982	0.1897
6583.710	56.3243	0.1849
6586.640	56.6267	0.1991
6589.570	56.6998	0.2275
6592.500	56.7554	0.2423
6595.430	56.8727	0.2075
6598.360	56.9677	0.2104
6601.290	56.9884	0.2105
6604.220	57.0948	0.1984
6607.150	57.0516	0.2056
6610.080	56.9777	0.2106
6613.010	56.9402	0.2099
6615.940	56.9039	0.2121
6618.870	56.8674	0.1982
6621.800	56.9108	0.1990
6624.730	56.9942	0.2091
6627.660	56.8645	0.2002
6630.590	56.8336	0.2151
6633.520	56.8075	0.2212
6636.450	56.7544	0.2160
6639.380	56.6852	0.2165
6642.310	56.5587	0.2208
6645.240	56.4831	0.2274
6648.170	56.4433	0.2101
6651.100	56.4524	0.2049
6654.030	56.4759	0.2107
6656.960	56.4957	0.1988
6659.890	56.4342	0.2099
6662.820	56.4805	0.2180
6665.750	56.3549	0.2385
6668.680	56.3340	0.2033
6671.610	56.5165	0.2122
6674.540	56.8072	0.3233
6677.470	56.8294	0.3650
6680.400	56.4984	0.2721
6683.330	56.2670	0.2191
6686.260	56.2124	0.2133
6689.190	56.0918	0.1980
6692.120	56.0627	0.1906
6695.050	56.0309	0.2058
6697.980	55.9503	0.2219
6700.910	55.8923	0.2108
6703.840	55.8022	0.2063
6706.770	55.8083	0.2045
6709.700	55.7654	0.2176
6712.630	55.8678	0.2031
6715.560	55.8178	0.2070
6718.490	55.7866	0.2135
6721.420	55.6984	0.2357
6724.350	55.6328	0.2305
6727.280	55.5368	0.2214
6730.210	55.4066	0.2240
6733.140	55.3903	0.2143
6736.070	55.5080	0.2128
6739.000	55.6041	0.1979
6741.930	55.6220	0.2018
6744.860	55.5430	0.2089
6747.790	55.5277	0.2137
6750.720	55.4672	0.2093
6753.650	55.3922	0.2205
6756.580	55.4272	0.2005
6759.510	55.3893	0.1950
6762.440	55.3024	0.1921
6765.370	55.2317	0.2057
6768.300	55.1363	0.1995
6771.230	55.1179	0.1942
6774.160	55.0219	0.2130
6777.090	55.0556	0.2077
6780.020	55.0316	0.1994
6782.950	55.0824	0.1896
6785.880	55.0902	0.1821
6788.810	54.9414	0.1986
6791.740	54.9001	0.2017
6794.670	54.9751	0.1932
6797.600	54.9269	0.1894
6800.530	54.8440	0.1932
6803.460	54.8313	0.1843
6806.390	54.7579	0.2015
6809.320	54.7987	0.1895
6812.250	54.7954	0.1769
6815.180	54.7095	0.1807
6818.110	54.6149	0.1850
6821.040	54.4920	0.1906
6823.970	54.3694	0.2029
6826.900	54.4077	0.2122
6829.830	54.4617	0.2113
6832.760	54.5491	0.2084
6835.690	54.5340	0.2057
6838.620	54.4378	0.2029
6841.550	54.3819	0.1879
6844.480	54.2585	0.1941
6847.410	54.1516	0.1990
6850.340	54.0731	0.2036
6853.270	54.1188	0.2101
6856.200	54.0569	0.2115
6859.130	53.9399	0.2180
6862.060	53.9995	0.2057
6864.990	54.2068	0.2025
6867.920	54.1558	0.2141
6870.850	53.8614	0.1971
6873.780	53.8188	0.1861
6876.710	53.9072	0.1857
6879.640	53.8277	0.1938
6882.570	53.7573	0.2091
6885.500	53.6926	0.2324
6888.430	53.8321	0.2201
6891.360	53.8230	0.2039
6894.290	53.7653	0.1900
6897.220	53.7838	0.1883
6900.150	53.7883	0.1826
6903.080	53.6432	0.1856
6906.010	53.6501	0.1827
6908.940	53.6147	0.1976
6911.870	53.5528	0.1988
6914.800	53.5127	0.1906
6917.730	53.3829	0.1884
6920.660	53.3363	0.1902
6923.590	53.3616	0.1921
6926.520	53.3484	0.1900
6929.450	53.2488	0.1924
6932.380	53.1642	0.1830
6935.310	53.1306	0.1746
6938.240	53.0741	0.1847
6941.170	53.0663	0.1804
6944.100	53.0578	0.1779
6947.030	53.0358	0.1884
6949.960	53.0430	0.1967
6952.890	53.0190	0.1921
6955.820	52.9272	0.1865
6958.750	52.8458	0.1796
6961.680	52.7919	0.1839
6964.610	52.7784	0.1906
6967.540	52.8243	0.1927
6970.470	52.8439	0.1941
6973.400	52.8925	0.1861
6976.330	52.9035	0.1879
6979.260	52.8622	0.1966
6982.190	52.8114	0.1843
6985.120	52.6803	0.1863
6988.050	52.5719	0.1894
6990.980	52.5121	0.1982
6993.910	52.4928	0.2001
6996.840	52.5399	0.1958
6999.770	52.5091	0.1997
7002.700	52.4402	0.2007
7005.630	52.3753	0.1985
7008.560	52.2784	0.1995
7011.490	52.2505	0.1896
7014.420	52.3182	0.1808
7017.350	52.2513	0.1790
7020.280	52.2090	0.1832
7023.210	52.2778	0.1884
7026.140	52.2307	0.1854
7029.070	52.2306	0.1878
7032.000	52.2315	0.1738
7034.930	52.1496	0.1717
7037.860	52.0623	0.1650
7040.790	51.9749	0.1679
7043.720	51.9163	0.1836
7046.650	51.9602	0.1819
7049.580	51.9413	0.1739
7052.510	51.9539	0.1750
7055.440	51.9017	0.1810
7058.370	51.9855	0.2027
7061.300	52.0577	0.2344
7064.230	52.0544	0.2873
7067.160	51.8431	0.2369
7070.090	51.5933	0.1739
7073.020	51.5329	0.1782
7075.950	51.5754	0.1869
7078.880	51.5052	0.1750
7081.810	51.4762	0.1690
7084.740	51.4151	0.1760
7087.670	51.4287	0.1700
7090.600	51.4143	0.1731
7093.530	51.4051	0.1759
7096.460	51.3064	0.1694
7099.390	51.3163	0.1767
7102.320	51.3039	0.1822
7105.250	51.3507	0.1970
7108.180	51.2988	0.1927
7111.110	51.2298	0.1902
7114.040	51.1553	0.1790
7116.970	51.0921	0.1855
7119.900	51.1137	0.1925
7122.830	51.1778	0.1947
7125.760	51.1350	0.1861
7128.690	51.0944	0.1746
7131.620	51.0755	0.1758
7134.550	50.9616	0.1799
7137.480	50.9954	0.1758
7140.410	51.0270	0.1734
7143.340	50.9783	0.1914
7146.270	50.9569	0.1838
7149.200	50.9198	0.1898
7152.130	50.7451	0.1888
7155.060	50.6977	0.1828
7157.990	50.6477	0.1820
7160.920	50.6263	0.1820
7163.850	50.6343	0.1977
7166.780	50.5860	0.1969
7169.710	50.5362	0.2155
7172.640	50.5450	0.2174
7175.570	50.4976	0.2125
7178.500	50.3425	0.2013
7181.430	50.3629	0.1959
7184.360	50.4562	0.1936
7187.290	50.4578	0.1817
7190.220	50.3337	0.1786
7193.150	50.1778	0.1745
7196.080	50.2266	0.1785
7199.010	50.2237	0.1941
7201.940	50.1375	0.1890
7204.870	50.1062	0.1832
7207.800	50.0848	0.1791
7210.730	50.1043	0.1765
7213.660	50.0823	0.1735
7216.590	50.1342	0.1736
7219.520	50.1866	0.1885
7222.450	50.0694	0.2304
7225.380	50.0566	0.2189
7228.310	49.9755	0.1923
7231.240	49.8623	0.1869
7234.170	49.8792	0.1854
7237.100	49.9011	0.1881
7240.030	49.8796	0.1843
7242.960	49.9234	0.1894
7245.890	49.8150	0.2004
7248.820	49.7976	0.1942
7251.750	49.8263	0.1993
7254.680	49.7165	0.1881
7257.610	49.6512	0.1733
7260.540	49.6195	0.1689
7263.470	49.4727	0.1788
7266.400	49.3491	0.1823
7269.330	49.2619	0.1944
7272.260	49.2632	0.1959
7275.190	49.2809	0.1949
7278.120	49.3979	0.2087
7281.050	49.4481	0.2148
7283.980	49.3505	0.1938
7286.910	49.2259	0.1988
7289.840	49.1177	0.2028
7292.770	49.0526	0.1909
7295.700	48.9947	0.1873
7298.630	48.9519	0.1887
7301.560	48.9949	0.1865
7304.490	49.0307	0.1834
7307.420	48.8871	0.1810
7310.350	48.8511	0.1800
7313.280	48.8917	0.1800
7316.210	48.8483	0.1806
7319.140	48.8580	0.1720
7322.070	48.8740	0.1707
7325.000	48.8132	0.1766
7327.930	48.8532	0.1825
7330.860	48.8999	0.1782
7333.790	48.7047	0.1986
7336.720	48.5292	0.2041
7339.650	48.5787	0.1872
7342.580	48.6380	0.1747
7345.510	48.6674	0.1708
7348.440	48.6417	0.1677
7351.370	48.5560	0.1897
7354.300	48.4679	0.1947
7357.230	48.4318	0.1785
7360.160	48.4034	0.1777
7363.090	48.3388	0.1827
7366.020	48.2890	0.1764
7368.950	48.3710	0.1684
7371.880	48.4534	0.1724
7374.810	48.4589	0.1653
7377.740	48.3341	0.1746
7380.670	48.2262	0.1728
7383.600	48.1960	0.1820
7386.530	48.1444	0.1822
7389.460	48.2333	0.1760
7392.390	48.1849	0.1752
7395.320	48.0633	0.1709
7398.250	47.9305	0.1671
7401.180	47.8717	0.1668
7404.110	47.7636	0.1669
7407.040	47.8059	0.1711
7409.970	47.8874	0.1836
7412.900	47.8458	0.1911
7415.830	47.7738	0.1817
7418.760	47.7435	0.1694
7421.690	47.8120	0.1802
7424.620	47.7170	0.1788
7427.550	47.6399	0.1688
7430.480	47.5885	0.1723
7433.410	47.4775	0.1741
7436.340	47.4446	0.1732
7439.270	47.4425	0.1765
7442.200	47.5062	0.1640
7445.130	47.6025	0.1731
7448.060	47.4884	0.1734
7450.990	47.3465	0.1818
7453.920	47.2840	0.1900
7456.850	47.2709	0.1817
7459.780	47.2903	0.1829
7462.710	47.2751	0.1837
7465.640	47.2268	0.1919
7468.570	47.2068	0.1802
7471.500	47.1623	0.1824
7474.430	47.1668	0.1997
7477.360	47.0750	0.1901
7480.290	47.0222	0.1889
7483.220	47.1215	0.1782
7486.150	47.0955	0.1773
7489.080	46.9543	0.1737
7492.010	46.8554	0.1822
7494.940	46.8520	0.1860
7497.870	46.7264	0.1878
7500.800	46.7589	0.1851
7503.730	46.9174	0.1792
7506.660	46.9054	0.1753
7509.590	46.9517	0.1763
7512.520	46.8532	0.1820
7515.450	46.9093	0.1664
7518.380	46.9014	0.1719
7521.310	46.8951	0.1797
7524.240	46.7730	0.1846
7527.170	46.6791	0.1821
7530.100	46.6790	0.1818
7533.030	46.6293	0.1826
7535.960	46.4775	0.1681
7538.890	46.4726	0.1760
7541.820	46.4552	0.1849
7544.750	46.4584	0.1793
7547.680	46.3591	0.1619
7550.610	46.3023	0.1625
7553.540	46.3395	0.1589
7556.470	46.3687	0.1620
7559.400	46.3169	0.1726
7562.330	46.2291	0.1792
7565.260	46.1000	0.1974
7568.190	46.1342	0.2035
7571.120	46.1873	0.1799
7574.050	46.1675	0.1668
7576.980	46.0775	0.1648
7579.910	46.0300	0.1758
7582.840	45.9905	0.1851
7585.770	45.9420	0.2053
7588.700	45.9565	0.2157
7591.630	46.1246	0.2399
7594.560	46.1886	0.2648
7597.490	46.1746	0.2732
7600.420	45.9605	0.2422
7603.350	45.8863	0.2226
7606.280	45.5138	0.1908
7609.210	45.2201	0.2006
7612.140	45.1249	0.1960
7615.070	45.3254	0.1991
7618.000	45.5736	0.1750
7620.930	45.6191	0.1856
7623.860	45.6547	0.2228
7626.790	45.4897	0.2027
7629.720	45.3613	0.1919
7632.650	45.2204	0.1755
7635.580	45.1509	0.1586
7638.510	45.1505	0.1639
7641.440	45.1688	0.1910
7644.370	45.0712	0.1750
7647.300	45.1209	0.1682
7650.230	45.0135	0.1805
7653.160	44.9505	0.1702
7656.090	45.1246	0.1856
7659.020	45.0745	0.1942
7661.950	45.0650	0.1951
7664.880	45.0460	0.1798
7667.810	45.0522	0.1561
7670.740	45.0365	0.1581
7673.670	44.9461	0.1672
7676.600	44.8937	0.1734
7679.530	44.8145	0.1758
7682.460	44.7554	0.1717
7685.390	44.6334	0.1843
7688.320	44.5188	0.1852
7691.250	44.5831	0.1830
7694.180	44.5467	0.1707
7697.110	44.5210	0.1646
7700.040	44.6200	0.1675
7702.970	44.5386	0.1666
7705.900	44.5252	0.1641
7708.830	44.4752	0.1649
7711.760	44.4455	0.1715
7714.690	44.4990	0.1725
7717.620	44.5039	0.1629
7720.550	44.5306	0.1767
7723.480	44.5069	0.1829
7726.410	44.5676	0.1764
7729.340	44.5180	0.1821
7732.270	44.3961	0.1824
7735.200	44.3114	0.1656
7738.130	44.3697	0.1698
7741.060	44.4205	0.1583
7743.990	44.3449	0.1706
7746.920	44.2636	0.1637
7749.850	44.3398	0.1561
7752.780	44.2473	0.1583
7755.710	44.2545	0.1635
7758.640	44.1701	0.1575
7761.570	44.0493	0.1647
7764.500	44.0464	0.1645
7767.430	44.0515	0.1577
7770.360	44.0018	0.1720
7773.290	44.0355	0.1808
7776.220	44.1056	0.1742
7779.150	44.0199	0.1760
7782.080	43.9816	0.1636
7785.010	44.0020	0.1649
7787.940	43.9679	0.1616
7790.870	43.9535	0.1619
7793.800	43.8837	0.1606
7796.730	43.9618	0.1600
7799.660	44.0338	0.1610
7802.590	43.8836	0.1727
7805.520	43.7731	0.1887
7808.450	43.8193	0.1763
7811.380	43.8275	0.1698
7814.310	43.8177	0.1589
7817.240	43.7796	0.1666
7820.170	43.7902	0.1665
7823.100	43.8883	0.1582
7826.030	43.8045	0.1651
7828.960	43.6935	0.1761
7831.890	43.6714	0.1817
7834.820	43.7097	0.1710
7837.750	43.5840	0.1687
7840.680	43.5143	0.1677
7843.610	43.4202	0.1609
7846.540	43.4226	0.1733
7849.470	43.5259	0.1837
7852.400	43.4467	0.1776
7855.330	43.3805	0.1868
7858.260	43.4181	0.1708
7861.190	43.4067	0.1720
7864.120	43.4998	0.1699
7867.050	43.3863	0.1769
7869.980	43.1602	0.1875
7872.910	43.1128	0.1759
7875.840	43.1357	0.1759
7878.770	43.1243	0.1686
7881.700	43.0824	0.1684
7884.630	43.0934	0.1742
7887.560	43.0563	0.1709
7890.490	43.1749	0.1581
7893.420	43.3766	0.1581
7896.350	43.4414	0.1647
7899.280	43.2871	0.1842
7902.210	43.3013	0.1843
7905.140	43.2388	0.1808
7908.070	43.1261	0.1808
7911.000	42.9479	0.1886
7913.930	42.7931	0.1780
7916.860	42.7430	0.1766
7919.790	42.7316	0.1651
7922.720	42.7433	0.1846
7925.650	42.6876	0.1712
7928.580	42.6276	0.1637
7931.510	42.6026	0.1679
7934.440	42.6271	0.1699
7937.370	42.6552	0.1630
7940.300	42.7273	0.1611
7943.230	42.7877	0.1539
7946.160	42.8464	0.1563
7949.090	42.7262	0.1563
7952.020	42.5733	0.1577
7954.950	42.5911	0.1625
7957.880	42.5680	0.1738
7960.810	42.4688	0.1831
7963.740	42.3441	0.1841
7966.670	42.3917	0.1765
7969.600	42.3686	0.1689
7972.530	42.3588	0.1814
7975.460	42.4372	0.1713
7978.390	42.4659	0.1723
7981.320	42.4429	0.1640
7984.250	42.3679	0.1709
7987.180	42.4138	0.1786
7990.110	42.2234	0.1813
7993.040	42.1247	0.1689
7995.970	42.1000	0.1651
7998.900	42.1348	0.1607
8001.830	42.0546	0.1564
8004.760	42.0526	0.1449
8007.690	42.1191	0.1431
8010.620	42.2325	0.1425
8013.550	42.2263	0.1464
8016.480	42.2262	0.1645
8019.410	42.2392	0.1721
8022.340	42.2001	0.1693
8025.270	42.2930	0.1656
8028.200	42.2344	0.1832
8031.130	42.0486	0.1664
8034.060	41.7783	0.1576
8036.990	41.7396	0.1579
8039.920	41.7482	0.1616
8042.850	41.7309	0.1589
8045.780	41.7975	0.1577
8048.710	41.6216	0.1639
8051.640	41.5360	0.1662
8054.570	41.4439	0.1893
8057.500	41.5348	0.1721
8060.430	41.4855	0.1631
8063.360	41.6086	0.1620
8066.290	41.7719	0.1532
8069.220	41.6111	0.1682
8072.150	41.6677	0.1594
8075.080	41.6833	0.1653
8078.010	41.6538	0.1751
8080.940	41.5090	0.1778
8083.870	41.3637	0.1684
8086.800	41.2912	0.1623
8089.730	41.2518	0.1619
8092.660	41.3302	0.1573
8095.590	41.3407	0.1584
8098.520	41.1944	0.1622
8101.450	41.1301	0.1685
8104.380	41.1375	0.1635
8107.310	41.0899	0.1686
8110.240	41.0814	0.1598
8113.170	41.1464	0.1707
8116.100	41.1635	0.1814
8119.030	41.1832	0.1719
8121.960	41.2067	0.1707
8124.890	41.2706	0.1564
8127.820	41.3639	0.1510
8130.750	41.2625	0.1587
8133.680	41.0987	0.1497
8136.610	40.9361	0.1590
8139.540	40.8123	0.1677
8142.470	40.8285	0.1656
8145.400	40.7575	0.1555
8148.330	40.7734	0.1472
8151.260	40.8385	0.1559
8154.190	40.8316	0.1641
8157.120	40.8505	0.1721
8160.050	40.7319	0.1738
8162.980	40.7066	0.1832
8165.910	40.5587	0.1835
8168.840	40.4843	0.1983
8171.770	40.5991	0.1928
8174.700	40.5583	0.1842
8177.630	40.4917	0.1839
8180.560	40.3263	0.1938
8183.490	40.3249	0.1953
8186.420	40.3354	0.1795
8189.350	40.3546	0.1742
8192.280	40.3681	0.1665
8195.210	40.3523	0.1722
8198.140	40.2940	0.1558
8201.070	40.2797	0.1550
8204.000	40.2324	0.1566
8206.930	40.2459	0.1645
8209.860	40.2501	0.1538
8212.790	40.2921	0.1491
8215.720	40.3147	0.1415
8218.650	40.2547	0.1563
8221.580	40.2054	0.1691
8224.510	40.1432	0.1847
8227.440	40.1137	0.2180
8230.370	40.1092	0.2429
8233.300	40.2272	0.2194
8236.230	40.1201	0.1852
8239.160	40.0001	0.1692
8242.090	39.8789	0.1452
8245.020	39.9895	0.1387
8247.950	39.9940	0.1535
8250.880	39.9430	0.1496
8253.810	39.8996	0.1546
8256.740	39.6765	0.1730
8259.670	39.6136	0.1587
8262.600	39.6142	0.1558
8265.530	39.6512	0.1537
8268.460	39.6060	0.1582
8271.390	39.6496	0.1531
8274.320	39.6978	0.1456
8277.250	39.5522	0.1462
8280.180	39.4969	0.1561
8283.110	39.5490	0.1488
8286.040	39.5370	0.1492
8288.970	39.4758	0.1608
8291.900	39.4320	0.1654
8294.830	39.2514	0.1620
8297.760	39.0245	0.1632
8300.690	39.1558	0.1527
8303.620	39.3059	0.1466
8306.550	39.2181	0.1513
8309.480	39.2708	0.1661
8312.410	39.3565	0.1647
8315.340	39.3572	0.1745
8318.270	39.2603	0.1735
8321.200	39.3001	0.1657
8324.130	39.2723	0.1576
8327.060	39.2007	0.1795
8329.990	39.0892	0.1824
8332.920	39.1214	0.1833
8335.850	39.0713	0.1813
8338.780	38.9371	0.1767
8341.710	38.7989	0.1762
8344.640	38.6877	0.1673
8347.570	38.8666	0.1561
8350.500	38.7637	0.1644
8353.430	38.6247	0.1697
8356.360	38.7486	0.1578
8359.290	38.7931	0.1582
8362.220	38.7435	0.1733
8365.150	38.6609	0.1731
8368.080	38.6046	0.1537
8371.010	38.7339	0.1409
8373.940	38.9250	0.1379
8376.870	38.9426	0.1621
8379.800	38.8143	0.1767
8382.730	38.6300	0.1826
8385.660	38.7001	0.1628
8388.590	38.6664	0.1557
8391.520	38.6571	0.1542
8394.450	38.6590	0.1616
8397.380	38.6261	0.1699
8400.310	38.6170	0.1543
8403.240	38.6083	0.1378
8406.170	38.4369	0.1408
8409.100	38.4581	0.1471
8412.030	38.3747	0.1622
8414.960	38.4020	0.1757
8417.890	38.5570	0.1486
8420.820	38.6825	0.1445
8423.750	38.5672	0.1445
8426.680	38.3558	0.1639
8429.610	38.1047	0.1888
8432.540	38.2869	0.1710
8435.470	38.4376	0.1678
8438.400	38.3476	0.1650
8441.330	38.3145	0.1494
8444.260	38.1482	0.1449
8447.190	38.0170	0.1454
8450.120	38.0224	0.1927
8453.050	38.0676	0.1600
8455.980	38.1151	0.1505
8458.910	38.0204	0.1749
8461.840	37.9245	0.1751
8464.770	37.9598	0.1770
8467.700	38.2026	0.1692
8470.630	38.2453	0.1580
8473.560	38.1066	0.1580
8476.490	38.1845	0.1655
8479.420	38.1132	0.1657
8482.350	38.0887	0.1595
8485.280	37.9988	0.1820
8488.210	37.8818	0.1802
8491.140	37.3128	0.1697
8494.070	36.9411	0.2106
8497.000	37.1841	0.2723
8499.930	37.4425	0.2145
8502.860	37.3442	0.1778
8505.790	37.3757	0.1772
8508.720	37.3991	0.1682
8511.650	37.5655	0.1573
8514.580	37.6131	0.1759
8517.510	37.5082	0.1669
8520.440	37.3428	0.1578
8523.370	37.3577	0.1563
8526.300	37.3542	0.1697
8529.230	37.2545	0.1929
8532.160	37.0016	0.1799
8535.090	36.1218	0.1716
8538.020	35.4360	0.3002
8540.950	36.0338	0.3720
8543.880	37.0697	0.2881
8546.810	37.1688	0.1872
8549.740	37.1956	0.2022
8552.670	37.2015	0.1799
8555.600	37.1501	0.1554
8558.530	37.3118	0.1507
8561.460	37.4966	0.1522
8564.390	37.5595	0.1566
8567.320	37.4295	0.1505
8570.250	37.3316	0.1513
8573.180	37.2776	0.1636
8576.110	37.2275	0.1678
8579.040	37.2493	0.1771
8581.970	37.1702	0.1882
8584.900	36.9342	0.1758
8587.830	36.7564	0.1688
8590.760	36.6131	0.1503
8593.690	36.5228	0.1444
8596.620	36.4870	0.1478
8599.550	36.6654	0.1654
8602.480	36.8577	0.1568
8605.410	36.9673	0.1384
8608.340	37.0386	0.1294
8611.270	36.9433	0.1351
8614.200	36.9496	0.1447
8617.130	37.0687	0.1383
8620.060	36.9275	0.1609
8622.990	36.7962	0.1994
8625.920	36.7253	0.1769
8628.850	36.7578	0.1633
8631.780	36.5948	0.1553
8634.710	36.5041	0.1758
8637.640	36.5245	0.1844
8640.570	36.5847	0.1804
8643.500	36.5447	0.1661
8646.430	36.5193	0.1624
8649.360	36.2593	0.1698
8652.290	35.7265	0.1704
8655.220	34.9758	0.1331
8658.150	34.4657	0.2717
8661.080	35.0522	0.3273
8664.010	35.9774	0.2604
8666.940	36.1467	0.1830
8669.870	36.1816	0.1786
8672.800	36.2086	0.1640
8675.730	36.1232	0.1628
8678.660	36.2117	0.1618
8681.590	36.2859	0.1549
8684.520	36.3538	0.1538
8687.450	36.4072	0.1572
8690.380	36.4871	0.1538
8693.310	36.4448	0.1510
8696.240	36.5125	0.1481
8699.170	36.5136	0.1495
8702.100	36.5399	0.1554
8705.030	36.4585	0.1584
8707.960	36.4570	0.1517
8710.890	36.4595	0.1519
8713.820	36.4099	0.1527
8716.750	36.2872	0.1423
8719.680	36.1915	0.1443
8722.610	36.0783	0.1512
8725.540	36.1514	0.1384
8728.470	36.1493	0.1268
8731.400	36.0971	0.1257
8734.330	35.9605	0.1335
8737.260	35.8900	0.1436
8740.190	35.6453	0.1355
8743.120	35.4224	0.1406
8746.050	35.2683	0.1432
8748.980	35.2714	0.1394
8751.910	35.5304	0.1530
8754.840	35.7704	0.1469
8757.770	35.9406	0.1451
8760.700	36.0110	0.1555
8763.630	35.9676	0.1544
8766.560	35.9957	0.1628
8769.490	36.0845	0.1665
8772.420	35.9366	0.1688
8775.350	35.6786	0.1661
8778.280	35.5806	0.1572
8781.210	35.4953	0.1671
8784.140	35.3878	0.1680
8787.070	35.4522	0.1724
8790.000	35.5782	0.1516
8792.930	35.5685	0.1419
8795.860	35.5538	0.1338
8798.790	35.4656	0.1412
8801.720	35.4257	0.1521
8804.650	35.6409	0.1761
8807.580	35.7533	0.1706
8810.510	35.6361	0.1713
8813.440	35.4733	0.1765
8816.370	35.3307	0.1735
8819.300	35.3057	0.1719
8822.230	35.3701	0.1620
8825.160	35.2207	0.1686
8828.090	35.2857	0.1547
8831.020	35.2949	0.1529
8833.950	35.1162	0.1535
8836.880	35.2398	0.1435
8839.810	35.3507	0.1329
8842.740	35.3962	0.1343
8845.670	35.2766	0.1456
8848.600	35.0292	0.1770
8851.530	34.8064	0.1728
8854.460	34.3363	0.1638
8857.390	33.8553	0.1501
8860.320	33.8452	0.1352
8863.250	34.1327	0.1495
8866.180	34.4621	0.1614
8869.110	34.8504	0.1552
8872.040	35.0871	0.1399
8874.970	35.1622	0.1396
8877.900	35.1946	0.1256
8880.830	35.0021	0.1311
8883.760	34.7653	0.1496
8886.690	34.8479	0.1394
8889.620	34.9342	0.1310
8892.550	34.8604	0.1392
8895.480	34.9256	0.1659
8898.410	34.9396	0.1674
8901.340	34.9128	0.1622
8904.270	34.9813	0.1554
8907.200	34.8614	0.1541
8910.130	34.7408	0.1482
8913.060	34.8040	0.1586
8915.990	34.7483	0.1478
8918.920	34.9064	0.1430
8921.850	35.0132	0.1565
8924.780	35.0200	0.1744
8927.710	34.9182	0.1717
8930.640	34.7222	0.1482
8933.570	34.4586	0.1499
8936.500	34.2266	0.1490
8939.430	34.2330	0.1652
8942.360	34.4917	0.1598
8945.290	34.7278	0.1513
8948.220	34.8062	0.1502
8951.150	34.9092	0.1399
8954.080	34.7515	0.1577
8957.010	34.4427	0.1558
8959.940	34.4176	0.1361
8962.870	34.3717	0.1457
8965.800	34.4641	0.1487
8968.730	34.5035	0.1619
8971.660	34.3432	0.1833
8974.590	34.2631	0.1713
8977.520	34.2476	0.1650
8980.450	34.1869	0.1548
8983.380	33.9222	0.1454
8986.310	33.8185	0.1598
8989.240	34.0093	0.1686
8992.170	34.1973	0.1717
8995.100	34.0849	0.1773
8998.030	33.9241	0.1788
9000.960	33.7010	0.1671
9003.890	33.4116	0.1520
9006.820	32.8961	0.1536
9009.750	32.4475	0.1573
9012.680	32.4529	0.1816
9015.610	33.0787	0.1837
9018.540	33.6246	0.1692
9021.470	33.9225	0.1617
9024.400	34.0194	0.1730
9027.330	33.9380	0.1710
9030.260	33.8264	0.1484
9033.190	33.7364	0.1224
9036.120	33.7509	0.1284
9039.050	33.7178	0.1279
9041.980	33.6842	0.1493
9044.910	33.6751	0.1513
9047.840	33.7055	0.1678
9050.770	33.6515	0.1734
9053.700	33.5647	0.1552
9056.630	33.6288	0.1295
9059.560	33.6247	0.1460
9062.490	33.5259	0.1490
9065.420	33.4596	0.1644
9068.350	33.5241	0.1757
9071.280	33.8440	0.1658
9074.210	34.1033	0.1549
9077.140	34.0988	0.1551
9080.070	33.9177	0.1702
9083.000	33.7760	0.1511
9085.930	33.6639	0.1503
9088.860	33.6305	0.1565
9091.790	33.5124	0.1661
9094.720	33.4433	0.1486
9097.650	33.4211	0.1483
9100.580	33.3458	0.1582
9103.510	33.3246	0.1595
9106.440	33.4009	0.1572
9109.370	33.5260	0.1692
9112.300	33.5964	0.1681
9115.230	33.6471	0.1837
9118.160	33.5407	0.1888
9121.090	33.3136	0.1566
9124.020	33.0851	0.1438
9126.950	33.0231	0.1443
9129.880	32.9830	0.1635
9132.810	33.0513	0.1768
9135.740	33.2464	0.1674
9138.670	33.4642	0.1677
9141.600	33.4990	0.1601
9144.530	33.3233	0.1566
9147.460	33.1808	0.1429
9150.390	33.2729	0.1527
9153.320	33.3540	0.1667
9156.250	33.4188	0.1712
9159.180	33.2909	0.1700
9162.110	33.2778	0.1631
9165.040	33.0829	0.1667
9167.970	32.8567	0.1613
9170.900	32.7254	0.1577
9173.830	32.7246	0.1699
9176.760	32.7360	0.1640
9179.690	32.8408	0.1666
9182.620	32.9819	0.1690
9185.550	33.2064	0.1494
9188.480	33.2059	0.1488
9191.410	33.1215	0.1573
9194.340	32.8424	0.1552
9197.270	32.6002	0.1597
9200.200	32.5762	0.1467
9203.130	32.5942	0.1706
9206.060	32.4739	0.1673
9208.990	32.4852	0.1576
9211.920	32.3244	0.1528
9214.850	32.0803	0.1544
9217.780	31.5908	0.1626
9220.710	30.9508	0.1500
9223.640	30.4668	0.1390
9226.570	30.4969	0.1472
9229.500	31.2203	0.1512
9232.430	31.8387	0.1616
9235.360	32.0931	0.1510
9238.290	32.1505	0.1383
9241.220	32.1760	0.1472
9244.150	32.1289	0.1591
9247.080	32.1350	0.1751
9250.010	32.1821	0.1782
9252.940	32.3289	0.1610
9255.870	32.4893	0.1516
9258.800	32.4146	0.1526
9261.730	32.1339	0.1587
9264.660	32.0196	0.1600
9267.590	32.0286	0.1610
9270.520	32.0540	0.1697
9273.450	32.0601	0.1714
9276.380	32.1317	0.1802
9279.310	32.2080	0.1965
9282.240	32.1896	0.1641
9285.170	32.2187	0.1547
9288.100	32.2495	0.1560
9291.030	32.2318	0.1476
9293.960	32.2820	0.1430
9296.890	32.5128	0.1606
9299.820	32.6703	0.1774
9302.750	32.5136	0.1818
9305.680	32.3417	0.1751
9308.610	32.0645	0.1696
9311.540	31.7031	0.1707
9314.470	31.6076	0.1963
9317.400	31.6047	0.1823
9320.330	31.5571	0.1950
9323.260	31.8819	0.2190
9326.190	32.0268	0.2077
9329.120	32.1595	0.1902
9332.050	32.1731	0.2042
9334.980	31.9100	0.2248
9337.910	31.6961	0.2432
9340.840	31.8536	0.2384
9343.770	31.8362	0.2289
9346.700	31.6574	0.2082
9349.630	31.7363	0.1933
9352.560	31.8731	0.2188
9355.490	31.7113	0.2147
9358.420	31.5511	0.1880
9361.350	31.4715	0.1840
9364.280	31.4116	0.1890
9367.210	31.6423	0.2072
9370.140	31.5361	0.2023
9373.070	31.4591	0.1928
9376.000	31.6846	0.1952
9378.930	31.8717	0.2146
9381.860	31.7320	0.1999
9384.790	31.7495	0.1593
9387.720	31.5660	0.1561
9390.650	31.2499	0.1663
9393.580	31.1784	0.1902
9396.510	31.2505	0.1806
9399.440	31.2152	0.1768
9402.370	31.2616	0.1760
9405.300	31.5346	0.1945
9408.230	31.5831	0.1934
9411.160	31.3710	0.2280
9414.090	31.1138	0.2155
9417.020	30.7982	0.1786
9419.950	30.7240	0.1874
9422.880	30.9618	0.1909
9425.810	31.1019	0.1922
9428.740	31.1437	0.1914
9431.670	31.1613	0.1721
9434.600	31.3496	0.1589
9437.530	31.4783	0.2045
9440.460	31.2514	0.2228
9443.390	31.0366	0.1990
9446.320	30.9822	0.1805
9449.250	30.9869	0.1718
9452.180	31.0468	0.1836
9455.110	30.8795	0.1838
9458.040	30.8008	0.1763
9460.970	30.7741	0.1718
9463.900	30.9038	0.1578
9466.830	30.8899	0.1598
9469.760	30.9221	0.1651
9472.690	30.7922	0.1775
9475.620	30.8122	0.1814
9478.550	30.8071	0.1936
9481.480	30.5529	0.1882
9484.410	30.5422	0.1704
9487.340	30.4322	0.1819
9490.270	30.2815	0.1726
9493.200	30.4198	0.1708
9496.130	30.4520	0.1903
9499.060	30.4808	0.2070
9501.990	30.3969	0.1890
9504.920	30.4566	0.1675
9507.850	30.6519	0.1669
9510.780	30.8533	0.1852
9513.710	30.6541	0.2100
9516.640	30.2927	0.2193
9519.570	30.0177	0.1951
9522.500	29.8661	0.1654
9525.430	29.8908	0.1602
9528.360	29.8692	0.1628
9531.290	29.7107	0.1600
9534.220	29.3056	0.1693
9537.150	28.6360	0.1759
9540.080	27.9843	0.1795
9543.010	27.7781	0.1910
9545.940	28.3039	0.1897
9548.870	28.9591	0.1978
9551.800	29.2388	0.2004
9554.730	29.5353	0.1873
9557.660	29.6672	0.1920
9560.590	29.8033	0.1892
9563.520	29.8599	0.2036
9566.450	29.8915	0.2262
9569.380	29.9414	0.2084
9572.310	29.9693	0.1871
9575.240	29.8862	0.1757
9578.170	29.6129	0.1841
9581.100	29.2562	0.1798
9584.030	29.2336	0.1921
9586.960	29.3974	0.2247
9589.890	29.5222	0.2310
9592.820	29.6034	0.2240
9595.750	29.6497	0.2229
9598.680	29.5268	0.2072
9601.610	29.4132	0.2186
9604.540	29.2470	0.2295
9607.470	29.2756	0.2556
9610.400	29.4244	0.2706
9613.330	29.3258	0.2680
9616.260	29.1319	0.2402
9619.190	29.3461	0.2886
9622.120	29.2537	0.3003
9625.050	28.9792	0.3009
9627.980	28.9058	0.2736
9630.910	28.8995	0.2604
9633.840	28.9845	0.2725
9636.770	28.8975	0.2839
9639.700	28.8745	0.2782
9642.630	28.8589	0.2899
9645.560	28.8028	0.3019
9648.490	28.7953	0.2933
9651.420	28.7904	0.3035
9654.350	28.6129	0.2934
9657.280	28.5889	0.2951
9660.210	28.3796	0.3231
9663.140	28.2039	0.3231
9666.070	28.1605	0.3174
9669.000	28.2753	0.3187
9671.930	28.4413	0.3346
9674.860	28.4977	0.3388
9677.790	28.5315	0.3555
9680.720	28.1688	0.3381
9683.650	28.1133	0.3588
9686.580	27.9895	0.3477
9689.510	27.8512	0.3510
9692.440	27.8418	0.3528
9695.370	27.8954	0.3584
9698.300	27.8857	0.3543
9701.230	27.8611	0.3704
