3298.680	39.8107	0.2892
3301.060	38.4735	0.3180
3303.440	37.3911	0.2893
3305.820	38.0921	0.2693
3308.200	39.2946	0.2720
3310.580	38.9512	0.2876
3312.960	38.5205	0.2759
3315.340	38.4902	0.2746
3317.720	37.9232	0.2839
3320.100	37.0866	0.3095
3322.480	37.8885	0.2740
3324.860	37.9804	0.2529
3327.240	37.2992	0.2483
3329.620	37.1277	0.2472
3332.000	36.4378	0.2579
3334.380	36.5876	0.2567
3336.760	37.0093	0.2464
3339.140	37.8165	0.2499
3341.520	38.6407	0.2430
3343.900	37.5867	0.2409
3346.280	36.2175	0.2188
3348.660	37.5338	0.2502
3351.040	39.0114	0.2437
3353.420	37.6699	0.2556
3355.800	33.3900	0.2670
3358.180	31.5363	0.2334
3360.560	35.9096	0.2717
3362.940	37.7108	0.2471
3365.320	35.5170	0.2434
3367.700	33.7490	0.2220
3370.080	34.6840	0.2367
3372.460	37.9530	0.2523
3374.840	38.3134	0.2537
3377.220	35.7607	0.2745
3379.600	36.0125	0.2074
3381.980	37.6364	0.2110
3384.360	38.5572	0.2256
3386.740	37.9965	0.2549
3389.120	36.7814	0.2294
3391.500	37.6000	0.2241
3393.880	40.5786	0.2647
3396.260	41.9140	0.2398
3398.640	40.9155	0.2798
3401.020	39.4931	0.2797
3403.400	38.5968	0.2306
3405.780	38.3356	0.2193
3408.160	37.5398	0.2044
3410.540	36.2607	0.2068
3412.920	37.0775	0.2403
3415.300	39.8512	0.2281
3417.680	40.5017	0.2523
3420.060	39.4266	0.2659
3422.440	39.0533	0.2403
3424.820	40.3899	0.2076
3427.200	41.2745	0.2106
3429.580	40.6078	0.2479
3431.960	40.0296	0.2645
3434.340	37.9985	0.2510
3436.720	33.5022	0.2349
3439.100	31.7832	0.2039
3441.480	34.2857	0.2302
3443.860	37.7040	0.2355
3446.240	39.8762	0.2184
3448.620	39.6810	0.2634
3451.000	40.0270	0.2566
3453.380	40.2578	0.2504
3455.760	39.0428	0.2277
3458.140	38.5296	0.2022
3460.520	39.2857	0.2131
3462.900	40.1561	0.2181
3465.280	40.6785	0.2740
3467.660	40.4321	0.2570
3470.040	37.8697	0.2593
3472.420	36.0393	0.2181
3474.800	38.6077	0.2142
3477.180	41.8426	0.2558
3479.560	42.2027	0.3023
3481.940	41.9354	0.2678
3484.320	40.9289	0.2339
3486.700	38.2826	0.2296
3489.080	37.4480	0.2132
3491.460	38.4245	0.2231
3493.840	39.2935	0.2078
3496.220	41.0139	0.2204
3498.600	42.4700	0.2198
3500.980	42.5763	0.2626
3503.360	42.0875	0.2712
3505.740	41.2111	0.2492
3508.120	39.6511	0.2199
3510.500	38.6849	0.2064
3512.880	39.5744	0.2146
3515.260	40.3442	0.2197
3517.640	38.9490	0.1854
3520.020	36.0856	0.1851
3522.400	35.2645	0.1940
3524.780	37.9846	0.2655
3527.160	40.9486	0.2069
3529.540	42.3617	0.2077
3531.920	43.0302	0.2205
3534.300	43.3887	0.2136
3536.680	43.3658	0.2137
3539.060	43.3840	0.2138
3541.440	44.0822	0.2314
3543.820	44.4032	0.2410
3546.200	44.1771	0.2666
3548.580	43.4573	0.2366
3550.960	42.2608	0.2415
3553.340	41.9189	0.2471
3555.720	42.3943	0.2542
3558.100	42.6931	0.2546
3560.480	40.7273	0.2331
3562.860	37.5272	0.1923
3565.240	35.4512	0.1839
3567.620	35.3876	0.1721
3570.000	37.2429	0.2247
3572.380	39.2327	0.2021
3574.760	38.1998	0.1996
3577.140	35.3738	0.1954
3579.520	34.3220	0.1997
3581.900	34.0733	0.1932
3584.280	35.4668	0.2107
3586.660	38.9172	0.2116
3589.040	41.5644	0.2135
3591.420	42.5543	0.2315
3593.800	43.3838	0.2813
3596.180	43.7132	0.2988
3598.560	42.6946	0.2718
3600.940	40.8986	0.2114
3603.320	38.7024	0.1969
3605.700	37.6604	0.2003
3608.080	38.6032	0.1908
3610.460	40.4180	0.2282
3612.840	39.5286	0.2709
3615.220	37.3409	0.2340
3617.600	38.5063	0.1826
3619.980	41.8177	0.2389
3622.360	43.9740	0.2308
3624.740	43.1465	0.2962
3627.120	39.7900	0.2652
3629.500	38.3456	0.2203
3631.880	40.3853	0.2456
3634.260	42.7235	0.2457
3636.640	43.4461	0.2445
3639.020	42.4689	0.2251
3641.400	40.7394	0.2099
3643.780	39.3539	0.2046
3646.160	39.9210	0.2012
3648.540	42.3993	0.2220
3650.920	44.6727	0.2015
3653.300	45.8083	0.2474
3655.680	46.1021	0.2512
3658.060	45.9661	0.2387
3660.440	45.9826	0.2104
3662.820	45.7180	0.2039
3665.200	45.0497	0.2109
3667.580	45.0056	0.2072
3669.960	45.3850	0.2360
3672.340	44.5839	0.2670
3674.720	43.2177	0.2368
3677.100	42.3161	0.2180
3679.480	42.2848	0.1984
3681.860	41.8926	0.2037
3684.240	41.9496	0.2145
3686.620	43.8252	0.2299
3689.000	45.4236	0.2391
3691.380	46.0725	0.2382
3693.760	46.4008	0.2442
3696.140	46.8411	0.2452
3698.520	45.0739	0.2317
3700.900	41.4413	0.2782
3703.280	39.3781	0.2273
3705.660	40.5682	0.2167
3708.040	43.7552	0.2052
3710.420	46.1867	0.2300
3712.800	45.1912	0.2539
3715.180	40.1514	0.2485
3717.560	36.1511	0.1882
3719.940	38.5279	0.2332
3722.320	42.5873	0.2064
3724.700	43.5816	0.2287
3727.080	42.0201	0.2536
3729.460	37.0398	0.2146
3731.840	32.1984	0.2004
3734.220	34.3443	0.2056
3736.600	40.2087	0.1980
3738.980	41.1330	0.2748
3741.360	37.4474	0.2398
3743.740	33.5289	0.1607
3746.120	33.6971	0.1803
3748.500	39.1091	0.2149
3750.880	44.4021	0.2522
3753.260	43.7984	0.3612
3755.640	41.3770	0.2572
3758.020	42.0676	0.1894
3760.400	43.1602	0.1987
3762.780	42.9714	0.2161
3765.160	42.7903	0.2119
3767.540	43.8424	0.2141
3769.920	46.0948	0.2361
3772.300	48.1828	0.2365
3774.680	49.8995	0.2289
3777.060	51.0761	0.2261
3779.440	51.1376	0.2161
3781.820	49.3803	0.2178
3784.200	47.4307	0.2138
3786.580	46.9873	0.2454
3788.960	46.6239	0.2146
3791.340	43.8730	0.2152
3793.720	40.8527	0.2058
3796.100	41.8152	0.2273
3798.480	46.2117	0.2327
3800.860	49.2265	0.2304
3803.240	49.3847	0.2297
3805.620	49.4047	0.2557
3808.000	48.3448	0.2166
3810.380	45.2914	0.2247
3812.760	43.2044	0.2192
3815.140	42.4604	0.2651
3817.520	41.4771	0.2544
3819.900	39.6961	0.2491
3822.280	37.2693	0.1936
3824.660	35.8144	0.1631
3827.040	34.9721	0.1617
3829.420	33.1198	0.1548
3831.800	31.9475	0.1506
3834.180	32.4609	0.1717
3836.560	35.6939	0.1761
3838.940	41.7832	0.2159
3841.320	47.1698	0.2120
3843.700	49.0259	0.2973
3846.080	48.9569	0.2956
3848.460	49.2188	0.2449
3850.840	48.3838	0.2312
3853.220	45.2790	0.1995
3855.600	42.7121	0.1837
3857.980	44.7868	0.2116
3860.360	48.9058	0.2198
3862.740	50.1689	0.3260
3865.120	49.9730	0.3370
3867.500	47.8607	0.2326
3869.880	45.6679	0.2331
3872.260	45.3218	0.1913
3874.640	45.6444	0.2064
3877.020	46.6726	0.2060
3879.400	46.7375	0.2143
3881.780	42.7781	0.2129
3884.160	38.4208	0.1974
3886.540	39.4155	0.2163
3888.920	43.0725	0.2340
3891.300	44.8433	0.1943
3893.680	44.9347	0.2047
3896.060	44.7823	0.2225
3898.440	44.4100	0.1928
3900.820	43.7240	0.1805
3903.200	44.5907	0.1797
3905.580	47.2318	0.1966
3907.960	49.3834	0.2090
3910.340	49.3615	0.2576
3912.720	47.9125	0.2655
3915.100	45.7638	0.2419
3917.480	43.9839	0.2198
3919.860	42.7390	0.2151
3922.240	39.7131	0.2038
3924.620	32.6945	0.1764
3927.000	23.2265	0.1566
3929.380	16.0696	0.1127
3931.760	17.0663	0.1759
3934.140	26.0589	0.2683
3936.520	35.2702	0.2416
3938.900	40.6848	0.2371
3941.280	43.7620	0.2289
3943.660	46.1420	0.2768
3946.040	47.6070	0.2152
3948.420	47.9646	0.2519
3950.800	48.0023	0.2532
3953.180	47.8756	0.2767
3955.560	46.2031	0.2503
3957.940	42.0903	0.2403
3960.320	35.1894	0.2167
3962.700	26.0058	0.1593
3965.080	19.6553	0.1562
3967.460	24.1661	0.2475
3969.840	34.8092	0.3464
3972.220	43.3179	0.2483
3974.600	48.3783	0.2803
3976.980	50.5968	0.3007
3979.360	50.9957	0.3381
3981.740	51.5161	0.3502
3984.120	52.6881	0.2666
3986.500	53.5119	0.2552
3988.880	53.7430	0.2730
3991.260	53.3749	0.2678
3993.640	52.8771	0.2476
3996.020	53.2179	0.2526
3998.400	53.9282	0.2489
4000.780	53.0970	0.2607
4003.160	52.7918	0.2683
4005.540	53.9733	0.2549
4007.920	55.1828	0.2405
4010.300	55.5958	0.2527
4012.680	55.2643	0.2488
4015.060	55.1151	0.2437
4017.440	55.3673	0.2278
4019.820	55.7005	0.2502
4022.200	55.8856	0.2904
4024.580	55.2985	0.3225
4026.960	53.1571	0.2506
4029.340	51.9838	0.2204
4031.720	53.2455	0.2060
4034.100	55.2090	0.2148
4036.480	55.6587	0.2299
4038.860	53.9105	0.2354
4041.240	51.0569	0.2179
4043.620	51.1812	0.2392
4046.000	53.9991	0.2201
4048.380	55.8238	0.2342
4050.760	55.8433	0.2476
4053.140	55.2146	0.2391
4055.520	54.8530	0.2284
4057.900	53.3642	0.2217
4060.280	51.6144	0.2131
4062.660	52.2451	0.2106
4065.040	53.1315	0.2173
4067.420	52.8706	0.2241
4069.800	52.8463	0.2335
4072.180	53.3418	0.2361
4074.560	53.8307	0.2387
4076.940	54.9154	0.2459
4079.320	55.5336	0.2421
4081.700	55.8128	0.2388
4084.080	56.9038	0.2432
4086.460	57.4866	0.2631
4088.840	56.8625	0.2739
4091.220	55.6932	0.2627
4093.600	53.4474	0.2689
4095.980	49.3137	0.2820
4098.360	46.4094	0.3146
4100.740	49.1105	0.3478
4103.120	53.4496	0.2912
4105.500	55.0548	0.2586
4107.880	55.6288	0.2357
4110.260	56.4884	0.2401
4112.640	56.5467	0.2327
4115.020	55.8743	0.2358
4117.400	55.6534	0.2308
4119.780	56.3532	0.2416
4122.160	56.9467	0.2297
4124.540	56.6274	0.2589
4126.920	55.3526	0.2428
4129.300	54.4115	0.2250
4131.680	55.1705	0.2410
4134.060	56.7497	0.2570
4136.440	56.5049	0.2631
4138.820	54.5233	0.2438
4141.200	54.0437	0.2557
4143.580	55.6648	0.2598
4145.960	56.1778	0.2296
4148.340	55.7705	0.2380
4150.720	55.2728	0.2446
4153.100	55.4962	0.2418
4155.480	56.5870	0.2576
4157.860	57.3473	0.2502
4160.240	57.4504	0.2495
4162.620	57.0550	0.2612
4165.000	56.3880	0.2453
4167.380	55.3039	0.2423
4169.760	54.5435	0.2102
4172.140	54.6738	0.2316
4174.520	55.6334	0.2436
4176.900	55.8820	0.2232
4179.280	55.3173	0.2272
4181.660	54.5378	0.2062
4184.040	53.8235	0.2109
4186.420	54.3829	0.2200
4188.800	55.4887	0.2513
4191.180	55.5099	0.2780
4193.560	54.2871	0.2386
4195.940	52.9818	0.2450
4198.320	53.3919	0.2676
4200.700	54.3045	0.2518
4203.080	55.1764	0.2285
4205.460	55.3410	0.2333
4207.840	55.4852	0.2161
4210.220	55.1087	0.2263
4212.600	54.4250	0.2282
4214.980	54.7640	0.2345
4217.360	54.8190	0.2176
4219.740	52.2365	0.2154
4222.120	48.0138	0.1837
4224.500	48.4182	0.2532
4226.880	52.5179	0.2071
4229.260	54.1972	0.2104
4231.640	53.1682	0.2683
4234.020	53.1589	0.2200
4236.400	54.3141	0.2111
4238.780	55.0123	0.2104
4241.160	54.6971	0.2204
4243.540	53.2345	0.2129
4245.920	51.9531	0.2051
4248.300	52.3298	0.2143
4250.680	53.1978	0.2222
4253.060	53.5797	0.2207
4255.440	53.1381	0.2227
4257.820	53.1287	0.2163
4260.200	54.4548	0.2210
4262.580	54.8869	0.2268
4264.960	52.6701	0.2325
4267.340	49.7866	0.2162
4269.720	49.0004	0.2146
4272.100	51.4536	0.2411
4274.480	53.1311	0.2210
4276.860	52.7544	0.2163
4279.240	52.0171	0.2161
4281.620	51.4681	0.2084
4284.000	50.3124	0.2139
4286.380	49.3428	0.2076
4288.760	49.4202	0.2257
4291.140	49.1939	0.2066
4293.520	46.6962	0.2109
4295.900	43.5345	0.2009
4298.280	42.1472	0.1943
4300.660	42.1799	0.1887
4303.040	41.3529	0.1795
4305.420	40.4452	0.1654
4307.800	42.7158	0.2119
4310.180	48.2284	0.2633
4312.560	53.5934	0.2390
4314.940	56.2570	0.2749
4317.320	54.4714	0.3514
4319.700	51.1589	0.2737
4322.080	50.0212	0.2262
4324.460	53.0633	0.2821
4326.840	55.9045	0.2518
4329.220	56.1832	0.2638
4331.600	54.1199	0.2919
4333.980	49.7690	0.2593
4336.360	46.0717	0.2677
4338.740	48.3379	0.3670
4341.120	53.3699	0.3517
4343.500	55.3499	0.2535
4345.880	54.9557	0.2367
4348.260	53.9994	0.2132
4350.640	54.2544	0.2186
4353.020	55.1868	0.2105
4355.400	55.7140	0.2000
4357.780	55.9700	0.1986
4360.160	56.1436	0.2218
4362.540	55.9072	0.2266
4364.920	55.4952	0.2215
4367.300	54.9963	0.2352
4369.680	54.5239	0.2445
4372.060	54.2863	0.2303
4374.440	54.4712	0.2321
4376.820	53.6603	0.2410
4379.200	51.3727	0.2391
4381.580	51.2921	0.2377
4383.960	53.7291	0.2509
4386.340	55.6281	0.2831
4388.720	55.9868	0.2528
4391.100	55.9781	0.2185
4393.480	56.1665	0.2320
4395.860	56.0162	0.2226
4398.240	55.1923	0.2084
4400.620	54.2233	0.2072
4403.000	54.6788	0.2468
4405.380	56.3939	0.2200
4407.760	57.6195	0.2230
4410.140	57.0429	0.2343
4412.520	56.5049	0.2294
4414.900	57.4020	0.2163
4417.280	58.2053	0.2446
4419.660	58.0750	0.2310
4422.040	57.5480	0.2392
4424.420	57.5462	0.2362
4426.800	57.6802	0.2304
4429.180	57.4160	0.2264
4431.560	57.2851	0.2384
4433.940	58.0870	0.2301
4436.320	58.3980	0.2378
4438.700	57.7667	0.2206
4441.080	57.2792	0.2414
4443.460	57.9761	0.2237
4445.840	58.1613	0.2329
4448.220	57.3477	0.2376
4450.600	56.5778	0.2342
4452.980	56.5960	0.2277
4455.360	57.2884	0.2310
4457.740	57.7109	0.2400
4460.120	57.9788	0.2215
4462.500	57.9914	0.2172
4464.880	58.1189	0.2594
4467.260	58.7479	0.3365
4469.640	59.3182	0.3407
4472.020	59.1273	0.2596
4474.400	58.7759	0.2137
4476.780	58.4491	0.2228
4479.160	58.3039	0.2195
4481.540	58.7323	0.2194
4483.920	59.0652	0.2206
4486.300	58.9140	0.2215
4488.680	58.7006	0.2255
4491.060	58.6371	0.2254
4493.440	58.8297	0.2587
4495.820	59.0854	0.2452
4498.200	59.5422	0.2474
4500.580	59.9216	0.2521
4502.960	60.1192	0.2529
4505.340	59.8990	0.2628
4507.720	59.7481	0.2543
4510.100	59.7388	0.2432
4512.480	59.6495	0.2364
4514.860	59.7731	0.2296
4517.240	59.5647	0.2447
4519.620	59.0448	0.2346
4522.000	58.1374	0.2519
4524.380	57.3958	0.2229
4526.760	57.0675	0.2301
4529.140	56.9120	0.2421
4531.520	57.2230	0.2673
4533.900	58.5510	0.2778
4536.280	59.8311	0.3025
4538.660	59.8689	0.3207
4541.040	59.2858	0.2737
4543.420	58.4107	0.2431
4545.800	57.9338	0.2520
4548.180	57.8253	0.2323
4550.560	57.9441	0.2259
4552.940	58.6219	0.2277
4555.320	59.5819	0.2247
4557.700	59.6037	0.2182
4560.080	59.3564	0.2251
4562.460	59.4974	0.2271
4564.840	59.4382	0.2207
4567.220	59.1440	0.2273
4569.600	59.1509	0.2246
4571.980	59.7573	0.2432
4574.360	59.8524	0.2408
4576.740	59.4340	0.2374
4579.120	58.9228	0.2483
4581.500	59.0202	0.2446
4583.880	59.2553	0.2365
4586.260	59.2888	0.2438
4588.640	59.2518	0.2636
4591.020	59.6274	0.2481
4593.400	59.7716	0.2325
4595.780	59.4189	0.2419
4598.160	59.1084	0.2230
4600.540	59.2835	0.2328
4602.920	59.7914	0.2438
4605.300	59.9814	0.2664
4607.680	59.7433	0.2635
4610.060	59.4881	0.2497
4612.440	59.4703	0.2371
4614.820	59.5278	0.2338
4617.200	59.8943	0.2419
4619.580	59.9476	0.2303
4621.960	59.6117	0.2362
4624.340	59.5923	0.2416
4626.720	59.6891	0.2363
4629.100	59.8274	0.2473
4631.480	59.7531	0.2546
4633.860	59.9080	0.2275
4636.240	59.9599	0.2202
4638.620	59.9469	0.2432
4641.000	59.5545	0.2682
4643.380	58.7003	0.2391
4645.760	58.9185	0.2284
4648.140	58.9664	0.2264
4650.520	58.8352	0.2565
4652.900	59.1487	0.2563
4655.280	60.0657	0.2440
4657.660	59.9109	0.2527
4660.040	59.6570	0.2362
4662.420	59.5205	0.2408
4664.800	59.1689	0.2534
4667.180	59.6527	0.2567
4669.560	60.1943	0.2538
4671.940	59.9728	0.2454
4674.320	59.7503	0.2745
4676.700	59.4001	0.2800
4679.080	59.7289	0.3014
4681.460	60.2538	0.3744
4683.840	60.6433	0.3808
4686.220	60.1307	0.3846
4688.600	59.6405	0.3263
4690.980	59.6390	0.2190
4693.360	59.5389	0.2158
4695.740	59.0636	0.2114
4698.120	58.4013	0.2080
4700.500	58.2779	0.2100
4702.880	58.7395	0.2429
4705.260	59.1886	0.2569
4707.640	59.3860	0.2302
4710.020	59.7473	0.2557
4712.400	59.8805	0.2758
4714.780	60.0754	0.2459
4717.160	60.0297	0.2341
4719.540	59.8925	0.2330
4721.920	59.5924	0.2411
4724.300	59.4111	0.2403
4726.680	59.3855	0.2528
4729.060	59.4269	0.2621
4731.440	59.2858	0.2733
4733.820	59.2333	0.2471
4736.200	59.5392	0.2544
4738.580	59.6740	0.2234
4740.960	59.7831	0.2427
4743.340	59.9543	0.2498
4745.720	59.9266	0.2631
4748.100	59.8201	0.2496
4750.480	59.6476	0.2517
4752.860	59.3439	0.2505
4755.240	59.2947	0.2602
4757.620	59.1909	0.2308
4760.000	58.9344	0.2431
4762.380	59.0464	0.2528
4764.760	59.4944	0.2502
4767.140	59.6075	0.2513
4769.520	59.4939	0.2747
4771.900	59.4806	0.2541
4774.280	59.5116	0.2395
4776.660	59.3190	0.2349
4779.040	58.9658	0.2281
4781.420	58.7740	0.2289
4783.800	58.7998	0.2360
4786.180	59.2328	0.2247
4788.560	59.4613	0.2283
4790.940	59.3257	0.2351
4793.320	59.3622	0.2285
4795.700	59.3311	0.2402
4798.080	59.1666	0.2399
4800.460	59.2314	0.2384
4802.840	59.2998	0.2452
4805.220	59.3692	0.2503
4807.600	59.4143	0.2567
4809.980	59.5093	0.2569
4812.360	59.5837	0.2334
4814.740	59.3855	0.2258
4817.120	59.1451	0.2374
4819.500	58.8271	0.2516
4821.880	58.9033	0.2597
4824.260	59.3250	0.2406
4826.640	59.5780	0.2465
4829.020	59.4270	0.2659
4831.400	59.3634	0.2678
4833.780	59.1996	0.2588
4836.160	58.8035	0.2607
4838.540	58.8734	0.2508
4840.920	59.0710	0.2467
4843.300	58.8928	0.2748
4845.680	58.4011	0.2931
4848.060	58.0296	0.2757
4850.440	57.1330	0.2703
4852.820	54.3719	0.2772
4855.200	49.5890	0.2724
4857.580	47.2846	0.3091
4859.960	51.0067	0.3484
4862.340	55.6201	0.3443
4864.720	56.6081	0.2237
4867.100	56.2235	0.2097
4869.480	56.6503	0.2079
4871.860	57.2360	0.2120
4874.240	57.6129	0.2179
4876.620	57.8805	0.2375
4879.000	58.2735	0.2396
4881.380	58.1964	0.2458
4883.760	57.3223	0.2572
4886.140	56.6588	0.2331
4888.520	57.0434	0.2544
4890.900	58.1733	0.2457
4893.280	58.8143	0.2425
4895.660	58.5648	0.2528
4898.040	58.2564	0.2674
4900.420	58.3052	0.2383
4902.800	58.6377	0.2433
4905.180	58.6667	0.2548
4907.560	58.5742	0.2517
4909.940	58.5246	0.2409
4912.320	57.7599	0.2399
4914.700	56.3339	0.2416
4917.080	55.9582	0.2912
4919.460	57.0552	0.3366
4921.840	58.3465	0.3097
4924.220	58.7476	0.2437
4926.600	58.6392	0.2408
4928.980	58.0040	0.2421
4931.360	57.5042	0.2231
4933.740	57.5983	0.2371
4936.120	58.1230	0.2815
4938.500	58.9692	0.2622
4940.880	58.9024	0.2654
4943.260	58.7483	0.2466
4945.640	59.0449	0.2303
4948.020	59.0509	0.2355
4950.400	57.9338	0.2634
4952.780	56.2168	0.2452
4955.160	56.7883	0.2487
4957.540	58.3172	0.2539
4959.920	58.8382	0.2447
4962.300	58.4897	0.2444
4964.680	58.3980	0.2494
4967.060	58.6427	0.2423
4969.440	58.9534	0.2484
4971.820	58.9532	0.2508
4974.200	58.5025	0.2551
4976.580	57.6886	0.2585
4978.960	56.9547	0.2755
4981.340	57.2019	0.2701
4983.720	57.8558	0.2653
4986.100	57.7761	0.2605
4988.480	57.7123	0.2627
4990.860	57.9830	0.2440
4993.240	58.0249	0.2499
4995.620	57.6749	0.2513
4998.000	57.3393	0.2565
5000.380	56.8643	0.2504
5002.760	57.0692	0.2632
5005.140	57.2631	0.2658
5007.520	57.0859	0.2588
5009.900	56.6785	0.2776
5012.280	56.6476	0.2709
5014.660	56.9771	0.2665
5017.040	57.2520	0.2502
5019.420	57.5584	0.2568
5021.800	57.7159	0.2640
5024.180	57.8636	0.2753
5026.560	57.9998	0.2617
5028.940	57.9718	0.2596
5031.320	57.6033	0.2696
5033.700	57.0932	0.2687
5036.080	56.4554	0.2775
5038.460	56.5685	0.2784
5040.840	57.2279	0.2752
5043.220	57.5625	0.2630
5045.600	57.1745	0.2707
5047.980	57.2599	0.2720
5050.360	57.9294	0.2525
5052.740	58.5129	0.2586
5055.120	58.5625	0.2657
5057.500	58.1079	0.2689
5059.880	57.6314	0.2629
5062.260	57.2789	0.2464
5064.640	57.4383	0.2443
5067.020	57.8046	0.2743
5069.400	57.7995	0.2631
5071.780	57.4751	0.2654
5074.160	56.9406	0.2680
5076.540	56.6266	0.2618
5078.920	56.9985	0.2618
5081.300	57.4253	0.2533
5083.680	57.8562	0.2585
5086.060	58.1449	0.2557
5088.440	58.0471	0.2697
5090.820	57.6579	0.2689
5093.200	57.2664	0.2647
5095.580	57.2430	0.2725
5097.960	57.4976	0.2821
5098.200	57.3619	0.2711
5100.340	57.5169	0.2737
5101.130	57.6224	0.2970
5102.720	56.9333	0.2716
5104.060	57.0592	0.2818
5105.100	56.5489	0.2554
5106.990	57.0616	0.2567
5107.480	56.9128	0.2458
5109.860	57.5312	0.2549
5109.920	57.5080	0.2692
5112.240	57.8449	0.2384
5112.850	57.8921	0.2667
5114.620	57.6911	0.2656
5115.780	57.9273	0.2877
5117.000	57.3270	0.2636
5118.710	57.6954	0.2904
5119.380	56.8789	0.2683
5121.640	57.3244	0.2706
5121.760	56.7385	0.2762
5124.140	56.6649	0.2618
5124.570	56.6864	0.3028
5126.520	56.7449	0.2604
5127.500	57.0788	0.2540
5128.900	56.8383	0.2406
5130.430	57.0935	0.2572
5131.280	56.3522	0.2724
5133.360	56.6845	0.2672
5133.660	55.7226	0.2694
5136.040	55.4346	0.2699
5136.290	56.0360	0.2669
5138.420	55.6988	0.2757
5139.220	55.8735	0.2661
5140.800	56.2818	0.2971
5142.150	56.7034	0.2762
5143.180	56.5685	0.2941
5145.080	56.7640	0.2794
5145.560	56.4160	0.3019
5147.940	56.3156	0.3000
5148.010	56.7444	0.2738
5150.320	56.2490	0.2899
5150.940	56.9614	0.2408
5153.870	57.0689	0.2625
5156.800	56.7268	0.2509
5159.730	55.4437	0.2569
5162.660	53.2080	0.2532
5165.590	50.5403	0.3452
5168.520	50.2617	0.2867
5171.450	51.8936	0.2384
5174.380	53.8021	0.2629
5177.310	53.5404	0.2846
5180.240	51.7087	0.2478
5183.170	52.1814	0.2986
5186.100	54.1188	0.2596
5189.030	54.8597	0.2588
5191.960	55.4188	0.2504
5194.890	55.9757	0.2382
5197.820	56.1610	0.2374
5200.750	55.2851	0.2429
5203.680	54.8192	0.2221
5206.610	55.2479	0.2543
5209.540	56.2416	0.2357
5212.470	56.7233	0.2692
5215.400	56.6295	0.2350
5218.330	56.7191	0.2292
5221.260	56.2338	0.2240
5224.190	55.3964	0.2209
5227.120	55.6184	0.2449
5230.050	56.1402	0.2271
5232.980	56.7248	0.2299
5235.910	57.1670	0.2377
5238.840	57.5543	0.2598
5241.770	57.3560	0.2457
5244.700	56.9811	0.2218
5247.630	56.9900	0.2223
5250.560	57.0494	0.2351
5253.490	56.9154	0.2308
5256.420	56.4600	0.2185
5259.350	55.6966	0.2129
5262.280	54.0426	0.2417
5265.210	53.4806	0.2226
5268.140	54.2124	0.2062
5271.070	55.7140	0.2361
5274.000	56.6290	0.2402
5276.930	56.6545	0.2303
5279.860	56.3395	0.1981
5282.790	56.4277	0.2071
5285.720	57.1871	0.2240
5288.650	57.2743	0.2182
5291.580	56.9562	0.2189
5294.510	56.4322	0.2208
5297.440	56.5747	0.2172
5300.370	56.9600	0.2167
5303.300	57.3329	0.2274
5306.230	57.3450	0.2160
5309.160	57.1788	0.2155
5312.090	56.8965	0.2050
5315.020	56.6151	0.2162
5317.950	56.0488	0.2292
5320.880	55.3453	0.2244
5323.810	54.6179	0.2309
5326.740	54.7264	0.2391
5329.670	55.8089	0.2293
5332.600	56.5585	0.2318
5335.530	56.2182	0.2134
5338.460	56.0542	0.2231
5341.390	55.9918	0.2189
5344.320	56.3045	0.2188
5347.250	56.6058	0.2154
5350.180	56.8744	0.2139
5353.110	56.6854	0.2365
5356.040	56.6203	0.2232
5358.970	56.3389	0.2076
5361.900	55.8155	0.2311
5364.830	55.4240	0.2230
5367.760	55.3377	0.1995
5370.690	55.5746	0.2116
5373.620	56.4590	0.2252
5376.550	56.7528	0.2382
5379.480	56.3903	0.2030
5382.410	56.2186	0.2170
5385.340	56.1200	0.2059
5388.270	55.8377	0.2005
5391.200	55.4440	0.2152
5394.130	55.1574	0.2016
5397.060	55.0721	0.2038
5399.990	54.7911	0.2060
5402.920	54.5494	0.2208
5405.850	54.9548	0.2268
5408.780	55.5173	0.2249
5411.710	55.9089	0.2249
5414.640	56.1871	0.2242
5417.570	56.2241	0.2009
5420.500	55.8598	0.2007
5423.430	55.3229	0.1974
5426.360	55.2360	0.2190
5429.290	55.2248	0.1946
5432.220	55.5281	0.1945
5435.150	56.0186	0.2070
5438.080	55.6940	0.2097
5441.010	55.3739	0.2088
5443.940	55.1424	0.2174
5446.870	55.3327	0.1946
5449.800	55.2980	0.1973
5452.730	55.1120	0.1837
5455.660	55.4061	0.1755
5458.590	55.6688	0.1842
5461.520	55.6568	0.1790
5464.450	55.7562	0.1778
5467.380	55.7749	0.1865
5470.310	55.4102	0.1928
5473.240	55.2261	0.1932
5476.170	55.4808	0.2004
5479.100	55.6536	0.2014
5482.030	55.6543	0.1954
5484.960	55.6681	0.1886
5487.890	55.6389	0.1784
5490.820	55.4817	0.1929
5493.750	55.2192	0.1930
5496.680	55.2744	0.1948
5499.610	55.2804	0.1857
5502.540	55.2783	0.1829
5505.470	55.2597	0.1896
5508.400	55.3103	0.2038
5511.330	55.3809	0.2111
5514.260	55.5311	0.1982
5517.190	55.6356	0.1945
5520.120	55.3931	0.1939
5523.050	55.0834	0.1962
5525.980	55.1118	0.1870
5528.910	55.2831	0.1945
5531.840	55.4082	0.2153
5534.770	55.4032	0.2155
5537.700	55.5351	0.2144
5540.630	55.5737	0.2021
5543.560	55.4726	0.1870
5546.490	55.4269	0.1947
5549.420	55.5137	0.1942
5552.350	55.4287	0.1963
5555.280	55.2088	0.1972
5558.210	55.0508	0.2028
5561.140	54.8840	0.2090
5564.070	54.7060	0.2095
5567.000	54.4500	0.1883
5569.930	54.5369	0.1909
5572.860	54.6797	0.1971
5575.790	54.6117	0.2231
5578.720	54.3122	0.2132
5581.650	53.9417	0.2021
5584.580	53.8436	0.2101
5587.510	54.0784	0.2146
5590.440	54.2143	0.2095
5593.370	54.1334	0.1980
5596.300	54.1473	0.1996
5599.230	54.3539	0.1951
5602.160	54.7899	0.1855
5605.090	54.8410	0.2002
5608.020	54.4258	0.2121
5610.950	54.0255	0.2014
5613.880	54.3481	0.1895
5616.810	54.5806	0.1997
5619.740	54.6630	0.1925
5622.670	54.7360	0.1891
5625.600	54.8878	0.1974
5628.530	54.8233	0.2108
5631.460	54.7566	0.2048
5634.390	54.8787	0.2038
5637.320	54.7202	0.2078
5640.250	54.5037	0.2261
5643.180	54.6435	0.2000
5646.110	54.6399	0.2007
5649.040	54.4912	0.2012
5651.970	54.3292	0.1903
5654.900	54.3259	0.1884
5657.830	54.4191	0.2032
5660.760	54.5432	0.1936
5663.690	54.7586	0.1920
5666.620	54.7085	0.1924
5669.550	54.5887	0.1963
5672.480	54.4788	0.2009
5675.410	54.4211	0.2155
5678.340	54.2820	0.2134
5681.270	54.2522	0.2193
5684.200	54.3631	0.1951
5687.130	54.5483	0.1972
5690.060	54.4239	0.1883
5692.990	54.2997	0.1954
5695.920	54.2225	0.1961
5698.850	54.1446	0.1922
5701.780	53.9761	0.1851
5704.710	53.9226	0.1987
5707.640	53.8973	0.2226
5710.570	54.1210	0.2162
5713.500	54.1319	0.2093
5716.430	54.2782	0.2129
5719.360	54.2161	0.2061
5722.290	54.1202	0.1921
5725.220	54.1889	0.1904
5728.150	54.2105	0.1882
5731.080	54.0656	0.1886
5734.010	54.1661	0.1767
5736.940	54.0446	0.1810
5739.870	53.9388	0.1772
5742.800	54.0442	0.1871
5745.730	54.0311	0.1877
5748.660	53.9570	0.1938
5751.590	53.9452	0.1884
5754.520	53.8446	0.1989
5757.450	53.6621	0.2058
5760.380	53.7583	0.2028
5763.310	53.8550	0.1919
5766.240	53.8219	0.1985
5769.170	53.8088	0.1944
5772.100	53.8797	0.1840
5775.030	53.8393	0.1803
5777.960	53.8231	0.1785
5780.890	53.7518	0.1849
5783.820	53.7820	0.1950
5786.750	53.6915	0.1941
5789.680	53.6151	0.1985
5792.610	53.5875	0.1901
5795.540	53.6285	0.1929
5798.470	53.5836	0.1893
5801.400	53.5507	0.2015
5804.330	53.3775	0.2026
5807.260	53.4684	0.2139
5810.190	53.3401	0.1991
5813.120	53.4646	0.1898
5816.050	53.5504	0.1904
5818.980	53.6084	0.1864
5821.910	53.4044	0.1865
5824.840	53.3626	0.1837
5827.770	53.3685	0.1904
5830.700	53.3781	0.1975
5833.630	53.4624	0.1830
5836.560	53.3824	0.1855
5839.490	53.1903	0.1972
5842.420	53.1433	0.1857
5845.350	53.0406	0.1812
5848.280	53.0135	0.1847
5851.210	52.6545	0.1973
5854.140	52.6385	0.2098
5857.070	52.7649	0.2126
5860.000	52.8411	0.2055
5862.930	52.8677	0.2023
5865.860	53.0519	0.2061
5868.790	53.2131	0.2200
5871.720	53.4981	0.3600
5874.650	53.7065	0.3979
5877.580	53.2057	0.2771
5880.510	52.2642	0.1805
5883.440	51.2559	0.1709
5886.370	50.6305	0.2127
5889.300	50.8330	0.2769
5892.230	51.2949	0.2533
5895.160	52.0555	0.2227
5898.090	52.5794	0.1940
5901.020	52.5574	0.1986
5903.950	52.6477	0.2008
5906.880	52.5179	0.1975
5909.810	52.5908	0.1961
5912.740	52.5822	0.1882
5915.670	52.5613	0.1821
5918.600	52.6487	0.1858
5921.530	52.5281	0.2071
5924.460	52.5567	0.2090
5927.390	52.5177	0.2072
5930.320	52.4954	0.1993
5933.250	52.6486	0.1900
5936.180	52.4939	0.1826
5939.110	52.3871	0.1741
5942.040	52.2345	0.2018
5944.970	52.1721	0.2081
5947.900	52.3292	0.1981
5950.830	52.3879	0.1954
5953.760	52.4254	0.1904
5956.690	52.2467	0.1931
5959.620	52.2786	0.1756
5962.550	52.3391	0.1820
5965.480	52.2442	0.1815
5968.410	52.1701	0.1959
5971.340	52.0499	0.2051
5974.270	52.1207	0.2035
5977.200	52.0743	0.2079
5980.130	52.0476	0.1968
5983.060	52.0535	0.1992
5985.990	52.0383	0.2037
5988.920	52.0591	0.1921
5991.850	51.9848	0.1999
5994.780	51.8466	0.1937
5997.710	51.8683	0.2001
6000.640	51.6943	0.2177
6003.570	51.6487	0.2189
6006.500	51.7946	0.2148
6009.430	51.8085	0.2086
6012.360	51.7006	0.1898
6015.290	51.6144	0.1847
6018.220	51.4681	0.1863
6021.150	51.6544	0.1836
6024.080	51.7254	0.1939
6027.010	51.7954	0.1794
6029.940	51.6947	0.1874
6032.870	51.6890	0.1892
6035.800	51.6169	0.1961
6038.730	51.7792	0.1725
6041.660	51.6564	0.1794
6044.590	51.5140	0.1905
6047.520	51.5115	0.1915
6050.450	51.6237	0.1982
6053.380	51.4406	0.2055
6056.310	51.3352	0.2039
6059.240	51.0774	0.2002
6062.170	51.1395	0.1956
6065.100	51.3585	0.1869
6068.030	51.4343	0.1822
6070.960	51.3174	0.1825
6073.890	51.1849	0.1756
6076.820	51.2006	0.1842
6079.750	51.2111	0.1842
6082.680	51.1632	0.1805
6085.610	51.0063	0.1974
6088.540	51.0071	0.1812
6091.470	50.9479	0.1917
6094.400	50.6991	0.1860
6097.330	50.5112	0.1832
6100.260	50.7683	0.1867
6103.190	50.9251	0.1821
6106.120	51.0204	0.1767
6109.050	50.8004	0.1816
6111.980	50.5840	0.1859
6114.910	50.2750	0.1863
6117.840	50.2481	0.1873
6120.770	50.4675	0.1802
6123.700	50.6218	0.1831
6126.630	50.3554	0.1888
6129.560	50.1500	0.1846
6132.490	50.0045	0.1741
6135.420	50.2247	0.1800
6138.350	50.4916	0.1926
6141.280	50.6225	0.1791
6144.210	50.5878	0.1791
6147.140	50.6100	0.1822
6150.070	50.4486	0.1762
6153.000	50.0958	0.1687
6155.930	49.5895	0.1738
6158.860	49.5329	0.1936
6161.790	49.8878	0.2172
6164.720	49.9405	0.2080
6167.650	50.2203	0.1989
6170.580	50.3099	0.1769
6173.510	50.4223	0.1771
6176.440	50.3168	0.1746
6179.370	50.2342	0.1723
6182.300	50.0366	0.1737
6185.230	49.9298	0.1686
6188.160	50.0119	0.1766
6191.090	50.1409	0.1951
6194.020	50.2400	0.1878
6196.950	50.2559	0.1876
6199.880	50.2809	0.1798
6202.810	50.3652	0.1749
6205.740	50.0935	0.1714
6208.670	49.9860	0.1745
6211.600	49.9324	0.1784
6214.530	49.9290	0.1818
6217.460	49.8236	0.1891
6220.390	49.7026	0.1780
6223.320	49.5069	0.1746
6226.250	49.3783	0.1821
6229.180	49.6131	0.1873
6232.110	49.8146	0.1817
6235.040	49.6718	0.1751
6237.970	49.6136	0.1930
6240.900	49.4790	0.1881
6243.830	49.4612	0.1854
6246.760	49.2957	0.1810
6249.690	49.1664	0.1823
6252.620	49.3341	0.1764
6255.550	49.5023	0.1788
6258.480	49.6121	0.1691
6261.410	49.5039	0.1741
6264.340	49.4618	0.1894
6267.270	49.5895	0.1822
6270.200	49.6503	0.1916
6273.130	49.5040	0.1805
6276.060	49.5403	0.1728
6278.990	49.6313	0.1795
6281.920	49.7582	0.1897
6284.850	49.7214	0.2056
6287.780	49.6747	0.1849
6290.710	49.5359	0.1732
6293.640	49.3837	0.1681
6296.570	49.3691	0.1758
6299.500	49.4428	0.1774
6302.430	49.4885	0.1763
6305.360	49.3691	0.1839
6308.290	49.2750	0.2001
6311.220	49.1866	0.1964
6314.150	49.0606	0.2149
6317.080	48.9711	0.1934
6320.010	48.9646	0.1798
6322.940	48.8649	0.1869
6325.870	48.5611	0.1923
6328.800	48.3770	0.1841
6331.730	48.2738	0.1618
6334.660	48.3445	0.1687
6337.590	48.5983	0.1623
6340.520	48.8376	0.1584
6343.450	48.8847	0.1599
6346.380	48.8833	0.1509
6349.310	48.8613	0.1602
6352.240	48.8254	0.1603
6355.170	48.8890	0.1650
6358.100	48.9995	0.1671
6361.030	48.8970	0.1613
6363.960	48.8132	0.1661
6366.890	48.7106	0.1720
6369.820	48.6237	0.1836
6372.750	48.6542	0.1829
6375.680	48.6439	0.1812
6378.610	48.6709	0.1808
6381.540	48.5653	0.1695
6384.470	48.4757	0.1667
6387.400	48.3366	0.1839
6390.330	48.2098	0.1693
6393.260	48.1624	0.1654
6396.190	48.0657	0.1706
6399.120	48.1470	0.1645
6402.050	48.1345	0.1668
6404.980	48.0372	0.1725
6407.910	48.0014	0.1837
6410.840	48.0814	0.1835
6413.770	47.9249	0.1754
6416.700	47.9021	0.1710
6419.630	48.0449	0.1670
6422.560	48.0882	0.1604
6425.490	47.9746	0.1695
6428.420	47.9215	0.1724
6431.350	47.7239	0.1635
6434.280	47.6414	0.1689
6437.210	47.8143	0.1882
6440.140	47.8550	0.1984
6443.070	47.7789	0.1818
6446.000	47.7002	0.1793
6448.930	47.8303	0.1789
6451.860	47.7723	0.1800
6454.790	47.5662	0.1751
6457.720	47.4680	0.1832
6460.650	47.5210	0.1776
6463.580	47.7404	0.1655
6466.510	47.8108	0.1694
6469.440	47.7306	0.1730
6472.370	47.5962	0.1732
6475.300	47.5477	0.1691
6478.230	47.6087	0.1694
6481.160	47.6533	0.1705
6484.090	47.4840	0.1682
6487.020	46.9943	0.1712
6489.950	46.7396	0.1677
6492.880	47.0176	0.1858
6495.810	47.4651	0.1981
6498.740	47.6259	0.1837
6501.670	47.5725	0.1817
6504.600	47.5994	0.1886
6507.530	47.5283	0.1857
6510.460	47.4244	0.1851
6513.390	47.4524	0.1793
6516.320	47.3974	0.1873
6519.250	47.2395	0.1881
6522.180	47.2567	0.1880
6525.110	47.2781	0.1795
6528.040	47.2843	0.1769
6530.970	47.1983	0.1750
6533.900	47.1288	0.1669
6536.830	46.9854	0.1714
6539.760	46.7878	0.1745
6542.690	46.5316	0.2002
6545.620	46.0289	0.1994
6548.550	45.0021	0.2098
6551.480	42.9561	0.2341
6554.410	40.0803	0.2383
6557.340	38.4086	0.2235
6560.270	40.6562	0.2909
6563.200	43.9889	0.3334
6566.130	45.7707	0.2432
6569.060	46.0947	0.2457
6571.990	46.1158	0.1615
6574.920	46.1820	0.1514
6577.850	46.2417	0.1544
6580.780	46.3371	0.1568
6583.710	46.3226	0.1509
6586.640	46.3510	0.1588
6589.570	46.3590	0.1836
6592.500	46.5621	0.1943
6595.430	46.7512	0.1684
6598.360	46.8030	0.1687
6601.290	46.8016	0.1697
6604.220	46.7779	0.1621
6607.150	46.8354	0.1640
6610.080	46.7921	0.1699
6613.010	46.6712	0.1677
6615.940	46.7323	0.1737
6618.870	46.7841	0.1635
6621.800	46.7643	0.1563
6624.730	46.6263	0.1682
6627.660	46.5479	0.1621
6630.590	46.5368	0.1737
6633.520	46.4953	0.1783
6636.450	46.4045	0.1766
6639.380	46.3418	0.1748
6642.310	46.3749	0.1777
6645.240	46.3570	0.1838
6648.170	46.3885	0.1693
6651.100	46.2851	0.1631
6654.030	46.2188	0.1704
6656.960	46.2307	0.1591
6659.890	46.1962	0.1718
6662.820	46.2011	0.1770
6665.750	46.0867	0.1936
6668.680	45.9856	0.1625
6671.610	46.0741	0.1752
6674.540	46.3635	0.2606
6677.470	46.5239	0.2962
6680.400	46.4103	0.2223
6683.330	46.1982	0.1765
6686.260	46.0732	0.1683
6689.190	46.0279	0.1559
6692.120	46.0089	0.1532
6695.050	45.9879	0.1710
6697.980	45.9177	0.1804
6700.910	45.8522	0.1697
6703.840	45.7891	0.1672
6706.770	45.7809	0.1625
6709.700	45.6608	0.1731
6712.630	45.6860	0.1626
6715.560	45.7461	0.1652
6718.490	45.7554	0.1701
6721.420	45.6947	0.1901
6724.350	45.6201	0.1837
6727.280	45.6229	0.1774
6730.210	45.6161	0.1834
6733.140	45.5659	0.1729
6736.070	45.5987	0.1722
6739.000	45.6328	0.1610
6741.930	45.6309	0.1603
6744.860	45.5621	0.1696
6747.790	45.5372	0.1725
6750.720	45.5942	0.1709
6753.650	45.5105	0.1780
6756.580	45.4742	0.1592
6759.510	45.3840	0.1542
6762.440	45.3536	0.1549
6765.370	45.3794	0.1653
6768.300	45.3335	0.1617
6771.230	45.3183	0.1624
6774.160	45.2814	0.1720
6777.090	45.2664	0.1644
6780.020	45.2868	0.1604
6782.950	45.3069	0.1512
6785.880	45.2340	0.1486
6788.810	45.1709	0.1607
6791.740	45.1217	0.1614
6794.670	45.2281	0.1586
6797.600	45.1749	0.1546
6800.530	45.0844	0.1555
6803.460	45.0900	0.1493
6806.390	45.0318	0.1623
6809.320	45.0306	0.1584
6812.250	45.0728	0.1442
6815.180	44.9887	0.1492
6818.110	44.9659	0.1493
6821.040	44.8938	0.1526
6823.970	44.8151	0.1651
6826.900	44.8427	0.1708
6829.830	44.8264	0.1712
6832.760	44.8254	0.1673
6835.690	44.8174	0.1668
6838.620	44.8447	0.1643
6841.550	44.8424	0.1544
6844.480	44.7325	0.1572
6847.410	44.5900	0.1627
6850.340	44.5713	0.1642
6853.270	44.5358	0.1720
6856.200	44.4956	0.1737
6859.130	44.4906	0.1773
6862.060	44.5260	0.1670
6864.990	44.6039	0.1679
6867.920	44.5808	0.1761
6870.850	44.3564	0.1609
6873.780	44.3024	0.1518
6876.710	44.3356	0.1520
6879.640	44.3215	0.1598
6882.570	44.3244	0.1721
6885.500	44.3586	0.1895
6888.430	44.4150	0.1772
6891.360	44.4232	0.1652
6894.290	44.3331	0.1553
6897.220	44.3147	0.1530
6900.150	44.3835	0.1472
6903.080	44.3305	0.1497
6906.010	44.2787	0.1503
6908.940	44.2286	0.1623
6911.870	44.1338	0.1622
6914.800	44.1326	0.1562
6917.730	44.0476	0.1524
6920.660	44.0273	0.1537
6923.590	44.0970	0.1518
6926.520	44.0896	0.1506
6929.450	43.9944	0.1464
6932.380	43.9448	0.1489
6935.310	43.9388	0.1446
6938.240	43.8837	0.1473
6941.170	43.8553	0.1497
6944.100	43.8486	0.1455
6947.030	43.8260	0.1563
6949.960	43.8233	0.1616
6952.890	43.7939	0.1560
6955.820	43.7123	0.1515
6958.750	43.7156	0.1481
6961.680	43.7212	0.1501
6964.610	43.6567	0.1587
6967.540	43.6239	0.1604
6970.470	43.5528	0.1579
6973.400	43.5471	0.1529
6976.330	43.6411	0.1544
6979.260	43.6719	0.1591
6982.190	43.6093	0.1485
6985.120	43.4971	0.1530
6988.050	43.4565	0.1572
6990.980	43.4473	0.1656
6993.910	43.3755	0.1627
6996.840	43.3236	0.1593
6999.770	43.3178	0.1622
7002.700	43.2705	0.1647
7005.630	43.2613	0.1612
7008.560	43.1737	0.1592
7011.490	43.0892	0.1531
7014.420	43.1482	0.1444
7017.350	43.1912	0.1497
7020.280	43.1579	0.1502
7023.210	43.1970	0.1548
7026.140	43.2050	0.1546
7029.070	43.1985	0.1498
7032.000	43.2482	0.1405
7034.930	43.2286	0.1355
7037.860	43.1688	0.1358
7040.790	43.0843	0.1402
7043.720	43.0313	0.1500
7046.650	43.0434	0.1464
7049.580	42.9836	0.1398
7052.510	42.9967	0.1407
7055.440	43.0093	0.1507
7058.370	43.0931	0.1656
7061.300	43.0845	0.1885
7064.230	43.0783	0.2318
7067.160	42.9986	0.1932
7070.090	42.7904	0.1452
7073.020	42.6930	0.1468
7075.950	42.7509	0.1521
7078.880	42.6891	0.1428
7081.810	42.6189	0.1395
7084.740	42.5871	0.1453
7087.670	42.5824	0.1421
7090.600	42.5405	0.1402
7093.530	42.5575	0.1402
7096.460	42.5205	0.1388
7099.390	42.5097	0.1413
7102.320	42.4610	0.1478
7105.250	42.4959	0.1592
7108.180	42.4563	0.1576
7111.110	42.3700	0.1546
7114.040	42.2986	0.1426
7116.970	42.2409	0.1473
7119.900	42.2733	0.1535
7122.830	42.3450	0.1590
7125.760	42.3149	0.1534
7128.690	42.3300	0.1416
7131.620	42.3280	0.1424
7134.550	42.2723	0.1428
7137.480	42.1707	0.1413
7140.410	42.0221	0.1391
7143.340	41.9737	0.1572
7146.270	42.1131	0.1514
7149.200	42.1356	0.1537
7152.130	42.0837	0.1541
7155.060	42.0234	0.1477
7157.990	41.9696	0.1511
7160.920	41.9860	0.1466
7163.850	42.0151	0.1618
7166.780	42.0034	0.1621
7169.710	41.9569	0.1771
7172.640	41.9479	0.1818
7175.570	41.8612	0.1740
7178.500	41.6949	0.1670
7181.430	41.6198	0.1554
7184.360	41.6690	0.1543
7187.290	41.7581	0.1509
7190.220	41.6892	0.1468
7193.150	41.6005	0.1448
7196.080	41.6046	0.1451
7199.010	41.5297	0.1592
7201.940	41.4220	0.1559
7204.870	41.5098	0.1491
7207.800	41.6287	0.1446
7210.730	41.6868	0.1429
7213.660	41.6263	0.1409
7216.590	41.6132	0.1426
7219.520	41.7301	0.1539
7222.450	41.7151	0.1916
7225.380	41.6648	0.1824
7228.310	41.5584	0.1589
7231.240	41.4997	0.1533
7234.170	41.5218	0.1517
7237.100	41.4550	0.1496
7240.030	41.4292	0.1493
7242.960	41.4980	0.1565
7245.890	41.4689	0.1645
7248.820	41.4278	0.1594
7251.750	41.4169	0.1591
7254.680	41.3995	0.1543
7257.610	41.3814	0.1459
7260.540	41.3297	0.1401
7263.470	41.3187	0.1511
7266.400	41.1559	0.1481
7269.330	41.0847	0.1585
7272.260	41.1621	0.1610
7275.190	41.1299	0.1594
7278.120	41.1581	0.1687
7281.050	41.1255	0.1739
7283.980	41.0249	0.1552
7286.910	40.8878	0.1599
7289.840	40.8946	0.1651
7292.770	40.8989	0.1576
7295.700	40.8837	0.1530
7298.630	40.8799	0.1540
7301.560	40.9496	0.1530
7304.490	40.9086	0.1529
7307.420	40.8003	0.1493
7310.350	40.8464	0.1475
7313.280	40.8563	0.1478
7316.210	40.7296	0.1503
7319.140	40.6365	0.1423
7322.070	40.6926	0.1392
7325.000	40.7838	0.1480
7327.930	40.8169	0.1477
7330.860	40.7718	0.1491
7333.790	40.6614	0.1632
7336.720	40.6097	0.1684
7339.650	40.6478	0.1560
7342.580	40.6407	0.1453
7345.510	40.6132	0.1393
7348.440	40.5979	0.1399
7351.370	40.5202	0.1545
7354.300	40.4488	0.1605
7357.230	40.4817	0.1473
7360.160	40.4979	0.1470
7363.090	40.4650	0.1477
7366.020	40.3982	0.1469
7368.950	40.4416	0.1408
7371.880	40.4651	0.1418
7374.810	40.4158	0.1372
7377.740	40.3052	0.1430
7380.670	40.2173	0.1401
7383.600	40.1798	0.1488
7386.530	40.1630	0.1473
7389.460	40.3076	0.1436
7392.390	40.2732	0.1417
7395.320	40.1635	0.1393
7398.250	40.0301	0.1398
7401.180	39.8751	0.1378
7404.110	39.7721	0.1359
7407.040	39.8445	0.1420
7409.970	39.9772	0.1536
7412.900	39.9777	0.1586
7415.830	39.8963	0.1520
7418.760	39.9504	0.1394
7421.690	40.0806	0.1486
7424.620	40.1179	0.1494
7427.550	40.0739	0.1383
7430.480	40.0577	0.1395
7433.410	39.9315	0.1383
7436.340	39.7310	0.1377
7439.270	39.5974	0.1434
7442.200	39.6995	0.1343
7445.130	39.8554	0.1446
7448.060	39.8629	0.1461
7450.990	39.7801	0.1522
7453.920	39.5825	0.1575
7456.850	39.5265	0.1495
7459.780	39.5932	0.1520
7462.710	39.6425	0.1530
7465.640	39.6232	0.1564
7468.570	39.6073	0.1513
7471.500	39.5440	0.1527
7474.430	39.5569	0.1653
7477.360	39.4684	0.1586
7480.290	39.3781	0.1570
7483.220	39.3763	0.1494
7486.150	39.3189	0.1454
7489.080	39.1859	0.1433
7492.010	39.1884	0.1513
7494.940	39.2832	0.1535
7497.870	39.1554	0.1565
7500.800	39.0453	0.1537
7503.730	38.9904	0.1471
7506.660	39.0541	0.1439
7509.590	39.2132	0.1477
7512.520	39.2594	0.1471
7515.450	39.1835	0.1358
7518.380	39.1964	0.1417
7521.310	39.1966	0.1489
7524.240	39.1147	0.1551
7527.170	39.1109	0.1512
7530.100	39.1576	0.1494
7533.030	39.1477	0.1493
7535.960	39.1129	0.1369
7538.890	39.0093	0.1433
7541.820	38.9604	0.1506
7544.750	38.8581	0.1481
7547.680	38.7799	0.1319
7550.610	38.8222	0.1367
7553.540	38.8966	0.1341
7556.470	38.9395	0.1340
7559.400	38.9094	0.1402
7562.330	38.8514	0.1500
7565.260	38.7866	0.1636
7568.190	38.7711	0.1683
7571.120	38.7904	0.1517
7574.050	38.7661	0.1375
7576.980	38.6601	0.1356
7579.910	38.5629	0.1461
7582.840	38.6268	0.1540
7585.770	38.6925	0.1703
7588.700	38.6747	0.1795
7591.630	38.6568	0.2017
7594.560	38.7369	0.2201
7597.490	38.8894	0.2323
7600.420	38.6058	0.2033
7603.350	38.5877	0.1844
7606.280	38.3159	0.1601
7609.210	37.9983	0.1648
7612.140	37.9142	0.1644
7615.070	38.2166	0.1673
7618.000	38.4025	0.1498
7620.930	38.4352	0.1550
7623.860	38.4456	0.1851
7626.790	38.3695	0.1677
7629.720	38.2028	0.1595
7632.650	38.2050	0.1449
7635.580	38.1580	0.1334
7638.510	38.0880	0.1402
7641.440	38.0954	0.1607
7644.370	38.0380	0.1464
7647.300	38.0271	0.1422
7650.230	37.9460	0.1516
7653.160	37.7896	0.1450
7656.090	37.6427	0.1538
7659.020	37.6541	0.1627
7661.950	37.8746	0.1622
7664.880	38.1377	0.1515
7667.810	38.1848	0.1305
7670.740	38.1121	0.1338
7673.670	38.0714	0.1456
7676.600	38.0599	0.1459
7679.530	37.9982	0.1499
7682.460	37.8734	0.1428
7685.390	37.8050	0.1566
7688.320	37.6279	0.1504
7691.250	37.5207	0.1507
7694.180	37.5854	0.1401
7697.110	37.7334	0.1385
7700.040	37.8755	0.1410
7702.970	37.7582	0.1373
7705.900	37.5957	0.1366
7708.830	37.5855	0.1382
7711.760	37.6765	0.1470
7714.690	37.6398	0.1448
7717.620	37.6610	0.1348
7720.550	37.6994	0.1487
7723.480	37.7337	0.1551
7726.410	37.7459	0.1484
7729.340	37.7526	0.1519
7732.270	37.6506	0.1531
7735.200	37.5164	0.1385
7738.130	37.4603	0.1397
7741.060	37.3839	0.1322
7743.990	37.3507	0.1421
7746.920	37.4174	0.1376
7749.850	37.5145	0.1296
7752.780	37.4281	0.1336
7755.710	37.4320	0.1389
7758.640	37.4336	0.1312
7761.570	37.3430	0.1384
7764.500	37.2315	0.1363
7767.430	37.2812	0.1312
7770.360	37.1948	0.1450
7773.290	37.1739	0.1547
7776.220	37.2604	0.1429
7779.150	37.1462	0.1440
7782.080	37.0828	0.1350
7785.010	37.0782	0.1377
7787.940	37.1004	0.1365
7790.870	37.0480	0.1324
7793.800	37.0035	0.1290
7796.730	37.1115	0.1327
7799.660	37.1766	0.1341
7802.590	37.0822	0.1456
7805.520	36.9779	0.1598
7808.450	37.0019	0.1454
7811.380	37.0952	0.1415
7814.310	37.0419	0.1364
7817.240	36.9228	0.1390
7820.170	36.9498	0.1373
7823.100	36.9000	0.1330
7826.030	36.7697	0.1357
7828.960	36.7307	0.1456
7831.890	36.7863	0.1550
7834.820	36.9091	0.1427
7837.750	36.7566	0.1384
7840.680	36.7576	0.1360
7843.610	36.6771	0.1299
7846.540	36.6140	0.1446
7849.470	36.7937	0.1537
7852.400	36.7684	0.1465
7855.330	36.6974	0.1541
7858.260	36.6755	0.1410
7861.190	36.6559	0.1348
7864.120	36.7152	0.1413
7867.050	36.6785	0.1465
7869.980	36.5552	0.1510
7872.910	36.4841	0.1451
7875.840	36.5215	0.1468
7878.770	36.4841	0.1417
7881.700	36.3743	0.1398
7884.630	36.3988	0.1466
7887.560	36.3416	0.1431
7890.490	36.3852	0.1318
7893.420	36.5278	0.1333
7896.350	36.6114	0.1384
7899.280	36.5849	0.1540
7902.210	36.4999	0.1516
7905.140	36.3852	0.1522
7908.070	36.2995	0.1508
7911.000	36.2009	0.1566
7913.930	36.1268	0.1519
7916.860	36.1373	0.1503
7919.790	36.1108	0.1409
7922.720	35.9552	0.1532
7925.650	35.9426	0.1438
7928.580	35.9149	0.1377
7931.510	35.8339	0.1408
7934.440	35.8528	0.1425
7937.370	35.8240	0.1358
7940.300	35.9302	0.1300
7943.230	36.0304	0.1267
7946.160	36.1177	0.1299
7949.090	36.1107	0.1330
7952.020	35.9823	0.1314
7954.950	35.9611	0.1366
7957.880	35.9551	0.1445
7960.810	35.8509	0.1516
7963.740	35.7745	0.1558
7966.670	35.8251	0.1478
7969.600	35.8263	0.1427
7972.530	35.8561	0.1539
7975.460	35.8341	0.1413
7978.390	35.8422	0.1451
7981.320	35.8092	0.1399
7984.250	35.7658	0.1404
7987.180	35.6978	0.1512
7990.110	35.5419	0.1505
7993.040	35.4135	0.1395
7995.970	35.5664	0.1379
7998.900	35.6532	0.1348
8001.830	35.5242	0.1325
8004.760	35.5300	0.1226
8007.690	35.5980	0.1191
8010.620	35.6806	0.1195
8013.550	35.6661	0.1236
8016.480	35.7121	0.1363
8019.410	35.6064	0.1429
8022.340	35.6302	0.1464
8025.270	35.6811	0.1382
8028.200	35.7559	0.1507
8031.130	35.5176	0.1413
8034.060	35.3570	0.1319
8036.990	35.2093	0.1343
8039.920	35.0783	0.1324
8042.850	35.1855	0.1325
8045.780	35.2493	0.1339
8048.710	35.1592	0.1409
8051.640	35.0947	0.1395
8054.570	35.0779	0.1584
8057.500	35.0425	0.1429
8060.430	35.1257	0.1338
8063.360	35.1672	0.1331
8066.290	35.2581	0.1257
8069.220	35.2711	0.1397
8072.150	35.2614	0.1351
8075.080	35.2075	0.1362
8078.010	35.1492	0.1459
8080.940	34.9832	0.1515
8083.870	34.9610	0.1421
8086.800	34.8951	0.1341
8089.730	34.8455	0.1319
8092.660	34.9395	0.1324
8095.590	34.9611	0.1341
8098.520	34.8504	0.1317
8101.450	34.6889	0.1384
8104.380	34.7706	0.1372
8107.310	34.7989	0.1438
8110.240	34.7388	0.1360
8113.170	34.8428	0.1459
8116.100	34.8422	0.1529
8119.030	34.7792	0.1443
8121.960	34.8332	0.1395
8124.890	34.9033	0.1318
8127.820	34.9634	0.1265
8130.750	34.9972	0.1320
8133.680	34.8284	0.1274
8136.610	34.5960	0.1344
8139.540	34.5266	0.1374
8142.470	34.5164	0.1390
8145.400	34.6056	0.1235
8148.330	34.5844	0.1243
8151.260	34.5942	0.1318
8154.190	34.6094	0.1347
8157.120	34.6263	0.1456
8160.050	34.5831	0.1439
8162.980	34.5264	0.1486
8165.910	34.4203	0.1542
8168.840	34.3452	0.1699
8171.770	34.3567	0.1632
8174.700	34.2154	0.1564
8177.630	34.1319	0.1524
8180.560	34.1540	0.1620
8183.490	34.0441	0.1649
8186.420	33.8745	0.1502
8189.350	33.8482	0.1494
8192.280	33.9983	0.1391
8195.210	34.1759	0.1457
8198.140	34.2087	0.1318
8201.070	34.0991	0.1275
8204.000	33.9466	0.1299
8206.930	33.9418	0.1337
8209.860	33.8857	0.1283
8212.790	33.9065	0.1252
8215.720	33.9844	0.1181
8218.650	34.1044	0.1285
8221.580	34.1158	0.1412
8224.510	34.0046	0.1587
8227.440	33.9744	0.1825
8230.370	33.9358	0.2053
8233.300	33.9953	0.1837
8236.230	34.0417	0.1566
8239.160	33.9382	0.1403
8242.090	33.8684	0.1186
8245.020	33.9307	0.1194
8247.950	33.9240	0.1266
8250.880	33.8571	0.1229
8253.810	33.8425	0.1289
8256.740	33.7123	0.1452
8259.670	33.6474	0.1334
8262.600	33.6387	0.1307
8265.530	33.5896	0.1275
8268.460	33.5994	0.1289
8271.390	33.6954	0.1249
8274.320	33.7387	0.1237
8277.250	33.6898	0.1202
8280.180	33.6096	0.1283
8283.110	33.5390	0.1260
8286.040	33.5962	0.1270
8288.970	33.5602	0.1322
8291.900	33.5136	0.1380
8294.830	33.4060	0.1374
8297.760	33.1860	0.1398
8300.690	33.2096	0.1261
8303.620	33.3491	0.1210
8306.550	33.3933	0.1289
8309.480	33.4418	0.1409
8312.410	33.4147	0.1474
8315.340	33.3802	0.1444
8318.270	33.0807	0.1447
8321.200	32.9247	0.1373
8324.130	33.0920	0.1317
8327.060	33.2020	0.1504
8329.990	33.1836	0.1515
8332.920	33.2676	0.1530
8335.850	33.1817	0.1477
8338.780	33.0499	0.1452
8341.710	32.9212	0.1485
8344.640	32.9425	0.1436
8347.570	33.0440	0.1269
8350.500	32.9592	0.1376
8353.430	32.8085	0.1413
8356.360	32.8957	0.1310
8359.290	32.8866	0.1282
8362.220	32.8616	0.1476
8365.150	32.8904	0.1465
8368.080	32.8917	0.1314
8371.010	32.9995	0.1220
8373.940	33.0136	0.1183
8376.870	32.9159	0.1356
8379.800	32.5706	0.1477
8382.730	32.5697	0.1558
8385.660	32.9290	0.1367
8388.590	33.0594	0.1284
8391.520	32.9354	0.1266
8394.450	32.8530	0.1389
8397.380	32.8214	0.1430
8400.310	32.7959	0.1317
8403.240	32.8178	0.1147
8406.170	32.7870	0.1135
8409.100	32.7818	0.1242
8412.030	32.6684	0.1376
8414.960	32.6205	0.1514
8417.890	32.6952	0.1255
8420.820	32.7398	0.1178
8423.750	32.6648	0.1202
8426.680	32.4659	0.1353
8429.610	32.3932	0.1610
8432.540	32.6130	0.1395
8435.470	32.6439	0.1429
8438.400	32.5355	0.1381
8441.330	32.5287	0.1271
8444.260	32.4984	0.1224
8447.190	32.3688	0.1253
8450.120	32.3715	0.1642
8453.050	32.2896	0.1329
8455.980	32.2741	0.1246
8458.910	32.0819	0.1451
8461.840	32.0012	0.1471
8464.770	32.1978	0.1506
8467.700	32.4273	0.1418
8470.630	32.4813	0.1304
8473.560	32.3898	0.1324
8476.490	32.3943	0.1392
8479.420	32.3266	0.1369
8482.350	32.2177	0.1351
8485.280	31.7682	0.1513
8488.210	30.7384	0.1468
8491.140	30.0105	0.1388
8494.070	30.7175	0.1712
8497.000	31.8975	0.2298
8499.930	32.0393	0.1799
8502.860	31.7506	0.1502
8505.790	31.5674	0.1504
8508.720	31.5041	0.1420
8511.650	31.6990	0.1301
8514.580	31.8494	0.1453
8517.510	31.7684	0.1389
8520.440	31.5533	0.1335
8523.370	31.4398	0.1310
8526.300	31.2164	0.1431
8529.230	30.2349	0.1595
8532.160	28.0040	0.1361
8535.090	26.3190	0.1243
8538.020	27.8524	0.2375
8540.950	30.5521	0.3153
8543.880	31.6679	0.2434
8546.810	31.5865	0.1537
8549.740	31.5712	0.1725
8552.670	31.5378	0.1523
8555.600	31.5966	0.1298
8558.530	31.6675	0.1267
8561.460	31.8240	0.1291
8564.390	31.8819	0.1325
8567.320	31.8146	0.1268
8570.250	31.7046	0.1288
8573.180	31.6796	0.1363
8576.110	31.6328	0.1384
8579.040	31.6828	0.1452
8581.970	31.6247	0.1588
8584.900	31.4686	0.1508
8587.830	31.3176	0.1430
8590.760	31.2714	0.1241
8593.690	31.3415	0.1204
8596.620	31.3744	0.1234
8599.550	31.3615	0.1412
8602.480	31.4041	0.1334
8605.410	31.3364	0.1192
8608.340	31.3065	0.1089
8611.270	31.3069	0.1102
8614.200	31.4159	0.1229
8617.130	31.5486	0.1164
8620.060	31.5096	0.1368
8622.990	31.4389	0.1700
8625.920	31.3227	0.1511
8628.850	31.2758	0.1384
8631.780	31.1703	0.1311
8634.710	31.0380	0.1491
8637.640	30.9301	0.1531
8640.570	30.9846	0.1495
8643.500	30.9453	0.1392
8646.430	30.7435	0.1350
8649.360	29.8365	0.1386
8652.290	27.8147	0.1306
8655.220	26.5733	0.1046
8658.150	27.9566	0.2219
8661.080	30.2032	0.2805
8664.010	30.9761	0.2248
8666.940	30.7323	0.1548
8669.870	30.6354	0.1482
8672.800	30.6415	0.1389
8675.730	30.5800	0.1365
8678.660	30.4319	0.1331
8681.590	30.3756	0.1281
8684.520	30.5568	0.1246
8687.450	30.8527	0.1267
8690.380	30.8512	0.1283
8693.310	30.8518	0.1236
8696.240	31.0042	0.1221
8699.170	30.9984	0.1254
8702.100	30.9031	0.1258
8705.030	30.8457	0.1290
8707.960	30.7931	0.1296
8710.890	30.7981	0.1256
8713.820	30.7748	0.1238
8716.750	30.6583	0.1198
8719.680	30.5645	0.1201
8722.610	30.5429	0.1285
8725.540	30.5807	0.1152
8728.470	30.5855	0.1061
8731.400	30.6510	0.1051
8734.330	30.5707	0.1122
8737.260	30.4965	0.1217
8740.190	30.4327	0.1168
8743.120	30.3362	0.1184
8746.050	30.3415	0.1185
8748.980	30.4125	0.1188
8751.910	30.4646	0.1300
8754.840	30.5131	0.1245
8757.770	30.5574	0.1240
8760.700	30.5276	0.1271
8763.630	30.5569	0.1272
8766.560	30.5701	0.1379
8769.490	30.5578	0.1400
8772.420	30.5711	0.1401
8775.350	30.4413	0.1423
8778.280	30.3377	0.1342
8781.210	30.1616	0.1401
8784.140	29.9560	0.1430
8787.070	29.9685	0.1450
8790.000	30.1441	0.1245
8792.930	30.1223	0.1177
8795.860	29.7214	0.1089
8798.790	29.2647	0.1121
8801.720	29.4641	0.1297
8804.650	30.0567	0.1533
8807.580	30.2988	0.1422
8810.510	30.1410	0.1448
8813.440	30.0144	0.1468
8816.370	29.8467	0.1412
8819.300	29.7317	0.1371
8822.230	29.8823	0.1365
8825.160	29.9071	0.1440
8828.090	29.8594	0.1286
8831.020	29.7837	0.1268
8833.950	29.8312	0.1298
8836.880	30.0134	0.1237
8839.810	30.0896	0.1113
8842.740	30.1084	0.1136
8845.670	29.9593	0.1232
8848.600	29.8064	0.1497
8851.530	29.7749	0.1490
8854.460	29.6027	0.1390
8857.390	29.4807	0.1312
8860.320	29.5814	0.1178
8863.250	29.6299	0.1275
8866.180	29.6638	0.1362
8869.110	29.7277	0.1316
8872.040	29.8476	0.1206
8874.970	29.8452	0.1175
8877.900	29.9034	0.1053
8880.830	29.8798	0.1141
8883.760	29.7712	0.1288
8886.690	29.6704	0.1181
8889.620	29.5689	0.1034
8892.550	29.5414	0.1174
8895.480	29.6083	0.1389
8898.410	29.6107	0.1400
8901.340	29.5371	0.1379
8904.270	29.5445	0.1316
8907.200	29.5227	0.1314
8910.130	29.5463	0.1189
8913.060	29.6054	0.1322
8915.990	29.5602	0.1278
8918.920	29.6302	0.1214
8921.850	29.6174	0.1347
8924.780	29.5962	0.1422
8927.710	29.5474	0.1390
8930.640	29.3593	0.1250
8933.570	29.2001	0.1211
8936.500	29.0994	0.1227
8939.430	29.0827	0.1368
8942.360	29.2678	0.1347
8945.290	29.3674	0.1277
8948.220	29.3398	0.1259
8951.150	29.4577	0.1185
8954.080	29.4206	0.1326
8957.010	29.3439	0.1314
8959.940	29.2984	0.1158
8962.870	29.1849	0.1178
8965.800	29.2105	0.1251
8968.730	29.2206	0.1331
8971.660	29.0776	0.1460
8974.590	29.0078	0.1422
8977.520	29.0593	0.1394
8980.450	29.1045	0.1285
8983.380	29.0739	0.1233
8986.310	29.0272	0.1313
8989.240	28.9326	0.1441
8992.170	28.8438	0.1389
8995.100	28.8798	0.1456
8998.030	28.9185	0.1470
9000.960	28.8088	0.1368
9003.890	28.6861	0.1277
9006.820	28.5899	0.1312
9009.750	28.6950	0.1359
9012.680	28.9152	0.1573
9015.610	29.0777	0.1603
9018.540	29.1087	0.1383
9021.470	29.1458	0.1332
9024.400	29.0839	0.1435
9027.330	28.9869	0.1462
9030.260	28.9257	0.1257
9033.190	28.8770	0.1030
9036.120	28.8451	0.1091
9039.050	28.7387	0.1095
9041.980	28.6233	0.1267
9044.910	28.4938	0.1287
9047.840	28.5864	0.1450
9050.770	28.5302	0.1444
9053.700	28.4919	0.1269
9056.630	28.5713	0.1088
9059.560	28.5963	0.1204
9062.490	28.5837	0.1277
9065.420	28.4828	0.1388
9068.350	28.4883	0.1461
9071.280	28.6961	0.1392
9074.210	28.9043	0.1313
9077.140	28.9621	0.1297
9080.070	28.6518	0.1420
9083.000	28.4098	0.1277
9085.930	28.3793	0.1244
9088.860	28.4604	0.1323
9091.790	28.4853	0.1394
9094.720	28.4861	0.1258
9097.650	28.4250	0.1247
9100.580	28.2230	0.1309
9103.510	28.1316	0.1329
9106.440	28.1862	0.1300
9109.370	28.3899	0.1404
9112.300	28.5200	0.1418
9115.230	28.5949	0.1541
9118.160	28.4698	0.1546
9121.090	28.1813	0.1323
9124.020	27.9873	0.1207
9126.950	28.0097	0.1212
9129.880	28.0612	0.1390
9132.810	28.1487	0.1492
9135.740	28.3669	0.1388
9138.670	28.4746	0.1399
9141.600	28.4015	0.1322
9144.530	28.2337	0.1320
9147.460	28.2191	0.1212
9150.390	28.2229	0.1250
9153.320	28.2211	0.1381
9156.250	28.3352	0.1389
9159.180	28.3550	0.1414
9162.110	28.3137	0.1379
9165.040	28.1315	0.1413
9167.970	27.9128	0.1355
9170.900	27.7530	0.1285
9173.830	27.7347	0.1389
9176.760	27.7981	0.1381
9179.690	27.9136	0.1377
9182.620	28.0618	0.1420
9185.550	28.1724	0.1238
9188.480	28.2461	0.1265
9191.410	28.2338	0.1289
9194.340	28.0181	0.1313
9197.270	27.8183	0.1355
9200.200	27.8025	0.1251
9203.130	27.7312	0.1406
9206.060	27.5653	0.1375
9208.990	27.6255	0.1322
9211.920	27.6183	0.1310
9214.850	27.4591	0.1330
9217.780	27.1709	0.1372
9220.710	27.1083	0.1310
9223.640	27.2971	0.1239
9226.570	27.5741	0.1307
9229.500	27.8473	0.1344
9232.430	27.7971	0.1359
9235.360	27.6602	0.1251
9238.290	27.5739	0.1186
9241.220	27.5411	0.1239
9244.150	27.4658	0.1355
9247.080	27.3402	0.1498
9250.010	27.3376	0.1496
9252.940	27.5391	0.1335
9255.870	27.7180	0.1257
9258.800	27.6772	0.1281
9261.730	27.4878	0.1347
9264.660	27.3397	0.1366
9267.590	27.2807	0.1331
9270.520	27.2275	0.1423
9273.450	27.2184	0.1467
9276.380	27.2590	0.1540
9279.310	27.3681	0.1620
9282.240	27.3778	0.1399
9285.170	27.4138	0.1322
9288.100	27.4234	0.1310
9291.030	27.5364	0.1223
9293.960	27.6284	0.1210
9296.890	27.6749	0.1336
9299.820	27.7029	0.1439
9302.750	27.5576	0.1524
9305.680	27.4743	0.1429
9308.610	27.3515	0.1412
9311.540	27.2399	0.1437
9314.470	27.2890	0.1666
9317.400	27.1428	0.1537
9320.330	27.0739	0.1703
9323.260	27.1956	0.1863
9326.190	27.0516	0.1720
9329.120	27.0642	0.1623
9332.050	27.1131	0.1731
9334.980	27.0217	0.1940
9337.910	27.1488	0.2140
9340.840	27.4152	0.2090
9343.770	27.4079	0.2044
9346.700	27.0050	0.1810
9349.630	26.7629	0.1662
9352.560	26.7421	0.1844
9355.490	26.6506	0.1830
9358.420	26.7294	0.1681
9361.350	26.8814	0.1609
9364.280	27.0542	0.1663
9367.210	27.1763	0.1790
9370.140	27.0091	0.1748
9373.070	26.8028	0.1619
9376.000	26.7888	0.1662
9378.930	26.7350	0.1772
9381.860	26.6235	0.1717
9384.790	26.7777	0.1402
9387.720	26.9070	0.1375
9390.650	26.9075	0.1438
9393.580	26.9794	0.1616
9396.510	26.9193	0.1502
9399.440	26.6719	0.1469
9402.370	26.4635	0.1486
9405.300	26.4850	0.1608
9408.230	26.4743	0.1631
9411.160	26.5172	0.1945
9414.090	26.5809	0.1844
9417.020	26.5939	0.1544
9419.950	26.5921	0.1614
9422.880	26.6231	0.1653
9425.810	26.6046	0.1643
9428.740	26.4691	0.1562
9431.670	26.3881	0.1450
9434.600	26.5257	0.1376
9437.530	26.7160	0.1710
9440.460	26.5420	0.1935
9443.390	26.3127	0.1727
9446.320	26.4475	0.1524
9449.250	26.6023	0.1481
9452.180	26.5642	0.1557
9455.110	26.2938	0.1597
9458.040	26.0744	0.1533
9460.970	26.0381	0.1461
9463.900	26.0837	0.1366
9466.830	26.3424	0.1362
9469.760	26.4189	0.1401
9472.690	26.3736	0.1523
9475.620	26.3888	0.1597
9478.550	26.2541	0.1660
9481.480	25.9818	0.1598
9484.410	25.9617	0.1456
9487.340	25.8454	0.1524
9490.270	25.8816	0.1463
9493.200	26.0610	0.1490
9496.130	26.1596	0.1637
9499.060	26.1607	0.1785
9501.990	26.2044	0.1641
9504.920	26.2339	0.1420
9507.850	26.3220	0.1438
9510.780	26.4047	0.1590
9513.710	26.2341	0.1799
9516.640	25.9274	0.1873
9519.570	25.5952	0.1685
9522.500	25.5543	0.1451
9525.430	25.6232	0.1411
9528.360	25.7151	0.1402
9531.290	25.6549	0.1399
9534.220	25.4617	0.1443
9537.150	25.1456	0.1516
9540.080	25.1534	0.1596
9543.010	25.5546	0.1735
9545.940	25.7000	0.1711
9548.870	25.5961	0.1709
9551.800	25.4797	0.1721
9554.730	25.4847	0.1634
9557.660	25.5490	0.1708
9560.590	25.6882	0.1670
9563.520	25.7437	0.1776
9566.450	25.7134	0.1949
9569.380	25.6587	0.1800
9572.310	25.6509	0.1599
9575.240	25.4310	0.1469
9578.170	25.2163	0.1534
9581.100	25.0482	0.1551
9584.030	25.0591	0.1682
9586.960	25.2340	0.1924
9589.890	25.3118	0.1993
9592.820	25.3935	0.1950
9595.750	25.4346	0.1903
9598.680	25.2758	0.1791
9601.610	25.1408	0.1843
9604.540	25.1020	0.1982
9607.470	25.1916	0.2177
9610.400	25.3247	0.2279
9613.330	25.2069	0.2293
9616.260	25.1211	0.2092
9619.190	25.2075	0.2506
9622.120	25.0381	0.2582
9625.050	24.6892	0.2573
9627.980	24.6519	0.2336
9630.910	24.6591	0.2196
9633.840	24.8346	0.2323
9636.770	24.8674	0.2470
9639.700	24.7976	0.2374
9642.630	24.7176	0.2496
9645.560	24.7831	0.2618
9648.490	24.8269	0.2540
9651.420	24.8110	0.2600
9654.350	24.6296	0.2519
9657.280	24.5758	0.2517
9660.210	24.5414	0.2794
9663.140	24.4340	0.2786
9666.070	24.3253	0.2753
9669.000	24.4832	0.2705
9671.930	24.5091	0.2881
9674.860	24.5392	0.2918
9677.790	24.5351	0.3014
9680.720	24.2028	0.2911
9683.650	24.1064	0.3057
9686.580	24.1171	0.2981
9689.510	24.0356	0.3017
9692.440	24.0690	0.3040
9695.370	24.1368	0.3101
9698.300	24.0752	0.3055
9701.230	24.0162	0.3220
