3298.680	24.6428	0.1654
3301.060	24.4525	0.1891
3303.440	24.3170	0.1745
3305.820	24.3653	0.1559
3308.200	24.3570	0.1518
3310.580	24.1969	0.1640
3312.960	24.1811	0.1544
3315.340	24.1480	0.1572
3317.720	24.1432	0.1626
3320.100	24.0518	0.1883
3322.480	24.2277	0.1595
3324.860	24.1206	0.1444
3327.240	24.0872	0.1428
3329.620	24.1235	0.1452
3332.000	24.0264	0.1541
3334.380	24.0278	0.1498
3336.760	24.0751	0.1435
3339.140	23.9822	0.1422
3341.520	23.9673	0.1381
3343.900	23.8670	0.1436
3346.280	23.9079	0.1269
3348.660	23.9676	0.1447
3351.040	23.9759	0.1367
3353.420	23.7460	0.1478
3355.800	23.5564	0.1731
3358.180	23.4361	0.1545
3360.560	23.9604	0.1664
3362.940	23.8070	0.1415
3365.320	23.6170	0.1473
3367.700	23.5647	0.1370
3370.080	23.6056	0.1428
3372.460	23.6707	0.1428
3374.840	23.7409	0.1460
3377.220	23.3708	0.1649
3379.600	23.4316	0.1171
3381.980	23.5457	0.1193
3384.360	23.3767	0.1210
3386.740	23.3432	0.1467
3389.120	23.3976	0.1315
3391.500	23.3447	0.1233
3393.880	23.5585	0.1441
3396.260	23.5454	0.1231
3398.640	23.2992	0.1504
3401.020	23.2201	0.1574
3403.400	23.2194	0.1255
3405.780	23.1581	0.1180
3408.160	23.1723	0.1090
3410.540	23.2745	0.1163
3412.920	23.2301	0.1308
3415.300	23.1824	0.1219
3417.680	23.0460	0.1335
3420.060	22.9215	0.1446
3422.440	23.0086	0.1292
3424.820	23.1054	0.1074
3427.200	23.0066	0.1076
3429.580	22.8374	0.1334
3431.960	22.7456	0.1425
3434.340	22.7556	0.1409
3436.720	22.6610	0.1435
3439.100	22.7277	0.1280
3441.480	22.8541	0.1379
3443.860	22.7695	0.1314
3446.240	22.7739	0.1133
3448.620	22.6774	0.1430
3451.000	22.6491	0.1349
3453.380	22.6032	0.1324
3455.760	22.6449	0.1214
3458.140	22.7576	0.1081
3460.520	22.7655	0.1150
3462.900	22.6725	0.1118
3465.280	22.5291	0.1450
3467.660	22.5344	0.1332
3470.040	22.4082	0.1423
3472.420	22.5055	0.1191
3474.800	22.6585	0.1160
3477.180	22.5524	0.1321
3479.560	22.3448	0.1528
3481.940	22.2936	0.1349
3484.320	22.2404	0.1180
3486.700	22.1552	0.1243
3489.080	22.3377	0.1132
3491.460	22.3572	0.1201
3493.840	22.3844	0.1065
3496.220	22.4048	0.1103
3498.600	22.3520	0.1063
3500.980	22.2330	0.1304
3503.360	22.0995	0.1344
3505.740	22.0591	0.1245
3508.120	22.0935	0.1117
3510.500	22.1478	0.1065
3512.880	22.1504	0.1082
3515.260	22.0279	0.1083
3517.640	21.9552	0.0949
3520.020	21.8746	0.0980
3522.400	21.9225	0.1113
3524.780	21.9962	0.1450
3527.160	21.8692	0.1026
3529.540	21.8249	0.0977
3531.920	21.8828	0.1053
3534.300	21.7919	0.0979
3536.680	21.7278	0.0972
3539.060	21.7270	0.1012
3541.440	21.8056	0.1069
3543.820	21.7638	0.1115
3546.200	21.6640	0.1242
3548.580	21.6778	0.1101
3550.960	21.7445	0.1163
3553.340	21.7131	0.1181
3555.720	21.5403	0.1219
3558.100	21.5055	0.1219
3560.480	21.5470	0.1141
3562.860	21.5965	0.1015
3565.240	21.5675	0.1015
3567.620	21.5991	0.0931
3570.000	21.4190	0.1203
3572.380	21.3643	0.1044
3574.760	21.3783	0.1031
3577.140	21.3671	0.1099
3579.520	21.4829	0.1141
3581.900	21.4470	0.1108
3584.280	21.4222	0.1138
3586.660	21.3354	0.1088
3589.040	21.2988	0.1029
3591.420	21.3336	0.1102
3593.800	21.1884	0.1319
3596.180	21.0910	0.1398
3598.560	21.1373	0.1279
3600.940	21.2024	0.1021
3603.320	21.1074	0.0984
3605.700	21.1161	0.1032
3608.080	21.0786	0.0935
3610.460	21.0181	0.1117
3612.840	20.8848	0.1361
3615.220	20.8810	0.1225
3617.600	21.0269	0.0926
3619.980	20.9347	0.1136
3622.360	20.8727	0.1045
3624.740	20.7811	0.1375
3627.120	20.7856	0.1323
3629.500	20.8460	0.1128
3631.880	20.9948	0.1200
3634.260	20.9663	0.1153
3636.640	20.8348	0.1113
3639.020	20.7622	0.1026
3641.400	20.8625	0.0998
3643.780	20.8347	0.0989
3646.160	20.7901	0.0968
3648.540	20.7698	0.0998
3650.920	20.7537	0.0870
3653.300	20.6961	0.1060
3655.680	20.6538	0.1049
3658.060	20.6096	0.0997
3660.440	20.6366	0.0882
3662.820	20.5858	0.0848
3665.200	20.5617	0.0891
3667.580	20.6156	0.0885
3669.960	20.5757	0.1010
3672.340	20.3856	0.1168
3674.720	20.3846	0.1046
3677.100	20.4183	0.0974
3679.480	20.4386	0.0905
3681.860	20.4295	0.0921
3684.240	20.4335	0.0956
3686.620	20.3967	0.1003
3689.000	20.2903	0.1002
3691.380	20.2543	0.0999
3693.760	20.1757	0.1011
3696.140	20.2013	0.0982
3698.520	20.1805	0.0975
3700.900	20.1774	0.1314
3703.280	20.2736	0.1101
3705.660	20.3058	0.0995
3708.040	20.2552	0.0882
3710.420	20.0942	0.0953
3712.800	20.0067	0.1054
3715.180	20.0486	0.1180
3717.560	20.1739	0.0945
3719.940	20.2805	0.1151
3722.320	20.1735	0.0911
3724.700	19.9969	0.0985
3727.080	19.9864	0.1139
3729.460	20.1100	0.1060
3731.840	20.1183	0.1157
3734.220	20.1450	0.1128
3736.600	20.1077	0.0919
3738.980	19.8660	0.1287
3741.360	19.8008	0.1215
3743.740	19.9304	0.0874
3746.120	19.9005	0.0945
3748.500	19.8061	0.1008
3750.880	19.8144	0.1075
3753.260	19.6790	0.1578
3755.640	19.6484	0.1166
3758.020	19.7827	0.0816
3760.400	19.7916	0.0833
3762.780	19.6587	0.0933
3765.160	19.6921	0.0906
3767.540	19.7371	0.0899
3769.920	19.6804	0.0933
3772.300	19.6612	0.0907
3774.680	19.7039	0.0846
3777.060	19.6067	0.0789
3779.440	19.5587	0.0776
3781.820	19.5230	0.0812
3784.200	19.4722	0.0810
3786.580	19.4233	0.0964
3788.960	19.4483	0.0821
3791.340	19.3862	0.0862
3793.720	19.3466	0.0887
3796.100	19.3645	0.0984
3798.480	19.3199	0.0932
3800.860	19.2453	0.0837
3803.240	19.1164	0.0841
3805.620	19.0584	0.0942
3808.000	18.9915	0.0794
3810.380	18.9482	0.0886
3812.760	18.9969	0.0905
3815.140	19.0690	0.1134
3817.520	19.1428	0.1120
3819.900	19.0162	0.1137
3822.280	18.9683	0.0936
3824.660	18.9417	0.0771
3827.040	19.0237	0.0764
3829.420	19.0532	0.0777
3831.800	19.1082	0.0792
3834.180	19.1601	0.0910
3836.560	19.2208	0.0857
3838.940	19.1216	0.0942
3841.320	18.9591	0.0807
3843.700	18.8043	0.1104
3846.080	18.7509	0.1086
3848.460	18.7894	0.0905
3850.840	18.7683	0.0858
3853.220	18.7865	0.0763
3855.600	18.8484	0.0731
3857.980	18.9048	0.0834
3860.360	18.8225	0.0791
3862.740	18.5542	0.1189
3865.120	18.4842	0.1221
3867.500	18.5241	0.0851
3869.880	18.5350	0.0902
3872.260	18.4895	0.0722
3874.640	18.4267	0.0787
3877.020	18.2612	0.0749
3879.400	18.0497	0.0790
3881.780	17.8858	0.0813
3884.160	17.7375	0.0847
3886.540	17.8229	0.0900
3888.920	17.9434	0.0940
3891.300	18.1149	0.0725
3893.680	18.1661	0.0784
3896.060	18.2051	0.0879
3898.440	18.3138	0.0732
3900.820	18.3733	0.0697
3903.200	18.3787	0.0666
3905.580	18.3472	0.0710
3907.960	18.4149	0.0740
3910.340	18.3654	0.0934
3912.720	18.3049	0.0985
3915.100	18.2366	0.0927
3917.480	18.3544	0.0857
3919.860	18.3065	0.0878
3922.240	18.1776	0.0871
3924.620	18.2253	0.0874
3927.000	18.2271	0.1026
3929.380	18.3442	0.0985
3931.760	18.6179	0.1694
3934.140	18.7265	0.1765
3936.520	18.4078	0.1219
3938.900	18.1838	0.1023
3941.280	18.0828	0.0890
3943.660	18.0319	0.1038
3946.040	18.0065	0.0770
3948.420	17.9324	0.0894
3950.800	17.8781	0.0923
3953.180	17.9192	0.0987
3955.560	17.8815	0.0922
3957.940	17.8024	0.0970
3960.320	17.7724	0.1023
3962.700	17.8326	0.0940
3965.080	18.0036	0.1225
3967.460	18.2453	0.1651
3969.840	18.3467	0.1740
3972.220	18.0780	0.0981
3974.600	17.8117	0.0976
3976.980	17.6900	0.1010
3979.360	17.6029	0.1149
3981.740	17.6559	0.1157
3984.120	17.7317	0.0859
3986.500	17.6563	0.0791
3988.880	17.5748	0.0843
3991.260	17.5976	0.0822
3993.640	17.6651	0.0775
3996.020	17.5965	0.0793
3998.400	17.5214	0.0785
4000.780	17.5014	0.0839
4003.160	17.4605	0.0841
4005.540	17.4153	0.0770
4007.920	17.3882	0.0708
4010.300	17.3464	0.0747
4012.680	17.2750	0.0727
4015.060	17.1475	0.0700
4017.440	17.0824	0.0655
4019.820	17.1592	0.0714
4022.200	17.2129	0.0859
4024.580	17.2301	0.0953
4026.960	17.1843	0.0752
4029.340	17.1709	0.0675
4031.720	17.1876	0.0605
4034.100	17.2278	0.0607
4036.480	17.2272	0.0650
4038.860	17.2371	0.0710
4041.240	17.2787	0.0673
4043.620	17.3254	0.0743
4046.000	17.2605	0.0651
4048.380	17.2103	0.0658
4050.760	17.2021	0.0718
4053.140	17.2126	0.0690
4055.520	17.2179	0.0654
4057.900	17.1339	0.0656
4060.280	17.0445	0.0659
4062.660	17.0936	0.0625
4065.040	17.0326	0.0667
4067.420	17.0001	0.0680
4069.800	16.9927	0.0704
4072.180	17.0338	0.0699
4074.560	17.0511	0.0709
4076.940	17.0337	0.0729
4079.320	16.9657	0.0701
4081.700	16.9928	0.0679
4084.080	16.9507	0.0676
4086.460	16.9390	0.0737
4088.840	16.8695	0.0774
4091.220	16.8240	0.0763
4093.600	16.8154	0.0781
4095.980	16.8654	0.0905
4098.360	16.9539	0.1088
4100.740	17.0556	0.1154
4103.120	17.0251	0.0893
4105.500	16.8066	0.0748
4107.880	16.6266	0.0672
4110.260	16.6161	0.0664
4112.640	16.6782	0.0639
4115.020	16.6476	0.0653
4117.400	16.6865	0.0647
4119.780	16.6997	0.0664
4122.160	16.6897	0.0636
4124.540	16.6273	0.0715
4126.920	16.6577	0.0691
4129.300	16.6232	0.0632
4131.680	16.6664	0.0688
4134.060	16.6684	0.0708
4136.440	16.5703	0.0716
4138.820	16.5747	0.0692
4141.200	16.5544	0.0753
4143.580	16.6243	0.0722
4145.960	16.5188	0.0623
4148.340	16.3992	0.0652
4150.720	16.4516	0.0678
4153.100	16.4928	0.0673
4155.480	16.5119	0.0694
4157.860	16.4480	0.0671
4160.240	16.4355	0.0676
4162.620	16.3730	0.0717
4165.000	16.3362	0.0677
4167.380	16.3102	0.0678
4169.760	16.3563	0.0578
4172.140	16.3101	0.0636
4174.520	16.2792	0.0686
4176.900	16.1974	0.0594
4179.280	16.1701	0.0607
4181.660	16.1872	0.0571
4184.040	16.1551	0.0583
4186.420	16.1681	0.0627
4188.800	16.1465	0.0686
4191.180	16.1310	0.0760
4193.560	16.1387	0.0676
4195.940	16.0896	0.0707
4198.320	16.1300	0.0761
4200.700	16.0499	0.0703
4203.080	15.9752	0.0625
4205.460	15.8993	0.0632
4207.840	15.9078	0.0576
4210.220	15.8929	0.0620
4212.600	15.9204	0.0621
4214.980	15.9935	0.0639
4217.360	15.9055	0.0583
4219.740	15.7973	0.0598
4222.120	15.7977	0.0552
4224.500	15.8952	0.0788
4226.880	15.8203	0.0605
4229.260	15.7411	0.0574
4231.640	15.6813	0.0755
4234.020	15.7259	0.0617
4236.400	15.7506	0.0570
4238.780	15.7779	0.0563
4241.160	15.7500	0.0601
4243.540	15.6772	0.0597
4245.920	15.6205	0.0576
4248.300	15.6429	0.0604
4250.680	15.6720	0.0621
4253.060	15.5772	0.0595
4255.440	15.4948	0.0611
4257.820	15.5833	0.0585
4260.200	15.5660	0.0599
4262.580	15.5477	0.0603
4264.960	15.4734	0.0644
4267.340	15.4561	0.0619
4269.720	15.4503	0.0624
4272.100	15.4997	0.0692
4274.480	15.4483	0.0590
4276.860	15.3520	0.0589
4279.240	15.2966	0.0587
4281.620	15.3329	0.0581
4284.000	15.3193	0.0612
4286.380	15.3209	0.0623
4288.760	15.2743	0.0651
4291.140	15.2437	0.0592
4293.520	15.2308	0.0640
4295.900	15.2355	0.0656
4298.280	15.1982	0.0651
4300.660	15.2351	0.0627
4303.040	15.2375	0.0613
4305.420	15.1955	0.0568
4307.800	15.2221	0.0705
4310.180	15.1837	0.0796
4312.560	15.1001	0.0634
4314.940	15.0459	0.0706
4317.320	14.9010	0.0939
4319.700	14.9103	0.0764
4322.080	14.9664	0.0636
4324.460	14.9770	0.0770
4326.840	14.8708	0.0651
4329.220	14.7795	0.0664
4331.600	14.7567	0.0761
4333.980	14.7906	0.0737
4336.360	14.9247	0.0819
4338.740	15.2058	0.1127
4341.120	15.2095	0.0994
4343.500	14.9362	0.0654
4345.880	14.8130	0.0592
4348.260	14.8005	0.0559
4350.640	14.7958	0.0555
4353.020	14.7657	0.0535
4355.400	14.7725	0.0509
4357.780	14.7440	0.0515
4360.160	14.6933	0.0547
4362.540	14.6792	0.0566
4364.920	14.6760	0.0552
4367.300	14.6556	0.0599
4369.680	14.6239	0.0632
4372.060	14.5946	0.0585
4374.440	14.5906	0.0598
4376.820	14.6801	0.0628
4379.200	14.6785	0.0645
4381.580	14.6583	0.0650
4383.960	14.6515	0.0664
4386.340	14.6586	0.0727
4388.720	14.5898	0.0640
4391.100	14.5236	0.0537
4393.480	14.5090	0.0577
4395.860	14.4944	0.0551
4398.240	14.4559	0.0513
4400.620	14.4782	0.0522
4403.000	14.4934	0.0625
4405.380	14.4553	0.0535
4407.760	14.4474	0.0531
4410.140	14.3874	0.0557
4412.520	14.3581	0.0543
4414.900	14.3348	0.0541
4417.280	14.3016	0.0590
4419.660	14.2795	0.0551
4422.040	14.2089	0.0552
4424.420	14.2071	0.0556
4426.800	14.2198	0.0532
4429.180	14.1716	0.0529
4431.560	14.1431	0.0554
4433.940	14.1566	0.0531
4436.320	14.1016	0.0538
4438.700	14.0686	0.0513
4441.080	13.9848	0.0568
4443.460	13.9828	0.0509
4445.840	13.9505	0.0528
4448.220	13.8465	0.0553
4450.600	13.8079	0.0534
4452.980	13.8478	0.0526
4455.360	13.8742	0.0531
4457.740	13.7610	0.0543
4460.120	13.6614	0.0503
4462.500	13.5692	0.0495
4464.880	13.5469	0.0577
4467.260	13.5357	0.0761
4469.640	13.4923	0.0755
4472.020	13.4349	0.0576
4474.400	13.4611	0.0461
4476.780	13.5314	0.0489
4479.160	13.6018	0.0479
4481.540	13.6817	0.0482
4483.920	13.7134	0.0490
4486.300	13.7205	0.0486
4488.680	13.6788	0.0500
4491.060	13.6893	0.0496
4493.440	13.7199	0.0580
4495.820	13.7588	0.0542
4498.200	13.7760	0.0547
4500.580	13.7352	0.0552
4502.960	13.7208	0.0558
4505.340	13.6965	0.0588
4507.720	13.6722	0.0564
4510.100	13.7048	0.0534
4512.480	13.6988	0.0517
4514.860	13.6968	0.0503
4517.240	13.6868	0.0529
4519.620	13.6837	0.0528
4522.000	13.6423	0.0566
4524.380	13.6339	0.0497
4526.760	13.6368	0.0519
4529.140	13.6406	0.0550
4531.520	13.6228	0.0606
4533.900	13.6147	0.0615
4536.280	13.5929	0.0675
4538.660	13.5410	0.0707
4541.040	13.5242	0.0606
4543.420	13.4786	0.0540
4545.800	13.4617	0.0555
4548.180	13.4677	0.0510
4550.560	13.4418	0.0501
4552.940	13.4323	0.0488
4555.320	13.4374	0.0465
4557.700	13.4207	0.0466
4560.080	13.4196	0.0484
4562.460	13.3824	0.0496
4564.840	13.3558	0.0471
4567.220	13.3681	0.0479
4569.600	13.3483	0.0471
4571.980	13.3532	0.0519
4574.360	13.3550	0.0517
4576.740	13.3337	0.0508
4579.120	13.2643	0.0536
4581.500	13.2482	0.0523
4583.880	13.2658	0.0506
4586.260	13.2422	0.0531
4588.640	13.2469	0.0560
4591.020	13.2082	0.0519
4593.400	13.2000	0.0480
4595.780	13.1719	0.0513
4598.160	13.1681	0.0473
4600.540	13.1430	0.0493
4602.920	13.1360	0.0517
4605.300	13.1288	0.0568
4607.680	13.0706	0.0547
4610.060	13.0371	0.0526
4612.440	13.0523	0.0494
4614.820	13.0547	0.0484
4617.200	13.0546	0.0492
4619.580	13.0576	0.0476
4621.960	12.9940	0.0487
4624.340	12.9881	0.0495
4626.720	12.9770	0.0498
4629.100	12.9792	0.0512
4631.480	12.9670	0.0534
4633.860	12.9699	0.0466
4636.240	12.9510	0.0449
4638.620	12.9052	0.0495
4641.000	12.8930	0.0553
4643.380	12.8237	0.0487
4645.760	12.8140	0.0474
4648.140	12.8359	0.0458
4650.520	12.8029	0.0525
4652.900	12.7965	0.0529
4655.280	12.8365	0.0489
4657.660	12.7548	0.0505
4660.040	12.7300	0.0482
4662.420	12.7810	0.0482
4664.800	12.7623	0.0521
4667.180	12.7582	0.0515
4669.560	12.7501	0.0516
4671.940	12.6835	0.0490
4674.320	12.6746	0.0549
4676.700	12.6565	0.0565
4679.080	12.6704	0.0614
4681.460	12.6859	0.0759
4683.840	12.7095	0.0781
4686.220	12.6400	0.0783
4688.600	12.5300	0.0666
4690.980	12.4612	0.0436
4693.360	12.4159	0.0424
4695.740	12.3902	0.0422
4698.120	12.4135	0.0409
4700.500	12.4252	0.0424
4702.880	12.4141	0.0480
4705.260	12.4651	0.0521
4707.640	12.4367	0.0456
4710.020	12.4835	0.0506
4712.400	12.4767	0.0554
4714.780	12.4368	0.0486
4717.160	12.3965	0.0455
4719.540	12.3744	0.0459
4721.920	12.3356	0.0478
4724.300	12.3362	0.0480
4726.680	12.3214	0.0493
4729.060	12.3682	0.0515
4731.440	12.3450	0.0533
4733.820	12.2994	0.0492
4736.200	12.2841	0.0490
4738.580	12.2552	0.0435
4740.960	12.2551	0.0477
4743.340	12.2613	0.0488
4745.720	12.2485	0.0523
4748.100	12.2745	0.0496
4750.480	12.2583	0.0490
4752.860	12.1952	0.0492
4755.240	12.1347	0.0516
4757.620	12.1311	0.0460
4760.000	12.0984	0.0474
4762.380	12.1111	0.0504
4764.760	12.1370	0.0485
4767.140	12.1101	0.0488
4769.520	12.0587	0.0537
4771.900	12.0365	0.0485
4774.280	12.0311	0.0462
4776.660	12.0146	0.0451
4779.040	11.9816	0.0439
4781.420	11.9633	0.0450
4783.800	11.9671	0.0456
4786.180	11.9942	0.0440
4788.560	11.9834	0.0442
4790.940	11.9165	0.0450
4793.320	11.9029	0.0438
4795.700	11.9033	0.0458
4798.080	11.8695	0.0462
4800.460	11.8742	0.0451
4802.840	11.8803	0.0472
4805.220	11.8693	0.0484
4807.600	11.8315	0.0492
4809.980	11.8173	0.0488
4812.360	11.8226	0.0439
4814.740	11.7789	0.0428
4817.120	11.7552	0.0456
4819.500	11.7055	0.0480
4821.880	11.7302	0.0505
4824.260	11.7737	0.0460
4826.640	11.7950	0.0460
4829.020	11.7338	0.0508
4831.400	11.6819	0.0510
4833.780	11.6478	0.0480
4836.160	11.5998	0.0498
4838.540	11.6116	0.0480
4840.920	11.6045	0.0477
4843.300	11.5549	0.0526
4845.680	11.4777	0.0561
4848.060	11.4464	0.0517
4850.440	11.4738	0.0511
4852.820	11.4687	0.0559
4855.200	11.4609	0.0598
4857.580	11.4818	0.0718
4859.960	11.6001	0.0766
4862.340	11.6126	0.0701
4864.720	11.4626	0.0428
4867.100	11.4064	0.0404
4869.480	11.3997	0.0392
4871.860	11.3859	0.0401
4874.240	11.3702	0.0409
4876.620	11.3274	0.0442
4879.000	11.3593	0.0447
4881.380	11.3470	0.0457
4883.760	11.2658	0.0489
4886.140	11.3334	0.0445
4888.520	11.3420	0.0481
4890.900	11.3214	0.0452
4893.280	11.2801	0.0448
4895.660	11.2712	0.0471
4898.040	11.2506	0.0496
4900.420	11.2522	0.0446
4902.800	11.2454	0.0447
4905.180	11.2530	0.0465
4907.560	11.2034	0.0463
4909.940	11.1602	0.0452
4912.320	11.1380	0.0443
4914.700	11.1367	0.0454
4917.080	11.1041	0.0556
4919.460	11.1128	0.0636
4921.840	11.1688	0.0571
4924.220	11.0874	0.0434
4926.600	11.0853	0.0432
4928.980	11.0662	0.0433
4931.360	11.0985	0.0403
4933.740	11.1183	0.0445
4936.120	11.1407	0.0518
4938.500	11.1405	0.0467
4940.880	11.0825	0.0481
4943.260	11.0499	0.0442
4945.640	11.0864	0.0414
4948.020	11.1195	0.0430
4950.400	11.0513	0.0486
4952.780	11.0565	0.0458
4955.160	11.0906	0.0466
4957.540	11.0091	0.0462
4959.920	10.9813	0.0437
4962.300	10.9800	0.0431
4964.680	10.9748	0.0446
4967.060	10.9486	0.0432
4969.440	10.9153	0.0452
4971.820	10.9688	0.0445
4974.200	10.9490	0.0459
4976.580	10.9696	0.0468
4978.960	10.9387	0.0512
4981.340	10.8934	0.0495
4983.720	10.8492	0.0472
4986.100	10.8101	0.0467
4988.480	10.8196	0.0474
4990.860	10.8228	0.0436
4993.240	10.8026	0.0448
4995.620	10.7906	0.0449
4998.000	10.7569	0.0467
5000.380	10.7655	0.0457
5002.760	10.7226	0.0478
5005.140	10.6868	0.0487
5007.520	10.6367	0.0471
5009.900	10.6214	0.0502
5012.280	10.6164	0.0488
5014.660	10.6265	0.0469
5017.040	10.5517	0.0437
5019.420	10.5434	0.0454
5021.800	10.5482	0.0467
5024.180	10.5457	0.0481
5026.560	10.5390	0.0461
5028.940	10.5719	0.0456
5031.320	10.5651	0.0481
5033.700	10.5470	0.0487
5036.080	10.5282	0.0506
5038.460	10.4987	0.0502
5040.840	10.4990	0.0489
5043.220	10.5289	0.0473
5045.600	10.5159	0.0487
5047.980	10.5054	0.0482
5050.360	10.5090	0.0456
5052.740	10.5224	0.0463
5055.120	10.4690	0.0480
5057.500	10.4422	0.0477
5059.880	10.4308	0.0471
5062.260	10.4139	0.0440
5064.640	10.4254	0.0440
5067.020	10.4437	0.0493
5069.400	10.4272	0.0472
5071.780	10.3989	0.0479
5074.160	10.4086	0.0483
5076.540	10.3907	0.0474
5078.920	10.3835	0.0475
5081.300	10.3594	0.0449
5083.680	10.3757	0.0455
5086.060	10.3494	0.0459
5088.440	10.3174	0.0473
5090.820	10.2990	0.0473
5093.200	10.2760	0.0472
5095.580	10.2891	0.0480
5097.960	10.3008	0.0505
5098.200	10.2221	0.0529
5100.340	10.2853	0.0497
5101.130	10.1194	0.0580
5102.720	10.2565	0.0481
5104.060	10.1265	0.0561
5105.100	10.2314	0.0459
5106.990	10.1451	0.0508
5107.480	10.2247	0.0429
5109.860	10.2093	0.0441
5109.920	10.1595	0.0514
5112.240	10.1972	0.0421
5112.850	10.1731	0.0517
5114.620	10.1761	0.0472
5115.780	10.1105	0.0540
5117.000	10.1500	0.0465
5118.710	10.0358	0.0544
5119.380	10.1414	0.0481
5121.640	10.0567	0.0541
5121.760	10.1319	0.0493
5124.140	10.1289	0.0462
5124.570	9.9582	0.0583
5126.520	10.1327	0.0473
5127.500	10.0481	0.0493
5128.900	10.1278	0.0447
5130.430	10.0529	0.0485
5131.280	10.0765	0.0482
5133.360	10.0607	0.0520
5133.660	10.0612	0.0474
5136.040	10.0382	0.0488
5136.290	9.9159	0.0515
5138.420	10.0016	0.0491
5139.220	9.9117	0.0517
5140.800	10.0189	0.0506
5142.150	9.9436	0.0519
5143.180	10.0342	0.0510
5145.080	9.9378	0.0516
5145.560	10.0054	0.0513
5147.940	10.0013	0.0528
5148.010	9.8914	0.0521
5150.320	9.9933	0.0494
5150.940	9.9557	0.0453
5153.870	9.9290	0.0498
5156.800	9.9226	0.0472
5159.730	9.8695	0.0474
5162.660	9.8989	0.0484
5165.590	9.8256	0.0681
5168.520	9.8214	0.0556
5171.450	9.8489	0.0462
5174.380	9.9051	0.0489
5177.310	9.8826	0.0535
5180.240	9.7575	0.0476
5183.170	9.7047	0.0559
5186.100	9.7753	0.0485
5189.030	9.7750	0.0475
5191.960	9.7656	0.0446
5194.890	9.7278	0.0427
5197.820	9.7746	0.0416
5200.750	9.7234	0.0444
5203.680	9.6805	0.0409
5206.610	9.7053	0.0449
5209.540	9.7087	0.0413
5212.470	9.6959	0.0461
5215.400	9.6228	0.0403
5218.330	9.6438	0.0397
5221.260	9.6369	0.0399
5224.190	9.5658	0.0390
5227.120	9.5723	0.0424
5230.050	9.5677	0.0394
5232.980	9.5716	0.0390
5235.910	9.5481	0.0406
5238.840	9.6011	0.0431
5241.770	9.5367	0.0404
5244.700	9.4827	0.0368
5247.630	9.4787	0.0373
5250.560	9.4861	0.0396
5253.490	9.4821	0.0389
5256.420	9.4845	0.0361
5259.350	9.4419	0.0357
5262.280	9.3637	0.0407
5265.210	9.4115	0.0385
5268.140	9.3782	0.0360
5271.070	9.4099	0.0397
5274.000	9.4263	0.0406
5276.930	9.3900	0.0386
5279.860	9.3519	0.0333
5282.790	9.3336	0.0348
5285.720	9.3785	0.0368
5288.650	9.3529	0.0353
5291.580	9.3042	0.0358
5294.510	9.2717	0.0360
5297.440	9.2749	0.0362
5300.370	9.2731	0.0352
5303.300	9.2706	0.0366
5306.230	9.2580	0.0349
5309.160	9.2278	0.0347
5312.090	9.2032	0.0333
5315.020	9.1890	0.0352
5317.950	9.1954	0.0372
5320.880	9.1609	0.0368
5323.810	9.1536	0.0376
5326.740	9.0918	0.0391
5329.670	9.1243	0.0378
5332.600	9.1636	0.0371
5335.530	9.1288	0.0341
5338.460	9.1163	0.0367
5341.390	9.0741	0.0352
5344.320	9.0671	0.0352
5347.250	9.0491	0.0343
5350.180	9.0411	0.0334
5353.110	8.9668	0.0373
5356.040	8.9782	0.0353
5358.970	9.0036	0.0329
5361.900	8.9905	0.0369
5364.830	8.9890	0.0357
5367.760	8.9734	0.0318
5370.690	8.9523	0.0336
5373.620	8.9859	0.0351
5376.550	8.9783	0.0375
5379.480	8.8835	0.0312
5382.410	8.8865	0.0335
5385.340	8.8690	0.0318
5388.270	8.8480	0.0312
5391.200	8.8315	0.0336
5394.130	8.8200	0.0319
5397.060	8.8160	0.0314
5399.990	8.7724	0.0327
5402.920	8.7706	0.0351
5405.850	8.7709	0.0353
5408.780	8.7678	0.0349
5411.710	8.7857	0.0345
5414.640	8.8134	0.0347
5417.570	8.7815	0.0314
5420.500	8.7423	0.0313
5423.430	8.7271	0.0301
5426.360	8.7448	0.0336
5429.290	8.6969	0.0307
5432.220	8.6973	0.0297
5435.150	8.7128	0.0318
5438.080	8.6371	0.0317
5441.010	8.6550	0.0325
5443.940	8.6426	0.0331
5446.870	8.6100	0.0296
5449.800	8.5986	0.0299
5452.730	8.5615	0.0277
5455.660	8.5345	0.0270
5458.590	8.5414	0.0275
5461.520	8.5204	0.0268
5464.450	8.5142	0.0267
5467.380	8.4898	0.0281
5470.310	8.5123	0.0290
5473.240	8.4940	0.0285
5476.170	8.5172	0.0303
5479.100	8.4813	0.0297
5482.030	8.4430	0.0288
5484.960	8.4263	0.0279
5487.890	8.4320	0.0267
5490.820	8.4011	0.0284
5493.750	8.4092	0.0284
5496.680	8.4249	0.0288
5499.610	8.4265	0.0277
5502.540	8.4015	0.0275
5505.470	8.3763	0.0279
5508.400	8.3451	0.0300
5511.330	8.3345	0.0316
5514.260	8.3217	0.0293
5517.190	8.3348	0.0285
5520.120	8.3291	0.0284
5523.050	8.3120	0.0289
5525.980	8.3123	0.0270
5528.910	8.2574	0.0284
5531.840	8.2569	0.0317
5534.770	8.2450	0.0316
5537.700	8.2374	0.0314
5540.630	8.2335	0.0298
5543.560	8.2032	0.0277
5546.490	8.2111	0.0280
5549.420	8.2094	0.0280
5552.350	8.1926	0.0278
5555.280	8.1784	0.0287
5558.210	8.1681	0.0294
5561.140	8.1516	0.0302
5564.070	8.1363	0.0298
5567.000	8.1536	0.0273
5569.930	8.1199	0.0272
5572.860	8.0978	0.0286
5575.790	8.1180	0.0325
5578.720	8.1000	0.0306
5581.650	8.0446	0.0291
5584.580	8.0292	0.0306
5587.510	8.0691	0.0310
5590.440	8.0494	0.0297
5593.370	8.0534	0.0288
5596.300	8.0189	0.0286
5599.230	7.9909	0.0279
5602.160	7.9744	0.0269
5605.090	7.9604	0.0282
5608.020	7.9535	0.0299
5610.950	7.9308	0.0284
5613.880	7.9412	0.0271
5616.810	7.9634	0.0288
5619.740	7.9408	0.0271
5622.670	7.9111	0.0266
5625.600	7.9093	0.0276
5628.530	7.8758	0.0298
5631.460	7.8851	0.0289
5634.390	7.8529	0.0284
5637.320	7.8620	0.0290
5640.250	7.8110	0.0315
5643.180	7.7903	0.0280
5646.110	7.7905	0.0278
5649.040	7.7751	0.0281
5651.970	7.7915	0.0263
5654.900	7.8217	0.0262
5657.830	7.7804	0.0289
5660.760	7.7740	0.0269
5663.690	7.7923	0.0261
5666.620	7.7776	0.0266
5669.550	7.7528	0.0270
5672.480	7.7058	0.0277
5675.410	7.7113	0.0293
5678.340	7.6679	0.0297
5681.270	7.6870	0.0302
5684.200	7.6783	0.0271
5687.130	7.6957	0.0275
5690.060	7.7072	0.0257
5692.990	7.6889	0.0272
5695.920	7.6454	0.0263
5698.850	7.6277	0.0262
5701.780	7.6327	0.0259
5704.710	7.6126	0.0271
5707.640	7.6159	0.0304
5710.570	7.5952	0.0295
5713.500	7.5742	0.0282
5716.430	7.5518	0.0281
5719.360	7.5389	0.0278
5722.290	7.5530	0.0258
5725.220	7.5433	0.0253
5728.150	7.5589	0.0248
5731.080	7.5210	0.0252
5734.010	7.5199	0.0237
5736.940	7.4811	0.0239
5739.870	7.4694	0.0234
5742.800	7.4581	0.0248
5745.730	7.4647	0.0248
5748.660	7.4731	0.0262
5751.590	7.4459	0.0255
5754.520	7.4165	0.0273
5757.450	7.4121	0.0273
5760.380	7.4188	0.0274
5763.310	7.3964	0.0253
5766.240	7.3707	0.0258
5769.170	7.3506	0.0254
5772.100	7.3738	0.0240
5775.030	7.3543	0.0238
5777.960	7.3345	0.0234
5780.890	7.3652	0.0247
5783.820	7.3275	0.0258
5786.750	7.3030	0.0257
5789.680	7.3081	0.0264
5792.610	7.2807	0.0246
5795.540	7.2538	0.0250
5798.470	7.2398	0.0248
5801.400	7.2354	0.0264
5804.330	7.2248	0.0269
5807.260	7.1971	0.0276
5810.190	7.1831	0.0261
5813.120	7.1846	0.0244
5816.050	7.1742	0.0248
5818.980	7.1626	0.0237
5821.910	7.1456	0.0239
5824.840	7.1178	0.0241
5827.770	7.1124	0.0249
5830.700	7.0833	0.0249
5833.630	7.0962	0.0233
5836.560	7.0565	0.0234
5839.490	7.0264	0.0245
5842.420	6.9905	0.0232
5845.350	6.9656	0.0235
5848.280	6.9183	0.0235
5851.210	6.8784	0.0250
5854.140	6.8410	0.0265
5857.070	6.7843	0.0268
5860.000	6.7103	0.0257
5862.930	6.6238	0.0249
5865.860	6.5433	0.0255
5868.790	6.4851	0.0264
5871.720	6.4351	0.0426
5874.650	6.4273	0.0468
5877.580	6.4191	0.0326
5880.510	6.4561	0.0209
5883.440	6.5248	0.0209
5886.370	6.6087	0.0271
5889.300	6.6693	0.0356
5892.230	6.7349	0.0326
5895.160	6.7663	0.0286
5898.090	6.7854	0.0238
5901.020	6.7656	0.0251
5903.950	6.7956	0.0259
5906.880	6.7977	0.0251
5909.810	6.8010	0.0244
5912.740	6.7962	0.0231
5915.670	6.8399	0.0230
5918.600	6.8255	0.0232
5921.530	6.8174	0.0259
5924.460	6.8182	0.0261
5927.390	6.8194	0.0263
5930.320	6.8184	0.0252
5933.250	6.8075	0.0238
5936.180	6.8183	0.0228
5939.110	6.8012	0.0222
5942.040	6.7849	0.0254
5944.970	6.7681	0.0259
5947.900	6.7636	0.0248
5950.830	6.7777	0.0246
5953.760	6.7768	0.0238
5956.690	6.7601	0.0240
5959.620	6.7466	0.0219
5962.550	6.7441	0.0222
5965.480	6.7455	0.0224
5968.410	6.7222	0.0243
5971.340	6.6954	0.0256
5974.270	6.7102	0.0256
5977.200	6.7045	0.0262
5980.130	6.6892	0.0247
5983.060	6.6658	0.0243
5985.990	6.6827	0.0253
5988.920	6.6498	0.0237
5991.850	6.6491	0.0248
5994.780	6.6379	0.0244
5997.710	6.6312	0.0251
6000.640	6.6287	0.0273
6003.570	6.6320	0.0269
6006.500	6.6264	0.0266
6009.430	6.6117	0.0261
6012.360	6.5982	0.0234
6015.290	6.5902	0.0228
6018.220	6.5760	0.0232
6021.150	6.6033	0.0228
6024.080	6.5907	0.0245
6027.010	6.5583	0.0216
6029.940	6.5355	0.0230
6032.870	6.5296	0.0229
6035.800	6.5272	0.0242
6038.730	6.5245	0.0204
6041.660	6.5336	0.0216
6044.590	6.5027	0.0234
6047.520	6.4889	0.0233
6050.450	6.4876	0.0238
6053.380	6.4650	0.0252
6056.310	6.4787	0.0248
6059.240	6.4547	0.0243
6062.170	6.4550	0.0240
6065.100	6.4434	0.0226
6068.030	6.4455	0.0216
6070.960	6.4368	0.0221
6073.890	6.4229	0.0210
6076.820	6.4185	0.0222
6079.750	6.4146	0.0221
6082.680	6.4083	0.0223
6085.610	6.3812	0.0240
6088.540	6.3784	0.0218
6091.470	6.3621	0.0230
6094.400	6.3435	0.0230
6097.330	6.3483	0.0218
6100.260	6.3592	0.0224
6103.190	6.3684	0.0218
6106.120	6.3448	0.0210
6109.050	6.3201	0.0215
6111.980	6.2834	0.0221
6114.910	6.2904	0.0222
6117.840	6.2967	0.0225
6120.770	6.2891	0.0219
6123.700	6.2724	0.0216
6126.630	6.2689	0.0224
6129.560	6.2656	0.0224
6132.490	6.2809	0.0215
6135.420	6.2757	0.0215
6138.350	6.2524	0.0229
6141.280	6.2517	0.0217
6144.210	6.2252	0.0207
6147.140	6.2238	0.0214
6150.070	6.2087	0.0206
6153.000	6.2114	0.0202
6155.930	6.1990	0.0205
6158.860	6.1923	0.0239
6161.790	6.2095	0.0266
6164.720	6.1857	0.0252
6167.650	6.1905	0.0238
6170.580	6.1739	0.0214
6173.510	6.1611	0.0212
6176.440	6.1464	0.0204
6179.370	6.1060	0.0204
6182.300	6.1081	0.0203
6185.230	6.1091	0.0199
6188.160	6.1027	0.0210
6191.090	6.1094	0.0228
6194.020	6.0913	0.0218
6196.950	6.0721	0.0218
6199.880	6.0870	0.0210
6202.810	6.0748	0.0198
6205.740	6.0668	0.0196
6208.670	6.0474	0.0201
6211.600	6.0391	0.0204
6214.530	6.0386	0.0213
6217.460	6.0121	0.0218
6220.390	6.0026	0.0207
6223.320	5.9949	0.0202
6226.250	6.0048	0.0213
6229.180	5.9943	0.0221
6232.110	5.9891	0.0207
6235.040	5.9759	0.0201
6237.970	5.9557	0.0221
6240.900	5.9590	0.0216
6243.830	5.9564	0.0213
6246.760	5.9595	0.0213
6249.690	5.9345	0.0211
6252.620	5.9424	0.0202
6255.550	5.9472	0.0206
6258.480	5.9393	0.0192
6261.410	5.9100	0.0203
6264.340	5.8906	0.0222
6267.270	5.8768	0.0210
6270.200	5.8834	0.0219
6273.130	5.8600	0.0206
6276.060	5.8774	0.0198
6278.990	5.8744	0.0204
6281.920	5.8645	0.0215
6284.850	5.8680	0.0237
6287.780	5.8568	0.0211
6290.710	5.8610	0.0193
6293.640	5.8505	0.0193
6296.570	5.8528	0.0199
6299.500	5.8504	0.0201
6302.430	5.8374	0.0197
6305.360	5.8200	0.0207
6308.290	5.7927	0.0227
6311.220	5.7956	0.0223
6314.150	5.7909	0.0243
6317.080	5.7676	0.0222
6320.010	5.7366	0.0204
6322.940	5.7195	0.0212
6325.870	5.6716	0.0215
6328.800	5.6651	0.0209
6331.730	5.6612	0.0178
6334.660	5.6663	0.0186
6337.590	5.6723	0.0184
6340.520	5.6821	0.0177
6343.450	5.6830	0.0180
6346.380	5.6885	0.0166
6349.310	5.6755	0.0173
6352.240	5.6782	0.0176
6355.170	5.6824	0.0186
6358.100	5.6834	0.0187
6361.030	5.6544	0.0178
6363.960	5.6327	0.0185
6366.890	5.6202	0.0190
6369.820	5.6133	0.0205
6372.750	5.6211	0.0203
6375.680	5.6031	0.0201
6378.610	5.6187	0.0197
6381.540	5.6032	0.0188
6384.470	5.5935	0.0184
6387.400	5.5961	0.0207
6390.330	5.5822	0.0184
6393.260	5.5935	0.0183
6396.190	5.5746	0.0191
6399.120	5.5501	0.0183
6402.050	5.5449	0.0186
6404.980	5.5269	0.0192
6407.910	5.5053	0.0204
6410.840	5.5031	0.0202
6413.770	5.4951	0.0190
6416.700	5.4921	0.0186
6419.630	5.4967	0.0184
6422.560	5.4927	0.0170
6425.490	5.4916	0.0188
6428.420	5.4809	0.0187
6431.350	5.4660	0.0181
6434.280	5.4626	0.0186
6437.210	5.4490	0.0205
6440.140	5.4400	0.0219
6443.070	5.4296	0.0199
6446.000	5.4221	0.0196
6448.930	5.4304	0.0199
6451.860	5.4163	0.0199
6454.790	5.4059	0.0190
6457.720	5.4084	0.0202
6460.650	5.3929	0.0197
6463.580	5.3939	0.0182
6466.510	5.3891	0.0180
6469.440	5.3792	0.0183
6472.370	5.3607	0.0188
6475.300	5.3370	0.0184
6478.230	5.3394	0.0182
6481.160	5.3468	0.0185
6484.090	5.3367	0.0183
6487.020	5.3274	0.0186
6489.950	5.3326	0.0181
6492.880	5.3349	0.0203
6495.810	5.3421	0.0218
6498.740	5.3368	0.0198
6501.670	5.2965	0.0192
6504.600	5.2744	0.0202
6507.530	5.2806	0.0197
6510.460	5.2755	0.0198
6513.390	5.2647	0.0192
6516.320	5.2482	0.0200
6519.250	5.2289	0.0204
6522.180	5.2195	0.0207
6525.110	5.2129	0.0191
6528.040	5.2055	0.0188
6530.970	5.1859	0.0186
6533.900	5.1837	0.0175
6536.830	5.1730	0.0185
6539.760	5.1610	0.0183
6542.690	5.1468	0.0213
6545.620	5.1102	0.0218
6548.550	5.0637	0.0225
6551.480	5.0318	0.0269
6554.410	5.0192	0.0288
6557.340	5.0344	0.0285
6560.270	5.0633	0.0351
6563.200	5.0457	0.0379
6566.130	4.9981	0.0263
6569.060	4.9440	0.0258
6571.990	4.9354	0.0165
6574.920	4.9525	0.0160
6577.850	4.9740	0.0161
6580.780	5.0041	0.0161
6583.710	5.0342	0.0155
6586.640	5.0491	0.0167
6589.570	5.0497	0.0192
6592.500	5.0525	0.0204
6595.430	5.0548	0.0176
6598.360	5.0710	0.0173
6601.290	5.0656	0.0176
6604.220	5.0741	0.0171
6607.150	5.0703	0.0171
6610.080	5.0514	0.0177
6613.010	5.0302	0.0174
6615.940	5.0291	0.0178
6618.870	5.0309	0.0168
6621.800	5.0239	0.0163
6624.730	5.0151	0.0174
6627.660	5.0008	0.0168
6630.590	4.9937	0.0180
6633.520	4.9884	0.0185
6636.450	4.9893	0.0178
6639.380	4.9812	0.0179
6642.310	4.9564	0.0184
6645.240	4.9527	0.0192
6648.170	4.9338	0.0173
6651.100	4.9297	0.0166
6654.030	4.9198	0.0174
6656.960	4.9013	0.0163
6659.890	4.8749	0.0171
6662.820	4.8641	0.0180
6665.750	4.8424	0.0196
6668.680	4.8111	0.0166
6671.610	4.7921	0.0172
6674.540	4.7949	0.0263
6677.470	4.7887	0.0299
6680.400	4.7678	0.0222
6683.330	4.7588	0.0177
6686.260	4.7727	0.0168
6689.190	4.7885	0.0155
6692.120	4.7961	0.0155
6695.050	4.8011	0.0170
6697.980	4.8092	0.0182
6700.910	4.8165	0.0174
6703.840	4.8263	0.0171
6706.770	4.8242	0.0166
6709.700	4.8126	0.0180
6712.630	4.8172	0.0167
6715.560	4.8179	0.0165
6718.490	4.8181	0.0174
6721.420	4.7983	0.0193
6724.350	4.7978	0.0184
6727.280	4.7896	0.0180
6730.210	4.7733	0.0184
6733.140	4.7726	0.0175
6736.070	4.7819	0.0171
6739.000	4.7836	0.0160
6741.930	4.7830	0.0160
6744.860	4.7773	0.0173
6747.790	4.7694	0.0175
6750.720	4.7680	0.0172
6753.650	4.7612	0.0177
6756.580	4.7420	0.0159
6759.510	4.7344	0.0152
6762.440	4.7246	0.0155
6765.370	4.7296	0.0165
6768.300	4.7271	0.0160
6771.230	4.7233	0.0160
6774.160	4.7131	0.0174
6777.090	4.7051	0.0167
6780.020	4.6996	0.0160
6782.950	4.6991	0.0151
6785.880	4.6888	0.0149
6788.810	4.6773	0.0160
6791.740	4.6745	0.0160
6794.670	4.6663	0.0156
6797.600	4.6608	0.0152
6800.530	4.6529	0.0157
6803.460	4.6471	0.0146
6806.390	4.6492	0.0158
6809.320	4.6461	0.0154
6812.250	4.6571	0.0143
6815.180	4.6451	0.0146
6818.110	4.6308	0.0148
6821.040	4.6137	0.0151
6823.970	4.6041	0.0163
6826.900	4.6023	0.0170
6829.830	4.6064	0.0169
6832.760	4.6092	0.0166
6835.690	4.6004	0.0166
6838.620	4.5885	0.0164
6841.550	4.5809	0.0149
6844.480	4.5685	0.0152
6847.410	4.5507	0.0158
6850.340	4.5457	0.0162
6853.270	4.5438	0.0169
6856.200	4.5466	0.0171
6859.130	4.5385	0.0176
6862.060	4.5485	0.0162
6864.990	4.5582	0.0165
6867.920	4.5536	0.0172
6870.850	4.5121	0.0162
6873.780	4.4953	0.0154
6876.710	4.4951	0.0149
6879.640	4.4965	0.0156
6882.570	4.5038	0.0169
6885.500	4.5015	0.0190
6888.430	4.5016	0.0177
6891.360	4.4886	0.0163
6894.290	4.4823	0.0153
6897.220	4.4840	0.0146
6900.150	4.4772	0.0142
6903.080	4.4689	0.0147
6906.010	4.4649	0.0147
6908.940	4.4546	0.0152
6911.870	4.4490	0.0159
6914.800	4.4431	0.0150
6917.730	4.4290	0.0149
6920.660	4.4226	0.0150
6923.590	4.4272	0.0147
6926.520	4.4254	0.0144
6929.450	4.4159	0.0142
6932.380	4.4105	0.0142
6935.310	4.4063	0.0135
6938.240	4.3961	0.0142
6941.170	4.3937	0.0141
6944.100	4.3953	0.0141
6947.030	4.3794	0.0149
6949.960	4.3735	0.0155
6952.890	4.3652	0.0149
6955.820	4.3513	0.0144
6958.750	4.3516	0.0139
6961.680	4.3520	0.0144
6964.610	4.3354	0.0150
6967.540	4.3266	0.0150
6970.470	4.3232	0.0151
6973.400	4.3325	0.0147
6976.330	4.3364	0.0146
6979.260	4.3292	0.0153
6982.190	4.3133	0.0143
6985.120	4.3090	0.0144
6988.050	4.2964	0.0149
6990.980	4.2826	0.0158
6993.910	4.2647	0.0155
6996.840	4.2655	0.0151
6999.770	4.2699	0.0154
7002.700	4.2606	0.0153
7005.630	4.2484	0.0154
7008.560	4.2426	0.0150
7011.490	4.2392	0.0145
7014.420	4.2346	0.0134
7017.350	4.2188	0.0136
7020.280	4.2161	0.0141
7023.210	4.2168	0.0146
7026.140	4.2074	0.0144
7029.070	4.1950	0.0140
7032.000	4.1942	0.0130
7034.930	4.1856	0.0127
7037.860	4.1730	0.0126
7040.790	4.1635	0.0127
7043.720	4.1462	0.0139
7046.650	4.1373	0.0137
7049.580	4.1421	0.0131
7052.510	4.1415	0.0131
7055.440	4.1448	0.0139
7058.370	4.1515	0.0153
7061.300	4.1551	0.0178
7064.230	4.1639	0.0224
7067.160	4.1487	0.0183
7070.090	4.1310	0.0133
7073.020	4.1305	0.0135
7075.950	4.1311	0.0139
7078.880	4.1276	0.0134
7081.810	4.1219	0.0128
7084.740	4.1142	0.0135
7087.670	4.1094	0.0129
7090.600	4.0966	0.0128
7093.530	4.0921	0.0130
7096.460	4.0843	0.0126
7099.390	4.0925	0.0129
7102.320	4.0847	0.0140
7105.250	4.0812	0.0150
7108.180	4.0827	0.0144
7111.110	4.0785	0.0142
7114.040	4.0715	0.0135
7116.970	4.0696	0.0139
7119.900	4.0738	0.0145
7122.830	4.0680	0.0149
7125.760	4.0624	0.0141
7128.690	4.0527	0.0130
7131.620	4.0484	0.0129
7134.550	4.0412	0.0132
7137.480	4.0407	0.0127
7140.410	4.0408	0.0131
7143.340	4.0445	0.0146
7146.270	4.0366	0.0139
7149.200	4.0185	0.0144
7152.130	4.0050	0.0143
7155.060	4.0022	0.0138
7157.990	3.9975	0.0138
7160.920	3.9859	0.0136
7163.850	3.9791	0.0148
7166.780	3.9770	0.0148
7169.710	3.9708	0.0162
7172.640	3.9697	0.0165
7175.570	3.9704	0.0159
7178.500	3.9672	0.0154
7181.430	3.9639	0.0143
7184.360	3.9584	0.0142
7187.290	3.9492	0.0134
7190.220	3.9446	0.0133
7193.150	3.9404	0.0129
7196.080	3.9298	0.0129
7199.010	3.9233	0.0145
7201.940	3.9252	0.0140
7204.870	3.9189	0.0135
7207.800	3.9101	0.0134
7210.730	3.9098	0.0127
7213.660	3.9143	0.0129
7216.590	3.9117	0.0127
7219.520	3.9110	0.0139
7222.450	3.9020	0.0178
7225.380	3.8952	0.0166
7228.310	3.8860	0.0142
7231.240	3.8709	0.0135
7234.170	3.8708	0.0135
7237.100	3.8672	0.0135
7240.030	3.8686	0.0136
7242.960	3.8679	0.0143
7245.890	3.8679	0.0148
7248.820	3.8684	0.0141
7251.750	3.8620	0.0142
7254.680	3.8574	0.0137
7257.610	3.8395	0.0130
7260.540	3.8166	0.0121
7263.470	3.8178	0.0133
7266.400	3.8241	0.0130
7269.330	3.8281	0.0148
7272.260	3.8367	0.0144
7275.190	3.8252	0.0143
7278.120	3.8215	0.0151
7281.050	3.8152	0.0159
7283.980	3.8132	0.0140
7286.910	3.7985	0.0145
7289.840	3.7863	0.0149
7292.770	3.7735	0.0142
7295.700	3.7763	0.0139
7298.630	3.7786	0.0139
7301.560	3.7801	0.0136
7304.490	3.7782	0.0135
7307.420	3.7633	0.0134
7310.350	3.7714	0.0129
7313.280	3.7759	0.0133
7316.210	3.7673	0.0132
7319.140	3.7553	0.0122
7322.070	3.7557	0.0124
7325.000	3.7455	0.0132
7327.930	3.7394	0.0131
7330.860	3.7400	0.0133
7333.790	3.7280	0.0142
7336.720	3.7163	0.0151
7339.650	3.7129	0.0140
7342.580	3.7149	0.0126
7345.510	3.7175	0.0123
7348.440	3.7058	0.0124
7351.370	3.6962	0.0139
7354.300	3.6927	0.0145
7357.230	3.6920	0.0130
7360.160	3.6793	0.0128
7363.090	3.6695	0.0131
7366.020	3.6747	0.0131
7368.950	3.6778	0.0124
7371.880	3.6739	0.0125
7374.810	3.6719	0.0123
7377.740	3.6620	0.0127
7380.670	3.6593	0.0127
7383.600	3.6572	0.0133
7386.530	3.6473	0.0131
7389.460	3.6486	0.0127
7392.390	3.6414	0.0124
7395.320	3.6351	0.0124
7398.250	3.6255	0.0119
7401.180	3.6258	0.0119
7404.110	3.6202	0.0122
7407.040	3.6124	0.0125
7409.970	3.6005	0.0135
7412.900	3.5937	0.0141
7415.830	3.5993	0.0133
7418.760	3.6014	0.0125
7421.690	3.5946	0.0129
7424.620	3.5887	0.0128
7427.550	3.5830	0.0121
7430.480	3.5817	0.0122
7433.410	3.5723	0.0123
7436.340	3.5657	0.0122
7439.270	3.5588	0.0126
7442.200	3.5596	0.0118
7445.130	3.5628	0.0125
7448.060	3.5543	0.0127
7450.990	3.5511	0.0132
7453.920	3.5405	0.0139
7456.850	3.5363	0.0130
7459.780	3.5309	0.0133
7462.710	3.5300	0.0131
7465.640	3.5250	0.0136
7468.570	3.5150	0.0130
7471.500	3.5096	0.0133
7474.430	3.5072	0.0142
7477.360	3.5121	0.0136
7480.290	3.5058	0.0141
7483.220	3.4940	0.0129
7486.150	3.4924	0.0127
7489.080	3.4894	0.0125
7492.010	3.4927	0.0131
7494.940	3.4806	0.0134
7497.870	3.4620	0.0136
7500.800	3.4676	0.0132
7503.730	3.4702	0.0127
7506.660	3.4563	0.0127
7509.590	3.4662	0.0130
7512.520	3.4610	0.0127
7515.450	3.4579	0.0117
7518.380	3.4554	0.0123
7521.310	3.4565	0.0128
7524.240	3.4489	0.0134
7527.170	3.4419	0.0127
7530.100	3.4345	0.0130
7533.030	3.4289	0.0129
7535.960	3.4265	0.0117
7538.890	3.4226	0.0123
7541.820	3.4172	0.0129
7544.750	3.4103	0.0125
7547.680	3.4001	0.0113
7550.610	3.3958	0.0116
7553.540	3.4074	0.0113
7556.470	3.4096	0.0114
7559.400	3.3936	0.0122
7562.330	3.3839	0.0127
7565.260	3.3813	0.0141
7568.190	3.3750	0.0144
7571.120	3.3812	0.0128
7574.050	3.3740	0.0117
7576.980	3.3708	0.0114
7579.910	3.3697	0.0121
7582.840	3.3681	0.0130
7585.770	3.3653	0.0145
7588.700	3.3537	0.0152
7591.630	3.3655	0.0166
7594.560	3.3879	0.0185
7597.490	3.3968	0.0191
7600.420	3.3651	0.0182
7603.350	3.3269	0.0180
7606.280	3.2941	0.0163
7609.210	3.2658	0.0151
7612.140	3.2595	0.0137
7615.070	3.2869	0.0132
7618.000	3.3059	0.0121
7620.930	3.3325	0.0132
7623.860	3.3226	0.0157
7626.790	3.2956	0.0144
7629.720	3.2799	0.0144
7632.650	3.2775	0.0130
7635.580	3.2724	0.0119
7638.510	3.2662	0.0123
7641.440	3.2533	0.0137
7644.370	3.2605	0.0127
7647.300	3.2696	0.0121
7650.230	3.2619	0.0128
7653.160	3.2570	0.0122
7656.090	3.2619	0.0131
7659.020	3.2569	0.0139
7661.950	3.2522	0.0136
7664.880	3.2583	0.0127
7667.810	3.2591	0.0109
7670.740	3.2469	0.0112
7673.670	3.2399	0.0117
7676.600	3.2359	0.0120
7679.530	3.2348	0.0124
7682.460	3.2267	0.0118
7685.390	3.2244	0.0130
7688.320	3.2173	0.0127
7691.250	3.2038	0.0124
7694.180	3.2001	0.0118
7697.110	3.2066	0.0114
7700.040	3.2060	0.0116
7702.970	3.1967	0.0111
7705.900	3.1977	0.0115
7708.830	3.1975	0.0115
7711.760	3.2000	0.0120
7714.690	3.1982	0.0119
7717.620	3.1934	0.0110
7720.550	3.1797	0.0124
7723.480	3.1836	0.0130
7726.410	3.1890	0.0121
7729.340	3.1747	0.0127
7732.270	3.1626	0.0126
7735.200	3.1517	0.0114
7738.130	3.1563	0.0114
7741.060	3.1544	0.0107
7743.990	3.1496	0.0117
7746.920	3.1560	0.0113
7749.850	3.1629	0.0107
7752.780	3.1525	0.0107
7755.710	3.1423	0.0115
7758.640	3.1366	0.0108
7761.570	3.1298	0.0114
7764.500	3.1183	0.0112
7767.430	3.1157	0.0107
7770.360	3.1183	0.0119
7773.290	3.1174	0.0125
7776.220	3.1181	0.0116
7779.150	3.1121	0.0118
7782.080	3.1062	0.0110
7785.010	3.0940	0.0112
7787.940	3.0850	0.0112
7790.870	3.0895	0.0108
7793.800	3.0872	0.0107
7796.730	3.0882	0.0108
7799.660	3.0860	0.0108
7802.590	3.0737	0.0118
7805.520	3.0708	0.0129
7808.450	3.0788	0.0119
7811.380	3.0751	0.0115
7814.310	3.0719	0.0109
7817.240	3.0654	0.0112
7820.170	3.0643	0.0111
7823.100	3.0657	0.0112
7826.030	3.0517	0.0111
7828.960	3.0329	0.0118
7831.890	3.0365	0.0126
7834.820	3.0393	0.0116
7837.750	3.0334	0.0114
7840.680	3.0344	0.0111
7843.610	3.0194	0.0108
7846.540	3.0127	0.0118
7849.470	3.0235	0.0124
7852.400	3.0242	0.0120
7855.330	3.0208	0.0125
7858.260	3.0140	0.0113
7861.190	3.0104	0.0111
7864.120	3.0160	0.0113
7867.050	3.0039	0.0117
7869.980	2.9937	0.0124
7872.910	2.9832	0.0116
7875.840	2.9850	0.0117
7878.770	2.9872	0.0113
7881.700	2.9744	0.0111
7884.630	2.9707	0.0118
7887.560	2.9717	0.0116
7890.490	2.9794	0.0106
7893.420	2.9874	0.0106
7896.350	2.9850	0.0109
7899.280	2.9775	0.0122
7902.210	2.9681	0.0119
7905.140	2.9640	0.0121
7908.070	2.9627	0.0122
7911.000	2.9580	0.0127
7913.930	2.9513	0.0123
7916.860	2.9450	0.0120
7919.790	2.9308	0.0110
7922.720	2.9232	0.0123
7925.650	2.9216	0.0115
7928.580	2.9291	0.0110
7931.510	2.9280	0.0113
7934.440	2.9246	0.0113
7937.370	2.9192	0.0110
7940.300	2.9168	0.0105
7943.230	2.9222	0.0103
7946.160	2.9230	0.0104
7949.090	2.9157	0.0104
7952.020	2.9022	0.0104
7954.950	2.8887	0.0107
7957.880	2.8864	0.0114
7960.810	2.8824	0.0121
7963.740	2.8886	0.0123
7966.670	2.8956	0.0118
7969.600	2.8709	0.0112
7972.530	2.8739	0.0119
7975.460	2.8732	0.0112
7978.390	2.8810	0.0115
7981.320	2.8810	0.0110
7984.250	2.8725	0.0112
7987.180	2.8619	0.0117
7990.110	2.8551	0.0119
7993.040	2.8617	0.0111
7995.970	2.8618	0.0111
7998.900	2.8399	0.0106
8001.830	2.8292	0.0105
8004.760	2.8314	0.0097
8007.690	2.8370	0.0093
8010.620	2.8468	0.0092
8013.550	2.8440	0.0098
8016.480	2.8420	0.0109
8019.410	2.8442	0.0112
8022.340	2.8515	0.0113
8025.270	2.8534	0.0110
8028.200	2.8381	0.0117
8031.130	2.8197	0.0110
8034.060	2.8063	0.0103
8036.990	2.8002	0.0105
8039.920	2.7952	0.0105
8042.850	2.8028	0.0105
8045.780	2.7895	0.0105
8048.710	2.7929	0.0108
8051.640	2.7810	0.0109
8054.570	2.7668	0.0120
8057.500	2.7655	0.0110
8060.430	2.7769	0.0104
8063.360	2.7870	0.0103
8066.290	2.7928	0.0098
8069.220	2.7906	0.0108
8072.150	2.7860	0.0106
8075.080	2.7701	0.0107
8078.010	2.7693	0.0115
8080.940	2.7549	0.0120
8083.870	2.7565	0.0111
8086.800	2.7430	0.0103
8089.730	2.7431	0.0103
8092.660	2.7379	0.0102
8095.590	2.7351	0.0103
8098.520	2.7289	0.0103
8101.450	2.7299	0.0107
8104.380	2.7181	0.0107
8107.310	2.7232	0.0112
8110.240	2.7110	0.0105
8113.170	2.7217	0.0111
8116.100	2.7394	0.0118
8119.030	2.7259	0.0111
8121.960	2.7219	0.0110
8124.890	2.7241	0.0102
8127.820	2.7281	0.0096
8130.750	2.7174	0.0102
8133.680	2.7048	0.0098
8136.610	2.6998	0.0103
8139.540	2.6918	0.0105
8142.470	2.6908	0.0109
8145.400	2.6933	0.0096
8148.330	2.6946	0.0096
8151.260	2.6934	0.0101
8154.190	2.6825	0.0102
8157.120	2.6929	0.0111
8160.050	2.6927	0.0110
8162.980	2.6749	0.0115
8165.910	2.6660	0.0118
8168.840	2.6560	0.0129
8171.770	2.6560	0.0124
8174.700	2.6615	0.0118
8177.630	2.6581	0.0116
8180.560	2.6464	0.0124
8183.490	2.6426	0.0126
8186.420	2.6397	0.0116
8189.350	2.6376	0.0113
8192.280	2.6450	0.0107
8195.210	2.6449	0.0111
8198.140	2.6350	0.0101
8201.070	2.6282	0.0098
8204.000	2.6185	0.0099
8206.930	2.6167	0.0104
8209.860	2.6255	0.0098
8212.790	2.6363	0.0095
8215.720	2.6296	0.0089
8218.650	2.6249	0.0100
8221.580	2.6148	0.0109
8224.510	2.6178	0.0119
8227.440	2.6141	0.0136
8230.370	2.6073	0.0157
8233.300	2.6105	0.0139
8236.230	2.6103	0.0120
8239.160	2.5954	0.0108
8242.090	2.5905	0.0090
8245.020	2.5854	0.0091
8247.950	2.5774	0.0095
8250.880	2.5831	0.0094
8253.810	2.5734	0.0099
8256.740	2.5674	0.0111
8259.670	2.5671	0.0101
8262.600	2.5603	0.0098
8265.530	2.5597	0.0100
8268.460	2.5574	0.0098
8271.390	2.5594	0.0094
8274.320	2.5608	0.0092
8277.250	2.5712	0.0091
8280.180	2.5667	0.0097
8283.110	2.5509	0.0094
8286.040	2.5513	0.0098
8288.970	2.5515	0.0100
8291.900	2.5449	0.0104
8294.830	2.5252	0.0103
8297.760	2.5291	0.0106
8300.690	2.5224	0.0096
8303.620	2.5217	0.0091
8306.550	2.5161	0.0097
8309.480	2.5233	0.0105
8312.410	2.5237	0.0103
8315.340	2.5213	0.0109
8318.270	2.5161	0.0107
8321.200	2.5164	0.0105
8324.130	2.5192	0.0101
8327.060	2.5160	0.0113
8329.990	2.5035	0.0114
8332.920	2.4994	0.0113
8335.850	2.4910	0.0110
8338.780	2.4863	0.0109
8341.710	2.4998	0.0111
8344.640	2.5074	0.0110
8347.570	2.4812	0.0095
8350.500	2.4626	0.0104
8353.430	2.4734	0.0107
8356.360	2.4696	0.0100
8359.290	2.4670	0.0097
8362.220	2.4710	0.0110
8365.150	2.4665	0.0109
8368.080	2.4479	0.0097
8371.010	2.4586	0.0091
8373.940	2.4652	0.0089
8376.870	2.4669	0.0102
8379.800	2.4631	0.0111
8382.730	2.4615	0.0117
8385.660	2.4691	0.0104
8388.590	2.4628	0.0095
8391.520	2.4550	0.0094
8394.450	2.4521	0.0103
8397.380	2.4650	0.0106
8400.310	2.4484	0.0099
8403.240	2.4249	0.0088
8406.170	2.4300	0.0088
8409.100	2.4253	0.0093
8412.030	2.4252	0.0104
8414.960	2.4344	0.0115
8417.890	2.4291	0.0094
8420.820	2.4198	0.0088
8423.750	2.4241	0.0090
8426.680	2.4168	0.0101
8429.610	2.4317	0.0122
8432.540	2.4298	0.0105
8435.470	2.4147	0.0105
8438.400	2.4044	0.0101
8441.330	2.3933	0.0097
8444.260	2.3903	0.0090
8447.190	2.3867	0.0092
8450.120	2.3914	0.0122
8453.050	2.3875	0.0100
8455.980	2.3819	0.0093
8458.910	2.3735	0.0108
8461.840	2.3802	0.0110
8464.770	2.3898	0.0110
8467.700	2.3941	0.0105
8470.630	2.3803	0.0097
8473.560	2.3746	0.0097
8476.490	2.3754	0.0102
8479.420	2.3753	0.0104
8482.350	2.3741	0.0098
8485.280	2.3669	0.0114
8488.210	2.3641	0.0113
8491.140	2.3605	0.0109
8494.070	2.3805	0.0132
8497.000	2.3844	0.0172
8499.930	2.3649	0.0136
8502.860	2.3483	0.0111
8505.790	2.3293	0.0110
8508.720	2.3132	0.0105
8511.650	2.3156	0.0098
8514.580	2.3208	0.0108
8517.510	2.3173	0.0101
8520.440	2.3157	0.0099
8523.370	2.3140	0.0099
8526.300	2.3123	0.0107
8529.230	2.3186	0.0120
8532.160	2.3088	0.0110
8535.090	2.3198	0.0110
8538.020	2.3506	0.0197
8540.950	2.3685	0.0244
8543.880	2.3481	0.0180
8546.810	2.3134	0.0112
8549.740	2.3037	0.0125
8552.670	2.2981	0.0111
8555.600	2.2986	0.0094
8558.530	2.2946	0.0090
8561.460	2.2984	0.0094
8564.390	2.3013	0.0096
8567.320	2.2953	0.0094
8570.250	2.2948	0.0095
8573.180	2.2932	0.0099
8576.110	2.2883	0.0102
8579.040	2.2786	0.0105
8581.970	2.2757	0.0114
8584.900	2.2689	0.0109
8587.830	2.2579	0.0105
8590.760	2.2562	0.0091
8593.690	2.2681	0.0087
8596.620	2.2739	0.0087
8599.550	2.2574	0.0101
8602.480	2.2493	0.0095
8605.410	2.2582	0.0086
8608.340	2.2614	0.0080
8611.270	2.2665	0.0082
8614.200	2.2676	0.0088
8617.130	2.2681	0.0086
8620.060	2.2538	0.0098
8622.990	2.2452	0.0123
8625.920	2.2430	0.0108
8628.850	2.2441	0.0101
8631.780	2.2281	0.0094
8634.710	2.2210	0.0107
8637.640	2.2179	0.0112
8640.570	2.2245	0.0109
8643.500	2.2199	0.0102
8646.430	2.2224	0.0099
8649.360	2.2141	0.0102
8652.290	2.1893	0.0103
8655.220	2.2005	0.0086
8658.150	2.2330	0.0176
8661.080	2.2625	0.0210
8664.010	2.2450	0.0164
8666.940	2.2096	0.0112
8669.870	2.1904	0.0105
8672.800	2.1900	0.0100
8675.730	2.1859	0.0098
8678.660	2.1853	0.0098
8681.590	2.1859	0.0093
8684.520	2.1903	0.0089
8687.450	2.1887	0.0092
8690.380	2.1925	0.0092
8693.310	2.1823	0.0089
8696.240	2.1927	0.0088
8699.170	2.1941	0.0092
8702.100	2.1849	0.0091
8705.030	2.1770	0.0093
8707.960	2.1785	0.0092
8710.890	2.1783	0.0090
8713.820	2.1755	0.0089
8716.750	2.1736	0.0084
8719.680	2.1565	0.0086
8722.610	2.1467	0.0091
8725.540	2.1517	0.0082
8728.470	2.1636	0.0077
8731.400	2.1602	0.0077
8734.330	2.1511	0.0081
8737.260	2.1491	0.0088
8740.190	2.1471	0.0085
8743.120	2.1411	0.0085
8746.050	2.1431	0.0084
8748.980	2.1409	0.0085
8751.910	2.1408	0.0091
8754.840	2.1443	0.0087
8757.770	2.1443	0.0086
8760.700	2.1346	0.0090
8763.630	2.1390	0.0093
8766.560	2.1456	0.0097
8769.490	2.1425	0.0102
8772.420	2.1295	0.0099
8775.350	2.1372	0.0100
8778.280	2.1357	0.0095
8781.210	2.1077	0.0101
8784.140	2.0895	0.0100
8787.070	2.1012	0.0102
8790.000	2.1097	0.0090
8792.930	2.1055	0.0085
8795.860	2.0966	0.0079
8798.790	2.0891	0.0082
8801.720	2.0963	0.0092
8804.650	2.1087	0.0107
8807.580	2.1143	0.0100
8810.510	2.0992	0.0103
8813.440	2.0873	0.0106
8816.370	2.0764	0.0102
8819.300	2.0694	0.0097
8822.230	2.0771	0.0097
8825.160	2.0948	0.0100
8828.090	2.0828	0.0091
8831.020	2.0625	0.0090
8833.950	2.0746	0.0091
8836.880	2.0830	0.0087
8839.810	2.0821	0.0080
8842.740	2.0726	0.0081
8845.670	2.0670	0.0088
8848.600	2.0654	0.0108
8851.530	2.0639	0.0104
8854.460	2.0568	0.0098
8857.390	2.0507	0.0092
8860.320	2.0523	0.0084
8863.250	2.0531	0.0090
8866.180	2.0518	0.0094
8869.110	2.0496	0.0093
8872.040	2.0418	0.0085
8874.970	2.0424	0.0085
8877.900	2.0424	0.0077
8880.830	2.0474	0.0080
8883.760	2.0633	0.0092
8886.690	2.0596	0.0085
8889.620	2.0337	0.0075
8892.550	2.0200	0.0082
8895.480	2.0129	0.0096
8898.410	2.0169	0.0098
8901.340	2.0208	0.0098
8904.270	2.0206	0.0093
8907.200	2.0145	0.0092
8910.130	2.0223	0.0083
8913.060	2.0299	0.0093
8915.990	2.0389	0.0089
8918.920	2.0289	0.0089
8921.850	2.0116	0.0093
8924.780	2.0172	0.0100
8927.710	2.0158	0.0099
8930.640	2.0065	0.0088
8933.570	1.9960	0.0085
8936.500	1.9880	0.0087
8939.430	1.9876	0.0095
8942.360	1.9917	0.0094
8945.290	1.9839	0.0089
8948.220	1.9804	0.0088
8951.150	1.9895	0.0084
8954.080	2.0053	0.0091
8957.010	2.0137	0.0091
8959.940	2.0033	0.0080
8962.870	1.9857	0.0082
8965.800	1.9758	0.0089
8968.730	1.9684	0.0092
8971.660	1.9599	0.0102
8974.590	1.9556	0.0098
8977.520	1.9559	0.0095
8980.450	1.9583	0.0087
8983.380	1.9697	0.0085
8986.310	1.9847	0.0091
8989.240	1.9791	0.0098
8992.170	1.9632	0.0094
8995.100	1.9597	0.0099
8998.030	1.9659	0.0104
9000.960	1.9532	0.0095
9003.890	1.9476	0.0088
9006.820	1.9437	0.0090
9009.750	1.9502	0.0095
9012.680	1.9609	0.0109
9015.610	1.9647	0.0109
9018.540	1.9525	0.0093
9021.470	1.9448	0.0092
9024.400	1.9406	0.0099
9027.330	1.9398	0.0098
9030.260	1.9351	0.0086
9033.190	1.9349	0.0073
9036.120	1.9343	0.0074
9039.050	1.9232	0.0077
9041.980	1.9148	0.0088
9044.910	1.9111	0.0088
9047.840	1.9074	0.0097
9050.770	1.8928	0.0097
9053.700	1.8884	0.0087
9056.630	1.9010	0.0075
9059.560	1.9022	0.0083
9062.490	1.9007	0.0087
9065.420	1.9020	0.0093
9068.350	1.8977	0.0099
9071.280	1.9108	0.0096
9074.210	1.9151	0.0088
9077.140	1.9174	0.0087
9080.070	1.9045	0.0097
9083.000	1.8963	0.0088
9085.930	1.8887	0.0087
9088.860	1.8928	0.0090
9091.790	1.8924	0.0094
9094.720	1.8777	0.0084
9097.650	1.8715	0.0085
9100.580	1.8682	0.0091
9103.510	1.8654	0.0090
9106.440	1.8687	0.0090
9109.370	1.8789	0.0094
9112.300	1.8811	0.0095
9115.230	1.8863	0.0102
9118.160	1.8742	0.0105
9121.090	1.8590	0.0090
9124.020	1.8491	0.0082
9126.950	1.8431	0.0082
9129.880	1.8491	0.0093
9132.810	1.8559	0.0100
9135.740	1.8530	0.0093
9138.670	1.8531	0.0094
9141.600	1.8579	0.0090
9144.530	1.8590	0.0087
9147.460	1.8648	0.0083
9150.390	1.8648	0.0085
9153.320	1.8588	0.0093
9156.250	1.8660	0.0094
9159.180	1.8602	0.0093
9162.110	1.8523	0.0091
9165.040	1.8369	0.0093
9167.970	1.8242	0.0091
9170.900	1.8160	0.0087
9173.830	1.8171	0.0095
9176.760	1.8220	0.0095
9179.690	1.8272	0.0093
9182.620	1.8397	0.0096
9185.550	1.8418	0.0084
9188.480	1.8416	0.0086
9191.410	1.8401	0.0086
9194.340	1.8231	0.0086
9197.270	1.8056	0.0091
9200.200	1.8120	0.0088
9203.130	1.8191	0.0096
9206.060	1.8173	0.0093
9208.990	1.8074	0.0090
9211.920	1.8052	0.0090
9214.850	1.8037	0.0090
9217.780	1.7920	0.0093
9220.710	1.7879	0.0089
9223.640	1.8007	0.0084
9226.570	1.8124	0.0087
9229.500	1.8225	0.0089
9232.430	1.8096	0.0094
9235.360	1.8000	0.0088
9238.290	1.7885	0.0082
9241.220	1.7838	0.0085
9244.150	1.7809	0.0091
9247.080	1.7807	0.0099
9250.010	1.7812	0.0101
9252.940	1.7821	0.0090
9255.870	1.7781	0.0085
9258.800	1.7727	0.0088
9261.730	1.7655	0.0091
9264.660	1.7633	0.0093
9267.590	1.7560	0.0091
9270.520	1.7589	0.0095
9273.450	1.7567	0.0099
9276.380	1.7585	0.0102
9279.310	1.7608	0.0106
9282.240	1.7624	0.0092
9285.170	1.7673	0.0088
9288.100	1.7643	0.0088
9291.030	1.7650	0.0082
9293.960	1.7682	0.0083
9296.890	1.7770	0.0091
9299.820	1.7874	0.0099
9302.750	1.7880	0.0105
9305.680	1.7721	0.0098
9308.610	1.7632	0.0097
9311.540	1.7482	0.0097
9314.470	1.7393	0.0112
9317.400	1.7312	0.0107
9320.330	1.7431	0.0114
9323.260	1.7450	0.0125
9326.190	1.7368	0.0114
9329.120	1.7359	0.0105
9332.050	1.7336	0.0115
9334.980	1.7210	0.0125
9337.910	1.7079	0.0140
9340.840	1.7309	0.0133
9343.770	1.7460	0.0135
9346.700	1.7213	0.0121
9349.630	1.7038	0.0108
9352.560	1.7076	0.0119
9355.490	1.7022	0.0121
9358.420	1.7009	0.0108
9361.350	1.6996	0.0108
9364.280	1.7254	0.0109
9367.210	1.7345	0.0119
9370.140	1.7264	0.0119
9373.070	1.7186	0.0113
9376.000	1.6953	0.0110
9378.930	1.6912	0.0118
9381.860	1.6991	0.0116
9384.790	1.6916	0.0099
9387.720	1.7039	0.0095
9390.650	1.6960	0.0096
9393.580	1.6925	0.0106
9396.510	1.7030	0.0100
9399.440	1.7034	0.0100
9402.370	1.6932	0.0102
9405.300	1.6933	0.0109
9408.230	1.6817	0.0111
9411.160	1.6646	0.0128
9414.090	1.6605	0.0120
9417.020	1.6680	0.0101
9419.950	1.6780	0.0108
9422.880	1.6843	0.0108
9425.810	1.6777	0.0110
9428.740	1.6682	0.0108
9431.670	1.6642	0.0099
9434.600	1.6768	0.0096
9437.530	1.6964	0.0117
9440.460	1.6939	0.0131
9443.390	1.6938	0.0115
9446.320	1.6779	0.0104
9449.250	1.6626	0.0099
9452.180	1.6641	0.0105
9455.110	1.6551	0.0109
9458.040	1.6446	0.0103
9460.970	1.6414	0.0101
9463.900	1.6479	0.0098
9466.830	1.6565	0.0095
9469.760	1.6539	0.0099
9472.690	1.6484	0.0105
9475.620	1.6486	0.0108
9478.550	1.6583	0.0110
9481.480	1.6504	0.0108
9484.410	1.6180	0.0101
9487.340	1.6059	0.0104
9490.270	1.6161	0.0101
9493.200	1.6305	0.0103
9496.130	1.6421	0.0115
9499.060	1.6400	0.0119
9501.990	1.6243	0.0111
9504.920	1.6153	0.0099
9507.850	1.6227	0.0096
9510.780	1.6285	0.0105
9513.710	1.6209	0.0117
9516.640	1.6241	0.0123
9519.570	1.6213	0.0116
9522.500	1.6065	0.0101
9525.430	1.6039	0.0099
9528.360	1.6084	0.0099
9531.290	1.6054	0.0095
9534.220	1.5961	0.0099
9537.150	1.5971	0.0104
9540.080	1.5992	0.0111
9543.010	1.6085	0.0118
9545.940	1.6011	0.0117
9548.870	1.5924	0.0116
9551.800	1.5843	0.0116
9554.730	1.5855	0.0110
9557.660	1.5821	0.0111
9560.590	1.5885	0.0110
9563.520	1.6031	0.0116
9566.450	1.6041	0.0127
9569.380	1.6002	0.0119
9572.310	1.5926	0.0106
9575.240	1.5734	0.0100
9578.170	1.5564	0.0104
9581.100	1.5517	0.0104
9584.030	1.5499	0.0109
9586.960	1.5614	0.0123
9589.890	1.5730	0.0129
9592.820	1.5823	0.0125
9595.750	1.5735	0.0122
9598.680	1.5616	0.0115
9601.610	1.5537	0.0119
9604.540	1.5522	0.0130
9607.470	1.5564	0.0140
9610.400	1.5630	0.0148
9613.330	1.5669	0.0146
9616.260	1.5534	0.0135
9619.190	1.5517	0.0157
9622.120	1.5496	0.0165
9625.050	1.5265	0.0160
9627.980	1.5205	0.0150
9630.910	1.5254	0.0142
9633.840	1.5401	0.0147
9636.770	1.5432	0.0157
9639.700	1.5369	0.0149
9642.630	1.5299	0.0155
9645.560	1.5304	0.0163
9648.490	1.5169	0.0159
9651.420	1.5217	0.0162
9654.350	1.5100	0.0156
9657.280	1.5140	0.0159
9660.210	1.5083	0.0175
9663.140	1.5027	0.0175
9666.070	1.4928	0.0171
9669.000	1.4937	0.0168
9671.930	1.5053	0.0180
9674.860	1.5123	0.0178
9677.790	1.5237	0.0188
9680.720	1.5098	0.0182
9683.650	1.4899	0.0190
9686.580	1.4683	0.0183
9689.510	1.4658	0.0187
9692.440	1.4593	0.0187
9695.370	1.4886	0.0191
9698.300	1.5022	0.0190
9701.230	1.5075	0.0200
