3298.680	101.7855	0.7080
3301.060	100.4699	0.7796
3303.440	100.2199	0.7326
3305.820	100.9880	0.6485
3308.200	101.0872	0.6362
3310.580	100.6267	0.6911
3312.960	100.3208	0.6692
3315.340	99.9789	0.6655
3317.720	100.2515	0.6968
3320.100	99.7850	0.7984
3322.480	100.4700	0.6786
3324.860	99.7177	0.6194
3327.240	99.2574	0.6063
3329.620	99.1129	0.5993
3332.000	98.4527	0.6387
3334.380	98.3194	0.6259
3336.760	97.9675	0.5950
3339.140	97.6804	0.5902
3341.520	97.4459	0.5694
3343.900	97.2002	0.5760
3346.280	96.7560	0.5203
3348.660	97.1162	0.6086
3351.040	96.6560	0.5608
3353.420	95.9990	0.6019
3355.800	94.9896	0.7073
3358.180	94.7486	0.6393
3360.560	96.0560	0.6785
3362.940	95.4929	0.5776
3365.320	94.5955	0.5920
3367.700	94.5042	0.5624
3370.080	94.3683	0.5799
3372.460	94.4942	0.5789
3374.840	94.2781	0.5780
3377.220	92.5488	0.6606
3379.600	92.7980	0.4813
3381.980	92.6411	0.4815
3384.360	92.1297	0.4961
3386.740	92.1500	0.5901
3389.120	91.8315	0.5261
3391.500	91.6742	0.4947
3393.880	92.0810	0.5748
3396.260	91.7086	0.4950
3398.640	90.8272	0.5903
3401.020	90.4402	0.6140
3403.400	89.9478	0.4953
3405.780	89.8131	0.4630
3408.160	89.7574	0.4310
3410.540	89.5159	0.4667
3412.920	88.9955	0.5142
3415.300	88.8180	0.4740
3417.680	88.1324	0.5246
3420.060	87.5228	0.5612
3422.440	87.2570	0.4980
3424.820	87.3584	0.4255
3427.200	86.6709	0.4116
3429.580	85.9212	0.5078
3431.960	84.8683	0.5315
3434.340	84.6853	0.5309
3436.720	84.7327	0.5467
3439.100	85.5648	0.4939
3441.480	86.0892	0.5287
3443.860	85.8202	0.5035
3446.240	85.8142	0.4372
3448.620	85.3815	0.5365
3451.000	85.2230	0.5220
3453.380	85.0256	0.4982
3455.760	84.8937	0.4592
3458.140	85.0992	0.4104
3460.520	84.8563	0.4318
3462.900	84.6272	0.4288
3465.280	83.8977	0.5458
3467.660	83.6071	0.5037
3470.040	83.2489	0.5267
3472.420	83.1267	0.4521
3474.800	83.4311	0.4325
3477.180	82.7585	0.4882
3479.560	82.0024	0.5660
3481.940	81.7172	0.5074
3484.320	81.3083	0.4486
3486.700	80.9898	0.4636
3489.080	81.5800	0.4263
3491.460	81.5564	0.4471
3493.840	81.2327	0.3932
3496.220	81.3318	0.4144
3498.600	81.1349	0.3982
3500.980	80.3580	0.4773
3503.360	79.6572	0.4987
3505.740	79.7152	0.4599
3508.120	79.5541	0.4091
3510.500	79.5967	0.3982
3512.880	79.3948	0.4039
3515.260	78.9913	0.3989
3517.640	79.0053	0.3472
3520.020	78.6209	0.3622
3522.400	78.6254	0.3975
3524.780	78.7741	0.5286
3527.160	78.1756	0.3824
3529.540	77.9825	0.3629
3531.920	77.9958	0.3826
3534.300	77.6154	0.3549
3536.680	77.2097	0.3567
3539.060	76.9728	0.3644
3541.440	77.1129	0.3943
3543.820	76.9062	0.4002
3546.200	76.5388	0.4443
3548.580	76.5127	0.3951
3550.960	76.5919	0.4212
3553.340	76.4601	0.4230
3555.720	75.7234	0.4362
3558.100	75.2877	0.4360
3560.480	75.3936	0.4067
3562.860	75.3817	0.3596
3565.240	75.2268	0.3680
3567.620	74.9935	0.3315
3570.000	74.3883	0.4271
3572.380	74.2155	0.3664
3574.760	74.0810	0.3666
3577.140	73.9116	0.3819
3579.520	74.3562	0.3998
3581.900	74.0495	0.3926
3584.280	73.6231	0.3975
3586.660	73.0541	0.3749
3589.040	72.9858	0.3556
3591.420	72.6700	0.3793
3593.800	72.2066	0.4583
3596.180	71.9246	0.4847
3598.560	72.0577	0.4416
3600.940	72.1901	0.3533
3603.320	71.7336	0.3414
3605.700	71.8261	0.3567
3608.080	71.5346	0.3285
3610.460	71.1860	0.3844
3612.840	70.7035	0.4628
3615.220	70.6564	0.4234
3617.600	71.1226	0.3165
3619.980	70.8133	0.3885
3622.360	70.5439	0.3606
3624.740	70.0050	0.4698
3627.120	69.8392	0.4458
3629.500	69.9249	0.3806
3631.880	70.2721	0.4108
3634.260	70.0182	0.3920
3636.640	69.3565	0.3816
3639.020	69.1304	0.3460
3641.400	69.2886	0.3378
3643.780	69.0612	0.3418
3646.160	68.7536	0.3274
3648.540	68.4715	0.3414
3650.920	68.2218	0.2962
3653.300	68.0516	0.3540
3655.680	67.7531	0.3527
3658.060	67.5262	0.3359
3660.440	67.6336	0.2957
3662.820	67.5226	0.2888
3665.200	67.3387	0.2968
3667.580	67.2140	0.2980
3669.960	66.9237	0.3332
3672.340	66.5050	0.3850
3674.720	66.4384	0.3487
3677.100	66.3652	0.3201
3679.480	66.4754	0.3036
3681.860	66.2587	0.3034
3684.240	66.0235	0.3200
3686.620	65.8731	0.3281
3689.000	65.6604	0.3300
3691.380	65.5540	0.3286
3693.760	64.9938	0.3372
3696.140	65.0277	0.3283
3698.520	64.9124	0.3257
3700.900	64.7980	0.4237
3703.280	64.9337	0.3569
3705.660	64.9678	0.3333
3708.040	64.6275	0.2900
3710.420	64.0633	0.3104
3712.800	63.6239	0.3442
3715.180	63.6169	0.3805
3717.560	63.8618	0.3072
3719.940	64.0961	0.3726
3722.320	63.6429	0.2950
3724.700	63.1110	0.3192
3727.080	63.0153	0.3706
3729.460	63.4168	0.3474
3731.840	63.2471	0.3716
3734.220	62.9506	0.3562
3736.600	62.7286	0.2951
3738.980	62.1629	0.4041
3741.360	62.1315	0.3850
3743.740	62.2935	0.2713
3746.120	61.9534	0.3044
3748.500	61.3520	0.3228
3750.880	61.3803	0.3330
3753.260	61.0763	0.4912
3755.640	60.8128	0.3681
3758.020	61.1377	0.2639
3760.400	61.2058	0.2690
3762.780	60.9805	0.2932
3765.160	60.9288	0.2902
3767.540	60.7349	0.2829
3769.920	60.4309	0.2973
3772.300	60.2840	0.2854
3774.680	60.4599	0.2729
3777.060	60.2174	0.2569
3779.440	59.9899	0.2417
3781.820	59.7641	0.2597
3784.200	59.4030	0.2570
3786.580	59.1705	0.3030
3788.960	59.3930	0.2639
3791.340	59.2794	0.2794
3793.720	58.8343	0.2822
3796.100	58.6994	0.3052
3798.480	58.5297	0.2860
3800.860	58.3788	0.2625
3803.240	58.0203	0.2667
3805.620	57.8023	0.2929
3808.000	57.6088	0.2483
3810.380	57.2760	0.2777
3812.760	57.3528	0.2823
3815.140	57.5299	0.3504
3817.520	57.5752	0.3486
3819.900	57.1680	0.3503
3822.280	57.0097	0.2855
3824.660	56.7772	0.2427
3827.040	56.8976	0.2420
3829.420	56.8003	0.2394
3831.800	56.4729	0.2420
3834.180	56.1248	0.2785
3836.560	56.1154	0.2591
3838.940	55.9410	0.2809
3841.320	55.6670	0.2431
3843.700	55.3529	0.3361
3846.080	55.3907	0.3276
3848.460	55.6105	0.2747
3850.840	55.5153	0.2578
3853.220	55.5393	0.2331
3855.600	55.5421	0.2219
3857.980	55.4543	0.2453
3860.360	55.2743	0.2355
3862.740	54.2812	0.3502
3865.120	53.7643	0.3562
3867.500	53.8270	0.2496
3869.880	53.9756	0.2674
3872.260	53.8867	0.2158
3874.640	53.4841	0.2333
3877.020	52.7907	0.2212
3879.400	52.4868	0.2371
3881.780	52.6081	0.2523
3884.160	52.5771	0.2550
3886.540	52.8180	0.2818
3888.920	52.8866	0.2820
3891.300	52.9843	0.2209
3893.680	52.8435	0.2326
3896.060	52.9214	0.2563
3898.440	53.0138	0.2204
3900.820	52.9761	0.2045
3903.200	52.8210	0.1991
3905.580	52.6898	0.2096
3907.960	52.8503	0.2178
3910.340	52.6836	0.2663
3912.720	52.5308	0.2882
3915.100	52.3100	0.2740
3917.480	52.3182	0.2513
3919.860	52.2536	0.2578
3922.240	52.0545	0.2581
3924.620	52.0831	0.2611
3927.000	52.0512	0.3066
3929.380	51.9064	0.2899
3931.760	51.8453	0.4831
3934.140	52.0630	0.4951
3936.520	51.6514	0.3488
3938.900	51.2269	0.2933
3941.280	50.9944	0.2573
3943.660	50.8253	0.2995
3946.040	50.7455	0.2243
3948.420	50.3259	0.2579
3950.800	50.0846	0.2663
3953.180	50.0577	0.2846
3955.560	49.8658	0.2619
3957.940	49.6675	0.2786
3960.320	49.5521	0.2968
3962.700	49.5305	0.2716
3965.080	49.3389	0.3489
3967.460	49.5858	0.4541
3969.840	49.7058	0.4800
3972.220	49.1525	0.2747
3974.600	48.7668	0.2781
3976.980	48.5444	0.2812
3979.360	48.2709	0.3166
3981.740	48.4195	0.3255
3984.120	48.7154	0.2407
3986.500	48.7043	0.2271
3988.880	48.4998	0.2386
3991.260	48.7249	0.2380
3993.640	48.8389	0.2245
3996.020	48.6747	0.2255
3998.400	48.6322	0.2216
4000.780	48.5142	0.2337
4003.160	48.4288	0.2445
4005.540	48.3268	0.2233
4007.920	48.3820	0.2044
4010.300	48.3495	0.2164
4012.680	48.1398	0.2136
4015.060	47.9097	0.2013
4017.440	47.8308	0.1897
4019.820	47.9228	0.2094
4022.200	47.9246	0.2440
4024.580	47.7821	0.2724
4026.960	47.3945	0.2181
4029.340	47.1187	0.1922
4031.720	46.9640	0.1735
4034.100	46.9428	0.1790
4036.480	46.7824	0.1865
4038.860	46.8132	0.2033
4041.240	46.8621	0.1910
4043.620	46.8468	0.2073
4046.000	46.6123	0.1849
4048.380	46.4825	0.1895
4050.760	46.4379	0.2008
4053.140	46.2729	0.1964
4055.520	46.1163	0.1842
4057.900	45.8780	0.1870
4060.280	45.6953	0.1828
4062.660	45.6757	0.1776
4065.040	45.3430	0.1815
4067.420	45.1811	0.1844
4069.800	45.1233	0.1940
4072.180	44.9898	0.1929
4074.560	44.8621	0.1934
4076.940	44.7704	0.1980
4079.320	44.4836	0.1899
4081.700	44.3600	0.1848
4084.080	44.1361	0.1857
4086.460	43.8985	0.1985
4088.840	43.5333	0.2077
4091.220	43.0852	0.2032
4093.600	42.6897	0.2090
4095.980	42.5096	0.2337
4098.360	42.3114	0.2818
4100.740	42.2296	0.2943
4103.120	42.2313	0.2262
4105.500	41.9611	0.1926
4107.880	41.8804	0.1745
4110.260	42.0752	0.1771
4112.640	42.3029	0.1719
4115.020	42.3762	0.1717
4117.400	42.5108	0.1739
4119.780	42.6681	0.1782
4122.160	42.6988	0.1699
4124.540	42.7175	0.1873
4126.920	42.8044	0.1840
4129.300	42.7648	0.1728
4131.680	42.8280	0.1873
4134.060	42.8957	0.1920
4136.440	42.6908	0.1927
4138.820	42.5908	0.1866
4141.200	42.5690	0.1993
4143.580	42.7151	0.1938
4145.960	42.4209	0.1685
4148.340	42.1480	0.1769
4150.720	42.2761	0.1818
4153.100	42.2937	0.1792
4155.480	42.2590	0.1848
4157.860	41.9436	0.1793
4160.240	41.6210	0.1783
4162.620	41.5984	0.1874
4165.000	41.6895	0.1751
4167.380	41.6346	0.1770
4169.760	41.6960	0.1541
4172.140	41.5456	0.1678
4174.520	41.5255	0.1784
4176.900	41.2329	0.1612
4179.280	41.1009	0.1640
4181.660	40.9996	0.1516
4184.040	41.0078	0.1558
4186.420	41.0300	0.1628
4188.800	40.9101	0.1811
4191.180	40.6887	0.2010
4193.560	40.6395	0.1763
4195.940	40.4798	0.1819
4198.320	40.5012	0.1982
4200.700	40.3424	0.1805
4203.080	40.1791	0.1592
4205.460	40.0105	0.1654
4207.840	39.8398	0.1538
4210.220	39.7962	0.1596
4212.600	39.7542	0.1630
4214.980	39.7947	0.1675
4217.360	39.7054	0.1506
4219.740	39.3146	0.1604
4222.120	39.3395	0.1457
4224.500	39.4544	0.1997
4226.880	39.1585	0.1490
4229.260	39.1366	0.1519
4231.640	38.9521	0.1917
4234.020	38.9749	0.1605
4236.400	39.1040	0.1501
4238.780	38.9496	0.1461
4241.160	38.9275	0.1523
4243.540	38.7149	0.1518
4245.920	38.6242	0.1465
4248.300	38.4972	0.1556
4250.680	38.4751	0.1586
4253.060	38.3183	0.1553
4255.440	38.0323	0.1575
4257.820	38.1184	0.1490
4260.200	37.9610	0.1507
4262.580	37.8256	0.1509
4264.960	37.5961	0.1614
4267.340	37.5852	0.1561
4269.720	37.6283	0.1569
4272.100	37.6821	0.1752
4274.480	37.5318	0.1497
4276.860	37.4049	0.1477
4279.240	37.3058	0.1499
4281.620	37.1664	0.1464
4284.000	37.0807	0.1538
4286.380	37.0915	0.1539
4288.760	36.9103	0.1657
4291.140	36.7533	0.1517
4293.520	36.6359	0.1600
4295.900	36.5119	0.1634
4298.280	36.5121	0.1629
4300.660	36.4145	0.1557
4303.040	36.3946	0.1516
4305.420	36.2146	0.1404
4307.800	36.2320	0.1739
4310.180	36.0451	0.1919
4312.560	35.6422	0.1555
4314.940	35.4569	0.1695
4317.320	34.9519	0.2240
4319.700	34.7867	0.1815
4322.080	34.6984	0.1536
4324.460	34.5135	0.1815
4326.840	33.9883	0.1506
4329.220	33.5296	0.1558
4331.600	33.0795	0.1744
4333.980	32.6760	0.1697
4336.360	32.3847	0.1869
4338.740	32.4584	0.2473
4341.120	32.2864	0.2118
4343.500	31.9958	0.1440
4345.880	32.1242	0.1380
4348.260	32.5649	0.1268
4350.640	33.0140	0.1305
4353.020	33.2725	0.1249
4355.400	33.5263	0.1198
4357.780	33.5835	0.1209
4360.160	33.6861	0.1296
4362.540	33.8416	0.1336
4364.920	33.9365	0.1315
4367.300	33.9202	0.1423
4369.680	33.9699	0.1488
4372.060	33.9979	0.1406
4374.440	34.0409	0.1420
4376.820	34.1645	0.1517
4379.200	34.1822	0.1573
4381.580	34.1288	0.1541
4383.960	34.1072	0.1552
4386.340	34.1337	0.1729
4388.720	33.9668	0.1531
4391.100	33.8280	0.1299
4393.480	33.7673	0.1368
4395.860	33.6493	0.1307
4398.240	33.5369	0.1263
4400.620	33.6261	0.1250
4403.000	33.5987	0.1503
4405.380	33.4768	0.1287
4407.760	33.4386	0.1249
4410.140	33.3504	0.1330
4412.520	33.2620	0.1355
4414.900	33.2250	0.1247
4417.280	33.1350	0.1358
4419.660	32.9717	0.1299
4422.040	32.8062	0.1329
4424.420	32.7749	0.1348
4426.800	32.7499	0.1271
4429.180	32.6294	0.1275
4431.560	32.6590	0.1372
4433.940	32.7111	0.1264
4436.320	32.5898	0.1313
4438.700	32.4825	0.1214
4441.080	32.2833	0.1336
4443.460	32.3291	0.1193
4445.840	32.2340	0.1260
4448.220	32.0272	0.1272
4450.600	32.0696	0.1280
4452.980	32.1672	0.1265
4455.360	32.2037	0.1287
4457.740	32.0803	0.1308
4460.120	31.9842	0.1195
4462.500	31.9187	0.1210
4464.880	31.8859	0.1394
4467.260	31.9048	0.1811
4469.640	31.8086	0.1779
4472.020	31.5216	0.1380
4474.400	31.4024	0.1116
4476.780	31.3994	0.1159
4479.160	31.3498	0.1169
4481.540	31.2654	0.1140
4483.920	31.1389	0.1149
4486.300	31.0313	0.1156
4488.680	30.8628	0.1155
4491.060	30.7585	0.1164
4493.440	30.6752	0.1318
4495.820	30.6144	0.1253
4498.200	30.6620	0.1276
4500.580	30.5858	0.1298
4502.960	30.4930	0.1285
4505.340	30.4040	0.1328
4507.720	30.3784	0.1295
4510.100	30.4181	0.1231
4512.480	30.3469	0.1186
4514.860	30.3014	0.1154
4517.240	30.1633	0.1216
4519.620	30.1078	0.1170
4522.000	29.9618	0.1274
4524.380	29.9737	0.1144
4526.760	30.0052	0.1221
4529.140	29.9922	0.1288
4531.520	29.9837	0.1393
4533.900	29.8731	0.1421
4536.280	29.7852	0.1476
4538.660	29.6147	0.1582
4541.040	29.4736	0.1363
4543.420	29.3715	0.1232
4545.800	29.2506	0.1238
4548.180	29.0731	0.1182
4550.560	28.9270	0.1118
4552.940	28.8416	0.1100
4555.320	28.8963	0.1041
4557.700	28.9456	0.1036
4560.080	29.0267	0.1094
4562.460	29.0781	0.1092
4564.840	29.0047	0.1056
4567.220	29.0270	0.1111
4569.600	28.9887	0.1058
4571.980	28.8898	0.1167
4574.360	28.8958	0.1158
4576.740	28.8500	0.1154
4579.120	28.7551	0.1197
4581.500	28.6857	0.1183
4583.880	28.6376	0.1159
4586.260	28.5467	0.1185
4588.640	28.4512	0.1245
4591.020	28.4115	0.1154
4593.400	28.3586	0.1067
4595.780	28.3035	0.1136
4598.160	28.2802	0.1063
4600.540	28.2584	0.1105
4602.920	28.1460	0.1151
4605.300	28.0841	0.1250
4607.680	27.9819	0.1216
4610.060	27.9121	0.1173
4612.440	27.9034	0.1109
4614.820	27.8144	0.1066
4617.200	27.7846	0.1096
4619.580	27.7572	0.1052
4621.960	27.6630	0.1079
4624.340	27.6467	0.1105
4626.720	27.6287	0.1107
4629.100	27.5923	0.1137
4631.480	27.5116	0.1174
4633.860	27.5157	0.1031
4636.240	27.3798	0.1003
4638.620	27.3251	0.1121
4641.000	27.2200	0.1224
4643.380	26.9640	0.1088
4645.760	26.8956	0.1039
4648.140	26.9339	0.1012
4650.520	26.8596	0.1144
4652.900	26.7356	0.1152
4655.280	26.6444	0.1058
4657.660	26.4151	0.1082
4660.040	26.3924	0.1059
4662.420	26.6530	0.1069
4664.800	26.6400	0.1130
4667.180	26.6390	0.1138
4669.560	26.6318	0.1111
4671.940	26.4578	0.1053
4674.320	26.3748	0.1188
4676.700	26.1736	0.1224
4679.080	25.8715	0.1305
4681.460	25.4773	0.1562
4683.840	24.9079	0.1560
4686.220	24.5921	0.1568
4688.600	24.8048	0.1354
4690.980	25.2938	0.0914
4693.360	25.6683	0.0919
4695.740	25.7764	0.0942
4698.120	25.8488	0.0909
4700.500	25.8711	0.0928
4702.880	25.8906	0.1047
4705.260	25.8660	0.1118
4707.640	25.8115	0.0986
4710.020	25.8561	0.1080
4712.400	25.8018	0.1185
4714.780	25.6553	0.1058
4717.160	25.5384	0.1003
4719.540	25.5124	0.0995
4721.920	25.4371	0.1026
4724.300	25.3654	0.1033
4726.680	25.3394	0.1067
4729.060	25.3650	0.1110
4731.440	25.3032	0.1155
4733.820	25.1978	0.1042
4736.200	25.1786	0.1029
4738.580	25.1061	0.0949
4740.960	25.0291	0.0982
4743.340	25.0398	0.1022
4745.720	25.0145	0.1098
4748.100	24.9459	0.1047
4750.480	24.8979	0.1035
4752.860	24.7668	0.1050
4755.240	24.7073	0.1090
4757.620	24.6658	0.0960
4760.000	24.5148	0.1011
4762.380	24.4883	0.1048
4764.760	24.5339	0.1003
4767.140	24.4855	0.1038
4769.520	24.3737	0.1123
4771.900	24.3488	0.1046
4774.280	24.3083	0.0970
4776.660	24.2210	0.0945
4779.040	24.1199	0.0940
4781.420	24.0804	0.0931
4783.800	24.0711	0.0944
4786.180	24.0617	0.0917
4788.560	24.0005	0.0933
4790.940	23.8831	0.0942
4793.320	23.8482	0.0910
4795.700	23.8188	0.0954
4798.080	23.7054	0.0951
4800.460	23.7201	0.0943
4802.840	23.6995	0.0977
4805.220	23.6484	0.0996
4807.600	23.6096	0.1017
4809.980	23.5569	0.1034
4812.360	23.4867	0.0915
4814.740	23.3720	0.0880
4817.120	23.2529	0.0925
4819.500	23.1556	0.0973
4821.880	23.1732	0.1020
4824.260	23.2223	0.0935
4826.640	23.2109	0.0959
4829.020	23.0017	0.1032
4831.400	22.8532	0.1034
4833.780	22.7041	0.1007
4836.160	22.5156	0.1006
4838.540	22.4631	0.0951
4840.920	22.3460	0.0945
4843.300	22.1107	0.1028
4845.680	21.7116	0.1091
4848.060	21.4335	0.1007
4850.440	21.2141	0.1001
4852.820	20.7729	0.1065
4855.200	20.1988	0.1104
4857.580	19.7336	0.1269
4859.960	19.5550	0.1332
4862.340	19.4992	0.1194
4864.720	19.5825	0.0789
4867.100	19.9493	0.0746
4869.480	20.3780	0.0751
4871.860	20.7417	0.0798
4874.240	21.0108	0.0797
4876.620	21.1497	0.0858
4879.000	21.3729	0.0877
4881.380	21.4809	0.0904
4883.760	21.5156	0.0955
4886.140	21.6398	0.0878
4888.520	21.7489	0.0950
4890.900	21.7359	0.0904
4893.280	21.6849	0.0903
4895.660	21.7348	0.0932
4898.040	21.6885	0.1001
4900.420	21.7329	0.0896
4902.800	21.7942	0.0900
4905.180	21.7676	0.0954
4907.560	21.7177	0.0924
4909.940	21.7144	0.0903
4912.320	21.6342	0.0903
4914.700	21.5990	0.0925
4917.080	21.6092	0.1138
4919.460	21.6340	0.1276
4921.840	21.5849	0.1148
4924.220	21.4576	0.0883
4926.600	21.3700	0.0902
4928.980	21.3001	0.0870
4931.360	21.2225	0.0820
4933.740	21.3190	0.0881
4936.120	21.3201	0.1023
4938.500	21.2458	0.0940
4940.880	21.0481	0.0948
4943.260	20.9645	0.0904
4945.640	20.9790	0.0818
4948.020	21.0527	0.0856
4950.400	21.0740	0.0970
4952.780	21.0561	0.0917
4955.160	21.1200	0.0921
4957.540	21.0713	0.0923
4959.920	21.0220	0.0866
4962.300	20.8463	0.0891
4964.680	20.8312	0.0869
4967.060	20.8627	0.0877
4969.440	20.8504	0.0895
4971.820	20.9090	0.0887
4974.200	20.8002	0.0910
4976.580	20.7619	0.0932
4978.960	20.7407	0.0991
4981.340	20.6500	0.0967
4983.720	20.5786	0.0910
4986.100	20.4810	0.0924
4988.480	20.4349	0.0925
4990.860	20.4319	0.0868
4993.240	20.4611	0.0887
4995.620	20.4515	0.0909
4998.000	20.3817	0.0920
5000.380	20.4289	0.0909
5002.760	20.3876	0.0940
5005.140	20.1716	0.0955
5007.520	20.1309	0.0931
5009.900	20.2336	0.0993
5012.280	20.1454	0.0977
5014.660	20.1529	0.0945
5017.040	20.0351	0.0878
5019.420	19.9311	0.0917
5021.800	19.9684	0.0931
5024.180	19.9797	0.0949
5026.560	19.8818	0.0885
5028.940	19.8168	0.0877
5031.320	19.7363	0.0926
5033.700	19.7909	0.0957
5036.080	19.7582	0.0995
5038.460	19.6341	0.0962
5040.840	19.5924	0.0950
5043.220	19.5909	0.0913
5045.600	19.6188	0.0936
5047.980	19.5184	0.0931
5050.360	19.4740	0.0856
5052.740	19.5491	0.0877
5055.120	19.5291	0.0914
5057.500	19.3535	0.0944
5059.880	19.3425	0.0937
5062.260	19.3035	0.0850
5064.640	19.3329	0.0850
5067.020	19.3014	0.0928
5069.400	19.2048	0.0918
5071.780	19.1412	0.0903
5074.160	19.1796	0.0918
5076.540	19.2172	0.0887
5078.920	19.2206	0.0883
5081.300	19.0990	0.0864
5083.680	19.0223	0.0864
5086.060	18.9700	0.0864
5088.440	18.9541	0.0882
5090.820	18.9367	0.0891
5093.200	18.8733	0.0879
5095.580	18.8278	0.0901
5097.960	18.8084	0.0956
5098.200	18.6040	0.0937
5100.340	18.7900	0.0928
5101.130	18.5399	0.1035
5102.720	18.6885	0.0912
5104.060	18.5789	0.0991
5105.100	18.6141	0.0893
5106.990	18.5351	0.0900
5107.480	18.5959	0.0846
5109.860	18.5787	0.0847
5109.920	18.5888	0.0902
5112.240	18.6090	0.0849
5112.850	18.5838	0.0933
5114.620	18.5341	0.0907
5115.780	18.4506	0.0980
5117.000	18.4385	0.0860
5118.710	18.2892	0.0969
5119.380	18.4329	0.0874
5121.640	18.4353	0.0933
5121.760	18.4482	0.0929
5124.140	18.4229	0.0858
5124.570	18.1601	0.1024
5126.520	18.4415	0.0851
5127.500	18.2416	0.0859
5128.900	18.4170	0.0800
5130.430	18.1224	0.0851
5131.280	18.2893	0.0886
5133.360	18.1822	0.0900
5133.660	18.2938	0.0898
5136.040	18.2543	0.0906
5136.290	18.0368	0.0930
5138.420	18.1833	0.0913
5139.220	18.0388	0.0952
5140.800	18.1171	0.0934
5142.150	18.0781	0.0948
5143.180	18.1043	0.0965
5145.080	18.0667	0.0936
5145.560	18.0684	0.0987
5147.940	17.9885	0.0968
5148.010	18.0154	0.0937
5150.320	17.9748	0.0916
5150.940	17.8895	0.0826
5153.870	17.9293	0.0898
5156.800	17.8943	0.0843
5159.730	17.7920	0.0870
5162.660	17.7697	0.0873
5165.590	17.5914	0.1200
5168.520	17.6116	0.0998
5171.450	17.5971	0.0846
5174.380	17.6443	0.0873
5177.310	17.6655	0.0959
5180.240	17.4524	0.0857
5183.170	17.3787	0.1014
5186.100	17.5072	0.0872
5189.030	17.4179	0.0852
5191.960	17.3695	0.0807
5194.890	17.3695	0.0765
5197.820	17.4036	0.0759
5200.750	17.3065	0.0779
5203.680	17.2065	0.0740
5206.610	17.2713	0.0806
5209.540	17.2848	0.0746
5212.470	17.1620	0.0830
5215.400	17.0734	0.0745
5218.330	17.0549	0.0723
5221.260	17.0083	0.0706
5224.190	16.9113	0.0697
5227.120	16.9172	0.0794
5230.050	16.9719	0.0713
5232.980	16.8489	0.0705
5235.910	16.7872	0.0723
5238.840	16.8301	0.0799
5241.770	16.7920	0.0728
5244.700	16.7197	0.0725
5247.630	16.7261	0.0688
5250.560	16.6300	0.0705
5253.490	16.6083	0.0696
5256.420	16.6510	0.0668
5259.350	16.6121	0.0640
5262.280	16.4106	0.0739
5265.210	16.4266	0.0715
5268.140	16.4075	0.0663
5271.070	16.4235	0.0705
5274.000	16.3567	0.0722
5276.930	16.3217	0.0687
5279.860	16.2574	0.0600
5282.790	16.1528	0.0627
5285.720	16.0955	0.0673
5288.650	16.0666	0.0628
5291.580	15.9865	0.0637
5294.510	15.9762	0.0661
5297.440	16.0259	0.0648
5300.370	16.0322	0.0618
5303.300	16.0237	0.0675
5306.230	16.0750	0.0620
5309.160	15.9320	0.0618
5312.090	15.8326	0.0591
5315.020	15.8317	0.0645
5317.950	15.8539	0.0668
5320.880	15.7787	0.0648
5323.810	15.7915	0.0673
5326.740	15.6909	0.0710
5329.670	15.7337	0.0675
5332.600	15.7049	0.0647
5335.530	15.6253	0.0603
5338.460	15.6013	0.0649
5341.390	15.5346	0.0630
5344.320	15.5114	0.0628
5347.250	15.5032	0.0621
5350.180	15.5195	0.0607
5353.110	15.4137	0.0666
5356.040	15.3622	0.0623
5358.970	15.3562	0.0579
5361.900	15.3137	0.0642
5364.830	15.3903	0.0631
5367.760	15.3169	0.0569
5370.690	15.2225	0.0591
5373.620	15.2595	0.0638
5376.550	15.2652	0.0660
5379.480	15.1230	0.0564
5382.410	15.0651	0.0592
5385.340	15.0362	0.0562
5388.270	14.9778	0.0556
5391.200	14.9603	0.0587
5394.130	14.9223	0.0576
5397.060	14.8793	0.0567
5399.990	14.8130	0.0568
5402.920	14.8335	0.0599
5405.850	14.7735	0.0627
5408.780	14.7470	0.0625
5411.710	14.7569	0.0608
5414.640	14.7390	0.0605
5417.570	14.7008	0.0544
5420.500	14.6538	0.0547
5423.430	14.6582	0.0524
5426.360	14.6192	0.0571
5429.290	14.5593	0.0538
5432.220	14.5860	0.0530
5435.150	14.6092	0.0576
5438.080	14.5069	0.0557
5441.010	14.4726	0.0555
5443.940	14.4340	0.0589
5446.870	14.4148	0.0513
5449.800	14.3671	0.0543
5452.730	14.3346	0.0509
5455.660	14.2650	0.0468
5458.590	14.2235	0.0502
5461.520	14.2626	0.0465
5464.450	14.1612	0.0478
5467.380	14.1791	0.0494
5470.310	14.1279	0.0517
5473.240	14.1163	0.0518
5476.170	14.0834	0.0537
5479.100	14.0490	0.0533
5482.030	13.9605	0.0512
5484.960	13.9494	0.0479
5487.890	13.9654	0.0468
5490.820	13.9332	0.0496
5493.750	13.9335	0.0498
5496.680	13.9511	0.0509
5499.610	13.9219	0.0480
5502.540	13.8741	0.0477
5505.470	13.7951	0.0495
5508.400	13.7147	0.0513
5511.330	13.7222	0.0535
5514.260	13.6845	0.0499
5517.190	13.6940	0.0490
5520.120	13.6924	0.0496
5523.050	13.6444	0.0513
5525.980	13.6425	0.0476
5528.910	13.5932	0.0489
5531.840	13.5515	0.0551
5534.770	13.4917	0.0540
5537.700	13.4878	0.0539
5540.630	13.4716	0.0515
5543.560	13.4611	0.0472
5546.490	13.3815	0.0482
5549.420	13.3596	0.0483
5552.350	13.3708	0.0484
5555.280	13.3151	0.0485
5558.210	13.2898	0.0495
5561.140	13.2319	0.0519
5564.070	13.2243	0.0523
5567.000	13.2164	0.0480
5569.930	13.1479	0.0470
5572.860	13.1146	0.0484
5575.790	13.0880	0.0547
5578.720	13.0583	0.0522
5581.650	13.0327	0.0498
5584.580	13.0019	0.0510
5587.510	13.0085	0.0522
5590.440	13.0002	0.0515
5593.370	12.9574	0.0493
5596.300	12.9348	0.0498
5599.230	12.8953	0.0496
5602.160	12.8554	0.0469
5605.090	12.8425	0.0496
5608.020	12.8064	0.0517
5610.950	12.7864	0.0491
5613.880	12.7894	0.0457
5616.810	12.8001	0.0473
5619.740	12.7654	0.0458
5622.670	12.7374	0.0458
5625.600	12.6864	0.0471
5628.530	12.6243	0.0506
5631.460	12.5806	0.0490
5634.390	12.5496	0.0486
5637.320	12.5167	0.0499
5640.250	12.3829	0.0537
5643.180	12.3811	0.0473
5646.110	12.3676	0.0470
5649.040	12.3170	0.0471
5651.970	12.3226	0.0457
5654.900	12.2257	0.0430
5657.830	12.1754	0.0469
5660.760	12.0964	0.0473
5663.690	12.0543	0.0442
5666.620	11.9847	0.0443
5669.550	11.9711	0.0443
5672.480	12.0332	0.0466
5675.410	12.1240	0.0491
5678.340	12.1375	0.0501
5681.270	12.1521	0.0513
5684.200	12.1614	0.0474
5687.130	12.1893	0.0468
5690.060	12.1562	0.0439
5692.990	12.0965	0.0449
5695.920	12.0524	0.0444
5698.850	12.0824	0.0458
5701.780	12.0724	0.0436
5704.710	12.0228	0.0464
5707.640	11.9968	0.0508
5710.570	11.9734	0.0487
5713.500	11.9374	0.0467
5716.430	11.8948	0.0466
5719.360	11.8299	0.0466
5722.290	11.8587	0.0426
5725.220	11.8072	0.0433
5728.150	11.8489	0.0426
5731.080	11.7990	0.0432
5734.010	11.7971	0.0395
5736.940	11.7832	0.0412
5739.870	11.7194	0.0393
5742.800	11.6894	0.0419
5745.730	11.6844	0.0416
5748.660	11.6676	0.0427
5751.590	11.6847	0.0426
5754.520	11.5922	0.0450
5757.450	11.5427	0.0452
5760.380	11.5324	0.0449
5763.310	11.5563	0.0426
5766.240	11.5026	0.0438
5769.170	11.4608	0.0417
5772.100	11.4825	0.0396
5775.030	11.4253	0.0392
5777.960	11.4241	0.0397
5780.890	11.4218	0.0401
5783.820	11.3765	0.0432
5786.750	11.3116	0.0419
5789.680	11.3164	0.0440
5792.610	11.2951	0.0414
5795.540	11.2810	0.0429
5798.470	11.2352	0.0428
5801.400	11.2143	0.0440
5804.330	11.2111	0.0450
5807.260	11.1994	0.0448
5810.190	11.1400	0.0430
5813.120	11.1461	0.0405
5816.050	11.1012	0.0420
5818.980	11.1244	0.0404
5821.910	11.1161	0.0381
5824.840	11.0353	0.0397
5827.770	11.0322	0.0416
5830.700	10.9893	0.0423
5833.630	10.9923	0.0392
5836.560	10.9973	0.0395
5839.490	10.9721	0.0417
5842.420	10.9386	0.0394
5845.350	10.8916	0.0390
5848.280	10.8600	0.0396
5851.210	10.8489	0.0426
5854.140	10.8490	0.0453
5857.070	10.8141	0.0451
5860.000	10.7511	0.0433
5862.930	10.7556	0.0432
5865.860	10.7549	0.0429
5868.790	10.7383	0.0464
5871.720	10.7824	0.0730
5874.650	10.8294	0.0818
5877.580	10.7147	0.0567
5880.510	10.6140	0.0379
5883.440	10.5386	0.0369
5886.370	10.4759	0.0457
5889.300	10.3847	0.0573
5892.230	10.3739	0.0526
5895.160	10.4206	0.0460
5898.090	10.4326	0.0390
5901.020	10.4247	0.0421
5903.950	10.4791	0.0419
5906.880	10.4451	0.0412
5909.810	10.3977	0.0403
5912.740	10.4241	0.0396
5915.670	10.4200	0.0369
5918.600	10.4378	0.0388
5921.530	10.3471	0.0417
5924.460	10.3393	0.0427
5927.390	10.3220	0.0431
5930.320	10.3120	0.0405
5933.250	10.3090	0.0389
5936.180	10.2613	0.0360
5939.110	10.2342	0.0354
5942.040	10.2032	0.0411
5944.970	10.1875	0.0428
5947.900	10.1718	0.0389
5950.830	10.1791	0.0386
5953.760	10.1608	0.0386
5956.690	10.1463	0.0387
5959.620	10.0934	0.0357
5962.550	10.0733	0.0362
5965.480	10.0753	0.0363
5968.410	10.0247	0.0389
5971.340	10.0112	0.0400
5974.270	10.0445	0.0409
5977.200	10.0066	0.0404
5980.130	9.9963	0.0390
5983.060	9.9646	0.0385
5985.990	9.9205	0.0390
5988.920	9.9018	0.0386
5991.850	9.8845	0.0391
5994.780	9.8725	0.0373
5997.710	9.8659	0.0390
6000.640	9.8295	0.0420
6003.570	9.7831	0.0423
6006.500	9.8201	0.0419
6009.430	9.7997	0.0415
6012.360	9.7746	0.0376
6015.290	9.7412	0.0365
6018.220	9.7374	0.0376
6021.150	9.7410	0.0363
6024.080	9.6954	0.0370
6027.010	9.6732	0.0340
6029.940	9.6313	0.0359
6032.870	9.5894	0.0360
6035.800	9.6074	0.0376
6038.730	9.5888	0.0326
6041.660	9.5880	0.0351
6044.590	9.5506	0.0365
6047.520	9.5438	0.0358
6050.450	9.5062	0.0375
6053.380	9.4716	0.0390
6056.310	9.4638	0.0397
6059.240	9.4145	0.0380
6062.170	9.4122	0.0373
6065.100	9.4288	0.0356
6068.030	9.3764	0.0340
6070.960	9.3322	0.0344
6073.890	9.3500	0.0334
6076.820	9.2792	0.0346
6079.750	9.2754	0.0346
6082.680	9.2553	0.0344
6085.610	9.2179	0.0364
6088.540	9.2637	0.0343
6091.470	9.2424	0.0363
6094.400	9.2150	0.0357
6097.330	9.2283	0.0346
6100.260	9.2159	0.0353
6103.190	9.2221	0.0340
6106.120	9.1545	0.0323
6109.050	9.1158	0.0335
6111.980	9.1024	0.0341
6114.910	9.0644	0.0338
6117.840	9.0830	0.0350
6120.770	9.0762	0.0343
6123.700	9.0777	0.0339
6126.630	9.0397	0.0356
6129.560	9.0301	0.0348
6132.490	9.0331	0.0325
6135.420	9.0524	0.0333
6138.350	9.0279	0.0361
6141.280	8.9931	0.0346
6144.210	8.9658	0.0330
6147.140	8.9307	0.0327
6150.070	8.8955	0.0315
6153.000	8.9022	0.0310
6155.930	8.8941	0.0311
6158.860	8.8735	0.0359
6161.790	8.8944	0.0394
6164.720	8.8768	0.0376
6167.650	8.8452	0.0356
6170.580	8.8302	0.0318
6173.510	8.8046	0.0325
6176.440	8.7541	0.0307
6179.370	8.7128	0.0311
6182.300	8.7208	0.0318
6185.230	8.7021	0.0317
6188.160	8.6859	0.0315
6191.090	8.6648	0.0341
6194.020	8.6344	0.0335
6196.950	8.6033	0.0337
6199.880	8.6171	0.0327
6202.810	8.6182	0.0316
6205.740	8.5975	0.0306
6208.670	8.5834	0.0312
6211.600	8.5738	0.0313
6214.530	8.5517	0.0325
6217.460	8.5376	0.0340
6220.390	8.5156	0.0314
6223.320	8.5131	0.0305
6226.250	8.4968	0.0329
6229.180	8.4870	0.0335
6232.110	8.4844	0.0320
6235.040	8.4496	0.0314
6237.970	8.4058	0.0337
6240.900	8.4297	0.0334
6243.830	8.4106	0.0322
6246.760	8.3926	0.0315
6249.690	8.3750	0.0317
6252.620	8.3761	0.0314
6255.550	8.3646	0.0311
6258.480	8.3521	0.0300
6261.410	8.3100	0.0305
6264.340	8.2916	0.0327
6267.270	8.2771	0.0315
6270.200	8.2486	0.0336
6273.130	8.2486	0.0307
6276.060	8.2547	0.0306
6278.990	8.2421	0.0309
6281.920	8.2206	0.0325
6284.850	8.2163	0.0350
6287.780	8.2112	0.0319
6290.710	8.2023	0.0300
6293.640	8.2028	0.0296
6296.570	8.1925	0.0306
6299.500	8.1744	0.0301
6302.430	8.1487	0.0303
6305.360	8.1116	0.0333
6308.290	8.0859	0.0347
6311.220	8.0860	0.0332
6314.150	8.0860	0.0356
6317.080	8.0311	0.0333
6320.010	8.0130	0.0305
6322.940	7.9714	0.0315
6325.870	7.9186	0.0325
6328.800	7.9029	0.0313
6331.730	7.8923	0.0273
6334.660	7.8773	0.0287
6337.590	7.8775	0.0275
6340.520	7.8879	0.0271
6343.450	7.8904	0.0269
6346.380	7.8887	0.0255
6349.310	7.8698	0.0269
6352.240	7.8445	0.0276
6355.170	7.8503	0.0283
6358.100	7.8604	0.0281
6361.030	7.8334	0.0270
6363.960	7.8129	0.0277
6366.890	7.7710	0.0287
6369.820	7.7636	0.0300
6372.750	7.7657	0.0298
6375.680	7.7343	0.0294
6378.610	7.7476	0.0293
6381.540	7.7195	0.0282
6384.470	7.6981	0.0274
6387.400	7.6987	0.0312
6390.330	7.6900	0.0284
6393.260	7.6787	0.0271
6396.190	7.6504	0.0286
6399.120	7.6409	0.0274
6402.050	7.6263	0.0272
6404.980	7.6047	0.0277
6407.910	7.5712	0.0305
6410.840	7.5636	0.0302
6413.770	7.5589	0.0283
6416.700	7.5497	0.0277
6419.630	7.5290	0.0269
6422.560	7.5198	0.0258
6425.490	7.5432	0.0281
6428.420	7.5254	0.0277
6431.350	7.4832	0.0274
6434.280	7.4619	0.0277
6437.210	7.4631	0.0309
6440.140	7.4400	0.0319
6443.070	7.4045	0.0294
6446.000	7.3845	0.0286
6448.930	7.3836	0.0290
6451.860	7.3956	0.0292
6454.790	7.3793	0.0282
6457.720	7.3437	0.0294
6460.650	7.3260	0.0286
6463.580	7.3201	0.0272
6466.510	7.3182	0.0263
6469.440	7.2795	0.0270
6472.370	7.2482	0.0272
6475.300	7.2341	0.0266
6478.230	7.2175	0.0263
6481.160	7.2074	0.0275
6484.090	7.2002	0.0267
6487.020	7.2034	0.0279
6489.950	7.1937	0.0278
6492.880	7.1922	0.0300
6495.810	7.1993	0.0312
6498.740	7.1767	0.0283
6501.670	7.1499	0.0278
6504.600	7.1255	0.0289
6507.530	7.1094	0.0284
6510.460	7.0962	0.0287
6513.390	7.0907	0.0279
6516.320	7.0690	0.0280
6519.250	7.0052	0.0293
6522.180	7.0046	0.0298
6525.110	6.9946	0.0273
6528.040	6.9830	0.0274
6530.970	6.9428	0.0264
6533.900	6.8993	0.0251
6536.830	6.8680	0.0262
6539.760	6.8083	0.0273
6542.690	6.7340	0.0296
6545.620	6.6646	0.0303
6548.550	6.5573	0.0308
6551.480	6.4332	0.0358
6554.410	6.3368	0.0376
6557.340	6.2967	0.0376
6560.270	6.3792	0.0453
6563.200	6.3589	0.0486
6566.130	6.2649	0.0335
6569.060	6.2237	0.0338
6571.990	6.2618	0.0237
6574.920	6.3420	0.0228
6577.850	6.4458	0.0228
6580.780	6.5309	0.0228
6583.710	6.5780	0.0219
6586.640	6.6381	0.0242
6589.570	6.6607	0.0273
6592.500	6.6838	0.0288
6595.430	6.6895	0.0249
6598.360	6.7159	0.0255
6601.290	6.7120	0.0258
6604.220	6.7150	0.0238
6607.150	6.7092	0.0245
6610.080	6.6986	0.0250
6613.010	6.6680	0.0255
6615.940	6.6670	0.0251
6618.870	6.6832	0.0245
6621.800	6.6677	0.0238
6624.730	6.6374	0.0252
6627.660	6.6367	0.0243
6630.590	6.6200	0.0258
6633.520	6.6257	0.0265
6636.450	6.6032	0.0265
6639.380	6.5827	0.0254
6642.310	6.5743	0.0266
6645.240	6.5667	0.0279
6648.170	6.5620	0.0248
6651.100	6.5382	0.0244
6654.030	6.5302	0.0254
6656.960	6.5465	0.0235
6659.890	6.5251	0.0247
6662.820	6.5081	0.0260
6665.750	6.4826	0.0281
6668.680	6.4756	0.0244
6671.610	6.4946	0.0255
6674.540	6.5044	0.0372
6677.470	6.5176	0.0422
6680.400	6.4925	0.0321
6683.330	6.4405	0.0251
6686.260	6.4132	0.0244
6689.190	6.4203	0.0222
6692.120	6.4072	0.0226
6695.050	6.3824	0.0241
6697.980	6.3655	0.0255
6700.910	6.3650	0.0240
6703.840	6.3551	0.0248
6706.770	6.3512	0.0239
6709.700	6.3236	0.0251
6712.630	6.3307	0.0240
6715.560	6.3098	0.0238
6718.490	6.2836	0.0247
6721.420	6.2523	0.0263
6724.350	6.2566	0.0258
6727.280	6.2576	0.0253
6730.210	6.2486	0.0257
6733.140	6.2344	0.0244
6736.070	6.2349	0.0245
6739.000	6.2271	0.0225
6741.930	6.2232	0.0227
6744.860	6.2169	0.0237
6747.790	6.2105	0.0244
6750.720	6.1961	0.0244
6753.650	6.1841	0.0253
6756.580	6.1730	0.0223
6759.510	6.1541	0.0215
6762.440	6.1397	0.0218
6765.370	6.1373	0.0232
6768.300	6.1211	0.0230
6771.230	6.1122	0.0230
6774.160	6.0959	0.0243
6777.090	6.0718	0.0232
6780.020	6.0647	0.0222
6782.950	6.0715	0.0217
6785.880	6.0791	0.0206
6788.810	6.0674	0.0223
6791.740	6.0284	0.0231
6794.670	6.0212	0.0218
6797.600	6.0196	0.0218
6800.530	6.0010	0.0221
6803.460	5.9998	0.0211
6806.390	5.9850	0.0223
6809.320	5.9780	0.0217
6812.250	5.9739	0.0205
6815.180	5.9588	0.0206
6818.110	5.9435	0.0210
6821.040	5.9245	0.0219
6823.970	5.9110	0.0228
6826.900	5.9184	0.0234
6829.830	5.9028	0.0243
6832.760	5.8930	0.0228
6835.690	5.8906	0.0224
6838.620	5.8947	0.0223
6841.550	5.8911	0.0214
6844.480	5.8596	0.0221
6847.410	5.8299	0.0221
6850.340	5.8102	0.0224
6853.270	5.8053	0.0241
6856.200	5.7996	0.0236
6859.130	5.8089	0.0243
6862.060	5.8166	0.0229
6864.990	5.8242	0.0227
6867.920	5.7999	0.0236
6870.850	5.7499	0.0219
6873.780	5.7387	0.0216
6876.710	5.7196	0.0211
6879.640	5.7085	0.0211
6882.570	5.7262	0.0228
6885.500	5.7326	0.0256
6888.430	5.7212	0.0238
6891.360	5.7064	0.0221
6894.290	5.6996	0.0213
6897.220	5.6831	0.0203
6900.150	5.6665	0.0191
6903.080	5.6494	0.0198
6906.010	5.6416	0.0204
6908.940	5.6403	0.0214
6911.870	5.6399	0.0225
6914.800	5.6265	0.0209
6917.730	5.6110	0.0203
6920.660	5.6039	0.0205
6923.590	5.5963	0.0201
6926.520	5.5863	0.0194
6929.450	5.5702	0.0196
6932.380	5.5580	0.0191
6935.310	5.5508	0.0186
6938.240	5.5421	0.0192
6941.170	5.5357	0.0193
6944.100	5.5365	0.0192
6947.030	5.5215	0.0203
6949.960	5.5117	0.0215
6952.890	5.5061	0.0205
6955.820	5.4827	0.0194
6958.750	5.4678	0.0191
6961.680	5.4550	0.0195
6964.610	5.4597	0.0205
6967.540	5.4531	0.0207
6970.470	5.4509	0.0207
6973.400	5.4610	0.0200
6976.330	5.4631	0.0197
6979.260	5.4472	0.0206
6982.190	5.4298	0.0199
6985.120	5.4021	0.0196
6988.050	5.3825	0.0201
6990.980	5.3737	0.0210
6993.910	5.3641	0.0212
6996.840	5.3536	0.0201
6999.770	5.3495	0.0206
7002.700	5.3490	0.0210
7005.630	5.3462	0.0209
7008.560	5.3226	0.0204
7011.490	5.3099	0.0194
7014.420	5.3208	0.0186
7017.350	5.3123	0.0187
7020.280	5.2980	0.0192
7023.210	5.3038	0.0198
7026.140	5.2937	0.0198
7029.070	5.2782	0.0190
7032.000	5.2661	0.0178
7034.930	5.2577	0.0176
7037.860	5.2590	0.0169
7040.790	5.2424	0.0174
7043.720	5.2196	0.0190
7046.650	5.2232	0.0183
7049.580	5.2155	0.0182
7052.510	5.2175	0.0183
7055.440	5.2071	0.0188
7058.370	5.1893	0.0210
7061.300	5.1895	0.0233
7064.230	5.1944	0.0288
7067.160	5.1696	0.0237
7070.090	5.1521	0.0182
7073.020	5.1326	0.0183
7075.950	5.1255	0.0187
7078.880	5.1226	0.0175
7081.810	5.1065	0.0176
7084.740	5.0955	0.0181
7087.670	5.1001	0.0180
7090.600	5.0877	0.0182
7093.530	5.0639	0.0174
7096.460	5.0520	0.0172
7099.390	5.0554	0.0175
7102.320	5.0552	0.0189
7105.250	5.0487	0.0207
7108.180	5.0458	0.0197
7111.110	5.0409	0.0198
7114.040	5.0182	0.0186
7116.970	5.0074	0.0183
7119.900	5.0064	0.0191
7122.830	5.0027	0.0195
7125.760	4.9987	0.0186
7128.690	4.9886	0.0179
7131.620	4.9796	0.0176
7134.550	4.9711	0.0184
7137.480	4.9774	0.0177
7140.410	4.9730	0.0175
7143.340	4.9638	0.0197
7146.270	4.9597	0.0186
7149.200	4.9376	0.0190
7152.130	4.9245	0.0195
7155.060	4.9136	0.0182
7157.990	4.8989	0.0180
7160.920	4.8898	0.0184
7163.850	4.8950	0.0200
7166.780	4.8886	0.0197
7169.710	4.8768	0.0215
7172.640	4.8622	0.0213
7175.570	4.8622	0.0211
7178.500	4.8580	0.0200
7181.430	4.8470	0.0192
7184.360	4.8363	0.0191
7187.290	4.8169	0.0179
7190.220	4.8111	0.0179
7193.150	4.8069	0.0175
7196.080	4.7981	0.0176
7199.010	4.7970	0.0195
7201.940	4.7885	0.0189
7204.870	4.7736	0.0183
7207.800	4.7638	0.0174
7210.730	4.7707	0.0171
7213.660	4.7677	0.0174
7216.590	4.7613	0.0171
7219.520	4.7624	0.0181
7222.450	4.7505	0.0227
7225.380	4.7427	0.0214
7228.310	4.7286	0.0187
7231.240	4.6999	0.0182
7234.170	4.6851	0.0175
7237.100	4.6902	0.0181
7240.030	4.6966	0.0181
7242.960	4.6970	0.0184
7245.890	4.6815	0.0198
7248.820	4.6896	0.0193
7251.750	4.6854	0.0193
7254.680	4.6759	0.0181
7257.610	4.6666	0.0169
7260.540	4.6430	0.0167
7263.470	4.6322	0.0176
7266.400	4.6306	0.0178
7269.330	4.6088	0.0193
7272.260	4.6100	0.0191
7275.190	4.6078	0.0187
7278.120	4.6055	0.0203
7281.050	4.6096	0.0207
7283.980	4.5988	0.0184
7286.910	4.5830	0.0190
7289.840	4.5593	0.0196
7292.770	4.5599	0.0183
7295.700	4.5519	0.0180
7298.630	4.5409	0.0183
7301.560	4.5379	0.0177
7304.490	4.5347	0.0176
7307.420	4.5178	0.0177
7310.350	4.5153	0.0168
7313.280	4.5152	0.0175
7316.210	4.4974	0.0176
7319.140	4.4945	0.0167
7322.070	4.5001	0.0165
7325.000	4.5017	0.0171
7327.930	4.4906	0.0175
7330.860	4.4731	0.0170
7333.790	4.4433	0.0182
7336.720	4.4439	0.0194
7339.650	4.4525	0.0185
7342.580	4.4537	0.0171
7345.510	4.4452	0.0159
7348.440	4.4264	0.0159
7351.370	4.4194	0.0178
7354.300	4.4070	0.0187
7357.230	4.4062	0.0168
7360.160	4.4065	0.0167
7363.090	4.3905	0.0166
7366.020	4.3882	0.0170
7368.950	4.3960	0.0161
7371.880	4.3874	0.0163
7374.810	4.3724	0.0155
7377.740	4.3687	0.0166
7380.670	4.3647	0.0169
7383.600	4.3420	0.0172
7386.530	4.3369	0.0169
7389.460	4.3551	0.0165
7392.390	4.3409	0.0161
7395.320	4.3174	0.0162
7398.250	4.3084	0.0160
7401.180	4.2962	0.0160
7404.110	4.2883	0.0158
7407.040	4.2757	0.0163
7409.970	4.2821	0.0173
7412.900	4.2857	0.0178
7415.830	4.2685	0.0168
7418.760	4.2628	0.0165
7421.690	4.2651	0.0168
7424.620	4.2518	0.0166
7427.550	4.2512	0.0157
7430.480	4.2485	0.0155
7433.410	4.2319	0.0160
7436.340	4.2207	0.0154
7439.270	4.2180	0.0160
7442.200	4.2022	0.0152
7445.130	4.2061	0.0164
7448.060	4.2045	0.0162
7450.990	4.1925	0.0168
7453.920	4.1874	0.0176
7456.850	4.1816	0.0164
7459.780	4.1757	0.0171
7462.710	4.1674	0.0168
7465.640	4.1585	0.0170
7468.570	4.1610	0.0169
7471.500	4.1536	0.0171
7474.430	4.1526	0.0181
7477.360	4.1323	0.0173
7480.290	4.1127	0.0172
7483.220	4.1193	0.0166
7486.150	4.1143	0.0165
7489.080	4.1036	0.0158
7492.010	4.0992	0.0167
7494.940	4.0858	0.0168
7497.870	4.0721	0.0170
7500.800	4.0670	0.0169
7503.730	4.0654	0.0162
7506.660	4.0722	0.0160
7509.590	4.0713	0.0164
7512.520	4.0547	0.0162
7515.450	4.0533	0.0152
7518.380	4.0610	0.0159
7521.310	4.0508	0.0167
7524.240	4.0471	0.0170
7527.170	4.0379	0.0161
7530.100	4.0288	0.0161
7533.030	4.0138	0.0164
7535.960	4.0042	0.0151
7538.890	3.9956	0.0156
7541.820	3.9910	0.0162
7544.750	3.9842	0.0161
7547.680	3.9840	0.0146
7550.610	3.9631	0.0150
7553.540	3.9644	0.0143
7556.470	3.9579	0.0141
7559.400	3.9551	0.0154
7562.330	3.9518	0.0157
7565.260	3.9409	0.0177
7568.190	3.9308	0.0177
7571.120	3.9268	0.0157
7574.050	3.9143	0.0151
7576.980	3.9162	0.0150
7579.910	3.9170	0.0156
7582.840	3.9062	0.0163
7585.770	3.9004	0.0180
7588.700	3.9099	0.0186
7591.630	3.9096	0.0203
7594.560	3.9220	0.0227
7597.490	3.9175	0.0240
7600.420	3.9002	0.0228
7603.350	3.8558	0.0226
7606.280	3.8089	0.0209
7609.210	3.7660	0.0196
7612.140	3.7521	0.0179
7615.070	3.7737	0.0172
7618.000	3.7930	0.0152
7620.930	3.8112	0.0160
7623.860	3.8032	0.0192
7626.790	3.8016	0.0180
7629.720	3.7854	0.0178
7632.650	3.7897	0.0162
7635.580	3.7723	0.0153
7638.510	3.7605	0.0153
7641.440	3.7724	0.0172
7644.370	3.7673	0.0160
7647.300	3.7681	0.0154
7650.230	3.7621	0.0161
7653.160	3.7583	0.0157
7656.090	3.7648	0.0165
7659.020	3.7524	0.0172
7661.950	3.7506	0.0169
7664.880	3.7483	0.0159
7667.810	3.7452	0.0140
7670.740	3.7326	0.0140
7673.670	3.7325	0.0152
7676.600	3.7219	0.0152
7679.530	3.7095	0.0154
7682.460	3.7044	0.0151
7685.390	3.6964	0.0163
7688.320	3.6876	0.0160
7691.250	3.6818	0.0155
7694.180	3.6686	0.0150
7697.110	3.6675	0.0145
7700.040	3.6766	0.0145
7702.970	3.6573	0.0143
7705.900	3.6450	0.0145
7708.830	3.6457	0.0144
7711.760	3.6367	0.0150
7714.690	3.6255	0.0150
7717.620	3.6091	0.0135
7720.550	3.6125	0.0152
7723.480	3.6139	0.0159
7726.410	3.6212	0.0148
7729.340	3.6090	0.0152
7732.270	3.6049	0.0155
7735.200	3.5945	0.0141
7738.130	3.6088	0.0145
7741.060	3.6031	0.0137
7743.990	3.5969	0.0151
7746.920	3.5906	0.0138
7749.850	3.5971	0.0135
7752.780	3.5872	0.0136
7755.710	3.5795	0.0145
7758.640	3.5747	0.0131
7761.570	3.5656	0.0141
7764.500	3.5477	0.0140
7767.430	3.5417	0.0131
7770.360	3.5483	0.0149
7773.290	3.5453	0.0154
7776.220	3.5469	0.0144
7779.150	3.5296	0.0147
7782.080	3.5130	0.0134
7785.010	3.5039	0.0137
7787.940	3.5045	0.0139
7790.870	3.5104	0.0132
7793.800	3.5036	0.0132
7796.730	3.5055	0.0137
7799.660	3.5039	0.0136
7802.590	3.4941	0.0144
7805.520	3.4800	0.0160
7808.450	3.4912	0.0151
7811.380	3.4852	0.0142
7814.310	3.4645	0.0134
7817.240	3.4500	0.0144
7820.170	3.4602	0.0141
7823.100	3.4700	0.0137
7826.030	3.4528	0.0137
7828.960	3.4397	0.0144
7831.890	3.4375	0.0150
7834.820	3.4250	0.0142
7837.750	3.4328	0.0150
7840.680	3.4290	0.0137
7843.610	3.4080	0.0135
7846.540	3.3910	0.0147
7849.470	3.4071	0.0156
7852.400	3.4185	0.0148
7855.330	3.4099	0.0151
7858.260	3.3992	0.0148
7861.190	3.3965	0.0140
7864.120	3.3977	0.0141
7867.050	3.3804	0.0147
7869.980	3.3701	0.0148
7872.910	3.3645	0.0141
7875.840	3.3540	0.0146
7878.770	3.3575	0.0144
7881.700	3.3483	0.0139
7884.630	3.3254	0.0145
7887.560	3.3306	0.0139
7890.490	3.3512	0.0133
7893.420	3.3442	0.0131
7896.350	3.3429	0.0135
7899.280	3.3364	0.0147
7902.210	3.3118	0.0148
7905.140	3.2928	0.0148
7908.070	3.2834	0.0147
7911.000	3.2782	0.0153
7913.930	3.2615	0.0147
7916.860	3.2298	0.0143
7919.790	3.2095	0.0133
7922.720	3.1995	0.0146
7925.650	3.2008	0.0139
7928.580	3.2059	0.0131
7931.510	3.2350	0.0135
7934.440	3.2371	0.0138
7937.370	3.2507	0.0133
7940.300	3.2588	0.0125
7943.230	3.2648	0.0129
7946.160	3.2632	0.0130
7949.090	3.2540	0.0133
7952.020	3.2500	0.0129
7954.950	3.2368	0.0132
7957.880	3.2209	0.0139
7960.810	3.2025	0.0146
7963.740	3.2099	0.0148
7966.670	3.2125	0.0144
7969.600	3.2039	0.0138
7972.530	3.2063	0.0142
7975.460	3.1973	0.0134
7978.390	3.2105	0.0138
7981.320	3.1926	0.0132
7984.250	3.1831	0.0133
7987.180	3.1740	0.0142
7990.110	3.1794	0.0144
7993.040	3.2024	0.0139
7995.970	3.1818	0.0136
7998.900	3.1554	0.0129
8001.830	3.1498	0.0128
8004.760	3.1429	0.0122
8007.690	3.1520	0.0119
8010.620	3.1661	0.0116
8013.550	3.1532	0.0118
8016.480	3.1505	0.0130
8019.410	3.1583	0.0136
8022.340	3.1641	0.0137
8025.270	3.1574	0.0132
8028.200	3.1642	0.0144
8031.130	3.1267	0.0134
8034.060	3.1056	0.0125
8036.990	3.0989	0.0130
8039.920	3.1007	0.0128
8042.850	3.0948	0.0126
8045.780	3.1051	0.0129
8048.710	3.0907	0.0130
8051.640	3.0791	0.0131
8054.570	3.0615	0.0142
8057.500	3.0684	0.0133
8060.430	3.0830	0.0127
8063.360	3.0816	0.0126
8066.290	3.0797	0.0118
8069.220	3.0622	0.0134
8072.150	3.0645	0.0128
8075.080	3.0657	0.0129
8078.010	3.0645	0.0137
8080.940	3.0404	0.0137
8083.870	3.0428	0.0130
8086.800	3.0225	0.0127
8089.730	3.0263	0.0127
8092.660	3.0340	0.0125
8095.590	3.0104	0.0125
8098.520	2.9986	0.0125
8101.450	3.0036	0.0130
8104.380	3.0061	0.0129
8107.310	2.9920	0.0135
8110.240	2.9822	0.0126
8113.170	2.9835	0.0130
8116.100	2.9959	0.0137
8119.030	2.9872	0.0134
8121.960	2.9940	0.0132
8124.890	2.9954	0.0122
8127.820	2.9879	0.0116
8130.750	2.9825	0.0121
8133.680	2.9717	0.0119
8136.610	2.9572	0.0127
8139.540	2.9458	0.0123
8142.470	2.9406	0.0129
8145.400	2.9422	0.0118
8148.330	2.9521	0.0121
8151.260	2.9478	0.0122
8154.190	2.9432	0.0123
8157.120	2.9324	0.0134
8160.050	2.9359	0.0134
8162.980	2.9230	0.0138
8165.910	2.9159	0.0139
8168.840	2.9006	0.0153
8171.770	2.9098	0.0147
8174.700	2.9069	0.0140
8177.630	2.9021	0.0140
8180.560	2.8856	0.0142
8183.490	2.8832	0.0146
8186.420	2.8762	0.0141
8189.350	2.8743	0.0140
8192.280	2.8863	0.0126
8195.210	2.8762	0.0133
8198.140	2.8641	0.0122
8201.070	2.8666	0.0120
8204.000	2.8613	0.0123
8206.930	2.8420	0.0124
8209.860	2.8477	0.0116
8212.790	2.8585	0.0115
8215.720	2.8655	0.0107
8218.650	2.8509	0.0116
8221.580	2.8371	0.0127
8224.510	2.8310	0.0142
8227.440	2.8227	0.0158
8230.370	2.8252	0.0178
8233.300	2.8390	0.0163
8236.230	2.8259	0.0137
8239.160	2.8195	0.0128
8242.090	2.8062	0.0111
8245.020	2.8027	0.0110
8247.950	2.8085	0.0117
8250.880	2.7955	0.0112
8253.810	2.7959	0.0117
8256.740	2.7826	0.0131
8259.670	2.7666	0.0121
8262.600	2.7657	0.0121
8265.530	2.7645	0.0117
8268.460	2.7516	0.0115
8271.390	2.7626	0.0112
8274.320	2.7609	0.0113
8277.250	2.7619	0.0114
8280.180	2.7552	0.0116
8283.110	2.7463	0.0114
8286.040	2.7590	0.0114
8288.970	2.7499	0.0118
8291.900	2.7398	0.0124
8294.830	2.7239	0.0121
8297.760	2.7218	0.0123
8300.690	2.7264	0.0118
8303.620	2.7152	0.0111
8306.550	2.7186	0.0118
8309.480	2.7242	0.0124
8312.410	2.7279	0.0122
8315.340	2.7111	0.0131
8318.270	2.7117	0.0126
8321.200	2.7035	0.0125
8324.130	2.7090	0.0118
8327.060	2.7098	0.0129
8329.990	2.6970	0.0132
8332.920	2.6958	0.0130
8335.850	2.6808	0.0129
8338.780	2.6625	0.0127
8341.710	2.6756	0.0128
8344.640	2.6986	0.0124
8347.570	2.6769	0.0112
8350.500	2.6547	0.0122
8353.430	2.6569	0.0126
8356.360	2.6470	0.0119
8359.290	2.6414	0.0116
8362.220	2.6427	0.0127
8365.150	2.6498	0.0128
8368.080	2.6390	0.0117
8371.010	2.6379	0.0112
8373.940	2.6383	0.0109
8376.870	2.6354	0.0121
8379.800	2.6410	0.0128
8382.730	2.6395	0.0135
8385.660	2.6423	0.0123
8388.590	2.6309	0.0117
8391.520	2.6167	0.0113
8394.450	2.6110	0.0122
8397.380	2.6301	0.0123
8400.310	2.6054	0.0115
8403.240	2.5883	0.0107
8406.170	2.6004	0.0105
8409.100	2.5989	0.0111
8412.030	2.5958	0.0122
8414.960	2.5891	0.0130
8417.890	2.5933	0.0110
8420.820	2.5730	0.0105
8423.750	2.5605	0.0107
8426.680	2.5714	0.0120
8429.610	2.6052	0.0138
8432.540	2.5954	0.0122
8435.470	2.5625	0.0124
8438.400	2.5493	0.0118
8441.330	2.5497	0.0113
8444.260	2.5358	0.0108
8447.190	2.5384	0.0110
8450.120	2.5410	0.0133
8453.050	2.5423	0.0117
8455.980	2.5343	0.0113
8458.910	2.5226	0.0126
8461.840	2.5331	0.0130
8464.770	2.5505	0.0126
8467.700	2.5399	0.0121
8470.630	2.5144	0.0112
8473.560	2.5269	0.0114
8476.490	2.5336	0.0117
8479.420	2.5242	0.0119
8482.350	2.5123	0.0117
8485.280	2.5127	0.0128
8488.210	2.5065	0.0128
8491.140	2.5088	0.0123
8494.070	2.5295	0.0148
8497.000	2.5285	0.0189
8499.930	2.4983	0.0149
8502.860	2.4851	0.0125
8505.790	2.4811	0.0126
8508.720	2.4606	0.0122
8511.650	2.4514	0.0113
8514.580	2.4613	0.0124
8517.510	2.4514	0.0122
8520.440	2.4491	0.0114
8523.370	2.4529	0.0112
8526.300	2.4514	0.0124
8529.230	2.4484	0.0137
8532.160	2.4476	0.0127
8535.090	2.4471	0.0123
8538.020	2.4817	0.0212
8540.950	2.5045	0.0261
8543.880	2.4805	0.0195
8546.810	2.4447	0.0130
8549.740	2.4263	0.0140
8552.670	2.4122	0.0126
8555.600	2.4031	0.0111
8558.530	2.4060	0.0106
8561.460	2.4134	0.0110
8564.390	2.4290	0.0111
8567.320	2.4322	0.0111
8570.250	2.4176	0.0112
8573.180	2.4186	0.0114
8576.110	2.4137	0.0117
8579.040	2.4176	0.0119
8581.970	2.4047	0.0128
8584.900	2.3859	0.0123
8587.830	2.3754	0.0120
8590.760	2.3869	0.0106
8593.690	2.3849	0.0103
8596.620	2.3754	0.0105
8599.550	2.3617	0.0117
8602.480	2.3585	0.0112
8605.410	2.3691	0.0103
8608.340	2.3796	0.0098
8611.270	2.3645	0.0098
8614.200	2.3707	0.0105
8617.130	2.3674	0.0100
8620.060	2.3541	0.0111
8622.990	2.3513	0.0135
8625.920	2.3480	0.0121
8628.850	2.3436	0.0113
8631.780	2.3385	0.0107
8634.710	2.3291	0.0121
8637.640	2.3246	0.0125
8640.570	2.3240	0.0122
8643.500	2.3125	0.0113
8646.430	2.3201	0.0112
8649.360	2.3151	0.0121
8652.290	2.3008	0.0120
8655.220	2.3099	0.0101
8658.150	2.3350	0.0189
8661.080	2.3580	0.0226
8664.010	2.3420	0.0175
8666.940	2.3067	0.0127
8669.870	2.2914	0.0119
8672.800	2.2888	0.0115
8675.730	2.2865	0.0113
8678.660	2.2847	0.0112
8681.590	2.2929	0.0109
8684.520	2.2789	0.0104
8687.450	2.2832	0.0107
8690.380	2.2859	0.0109
8693.310	2.2655	0.0101
8696.240	2.2730	0.0102
8699.170	2.2808	0.0104
8702.100	2.2778	0.0104
8705.030	2.2667	0.0105
8707.960	2.2643	0.0107
8710.890	2.2694	0.0107
8713.820	2.2676	0.0107
8716.750	2.2588	0.0097
8719.680	2.2498	0.0098
8722.610	2.2440	0.0103
8725.540	2.2373	0.0096
8728.470	2.2378	0.0091
8731.400	2.2441	0.0088
8734.330	2.2390	0.0096
8737.260	2.2427	0.0104
8740.190	2.2297	0.0100
8743.120	2.2156	0.0098
8746.050	2.2197	0.0100
8748.980	2.2270	0.0099
8751.910	2.2230	0.0104
8754.840	2.2181	0.0100
8757.770	2.2189	0.0103
8760.700	2.2089	0.0105
8763.630	2.2166	0.0107
8766.560	2.2241	0.0111
8769.490	2.2161	0.0113
8772.420	2.2065	0.0114
8775.350	2.2070	0.0113
8778.280	2.1980	0.0106
8781.210	2.1692	0.0113
8784.140	2.1519	0.0112
8787.070	2.1586	0.0114
8790.000	2.1741	0.0102
8792.930	2.1760	0.0098
8795.860	2.1807	0.0095
8798.790	2.1735	0.0093
8801.720	2.1729	0.0107
8804.650	2.1877	0.0117
8807.580	2.1803	0.0115
8810.510	2.1574	0.0115
8813.440	2.1499	0.0117
8816.370	2.1411	0.0114
8819.300	2.1361	0.0108
8822.230	2.1544	0.0110
8825.160	2.1761	0.0113
8828.090	2.1539	0.0103
8831.020	2.1210	0.0105
8833.950	2.1357	0.0106
8836.880	2.1365	0.0101
8839.810	2.1373	0.0095
8842.740	2.1419	0.0095
8845.670	2.1395	0.0102
8848.600	2.1336	0.0118
8851.530	2.1135	0.0115
8854.460	2.0998	0.0110
8857.390	2.1013	0.0106
8860.320	2.1056	0.0095
8863.250	2.1075	0.0102
8866.180	2.1015	0.0107
8869.110	2.0932	0.0103
8872.040	2.0916	0.0097
8874.970	2.0954	0.0096
8877.900	2.0911	0.0089
8880.830	2.1059	0.0094
8883.760	2.1247	0.0102
8886.690	2.0974	0.0100
8889.620	2.0676	0.0089
8892.550	2.0614	0.0097
8895.480	2.0615	0.0107
8898.410	2.0701	0.0110
8901.340	2.0761	0.0108
8904.270	2.0688	0.0104
8907.200	2.0473	0.0103
8910.130	2.0491	0.0096
8913.060	2.0603	0.0104
8915.990	2.0789	0.0100
8918.920	2.0879	0.0096
8921.850	2.0645	0.0104
8924.780	2.0654	0.0112
8927.710	2.0615	0.0109
8930.640	2.0383	0.0100
8933.570	2.0239	0.0098
8936.500	2.0152	0.0098
8939.430	2.0215	0.0105
8942.360	2.0299	0.0106
8945.290	2.0307	0.0100
8948.220	2.0204	0.0100
8951.150	2.0319	0.0096
8954.080	2.0511	0.0105
8957.010	2.0567	0.0105
8959.940	2.0198	0.0099
8962.870	2.0055	0.0093
8965.800	1.9998	0.0099
8968.730	1.9991	0.0104
8971.660	2.0006	0.0116
8974.590	2.0059	0.0111
8977.520	1.9984	0.0107
8980.450	1.9957	0.0102
8983.380	1.9981	0.0099
8986.310	2.0021	0.0104
8989.240	1.9930	0.0110
8992.170	1.9820	0.0106
8995.100	1.9778	0.0109
8998.030	1.9986	0.0111
9000.960	1.9937	0.0106
9003.890	1.9734	0.0101
9006.820	1.9722	0.0105
9009.750	1.9682	0.0105
9012.680	1.9651	0.0119
9015.610	1.9763	0.0119
9018.540	1.9818	0.0106
9021.470	1.9854	0.0103
9024.400	1.9879	0.0108
9027.330	1.9789	0.0108
9030.260	1.9610	0.0096
9033.190	1.9496	0.0087
9036.120	1.9434	0.0087
9039.050	1.9305	0.0090
9041.980	1.9277	0.0096
9044.910	1.9380	0.0097
9047.840	1.9470	0.0107
9050.770	1.9408	0.0107
9053.700	1.9267	0.0099
9056.630	1.9287	0.0087
9059.560	1.9170	0.0096
9062.490	1.9195	0.0101
9065.420	1.9166	0.0103
9068.350	1.9253	0.0108
9071.280	1.9428	0.0107
9074.210	1.9534	0.0102
9077.140	1.9497	0.0100
9080.070	1.9375	0.0108
9083.000	1.9275	0.0099
9085.930	1.9174	0.0100
9088.860	1.9106	0.0102
9091.790	1.9103	0.0105
9094.720	1.8945	0.0095
9097.650	1.8828	0.0097
9100.580	1.8909	0.0103
9103.510	1.8871	0.0102
9106.440	1.8814	0.0102
9109.370	1.8902	0.0111
9112.300	1.9045	0.0107
9115.230	1.9035	0.0114
9118.160	1.8892	0.0113
9121.090	1.8671	0.0099
9124.020	1.8598	0.0094
9126.950	1.8601	0.0093
9129.880	1.8565	0.0104
9132.810	1.8649	0.0112
9135.740	1.8605	0.0106
9138.670	1.8556	0.0106
9141.600	1.8593	0.0100
9144.530	1.8669	0.0099
9147.460	1.8693	0.0095
9150.390	1.8745	0.0099
9153.320	1.8731	0.0105
9156.250	1.8696	0.0105
9159.180	1.8614	0.0103
9162.110	1.8510	0.0102
9165.040	1.8390	0.0104
9167.970	1.8327	0.0100
9170.900	1.8258	0.0097
9173.830	1.8169	0.0105
9176.760	1.8168	0.0105
9179.690	1.8268	0.0105
9182.620	1.8376	0.0104
9185.550	1.8485	0.0099
9188.480	1.8442	0.0098
9191.410	1.8395	0.0098
9194.340	1.8187	0.0099
9197.270	1.8052	0.0101
9200.200	1.8037	0.0093
9203.130	1.8096	0.0104
9206.060	1.8138	0.0104
9208.990	1.8077	0.0100
9211.920	1.7930	0.0098
9214.850	1.7852	0.0098
9217.780	1.7785	0.0103
9220.710	1.7778	0.0099
9223.640	1.7812	0.0093
9226.570	1.7962	0.0098
9229.500	1.8082	0.0099
9232.430	1.8085	0.0102
9235.360	1.7959	0.0095
9238.290	1.7841	0.0090
9241.220	1.7815	0.0096
9244.150	1.7744	0.0098
9247.080	1.7786	0.0108
9250.010	1.7808	0.0109
9252.940	1.7813	0.0099
9255.870	1.7777	0.0094
9258.800	1.7654	0.0095
9261.730	1.7599	0.0100
9264.660	1.7555	0.0101
9267.590	1.7396	0.0099
9270.520	1.7318	0.0103
9273.450	1.7421	0.0105
9276.380	1.7558	0.0110
9279.310	1.7553	0.0114
9282.240	1.7495	0.0103
9285.170	1.7502	0.0098
9288.100	1.7471	0.0100
9291.030	1.7478	0.0096
9293.960	1.7469	0.0096
9296.890	1.7514	0.0103
9299.820	1.7607	0.0109
9302.750	1.7722	0.0115
9305.680	1.7721	0.0108
9308.610	1.7619	0.0111
9311.540	1.7427	0.0110
9314.470	1.7245	0.0123
9317.400	1.7177	0.0121
9320.330	1.7244	0.0128
9323.260	1.7184	0.0138
9326.190	1.7035	0.0131
9329.120	1.7133	0.0117
9332.050	1.7169	0.0125
9334.980	1.7163	0.0136
9337.910	1.7089	0.0147
9340.840	1.6979	0.0145
9343.770	1.6906	0.0143
9346.700	1.6672	0.0128
9349.630	1.6734	0.0118
9352.560	1.6886	0.0131
9355.490	1.6778	0.0137
9358.420	1.6663	0.0125
9361.350	1.6719	0.0120
9364.280	1.6793	0.0122
9367.210	1.6771	0.0132
9370.140	1.6674	0.0131
9373.070	1.6889	0.0127
9376.000	1.6902	0.0129
9378.930	1.6822	0.0133
9381.860	1.6814	0.0129
9384.790	1.6793	0.0110
9387.720	1.6715	0.0107
9390.650	1.6589	0.0109
9393.580	1.6515	0.0113
9396.510	1.6552	0.0110
9399.440	1.6736	0.0110
9402.370	1.6712	0.0110
9405.300	1.6769	0.0119
9408.230	1.6718	0.0119
9411.160	1.6527	0.0136
9414.090	1.6513	0.0130
9417.020	1.6506	0.0113
9419.950	1.6587	0.0116
9422.880	1.6593	0.0121
9425.810	1.6587	0.0125
9428.740	1.6452	0.0125
9431.670	1.6384	0.0116
9434.600	1.6557	0.0110
9437.530	1.6886	0.0131
9440.460	1.6711	0.0143
9443.390	1.6498	0.0129
9446.320	1.6457	0.0117
9449.250	1.6278	0.0113
9452.180	1.6327	0.0116
9455.110	1.6419	0.0123
9458.040	1.6294	0.0116
9460.970	1.6238	0.0115
9463.900	1.6103	0.0111
9466.830	1.6009	0.0106
9469.760	1.6055	0.0111
9472.690	1.6117	0.0115
9475.620	1.6264	0.0119
9478.550	1.6404	0.0124
9481.480	1.6147	0.0123
9484.410	1.5890	0.0115
9487.340	1.5830	0.0111
9490.270	1.5867	0.0111
9493.200	1.5938	0.0117
9496.130	1.6023	0.0126
9499.060	1.6109	0.0134
9501.990	1.6022	0.0123
9504.920	1.5982	0.0111
9507.850	1.5978	0.0105
9510.780	1.6090	0.0114
9513.710	1.6084	0.0125
9516.640	1.5971	0.0136
9519.570	1.5882	0.0127
9522.500	1.5869	0.0117
9525.430	1.5799	0.0113
9528.360	1.5774	0.0110
9531.290	1.5703	0.0107
9534.220	1.5671	0.0109
9537.150	1.5676	0.0117
9540.080	1.5603	0.0122
9543.010	1.5544	0.0126
9545.940	1.5563	0.0125
9548.870	1.5570	0.0123
9551.800	1.5639	0.0126
9554.730	1.5661	0.0122
9557.660	1.5597	0.0124
9560.590	1.5617	0.0123
9563.520	1.5950	0.0128
9566.450	1.5901	0.0140
9569.380	1.5630	0.0129
9572.310	1.5509	0.0117
9575.240	1.5411	0.0110
9578.170	1.5427	0.0117
9581.100	1.5310	0.0119
9584.030	1.5289	0.0121
9586.960	1.5421	0.0134
9589.890	1.5465	0.0140
9592.820	1.5391	0.0137
9595.750	1.5295	0.0133
9598.680	1.5264	0.0127
9601.610	1.5203	0.0129
9604.540	1.5216	0.0137
9607.470	1.5423	0.0148
9610.400	1.5497	0.0155
9613.330	1.5437	0.0156
9616.260	1.5398	0.0142
9619.190	1.5466	0.0164
9622.120	1.5386	0.0173
9625.050	1.5039	0.0172
9627.980	1.4883	0.0155
9630.910	1.5015	0.0148
9633.840	1.5242	0.0156
9636.770	1.5381	0.0167
9639.700	1.5445	0.0162
9642.630	1.5302	0.0167
9645.560	1.5198	0.0174
9648.490	1.5133	0.0166
9651.420	1.5148	0.0171
9654.350	1.5068	0.0166
9657.280	1.5114	0.0169
9660.210	1.5126	0.0183
9663.140	1.5128	0.0184
9666.070	1.5042	0.0184
9669.000	1.5090	0.0181
9671.930	1.5080	0.0189
9674.860	1.5198	0.0192
9677.790	1.5310	0.0200
9680.720	1.5312	0.0192
9683.650	1.5088	0.0202
9686.580	1.4911	0.0197
9689.510	1.4742	0.0197
9692.440	1.4775	0.0198
9695.370	1.5051	0.0200
9698.300	1.5171	0.0202
9701.230	1.5256	0.0214
