3298.680	37.0459	0.2905
3301.060	35.7331	0.3163
3303.440	32.4575	0.2709
3305.820	30.4614	0.2416
3308.200	31.7046	0.2448
3310.580	32.3426	0.2647
3312.960	31.4883	0.2522
3315.340	31.6825	0.2556
3317.720	32.6161	0.2610
3320.100	31.5784	0.2832
3322.480	30.3123	0.2434
3324.860	31.3783	0.2325
3327.240	31.5381	0.2357
3329.620	31.2249	0.2305
3332.000	31.7185	0.2488
3334.380	29.9902	0.2316
3336.760	28.9028	0.2209
3339.140	30.6001	0.2282
3341.520	32.1548	0.2256
3343.900	33.3517	0.2326
3346.280	32.6889	0.2178
3348.660	30.8374	0.2239
3351.040	32.1237	0.2255
3353.420	34.1643	0.2431
3355.800	33.1023	0.2745
3358.180	27.8608	0.2234
3360.560	24.4270	0.2125
3362.940	28.1837	0.2059
3365.320	30.1802	0.2242
3367.700	27.5223	0.2041
3370.080	25.5922	0.1975
3372.460	27.7516	0.2046
3374.840	31.7483	0.2282
3377.220	31.4435	0.2515
3379.600	28.9677	0.1875
3381.980	29.5823	0.1895
3384.360	32.3059	0.2070
3386.740	33.2016	0.2406
3389.120	32.3637	0.2183
3391.500	30.1977	0.1999
3393.880	30.3036	0.2227
3396.260	33.4900	0.2137
3398.640	35.9729	0.2601
3401.020	35.7416	0.2693
3403.400	33.8524	0.2185
3405.780	31.9754	0.2013
3408.160	31.4013	0.1904
3410.540	31.4730	0.1952
3412.920	29.9870	0.2023
3415.300	30.3635	0.1983
3417.680	33.2000	0.2263
3420.060	34.0865	0.2395
3422.440	32.4797	0.2114
3424.820	32.1383	0.1872
3427.200	33.7152	0.1946
3429.580	34.8405	0.2330
3431.960	33.5239	0.2320
3434.340	32.6713	0.2270
3436.720	30.9747	0.2239
3439.100	26.1316	0.1832
3441.480	22.6431	0.1749
3443.860	24.3131	0.1764
3446.240	28.2373	0.1762
3448.620	31.5421	0.2205
3451.000	32.6690	0.2231
3453.380	32.6965	0.2139
3455.760	32.0127	0.1983
3458.140	29.1980	0.1739
3460.520	28.2825	0.1770
3462.900	30.3961	0.1803
3465.280	31.8693	0.2318
3467.660	33.0605	0.2240
3470.040	33.0678	0.2359
3472.420	30.3668	0.1917
3474.800	27.5772	0.1776
3477.180	28.6580	0.1972
3479.560	30.6266	0.2315
3481.940	30.2987	0.2095
3484.320	30.3775	0.1934
3486.700	30.6923	0.1968
3489.080	29.1124	0.1804
3491.460	27.9662	0.1813
3493.840	28.2326	0.1706
3496.220	29.0809	0.1777
3498.600	32.5976	0.1853
3500.980	36.0544	0.2337
3503.360	36.3428	0.2410
3505.740	35.2389	0.2279
3508.120	33.8987	0.1996
3510.500	32.0854	0.1853
3512.880	30.8539	0.1866
3515.260	32.7612	0.1933
3517.640	35.1119	0.1819
3520.020	32.9519	0.1795
3522.400	29.3384	0.1787
3524.780	27.5398	0.2071
3527.160	30.0648	0.1705
3529.540	33.2912	0.1816
3531.920	34.3538	0.1911
3534.300	35.3462	0.1861
3536.680	36.5267	0.1928
3539.060	36.8890	0.2015
3541.440	37.0015	0.2122
3543.820	37.6702	0.2224
3546.200	38.1386	0.2434
3548.580	38.1160	0.2209
3550.960	36.9207	0.2213
3553.340	34.9734	0.2136
3555.720	34.5394	0.2182
3558.100	34.8878	0.2211
3560.480	36.1393	0.2176
3562.860	34.6578	0.1868
3565.240	30.0576	0.1701
3567.620	27.1341	0.1527
3570.000	26.5454	0.1786
3572.380	28.7477	0.1656
3574.760	31.2116	0.1762
3577.140	30.2069	0.1754
3579.520	26.1369	0.1643
3581.900	23.5529	0.1508
3584.280	23.0643	0.1519
3586.660	24.6173	0.1539
3589.040	29.4934	0.1682
3591.420	33.7317	0.1961
3593.800	35.8924	0.2426
3596.180	37.9006	0.2655
3598.560	38.6540	0.2506
3600.940	36.4873	0.2001
3603.320	32.6236	0.1796
3605.700	30.2370	0.1747
3608.080	28.7171	0.1571
3610.460	29.5415	0.1823
3612.840	31.6257	0.2248
3615.220	31.6148	0.2056
3617.600	28.6509	0.1552
3619.980	28.7745	0.1819
3622.360	32.9539	0.1904
3624.740	37.5239	0.2674
3627.120	38.8151	0.2651
3629.500	34.1613	0.2052
3631.880	30.1070	0.2009
3634.260	31.2373	0.1955
3636.640	34.7776	0.2087
3639.020	37.5672	0.2092
3641.400	36.9996	0.1983
3643.780	33.9029	0.1873
3646.160	31.5873	0.1731
3648.540	32.2079	0.1815
3650.920	35.7701	0.1774
3653.300	39.3668	0.2230
3655.680	41.4087	0.2321
3658.060	42.3138	0.2267
3660.440	42.2990	0.2066
3662.820	41.0081	0.1984
3665.200	39.8702	0.1951
3667.580	39.0524	0.1946
3669.960	39.4825	0.2202
3672.340	40.7776	0.2538
3674.720	40.1987	0.2281
3677.100	37.4694	0.1982
3679.480	36.3034	0.1888
3681.860	36.9682	0.1908
3684.240	36.4985	0.1961
3686.620	35.6051	0.2009
3689.000	38.2094	0.2114
3691.380	41.3853	0.2238
3693.760	41.3805	0.2333
3696.140	41.7514	0.2237
3698.520	43.2739	0.2323
3700.900	42.3044	0.2918
3703.280	37.5493	0.2245
3705.660	33.2409	0.1866
3708.040	34.0680	0.1757
3710.420	38.9669	0.2057
3712.800	43.7753	0.2532
3715.180	43.9747	0.2739
3717.560	37.9750	0.2019
3719.940	31.7108	0.2044
3722.320	32.8694	0.1737
3724.700	37.3780	0.2083
3727.080	38.9101	0.2409
3729.460	37.4009	0.2195
3731.840	31.9784	0.2092
3734.220	26.3072	0.1708
3736.600	27.9838	0.1543
3738.980	34.5112	0.2402
3741.360	36.5137	0.2439
3743.740	32.4897	0.1615
3746.120	27.5653	0.1585
3748.500	26.9190	0.1615
3750.880	33.0875	0.1995
3753.260	40.3384	0.3347
3755.640	40.3194	0.2559
3758.020	36.5383	0.1753
3760.400	35.7181	0.1771
3762.780	36.7485	0.1972
3765.160	36.6494	0.1947
3767.540	36.5424	0.1919
3769.920	38.1491	0.2088
3772.300	41.5239	0.2161
3774.680	44.4849	0.2143
3777.060	46.1779	0.2136
3779.440	47.9925	0.2126
3781.820	49.2213	0.2289
3784.200	46.8756	0.2201
3786.580	42.0846	0.2307
3788.960	39.5003	0.1943
3791.340	38.5729	0.1969
3793.720	36.4583	0.1933
3796.100	33.8785	0.1962
3798.480	34.7580	0.1893
3800.860	39.9125	0.2016
3803.240	44.2263	0.2157
3805.620	44.8707	0.2422
3808.000	45.3322	0.2093
3810.380	44.6699	0.2287
3812.760	40.0694	0.2150
3815.140	35.9515	0.2327
3817.520	34.4632	0.2195
3819.900	33.0749	0.2146
3822.280	31.3656	0.1735
3824.660	28.5124	0.1405
3827.040	26.4056	0.1336
3829.420	26.1316	0.1318
3831.800	25.1257	0.1313
3834.180	24.5121	0.1417
3836.560	24.6962	0.1331
3838.940	26.2337	0.1508
3841.320	31.5252	0.1559
3843.700	37.4687	0.2409
3846.080	40.4925	0.2511
3848.460	41.0546	0.2162
3850.840	41.0298	0.2038
3853.220	39.9371	0.1852
3855.600	36.8228	0.1665
3857.980	33.6291	0.1679
3860.360	35.2819	0.1697
3862.740	39.6966	0.2666
3865.120	41.5536	0.2863
3867.500	40.1654	0.2019
3869.880	36.9137	0.1971
3872.260	36.2831	0.1669
3874.640	38.4537	0.1832
3877.020	38.3762	0.1781
3879.400	37.0348	0.1828
3881.780	36.3602	0.1897
3884.160	34.4406	0.1848
3886.540	32.2745	0.1869
3888.920	33.4923	0.1978
3891.300	37.8123	0.1722
3893.680	40.8602	0.1972
3896.060	42.1692	0.2168
3898.440	42.8934	0.1968
3900.820	42.0881	0.1777
3903.200	40.0241	0.1738
3905.580	39.8661	0.1756
3907.960	43.4540	0.1952
3910.340	46.4964	0.2500
3912.720	47.1938	0.2702
3915.100	45.7240	0.2450
3917.480	42.9918	0.2205
3919.860	39.8088	0.2088
3922.240	37.7477	0.2008
3924.620	35.3534	0.1920
3927.000	29.1152	0.1854
3929.380	21.1726	0.1395
3931.760	15.4400	0.1598
3934.140	14.9298	0.1585
3936.520	19.9138	0.1497
3938.900	26.7570	0.1642
3941.280	31.4938	0.1751
3943.660	34.9248	0.2166
3946.040	38.9049	0.1868
3948.420	42.2076	0.2292
3950.800	43.8983	0.2462
3953.180	44.3571	0.2595
3955.560	43.9621	0.2400
3957.940	42.2381	0.2475
3960.320	37.1459	0.2378
3962.700	29.9518	0.1815
3965.080	22.5746	0.1787
3967.460	17.4607	0.1778
3969.840	18.9789	0.1995
3972.220	25.9590	0.1624
3974.600	34.2245	0.2054
3976.980	41.7497	0.2522
3979.360	46.6379	0.3165
3981.740	48.5459	0.3326
3984.120	49.2040	0.2577
3986.500	50.6355	0.2534
3988.880	52.6117	0.2781
3991.260	54.1042	0.2800
3993.640	53.9452	0.2614
3996.020	53.1434	0.2606
3998.400	54.5493	0.2604
4000.780	56.4681	0.2840
4003.160	54.9446	0.2892
4005.540	53.0413	0.2642
4007.920	54.7838	0.2529
4010.300	57.5582	0.2714
4012.680	58.4591	0.2738
4015.060	58.0775	0.2644
4017.440	58.2709	0.2498
4019.820	58.8928	0.2760
4022.200	58.9773	0.3161
4024.580	59.1357	0.3497
4026.960	58.8666	0.2831
4029.340	55.6029	0.2434
4031.720	52.4106	0.2153
4034.100	54.1948	0.2214
4036.480	58.4223	0.2507
4038.860	60.0839	0.2676
4041.240	57.9955	0.2528
4043.620	52.8561	0.2553
4046.000	51.1459	0.2208
4048.380	55.7826	0.2407
4050.760	58.0302	0.2668
4053.140	56.3170	0.2549
4055.520	54.0877	0.2322
4057.900	53.7281	0.2381
4060.280	53.0368	0.2307
4062.660	50.9766	0.2128
4065.040	51.2011	0.2172
4067.420	54.1274	0.2391
4069.800	54.5977	0.2499
4072.180	53.9487	0.2402
4074.560	52.8597	0.2435
4076.940	51.6856	0.2425
4079.320	54.0947	0.2476
4081.700	57.0436	0.2534
4084.080	57.2839	0.2509
4086.460	59.0536	0.2761
4088.840	60.5512	0.2975
4091.220	59.5770	0.2895
4093.600	57.2191	0.2889
4095.980	53.8069	0.3117
4098.360	48.9568	0.3373
4100.740	44.9502	0.3252
4103.120	47.1460	0.2648
4105.500	52.7345	0.2550
4107.880	55.6537	0.2514
4110.260	57.1398	0.2525
4112.640	59.5744	0.2549
4115.020	61.0034	0.2623
4117.400	60.4796	0.2573
4119.780	59.4961	0.2622
4122.160	59.5629	0.2517
4124.540	59.3630	0.2776
4126.920	58.4929	0.2673
4129.300	56.8765	0.2462
4131.680	55.6799	0.2552
4134.060	57.2322	0.2711
4136.440	61.0605	0.2913
4138.820	62.6331	0.2890
4141.200	59.5161	0.2924
4143.580	57.2347	0.2728
4145.960	58.6919	0.2466
4148.340	60.0333	0.2703
4150.720	59.3777	0.2681
4153.100	57.9163	0.2568
4155.480	57.1475	0.2650
4157.860	58.6010	0.2613
4160.240	61.2369	0.2758
4162.620	63.1122	0.3003
4165.000	62.3739	0.2734
4167.380	60.4656	0.2698
4169.760	58.0277	0.2302
4172.140	55.0619	0.2399
4174.520	54.8271	0.2522
4176.900	56.3289	0.2296
4179.280	57.3628	0.2432
4181.660	57.2194	0.2288
4184.040	56.6134	0.2295
4186.420	55.9009	0.2404
4188.800	57.0127	0.2581
4191.180	59.7064	0.3041
4193.560	60.1135	0.2725
4195.940	56.7550	0.2666
4198.320	53.5796	0.2769
4200.700	53.3244	0.2566
4203.080	55.6762	0.2402
4205.460	58.8158	0.2563
4207.840	60.6994	0.2485
4210.220	61.6110	0.2632
4212.600	61.1942	0.2634
4214.980	59.3954	0.2615
4217.360	58.6647	0.2400
4219.740	59.6298	0.2523
4222.120	57.3299	0.2282
4224.500	50.6143	0.2674
4226.880	48.4846	0.1994
4229.260	54.8103	0.2207
4231.640	58.1087	0.2994
4234.020	56.2031	0.2391
4236.400	54.6367	0.2227
4238.780	55.6702	0.2235
4241.160	57.8943	0.2425
4243.540	59.0091	0.2514
4245.920	57.6579	0.2345
4248.300	54.8632	0.2321
4250.680	54.7982	0.2385
4253.060	56.1744	0.2401
4255.440	56.5399	0.2433
4257.820	55.3370	0.2329
4260.200	53.8718	0.2215
4262.580	56.8543	0.2384
4264.960	59.8435	0.2698
4267.340	57.5560	0.2537
4269.720	52.3814	0.2326
4272.100	49.5746	0.2407
4274.480	52.0802	0.2200
4276.860	56.0505	0.2330
4279.240	57.0531	0.2448
4281.620	56.0394	0.2300
4284.000	54.7906	0.2373
4286.380	52.7945	0.2338
4288.760	50.5300	0.2344
4291.140	50.7143	0.2205
4293.520	51.9695	0.2375
4295.900	49.6575	0.2305
4298.280	44.3105	0.2092
4300.660	41.1279	0.1873
4303.040	41.2373	0.1834
4305.420	41.0548	0.1748
4307.800	40.2870	0.2066
4310.180	42.4641	0.2389
4312.560	48.6816	0.2254
4314.940	56.4540	0.2817
4317.320	61.3416	0.3953
4319.700	60.9077	0.3292
4322.080	55.6275	0.2566
4324.460	50.7609	0.2768
4326.840	52.6597	0.2448
4329.220	57.9547	0.2784
4331.600	60.1771	0.3275
4333.980	58.6547	0.3112
4336.360	53.1862	0.3145
4338.740	46.7395	0.3646
4341.120	46.0410	0.3129
4343.500	51.4065	0.2441
4345.880	56.5463	0.2555
4348.260	58.2459	0.2430
4350.640	56.9578	0.2329
4353.020	56.5563	0.2255
4355.400	58.6388	0.2229
4357.780	60.3437	0.2275
4360.160	61.6520	0.2527
4362.540	63.3188	0.2661
4364.920	63.4991	0.2581
4367.300	61.8475	0.2724
4369.680	60.2595	0.2772
4372.060	58.7966	0.2537
4374.440	57.8313	0.2498
4376.820	58.8552	0.2728
4379.200	58.4725	0.2755
4381.580	53.7215	0.2510
4383.960	50.2229	0.2436
4386.340	52.8563	0.2806
4388.720	56.3388	0.2605
4391.100	57.7698	0.2302
4393.480	58.8016	0.2516
4395.860	60.0026	0.2469
4398.240	60.1152	0.2345
4400.620	58.4387	0.2271
4403.000	56.2269	0.2637
4405.380	55.8795	0.2237
4407.760	58.4938	0.2341
4410.140	61.6280	0.2596
4412.520	62.2600	0.2604
4414.900	60.8261	0.2356
4417.280	61.3422	0.2655
4419.660	63.0441	0.2596
4422.040	62.7617	0.2669
4424.420	62.3007	0.2679
4426.800	62.6497	0.2578
4429.180	62.4241	0.2568
4431.560	61.2184	0.2618
4433.940	60.4320	0.2474
4436.320	61.5096	0.2591
4438.700	62.9786	0.2518
4441.080	62.1574	0.2712
4443.460	62.0586	0.2416
4445.840	63.4344	0.2604
4448.220	63.8632	0.2692
4450.600	62.7656	0.2604
4452.980	60.2508	0.2473
4455.360	57.8607	0.2386
4457.740	57.0631	0.2442
4460.120	57.9394	0.2325
4462.500	59.8612	0.2379
4464.880	61.6320	0.2807
4467.260	62.1733	0.3602
4469.640	62.8556	0.3628
4472.020	64.5581	0.2909
4474.400	66.1206	0.2512
4476.780	65.9436	0.2632
4479.160	63.5528	0.2470
4481.540	62.2466	0.2402
4483.920	63.9906	0.2512
4486.300	64.9857	0.2505
4488.680	63.8650	0.2544
4491.060	63.3630	0.2474
4493.440	63.6952	0.2844
4495.820	64.5416	0.2743
4498.200	65.7407	0.2833
4500.580	66.8241	0.2880
4502.960	68.2231	0.2938
4505.340	69.1417	0.3148
4507.720	68.9945	0.2981
4510.100	68.4228	0.2850
4512.480	67.0876	0.2735
4514.860	66.1869	0.2596
4517.240	66.1087	0.2760
4519.620	66.3608	0.2704
4522.000	65.2388	0.2872
4524.380	62.8410	0.2523
4526.760	60.2883	0.2515
4529.140	59.3109	0.2579
4531.520	59.6711	0.2857
4533.900	60.8670	0.2967
4536.280	63.4405	0.3204
4538.660	65.4244	0.3541
4541.040	65.4518	0.3080
4543.420	64.7778	0.2780
4545.800	63.3241	0.2773
4548.180	61.9208	0.2558
4550.560	61.7319	0.2471
4552.940	62.1356	0.2459
4555.320	63.4270	0.2408
4557.700	65.6350	0.2458
4560.080	66.9154	0.2630
4562.460	65.8338	0.2591
4564.840	64.9563	0.2458
4567.220	65.7523	0.2584
4569.600	66.1128	0.2562
4571.980	66.4314	0.2780
4574.360	67.1842	0.2776
4576.740	66.6989	0.2727
4579.120	64.4314	0.2730
4581.500	62.4866	0.2656
4583.880	62.4973	0.2574
4586.260	63.7106	0.2724
4588.640	64.8045	0.2934
4591.020	64.5679	0.2716
4593.400	63.8105	0.2497
4595.780	63.5691	0.2722
4598.160	63.4434	0.2503
4600.540	63.7703	0.2594
4602.920	64.3973	0.2713
4605.300	65.5606	0.3002
4607.680	66.5575	0.2961
4610.060	66.5629	0.2840
4612.440	66.0690	0.2760
4614.820	65.8650	0.2604
4617.200	65.9630	0.2681
4619.580	66.1935	0.2632
4621.960	66.6404	0.2671
4624.340	66.5216	0.2701
4626.720	66.6954	0.2774
4629.100	66.8347	0.2823
4631.480	66.5220	0.2894
4633.860	65.8247	0.2582
4636.240	65.0448	0.2498
4638.620	64.5788	0.2668
4641.000	64.6739	0.2954
4643.380	63.6845	0.2678
4645.760	61.8726	0.2470
4648.140	62.0798	0.2427
4650.520	63.6030	0.2846
4652.900	64.2049	0.2843
4655.280	64.2851	0.2658
4657.660	65.2147	0.2788
4660.040	65.9915	0.2727
4662.420	64.5271	0.2680
4664.800	61.5437	0.2716
4667.180	59.5705	0.2595
4669.560	61.1839	0.2687
4671.940	63.5452	0.2713
4674.320	64.7001	0.2997
4676.700	64.6111	0.3144
4679.080	63.6167	0.3213
4681.460	63.6112	0.3965
4683.840	64.8299	0.4134
4686.220	65.0063	0.4197
4688.600	64.1851	0.3572
4690.980	63.7811	0.2463
4693.360	64.2505	0.2401
4695.740	64.1799	0.2382
4698.120	62.7353	0.2297
4700.500	60.8846	0.2308
4702.880	60.2525	0.2554
4705.260	60.8536	0.2730
4707.640	61.3683	0.2480
4710.020	62.5913	0.2725
4712.400	63.6883	0.2976
4714.780	64.4493	0.2746
4717.160	65.6469	0.2634
4719.540	66.8230	0.2675
4721.920	66.7141	0.2776
4724.300	65.8916	0.2755
4726.680	63.9210	0.2740
4729.060	62.5305	0.2817
4731.440	62.6542	0.2933
4733.820	63.5969	0.2748
4736.200	63.9541	0.2745
4738.580	64.4294	0.2462
4740.960	65.1669	0.2681
4743.340	65.6756	0.2775
4745.720	66.0277	0.3002
4748.100	66.0334	0.2848
4750.480	65.4391	0.2823
4752.860	64.1509	0.2791
4755.240	63.5390	0.2867
4757.620	64.0857	0.2594
4760.000	63.9065	0.2686
4762.380	62.6008	0.2774
4764.760	61.9248	0.2684
4767.140	62.7892	0.2705
4769.520	64.1779	0.3018
4771.900	65.2774	0.2797
4774.280	66.4181	0.2696
4776.660	67.0632	0.2735
4779.040	66.8671	0.2697
4781.420	65.9996	0.2685
4783.800	64.7590	0.2655
4786.180	64.0469	0.2501
4788.560	64.0490	0.2583
4790.940	64.7640	0.2644
4793.320	66.2321	0.2625
4795.700	66.7245	0.2765
4798.080	65.7530	0.2706
4800.460	65.1634	0.2711
4802.840	65.0975	0.2743
4805.220	64.7539	0.2801
4807.600	64.4889	0.2777
4809.980	64.7835	0.2876
4812.360	65.7209	0.2644
4814.740	66.3444	0.2606
4817.120	66.5836	0.2771
4819.500	66.0252	0.2904
4821.880	64.9659	0.2951
4824.260	64.5875	0.2704
4826.640	64.9512	0.2751
4829.020	64.6304	0.2890
4831.400	64.2895	0.2963
4833.780	64.2839	0.2843
4836.160	63.6672	0.2884
4838.540	62.8941	0.2757
4840.920	62.4512	0.2685
4843.300	62.6758	0.2961
4845.680	62.8149	0.3201
4848.060	62.5150	0.3002
4850.440	61.9114	0.2977
4852.820	59.9277	0.3116
4855.200	56.2383	0.3147
4857.580	51.3582	0.3384
4859.960	47.1423	0.3256
4862.340	47.7819	0.3041
4864.720	52.5430	0.2227
4867.100	56.0451	0.2228
4869.480	56.4529	0.2189
4871.860	56.3381	0.2170
4874.240	57.8771	0.2293
4876.620	59.9284	0.2499
4879.000	61.4233	0.2622
4881.380	61.7998	0.2643
4883.760	60.2798	0.2791
4886.140	58.8470	0.2507
4888.520	58.0075	0.2622
4890.900	58.6045	0.2549
4893.280	61.5580	0.2686
4895.660	64.1860	0.2848
4898.040	64.5939	0.3047
4900.420	63.8156	0.2696
4902.800	63.4746	0.2736
4905.180	63.3896	0.2812
4907.560	62.3766	0.2751
4909.940	61.2594	0.2595
4912.320	61.6468	0.2669
4914.700	61.8366	0.2747
4917.080	59.2396	0.3180
4919.460	56.5506	0.3416
4921.840	57.2152	0.3075
4924.220	60.0906	0.2576
4926.600	62.2522	0.2720
4928.980	63.4518	0.2703
4931.360	62.7860	0.2444
4933.740	61.4179	0.2649
4936.120	60.2454	0.2975
4938.500	60.6433	0.2760
4940.880	62.1974	0.2844
4943.260	63.7976	0.2797
4945.640	64.2734	0.2638
4948.020	64.4499	0.2729
4950.400	64.3453	0.2991
4952.780	63.2664	0.2871
4955.160	61.0976	0.2721
4957.540	60.0462	0.2727
4959.920	62.1335	0.2685
4962.300	64.0473	0.2765
4964.680	63.5877	0.2811
4967.060	62.3531	0.2696
4969.440	62.2774	0.2754
4971.820	63.3081	0.2831
4974.200	63.8846	0.2903
4976.580	63.1425	0.2944
4978.960	60.7259	0.3039
4981.340	58.2945	0.2853
4983.720	57.7023	0.2754
4986.100	59.3853	0.2793
4988.480	61.2129	0.2888
4990.860	61.8596	0.2730
4993.240	62.1082	0.2778
4995.620	61.9682	0.2835
4998.000	61.1588	0.2852
5000.380	59.8178	0.2770
5002.760	58.5014	0.2787
5005.140	57.9259	0.2813
5007.520	58.4687	0.2756
5009.900	58.9637	0.2942
5012.280	57.9093	0.2806
5014.660	57.0212	0.2715
5017.040	57.1753	0.2657
5019.420	58.0474	0.2674
5021.800	59.0560	0.2784
5024.180	59.5878	0.2904
5026.560	59.8668	0.2796
5028.940	60.8732	0.2827
5031.320	61.7326	0.2984
5033.700	61.5365	0.2983
5036.080	59.7819	0.2999
5038.460	57.8969	0.2948
5040.840	57.4861	0.2840
5043.220	59.6034	0.2843
5045.600	61.5283	0.2992
5047.980	61.2778	0.2944
5050.360	60.5388	0.2750
5052.740	61.2668	0.2833
5055.120	62.8674	0.2985
5057.500	63.5015	0.3015
5059.880	63.5862	0.3057
5062.260	62.8798	0.2812
5064.640	61.6908	0.2774
5067.020	60.9226	0.3012
5069.400	61.0082	0.2900
5071.780	60.9263	0.2928
5074.160	60.5288	0.2944
5076.540	59.8584	0.2891
5078.920	58.9907	0.2783
5081.300	58.7592	0.2676
5083.680	60.1420	0.2784
5086.060	61.6024	0.2860
5088.440	62.3623	0.2971
5090.820	62.6285	0.3022
5093.200	62.3315	0.2939
5095.580	61.1196	0.3008
5097.960	59.6335	0.3047
5098.200	60.1752	0.2917
5100.340	59.8218	0.3012
5101.130	60.1811	0.3182
5102.720	60.8823	0.2974
5104.060	60.5562	0.3204
5105.100	61.0803	0.2855
5106.990	60.5498	0.2934
5107.480	60.5699	0.2702
5109.860	60.6593	0.2724
5109.920	60.4644	0.2919
5112.240	61.8190	0.2696
5112.850	61.1294	0.2837
5114.620	62.6933	0.2994
5115.780	61.7215	0.3109
5117.000	62.9676	0.3040
5118.710	61.6910	0.3252
5119.380	62.2057	0.2982
5121.640	61.2020	0.3047
5121.760	60.6054	0.3106
5124.140	59.2827	0.2903
5124.570	59.4775	0.3225
5126.520	58.8174	0.2804
5127.500	58.9119	0.2680
5128.900	59.1814	0.2690
5130.430	59.1309	0.2693
5131.280	59.2862	0.2972
5133.360	58.9752	0.2997
5133.660	59.2585	0.2966
5136.040	58.5510	0.3011
5136.290	58.7853	0.2914
5138.420	57.4717	0.2997
5139.220	57.8290	0.2896
5140.800	56.9633	0.3102
5142.150	57.4005	0.2979
5143.180	57.4820	0.3135
5145.080	58.0305	0.2999
5145.560	57.9297	0.3256
5147.940	58.0450	0.3312
5148.010	58.2761	0.3002
5150.320	58.0634	0.3253
5150.940	58.7410	0.2748
5153.870	59.4490	0.2994
5156.800	59.8041	0.2836
5159.730	59.3256	0.2931
5162.660	57.8534	0.2873
5165.590	54.0263	0.3791
5168.520	50.4598	0.3011
5171.450	49.9896	0.2472
5174.380	52.6059	0.2778
5177.310	55.6427	0.3125
5180.240	55.3375	0.2732
5183.170	53.4424	0.3146
5186.100	53.2420	0.2695
5189.030	55.0459	0.2691
5191.960	56.3773	0.2649
5194.890	57.0609	0.2497
5197.820	58.0306	0.2536
5200.750	58.6485	0.2659
5203.680	58.3653	0.2495
5206.610	57.7124	0.2685
5209.540	57.9095	0.2563
5212.470	58.7077	0.2828
5215.400	58.8328	0.2516
5218.330	59.0841	0.2574
5221.260	59.0501	0.2399
5224.190	57.7277	0.2397
5227.120	56.4617	0.2586
5230.050	56.5485	0.2352
5232.980	57.0706	0.2366
5235.910	58.2925	0.2495
5238.840	60.1004	0.2768
5241.770	60.5990	0.2617
5244.700	60.4482	0.2382
5247.630	59.8657	0.2412
5250.560	59.2459	0.2567
5253.490	59.4138	0.2532
5256.420	59.9141	0.2350
5259.350	59.1549	0.2316
5262.280	56.3446	0.2532
5265.210	53.8289	0.2315
5268.140	52.8195	0.2163
5271.070	53.5301	0.2371
5274.000	55.4088	0.2408
5276.930	57.3335	0.2424
5279.860	58.1109	0.2131
5282.790	58.4256	0.2254
5285.720	59.6994	0.2456
5288.650	61.2508	0.2384
5291.580	61.4342	0.2403
5294.510	60.4718	0.2354
5297.440	59.2596	0.2386
5300.370	59.2647	0.2316
5303.300	60.3298	0.2557
5306.230	61.3505	0.2362
5309.160	61.7872	0.2371
5312.090	61.6166	0.2289
5315.020	60.9693	0.2406
5317.950	60.2861	0.2509
5320.880	59.4837	0.2471
5323.810	57.9471	0.2512
5326.740	56.2669	0.2513
5329.670	56.6123	0.2463
5332.600	58.3960	0.2509
5335.530	59.5187	0.2348
5338.460	59.2214	0.2457
5341.390	58.7979	0.2369
5344.320	59.1553	0.2379
5347.250	59.3694	0.2430
5350.180	59.9387	0.2398
5353.110	60.5085	0.2587
5356.040	61.3471	0.2541
5358.970	61.3367	0.2366
5361.900	60.4352	0.2604
5364.830	58.9567	0.2433
5367.760	57.7231	0.2116
5370.690	57.3122	0.2256
5373.620	58.5459	0.2452
5376.550	59.9237	0.2605
5379.480	59.7499	0.2213
5382.410	59.5267	0.2379
5385.340	59.4353	0.2163
5388.270	59.0027	0.2227
5391.200	58.1802	0.2353
5394.130	57.3590	0.2281
5397.060	56.8544	0.2218
5399.990	56.3957	0.2211
5402.920	55.8610	0.2288
5405.850	55.6810	0.2340
5408.780	55.9761	0.2352
5411.710	57.0845	0.2343
5414.640	58.2155	0.2365
5417.570	58.7657	0.2158
5420.500	58.5545	0.2222
5423.430	58.1324	0.2186
5426.360	58.0752	0.2394
5429.290	57.7868	0.2126
5432.220	57.8616	0.2076
5435.150	58.2639	0.2231
5438.080	59.1657	0.2295
5441.010	59.6779	0.2299
5443.940	58.9193	0.2378
5446.870	58.5218	0.2181
5449.800	58.6746	0.2105
5452.730	58.8090	0.2055
5455.660	58.6093	0.1971
5458.590	58.5220	0.2073
5461.520	58.4770	0.2061
5464.450	58.2228	0.1978
5467.380	58.3499	0.2111
5470.310	58.5872	0.2170
5473.240	57.8177	0.2097
5476.170	56.8948	0.2146
5479.100	56.6900	0.2104
5482.030	57.4330	0.2164
5484.960	58.2531	0.2107
5487.890	58.4575	0.1977
5490.820	58.4384	0.2107
5493.750	58.5199	0.2162
5496.680	58.4190	0.2071
5499.610	58.2933	0.2019
5502.540	57.9344	0.1977
5505.470	57.7445	0.2065
5508.400	57.5507	0.2250
5511.330	57.4053	0.2284
5514.260	58.0015	0.2276
5517.190	58.6021	0.2193
5520.120	58.6883	0.2167
5523.050	58.1721	0.2164
5525.980	57.4737	0.2049
5528.910	57.0971	0.2120
5531.840	57.2563	0.2344
5534.770	57.7118	0.2284
5537.700	57.9648	0.2340
5540.630	58.2331	0.2194
5543.560	58.3237	0.2121
5546.490	58.3833	0.2147
5549.420	58.5733	0.2132
5552.350	58.5731	0.2198
5555.280	58.3038	0.2194
5558.210	57.6927	0.2237
5561.140	57.2751	0.2239
5564.070	56.8301	0.2209
5567.000	56.6241	0.2064
5569.930	56.4103	0.2057
5572.860	56.4546	0.2202
5575.790	56.5180	0.2386
5578.720	56.7234	0.2297
5581.650	56.4840	0.2185
5584.580	55.5568	0.2238
5587.510	54.6054	0.2251
5590.440	54.6069	0.2198
5593.370	54.8662	0.2101
5596.300	55.2209	0.2166
5599.230	55.3195	0.2099
5602.160	55.7870	0.2068
5605.090	57.1007	0.2219
5608.020	57.8391	0.2374
5610.950	57.4712	0.2233
5613.880	56.2672	0.2074
5616.810	55.8804	0.2157
5619.740	56.3110	0.2145
5622.670	56.5548	0.2125
5625.600	56.8983	0.2132
5628.530	57.3231	0.2336
5631.460	57.4035	0.2181
5634.390	57.0791	0.2232
5637.320	56.6645	0.2266
5640.250	56.2303	0.2480
5643.180	56.5423	0.2162
5646.110	56.9256	0.2185
5649.040	56.8541	0.2235
5651.970	56.1639	0.2092
5654.900	55.4213	0.2054
5657.830	54.8003	0.2122
5660.760	55.0407	0.2060
5663.690	55.9255	0.2096
5666.620	56.5564	0.2088
5669.550	57.0618	0.2102
5672.480	57.4168	0.2234
5675.410	57.3354	0.2364
5678.340	56.6393	0.2337
5681.270	56.0886	0.2313
5684.200	55.6688	0.2100
5687.130	55.8652	0.2170
5690.060	56.4247	0.2043
5692.990	56.7182	0.2135
5695.920	56.7087	0.2153
5698.850	56.3476	0.2123
5701.780	55.8362	0.2032
5704.710	55.0116	0.2161
5707.640	54.1857	0.2392
5710.570	54.3566	0.2282
5713.500	55.2362	0.2307
5716.430	56.3114	0.2307
5719.360	57.3053	0.2249
5722.290	57.6210	0.2145
5725.220	57.8573	0.2138
5728.150	57.7327	0.2127
5731.080	57.5145	0.2119
5734.010	57.6743	0.2002
5736.940	57.7792	0.2089
5739.870	57.7427	0.2019
5742.800	57.3949	0.2172
5745.730	56.9558	0.2084
5748.660	56.5132	0.2133
5751.590	56.1929	0.2093
5754.520	55.8589	0.2248
5757.450	55.9652	0.2315
5760.380	56.1964	0.2222
5763.310	56.3946	0.2083
5766.240	56.7186	0.2137
5769.170	56.8308	0.2175
5772.100	56.8011	0.2053
5775.030	56.4645	0.1994
5777.960	56.0374	0.1980
5780.890	55.3090	0.1968
5783.820	54.9660	0.2022
5786.750	55.3037	0.2058
5789.680	55.7241	0.2194
5792.610	56.1173	0.2113
5795.540	56.1326	0.2125
5798.470	56.2992	0.2066
5801.400	56.2873	0.2201
5804.330	56.0810	0.2298
5807.260	55.9866	0.2298
5810.190	56.0729	0.2220
5813.120	56.2992	0.2126
5816.050	56.3522	0.2130
5818.980	56.6084	0.2057
5821.910	56.9267	0.2067
5824.840	56.9293	0.2098
5827.770	56.7083	0.2176
5830.700	56.4870	0.2209
5833.630	56.6298	0.2048
5836.560	56.5832	0.2032
5839.490	56.5118	0.2174
5842.420	56.5103	0.2097
5845.350	56.2296	0.2066
5848.280	55.8398	0.2095
5851.210	55.3633	0.2208
5854.140	54.6838	0.2290
5857.070	54.0712	0.2275
5860.000	54.3128	0.2237
5862.930	55.0006	0.2198
5865.860	55.5740	0.2292
5868.790	56.0177	0.2416
5871.720	56.4449	0.3865
5874.650	56.7474	0.4244
5877.580	56.2985	0.3030
5880.510	55.5507	0.1968
5883.440	54.4810	0.1880
5886.370	52.6108	0.2316
5889.300	50.8719	0.2835
5892.230	50.2434	0.2578
5895.160	50.9153	0.2289
5898.090	52.6247	0.1995
5901.020	54.0392	0.2149
5903.950	54.9684	0.2208
5906.880	54.9434	0.2218
5909.810	54.9004	0.2107
5912.740	54.6250	0.2026
5915.670	54.7873	0.2000
5918.600	55.0698	0.2093
5921.530	55.2220	0.2263
5924.460	55.2303	0.2288
5927.390	54.8908	0.2295
5930.320	54.6587	0.2213
5933.250	54.8725	0.2097
5936.180	55.1393	0.1989
5939.110	55.1708	0.1968
5942.040	54.9515	0.2252
5944.970	54.7151	0.2284
5947.900	54.3438	0.2229
5950.830	54.3544	0.2119
5953.760	54.4297	0.2083
5956.690	54.5782	0.2130
5959.620	54.8902	0.1994
5962.550	54.9921	0.1991
5965.480	55.0880	0.1987
5968.410	55.0907	0.2178
5971.340	54.7876	0.2253
5974.270	54.5186	0.2217
5977.200	54.2459	0.2236
5980.130	53.9373	0.2142
5983.060	53.6448	0.2181
5985.990	53.6321	0.2171
5988.920	53.9686	0.2106
5991.850	54.1750	0.2158
5994.780	54.1376	0.2093
5997.710	53.9545	0.2191
6000.640	53.6820	0.2409
6003.570	53.4649	0.2346
6006.500	53.1804	0.2339
6009.430	53.1281	0.2242
6012.360	53.2056	0.2076
6015.290	52.8306	0.1978
6018.220	52.4543	0.2047
6021.150	52.4895	0.2000
6024.080	52.7912	0.2068
6027.010	53.4707	0.1988
6029.940	53.9047	0.2091
6032.870	54.0870	0.2062
6035.800	54.0676	0.2158
6038.730	54.3147	0.1957
6041.660	54.2686	0.1972
6044.590	54.1429	0.2121
6047.520	54.0764	0.2086
6050.450	53.8818	0.2152
6053.380	53.5990	0.2210
6056.310	53.3697	0.2204
6059.240	53.4549	0.2205
6062.170	53.5137	0.2152
6065.100	53.4442	0.2026
6068.030	53.7163	0.2020
6070.960	53.7059	0.2059
6073.890	53.3970	0.1926
6076.820	53.1619	0.2034
6079.750	52.7969	0.2011
6082.680	52.6231	0.1973
6085.610	52.4165	0.2148
6088.540	52.5694	0.1995
6091.470	52.6002	0.2064
6094.400	52.4727	0.2057
6097.330	52.3292	0.1938
6100.260	51.7984	0.2011
6103.190	51.6395	0.1975
6106.120	52.1342	0.1896
6109.050	52.4462	0.1973
6111.980	52.4370	0.2008
6114.910	52.2912	0.2044
6117.840	52.1465	0.2030
6120.770	51.6423	0.1965
6123.700	51.6162	0.1989
6126.630	51.9252	0.2045
6129.560	51.9637	0.1994
6132.490	51.5400	0.1900
6135.420	50.9084	0.1931
6138.350	50.5362	0.1984
6141.280	51.0249	0.1874
6144.210	51.3987	0.1916
6147.140	51.5921	0.1958
6150.070	51.5193	0.1875
6153.000	51.2850	0.1867
6155.930	50.6171	0.1844
6158.860	49.7935	0.2064
6161.790	49.2590	0.2204
6164.720	49.3955	0.2158
6167.650	49.8078	0.2048
6170.580	50.3746	0.1885
6173.510	50.7987	0.1842
6176.440	51.3652	0.1921
6179.370	51.4742	0.1888
6182.300	51.7176	0.1909
6185.230	51.4573	0.1816
6188.160	51.1702	0.1899
6191.090	51.0453	0.2054
6194.020	51.4258	0.2032
6196.950	51.7073	0.2073
6199.880	52.0377	0.2002
6202.810	52.1846	0.1916
6205.740	52.2820	0.1917
6208.670	51.8252	0.1912
6211.600	51.3010	0.1926
6214.530	50.9308	0.1933
6217.460	50.6693	0.1986
6220.390	50.9422	0.1885
6223.320	51.1056	0.1904
6226.250	50.7234	0.1995
6229.180	50.2975	0.1998
6232.110	50.3269	0.1944
6235.040	50.4063	0.1864
6237.970	50.3244	0.2032
6240.900	50.0880	0.1982
6243.830	49.8284	0.1978
6246.760	49.7423	0.1937
6249.690	49.6416	0.1922
6252.620	49.4029	0.1841
6255.550	49.3971	0.1822
6258.480	50.0071	0.1839
6261.410	50.3667	0.1883
6264.340	50.5859	0.1988
6267.270	50.8050	0.1965
6270.200	50.9471	0.2025
6273.130	50.9461	0.1968
6276.060	51.0532	0.1889
6278.990	51.0249	0.1947
6281.920	51.1330	0.2005
6284.850	51.2712	0.2192
6287.780	51.1634	0.2032
6290.710	51.0774	0.1874
6293.640	50.8258	0.1869
6296.570	50.3438	0.1902
6299.500	49.8949	0.1865
6302.430	50.0184	0.1861
6305.360	50.4042	0.1994
6308.290	50.3778	0.2133
6311.220	49.9359	0.2093
6314.150	49.3024	0.2205
6317.080	48.8777	0.2011
6320.010	49.1058	0.1917
6322.940	49.7085	0.2001
6325.870	49.7277	0.2053
6328.800	49.7136	0.2027
6331.730	49.3269	0.1701
6334.660	48.7364	0.1791
6337.590	48.6604	0.1743
6340.520	49.0105	0.1678
6343.450	49.3003	0.1708
6346.380	49.5430	0.1648
6349.310	49.7479	0.1706
6352.240	49.8942	0.1758
6355.170	49.5410	0.1739
6358.100	49.2999	0.1731
6361.030	48.9265	0.1723
6363.960	49.0692	0.1735
6366.890	49.3907	0.1817
6369.820	49.6618	0.1982
6372.750	49.9287	0.1949
6375.680	49.9628	0.1927
6378.610	49.8598	0.1889
6381.540	49.8701	0.1843
6384.470	49.9450	0.1827
6387.400	50.0476	0.2013
6390.330	49.6055	0.1824
6393.260	49.1668	0.1776
6396.190	48.7268	0.1796
6399.120	48.6824	0.1724
6402.050	48.7188	0.1777
6404.980	48.6013	0.1853
6407.910	48.0606	0.1959
6410.840	48.0090	0.1931
6413.770	48.1726	0.1835
6416.700	48.3492	0.1784
6419.630	48.4167	0.1722
6422.560	48.8441	0.1654
6425.490	49.1571	0.1857
6428.420	48.9891	0.1881
6431.350	48.8080	0.1775
6434.280	48.5975	0.1829
6437.210	48.3430	0.1988
6440.140	48.4513	0.2093
6443.070	48.9043	0.1977
6446.000	48.7075	0.1924
6448.930	48.3378	0.1888
6451.860	48.1683	0.1896
6454.790	48.2079	0.1885
6457.720	48.1732	0.1967
6460.650	48.0944	0.1855
6463.580	48.1906	0.1728
6466.510	48.3745	0.1745
6469.440	48.3731	0.1826
6472.370	48.3611	0.1866
6475.300	48.4336	0.1818
6478.230	48.5798	0.1782
6481.160	48.5760	0.1846
6484.090	48.6138	0.1803
6487.020	48.3918	0.1856
6489.950	47.6003	0.1811
6492.880	46.4316	0.1893
6495.810	46.0488	0.1994
6498.740	46.8096	0.1836
6501.670	47.7942	0.1880
6504.600	48.4047	0.2029
6507.530	48.7114	0.1960
6510.460	48.7241	0.2001
6513.390	48.4197	0.1928
6516.320	47.9774	0.1955
6519.250	47.8942	0.1986
6522.180	47.9327	0.2011
6525.110	47.8247	0.1892
6528.040	47.9312	0.1894
6530.970	48.0349	0.1831
6533.900	48.0087	0.1765
6536.830	48.0501	0.1831
6539.760	47.9109	0.1868
6542.690	47.4246	0.2105
6545.620	46.7823	0.2116
6548.550	46.3614	0.2211
6551.480	45.4680	0.2536
6554.410	44.1968	0.2636
6557.340	42.0060	0.2503
6560.270	39.1047	0.2790
6563.200	38.4166	0.2960
6566.130	41.1149	0.2245
6569.060	43.7266	0.2335
6571.990	44.8769	0.1640
6574.920	45.5988	0.1595
6577.850	46.3172	0.1647
6580.780	46.7116	0.1648
6583.710	46.9386	0.1659
6586.640	46.9496	0.1677
6589.570	46.6664	0.1906
6592.500	46.3956	0.2027
6595.430	46.6175	0.1784
6598.360	47.2200	0.1771
6601.290	47.4705	0.1764
6604.220	47.5098	0.1708
6607.150	47.2794	0.1778
6610.080	47.3506	0.1810
6613.010	47.5162	0.1805
6615.940	47.6057	0.1857
6618.870	47.8159	0.1723
6621.800	47.7598	0.1717
6624.730	47.5186	0.1799
6627.660	47.2808	0.1748
6630.590	46.9153	0.1819
6633.520	46.6114	0.1848
6636.450	46.7106	0.1830
6639.380	46.8463	0.1828
6642.310	46.8360	0.1859
6645.240	46.8553	0.1929
6648.170	47.0281	0.1750
6651.100	47.2783	0.1751
6654.030	47.1966	0.1795
6656.960	47.1943	0.1725
6659.890	46.7967	0.1823
6662.820	46.5427	0.1859
6665.750	46.4684	0.2014
6668.680	46.7061	0.1731
6671.610	46.9939	0.1845
6674.540	47.0172	0.2680
6677.470	46.9139	0.3036
6680.400	46.8063	0.2306
6683.330	46.9926	0.1910
6686.260	47.0166	0.1810
6689.190	47.0021	0.1674
6692.120	46.7753	0.1655
6695.050	46.5791	0.1782
6697.980	46.4073	0.1899
6700.910	46.3591	0.1792
6703.840	46.1542	0.1782
6706.770	46.0404	0.1728
6709.700	46.0097	0.1808
6712.630	45.8156	0.1725
6715.560	45.5109	0.1758
6718.490	45.4690	0.1785
6721.420	45.6541	0.1928
6724.350	45.8160	0.1865
6727.280	45.8694	0.1873
6730.210	46.0075	0.1901
6733.140	46.0149	0.1807
6736.070	46.0315	0.1794
6739.000	46.1001	0.1701
6741.930	46.0244	0.1651
6744.860	45.8477	0.1774
6747.790	45.7131	0.1822
6750.720	45.6773	0.1816
6753.650	45.7224	0.1835
6756.580	45.8154	0.1692
6759.510	45.8912	0.1607
6762.440	45.8971	0.1646
6765.370	45.7369	0.1771
6768.300	45.5856	0.1722
6771.230	45.5313	0.1671
6774.160	45.6442	0.1804
6777.090	45.8383	0.1759
6780.020	45.7903	0.1743
6782.950	45.5864	0.1617
6785.880	45.5289	0.1588
6788.810	45.5742	0.1712
6791.740	45.4492	0.1737
6794.670	45.3808	0.1670
6797.600	45.3618	0.1660
6800.530	45.3687	0.1661
6803.460	45.3243	0.1580
6806.390	45.3320	0.1698
6809.320	45.3785	0.1671
6812.250	45.3884	0.1537
6815.180	45.4329	0.1611
6818.110	45.4023	0.1573
6821.040	45.3509	0.1594
6823.970	45.2134	0.1738
6826.900	45.1351	0.1788
6829.830	45.1073	0.1757
6832.760	45.0386	0.1754
6835.690	44.6594	0.1769
6838.620	44.1966	0.1704
6841.550	44.0007	0.1619
6844.480	44.2238	0.1657
6847.410	44.6019	0.1679
6850.340	44.6806	0.1714
6853.270	44.3450	0.1826
6856.200	44.1270	0.1771
6859.130	44.1433	0.1845
6862.060	44.4176	0.1756
6864.990	44.6313	0.1734
6867.920	44.6096	0.1845
6870.850	44.5581	0.1696
6873.780	44.6232	0.1644
6876.710	44.5393	0.1581
6879.640	44.3253	0.1665
6882.570	44.2122	0.1799
6885.500	44.3492	0.1977
6888.430	44.5640	0.1852
6891.360	44.6654	0.1770
6894.290	44.5292	0.1651
6897.220	44.5931	0.1628
6900.150	44.6130	0.1540
6903.080	44.5413	0.1578
6906.010	44.5419	0.1618
6908.940	44.4234	0.1710
6911.870	44.1531	0.1736
6914.800	43.9345	0.1618
6917.730	43.8568	0.1601
6920.660	43.9211	0.1648
6923.590	43.9050	0.1586
6926.520	43.9611	0.1598
6929.450	44.0433	0.1561
6932.380	44.0434	0.1560
6935.310	44.1470	0.1519
6938.240	44.1650	0.1563
6941.170	44.1013	0.1522
6944.100	43.9307	0.1533
6947.030	43.7753	0.1619
6949.960	43.7134	0.1647
6952.890	43.7091	0.1622
6955.820	43.8172	0.1589
6958.750	43.7550	0.1541
6961.680	43.7933	0.1573
6964.610	43.7740	0.1665
6967.540	43.7620	0.1670
6970.470	43.7092	0.1640
6973.400	43.2732	0.1604
6976.330	42.7940	0.1582
6979.260	42.8339	0.1641
6982.190	43.2032	0.1536
6985.120	43.4557	0.1591
6988.050	43.5265	0.1657
6990.980	43.5320	0.1719
6993.910	43.4258	0.1709
6996.840	43.2129	0.1663
6999.770	42.8723	0.1660
7002.700	42.4915	0.1676
7005.630	42.4264	0.1653
7008.560	42.5320	0.1596
7011.490	42.5747	0.1584
7014.420	42.3608	0.1499
7017.350	42.1439	0.1539
7020.280	42.3234	0.1547
7023.210	42.3884	0.1579
7026.140	42.4986	0.1581
7029.070	42.6603	0.1579
7032.000	42.7153	0.1435
7034.930	42.5550	0.1422
7037.860	42.6328	0.1406
7040.790	42.8676	0.1453
7043.720	43.0736	0.1594
7046.650	43.1656	0.1567
7049.580	43.0233	0.1504
7052.510	42.8481	0.1523
7055.440	42.6029	0.1549
7058.370	42.4844	0.1722
7061.300	42.6397	0.1963
7064.230	42.7668	0.2374
7067.160	42.5886	0.1993
7070.090	42.4857	0.1536
7073.020	42.5288	0.1539
7075.950	42.6812	0.1600
7078.880	42.6552	0.1500
7081.810	42.2294	0.1396
7084.740	41.8509	0.1501
7087.670	41.7841	0.1455
7090.600	41.9919	0.1439
7093.530	42.0930	0.1457
7096.460	42.0814	0.1493
7099.390	42.3116	0.1454
7102.320	42.4299	0.1552
7105.250	42.3427	0.1668
7108.180	42.1141	0.1664
7111.110	41.9533	0.1635
7114.040	41.8489	0.1483
7116.970	41.7641	0.1536
7119.900	41.6621	0.1598
7122.830	41.6847	0.1634
7125.760	41.7322	0.1613
7128.690	41.6282	0.1484
7131.620	41.6069	0.1508
7134.550	41.7373	0.1550
7137.480	41.9487	0.1501
7140.410	41.9482	0.1503
7143.340	41.7209	0.1641
7146.270	41.3213	0.1553
7149.200	41.1644	0.1571
7152.130	41.3831	0.1625
7155.060	41.5322	0.1552
7157.990	41.5583	0.1588
7160.920	41.2289	0.1564
7163.850	40.8149	0.1678
7166.780	40.9519	0.1644
7169.710	41.2930	0.1826
7172.640	41.4075	0.1859
7175.570	41.2361	0.1809
7178.500	40.8266	0.1747
7181.430	40.6979	0.1594
7184.360	40.4592	0.1603
7187.290	40.1545	0.1561
7190.220	40.0945	0.1536
7193.150	40.3012	0.1509
7196.080	40.4371	0.1532
7199.010	40.5066	0.1622
7201.940	40.4518	0.1637
7204.870	40.2122	0.1507
7207.800	40.2536	0.1490
7210.730	40.4971	0.1489
7213.660	40.6888	0.1440
7216.590	40.5712	0.1479
7219.520	40.4741	0.1577
7222.450	40.4053	0.1913
7225.380	40.4760	0.1848
7228.310	40.7349	0.1640
7231.240	40.8541	0.1606
7234.170	40.9318	0.1584
7237.100	40.9207	0.1551
7240.030	40.8762	0.1577
7242.960	40.8699	0.1624
7245.890	40.7689	0.1712
7248.820	40.6770	0.1629
7251.750	40.5902	0.1634
7254.680	40.6092	0.1584
7257.610	40.6508	0.1533
7260.540	40.4325	0.1461
7263.470	40.4144	0.1547
7266.400	40.5736	0.1533
7269.330	40.5306	0.1663
7272.260	40.4446	0.1693
7275.190	40.4192	0.1707
7278.120	40.3879	0.1731
7281.050	40.1479	0.1788
7283.980	39.6781	0.1615
7286.910	39.2671	0.1626
7289.840	39.0572	0.1643
7292.770	39.2971	0.1631
7295.700	39.8352	0.1558
7298.630	40.2161	0.1599
7301.560	40.1771	0.1592
7304.490	40.0320	0.1623
7307.420	39.7683	0.1574
7310.350	39.7730	0.1506
7313.280	40.0521	0.1543
7316.210	40.1445	0.1581
7319.140	40.1234	0.1459
7322.070	39.9074	0.1444
7325.000	39.6548	0.1475
7327.930	39.6275	0.1523
7330.860	39.7915	0.1542
7333.790	40.0794	0.1653
7336.720	40.2061	0.1722
7339.650	40.1919	0.1606
7342.580	40.1565	0.1509
7345.510	40.0501	0.1496
7348.440	39.8315	0.1446
7351.370	39.5900	0.1601
7354.300	39.3407	0.1658
7357.230	39.4288	0.1506
7360.160	39.5773	0.1499
7363.090	39.4421	0.1498
7366.020	39.5279	0.1518
7368.950	39.6928	0.1464
7371.880	39.7397	0.1464
7374.810	39.6414	0.1456
7377.740	39.5384	0.1518
7380.670	39.3369	0.1487
7383.600	38.8127	0.1535
7386.530	38.3055	0.1513
7389.460	38.3383	0.1462
7392.390	38.7385	0.1458
7395.320	39.0729	0.1434
7398.250	39.0432	0.1417
7401.180	38.8977	0.1404
7404.110	38.5962	0.1403
7407.040	38.3219	0.1429
7409.970	38.1183	0.1553
7412.900	38.0033	0.1607
7415.830	38.0780	0.1523
7418.760	38.2218	0.1441
7421.690	38.3667	0.1491
7424.620	38.6445	0.1519
7427.550	39.0239	0.1419
7430.480	39.1768	0.1450
7433.410	39.1869	0.1438
7436.340	39.1206	0.1429
7439.270	38.8510	0.1473
7442.200	38.5118	0.1395
7445.130	38.3511	0.1461
7448.060	38.6134	0.1476
7450.990	38.8637	0.1544
7453.920	38.9668	0.1606
7456.850	38.8921	0.1546
7459.780	38.6230	0.1596
7462.710	38.5302	0.1562
7465.640	38.7407	0.1644
7468.570	38.9331	0.1574
7471.500	38.9091	0.1568
7474.430	38.7629	0.1675
7477.360	38.6575	0.1622
7480.290	38.6694	0.1621
7483.220	38.7662	0.1531
7486.150	38.6858	0.1497
7489.080	38.3925	0.1465
7492.010	38.0003	0.1531
7494.940	37.7761	0.1541
7497.870	38.0260	0.1603
7500.800	38.3265	0.1597
7503.730	38.2573	0.1526
7506.660	37.9806	0.1506
7509.590	37.8124	0.1505
7512.520	37.9296	0.1489
7515.450	38.2879	0.1384
7518.380	38.3998	0.1465
7521.310	38.1237	0.1521
7524.240	37.9350	0.1593
7527.170	37.9532	0.1545
7530.100	37.9199	0.1561
7533.030	38.0786	0.1524
7535.960	38.3086	0.1438
7538.890	38.2779	0.1516
7541.820	38.1705	0.1565
7544.750	38.0941	0.1533
7547.680	38.0638	0.1377
7550.610	37.9476	0.1434
7553.540	37.8441	0.1373
7556.470	37.7920	0.1368
7559.400	37.8025	0.1461
7562.330	37.8744	0.1498
7565.260	37.7725	0.1686
7568.190	37.6177	0.1713
7571.120	37.5904	0.1535
7574.050	37.7476	0.1430
7576.980	37.9802	0.1407
7579.910	37.7413	0.1477
7582.840	37.2641	0.1537
7585.770	37.1052	0.1730
7588.700	37.3530	0.1774
7591.630	37.4876	0.2002
7594.560	37.3913	0.2212
7597.490	37.0047	0.2291
7600.420	36.9868	0.2139
7603.350	37.0492	0.1901
7606.280	37.2459	0.1696
7609.210	37.2626	0.1752
7612.140	37.2617	0.1878
7615.070	37.1012	0.1771
7618.000	36.7909	0.1512
7620.930	36.5966	0.1534
7623.860	36.9249	0.1868
7626.790	37.3461	0.1711
7629.720	37.4441	0.1663
7632.650	37.5756	0.1570
7635.580	37.6105	0.1407
7638.510	37.5406	0.1475
7641.440	37.5629	0.1652
7644.370	37.6184	0.1562
7647.300	37.4889	0.1507
7650.230	37.2762	0.1566
7653.160	36.7927	0.1440
7656.090	36.1742	0.1508
7659.020	35.7282	0.1610
7661.950	35.5117	0.1576
7664.880	35.7580	0.1489
7667.810	36.3979	0.1308
7670.740	36.9052	0.1385
7673.670	37.1556	0.1455
7676.600	37.0981	0.1502
7679.530	36.9541	0.1541
7682.460	36.9550	0.1486
7685.390	36.7746	0.1583
7688.320	36.4413	0.1537
7691.250	36.2351	0.1502
7694.180	36.2271	0.1444
7697.110	36.2548	0.1413
7700.040	36.4218	0.1437
7702.970	36.7692	0.1426
7705.900	36.7559	0.1420
7708.830	36.3776	0.1452
7711.760	35.9870	0.1467
7714.690	36.0121	0.1456
7717.620	36.3109	0.1372
7720.550	36.3879	0.1515
7723.480	36.2976	0.1604
7726.410	36.3984	0.1516
7729.340	36.4581	0.1538
7732.270	36.4397	0.1548
7735.200	36.5347	0.1406
7738.130	36.5205	0.1462
7741.060	36.2020	0.1380
7743.990	35.7850	0.1454
7746.920	35.5419	0.1399
7749.850	35.7710	0.1326
7752.780	36.1539	0.1348
7755.710	36.3074	0.1411
7758.640	36.3880	0.1362
7761.570	36.4076	0.1422
7764.500	36.3678	0.1419
7767.430	36.3396	0.1400
7770.360	36.0132	0.1465
7773.290	35.7372	0.1544
7776.220	35.6749	0.1430
7779.150	35.6850	0.1464
7782.080	35.8870	0.1371
7785.010	36.0312	0.1397
7787.940	36.0009	0.1408
7790.870	35.9021	0.1380
7793.800	35.8797	0.1356
7796.730	35.7501	0.1377
7799.660	35.6805	0.1375
7802.590	35.7568	0.1460
7805.520	35.6941	0.1595
7808.450	35.5667	0.1505
7811.380	35.6321	0.1448
7814.310	35.8692	0.1410
7817.240	36.0535	0.1459
7820.170	36.1281	0.1418
7823.100	36.1302	0.1394
7826.030	35.9694	0.1392
7828.960	35.5404	0.1475
7831.890	35.0802	0.1536
7834.820	35.1291	0.1404
7837.750	35.4373	0.1419
7840.680	35.6130	0.1391
7843.610	35.5747	0.1391
7846.540	35.4245	0.1500
7849.470	35.4192	0.1561
7852.400	35.4345	0.1529
7855.330	35.5573	0.1566
7858.260	35.6564	0.1442
7861.190	35.6822	0.1392
7864.120	35.7205	0.1447
7867.050	35.5938	0.1494
7869.980	35.4770	0.1520
7872.910	35.4166	0.1462
7875.840	35.2427	0.1496
7878.770	35.1856	0.1467
7881.700	35.2016	0.1433
7884.630	35.2544	0.1466
7887.560	35.3121	0.1486
7890.490	35.4332	0.1395
7893.420	35.5451	0.1348
7896.350	35.5748	0.1421
7899.280	35.5610	0.1574
7902.210	35.5375	0.1567
7905.140	35.4008	0.1555
7908.070	35.0634	0.1553
7911.000	34.8107	0.1574
7913.930	34.5734	0.1525
7916.860	34.4459	0.1501
7919.790	34.5857	0.1398
7922.720	34.6188	0.1567
7925.650	34.4346	0.1463
7928.580	34.1423	0.1418
7931.510	33.8359	0.1412
7934.440	33.6903	0.1413
7937.370	33.8584	0.1357
7940.300	33.8811	0.1320
7943.230	33.7483	0.1286
7946.160	33.8386	0.1308
7949.090	34.2806	0.1297
7952.020	34.6334	0.1348
7954.950	34.6924	0.1413
7957.880	34.6824	0.1479
7960.810	34.6528	0.1569
7963.740	34.7007	0.1595
7966.670	34.6665	0.1536
7969.600	34.5194	0.1465
7972.530	34.6094	0.1521
7975.460	34.7060	0.1480
7978.390	34.7832	0.1479
7981.320	34.7760	0.1449
7984.250	34.7172	0.1455
7987.180	34.6360	0.1553
7990.110	34.4928	0.1543
7993.040	34.2211	0.1449
7995.970	33.9306	0.1407
7998.900	33.7330	0.1389
8001.830	33.9520	0.1372
8004.760	34.1988	0.1287
8007.690	34.2287	0.1248
8010.620	34.3769	0.1205
8013.550	34.4852	0.1246
8016.480	34.4820	0.1386
8019.410	34.5784	0.1478
8022.340	34.3105	0.1445
8025.270	34.1044	0.1430
8028.200	33.9193	0.1498
8031.130	34.0042	0.1446
8034.060	34.1397	0.1350
8036.990	34.1392	0.1396
8039.920	34.0156	0.1391
8042.850	33.6599	0.1330
8045.780	33.2374	0.1345
8048.710	33.2441	0.1384
8051.640	33.4782	0.1423
8054.570	33.6278	0.1597
8057.500	33.7491	0.1461
8060.430	33.8478	0.1377
8063.360	33.9284	0.1386
8066.290	33.9510	0.1296
8069.220	33.8487	0.1418
8072.150	33.8429	0.1401
8075.080	33.8146	0.1405
8078.010	33.7848	0.1468
8080.940	33.4736	0.1506
8083.870	33.2839	0.1429
8086.800	33.3297	0.1312
8089.730	33.2446	0.1328
8092.660	33.1428	0.1329
8095.590	33.0460	0.1332
8098.520	33.0980	0.1327
8101.450	33.3059	0.1406
8104.380	33.4360	0.1413
8107.310	33.4969	0.1459
8110.240	33.5653	0.1378
8113.170	33.6289	0.1462
8116.100	33.6352	0.1563
8119.030	33.6370	0.1502
8121.960	33.6714	0.1451
8124.890	33.6477	0.1350
8127.820	33.6518	0.1326
8130.750	33.6628	0.1332
8133.680	33.5350	0.1332
8136.610	33.4090	0.1391
8139.540	33.3090	0.1429
8142.470	33.2561	0.1416
8145.400	33.1747	0.1281
8148.330	33.1377	0.1312
8151.260	33.1864	0.1335
8154.190	33.2787	0.1396
8157.120	33.3041	0.1490
8160.050	33.1940	0.1465
8162.980	33.1308	0.1529
8165.910	33.0951	0.1570
8168.840	32.9365	0.1719
8171.770	32.9392	0.1643
8174.700	32.9404	0.1572
8177.630	32.6491	0.1572
8180.560	32.2176	0.1629
8183.490	31.9065	0.1615
8186.420	32.1115	0.1504
8189.350	32.2383	0.1475
8192.280	31.8706	0.1385
8195.210	31.5669	0.1452
8198.140	31.8314	0.1323
8201.070	32.2436	0.1324
8204.000	32.2953	0.1331
8206.930	32.1986	0.1365
8209.860	32.0667	0.1302
8212.790	32.0240	0.1257
8215.720	31.9414	0.1198
8218.650	31.9653	0.1307
8221.580	32.1267	0.1436
8224.510	32.3918	0.1608
8227.440	32.3951	0.1811
8230.370	32.2370	0.2029
8233.300	32.2832	0.1843
8236.230	32.5181	0.1596
8239.160	32.5578	0.1448
8242.090	32.5465	0.1260
8245.020	32.3556	0.1257
8247.950	32.2082	0.1269
8250.880	32.2052	0.1258
8253.810	32.2698	0.1324
8256.740	32.1981	0.1467
8259.670	32.2194	0.1368
8262.600	32.2554	0.1343
8265.530	32.2114	0.1327
8268.460	32.2822	0.1335
8271.390	32.2600	0.1248
8274.320	32.1910	0.1285
8277.250	32.2098	0.1244
8280.180	32.2253	0.1377
8283.110	32.2192	0.1303
8286.040	32.1527	0.1323
8288.970	31.9468	0.1356
8291.900	31.8623	0.1395
8294.830	31.7927	0.1368
8297.760	31.7014	0.1406
8300.690	31.7328	0.1318
8303.620	31.7628	0.1263
8306.550	31.4753	0.1331
8309.480	31.5048	0.1388
8312.410	31.7045	0.1381
8315.340	31.8801	0.1463
8318.270	31.9132	0.1443
8321.200	31.8054	0.1397
8324.130	31.4896	0.1331
8327.060	31.0662	0.1440
8329.990	30.7025	0.1498
8332.920	30.7156	0.1471
8335.850	30.8347	0.1466
8338.780	30.9104	0.1423
8341.710	30.9137	0.1493
8344.640	30.8498	0.1435
8347.570	31.0620	0.1294
8350.500	31.3386	0.1387
8353.430	31.4273	0.1436
8356.360	31.3369	0.1318
8359.290	31.2314	0.1331
8362.220	31.2064	0.1460
8365.150	31.3161	0.1471
8368.080	31.4951	0.1335
8371.010	31.6068	0.1267
8373.940	31.5134	0.1244
8376.870	31.3568	0.1389
8379.800	31.2547	0.1495
8382.730	31.1017	0.1560
8385.660	31.0825	0.1381
8388.590	31.1873	0.1312
8391.520	31.4487	0.1338
8394.450	31.3881	0.1401
8397.380	31.2074	0.1465
8400.310	31.2533	0.1341
8403.240	31.4204	0.1185
8406.170	31.5509	0.1227
8409.100	31.4905	0.1297
8412.030	31.2240	0.1418
8414.960	30.9265	0.1524
8417.890	31.0198	0.1313
8420.820	31.0948	0.1207
8423.750	30.9884	0.1245
8426.680	30.9442	0.1392
8429.610	30.9754	0.1627
8432.540	30.7674	0.1407
8435.470	30.5570	0.1419
8438.400	30.4932	0.1389
8441.330	30.6079	0.1269
8444.260	30.5764	0.1197
8447.190	30.5895	0.1273
8450.120	30.6701	0.1628
8453.050	30.7870	0.1395
8455.980	30.9242	0.1342
8458.910	31.0267	0.1522
8461.840	30.9492	0.1510
8464.770	30.6449	0.1489
8467.700	30.3972	0.1398
8470.630	30.4631	0.1299
8473.560	30.6889	0.1326
8476.490	30.8834	0.1423
8479.420	30.7773	0.1415
8482.350	30.8086	0.1395
8485.280	30.8204	0.1558
8488.210	30.6686	0.1519
8491.140	29.9250	0.1445
8494.070	28.4078	0.1653
8497.000	26.9276	0.1993
8499.930	27.2701	0.1607
8502.860	28.8728	0.1453
8505.790	29.8662	0.1467
8508.720	29.9865	0.1431
8511.650	29.6868	0.1325
8514.580	29.4233	0.1415
8517.510	29.6402	0.1390
8520.440	29.7850	0.1329
8523.370	29.7218	0.1333
8526.300	29.6031	0.1429
8529.230	29.3584	0.1588
8532.160	28.8565	0.1429
8535.090	27.3915	0.1350
8538.020	24.7640	0.2135
8540.950	22.7354	0.2381
8543.880	23.8136	0.1895
8546.810	26.5968	0.1361
8549.740	28.4247	0.1601
8552.670	29.0369	0.1472
8555.600	29.2354	0.1279
8558.530	29.4267	0.1267
8561.460	29.8911	0.1327
8564.390	30.1396	0.1351
8567.320	30.2694	0.1307
8570.250	30.0919	0.1308
8573.180	30.0663	0.1371
8576.110	30.1530	0.1400
8579.040	30.0699	0.1458
8581.970	29.7955	0.1571
8584.900	29.6457	0.1496
8587.830	29.6054	0.1488
8590.760	29.6116	0.1265
8593.690	29.4429	0.1215
8596.620	29.3184	0.1233
8599.550	29.3981	0.1377
8602.480	29.5080	0.1353
8605.410	29.5856	0.1233
8608.340	29.5427	0.1088
8611.270	29.3569	0.1148
8614.200	29.4667	0.1239
8617.130	29.6946	0.1202
8620.060	29.7005	0.1394
8622.990	29.6696	0.1699
8625.920	29.7161	0.1503
8628.850	29.7809	0.1410
8631.780	29.6594	0.1300
8634.710	29.5307	0.1502
8637.640	29.5229	0.1564
8640.570	29.3929	0.1520
8643.500	29.1928	0.1400
8646.430	28.8227	0.1386
8649.360	28.4410	0.1416
8652.290	28.3933	0.1389
8655.220	27.5086	0.1130
8658.150	25.1243	0.2028
8661.080	23.1478	0.2208
8664.010	24.0810	0.1795
8666.940	26.5258	0.1411
8669.870	27.9055	0.1427
8672.800	28.2391	0.1387
8675.730	28.5063	0.1354
8678.660	28.5991	0.1359
8681.590	28.7041	0.1273
8684.520	28.4669	0.1246
8687.450	28.3499	0.1247
8690.380	28.5899	0.1253
8693.310	29.0761	0.1270
8696.240	29.2195	0.1217
8699.170	29.2343	0.1222
8702.100	29.2379	0.1277
8705.030	29.0934	0.1300
8707.960	28.7869	0.1285
8710.890	28.6303	0.1248
8713.820	28.7499	0.1233
8716.750	28.9249	0.1187
8719.680	28.9260	0.1221
8722.610	28.9777	0.1306
8725.540	28.6875	0.1212
8728.470	28.5315	0.1159
8731.400	28.5867	0.1109
8734.330	28.5443	0.1139
8737.260	28.5033	0.1196
8740.190	28.4666	0.1182
8743.120	28.4488	0.1189
8746.050	28.3807	0.1197
8748.980	28.2521	0.1232
8751.910	28.1889	0.1348
8754.840	28.3947	0.1267
8757.770	28.6277	0.1282
8760.700	28.5728	0.1273
8763.630	28.6274	0.1276
8766.560	28.7028	0.1348
8769.490	28.5875	0.1407
8772.420	28.4077	0.1388
8775.350	28.4718	0.1457
8778.280	28.5109	0.1333
8781.210	28.4829	0.1415
8784.140	28.4176	0.1429
8787.070	28.2522	0.1452
8790.000	28.1599	0.1267
8792.930	28.1575	0.1180
8795.860	28.3748	0.1106
8798.790	28.4413	0.1186
8801.720	28.0052	0.1323
8804.650	27.1865	0.1436
8807.580	27.0865	0.1373
8810.510	27.9513	0.1430
8813.440	28.5864	0.1471
8816.370	28.5975	0.1439
8819.300	28.4526	0.1393
8822.230	28.0704	0.1351
8825.160	27.9553	0.1409
8828.090	28.3277	0.1333
8831.020	28.5327	0.1342
8833.950	28.2384	0.1347
8836.880	28.1979	0.1266
8839.810	28.3472	0.1137
8842.740	28.4299	0.1173
8845.670	28.3555	0.1269
8848.600	28.1824	0.1487
8851.530	28.2162	0.1471
8854.460	28.0965	0.1426
8857.390	27.8123	0.1336
8860.320	27.3874	0.1176
8863.250	27.1171	0.1244
8866.180	27.1717	0.1324
8869.110	27.5389	0.1293
8872.040	27.8793	0.1243
8874.970	27.9021	0.1237
8877.900	27.9784	0.1118
8880.830	28.0627	0.1168
8883.760	28.0921	0.1297
8886.690	28.2317	0.1177
8889.620	28.2588	0.1090
8892.550	28.0250	0.1170
8895.480	27.8422	0.1403
8898.410	27.8257	0.1454
8901.340	27.8048	0.1395
8904.270	27.8861	0.1334
8907.200	27.7963	0.1335
8910.130	27.7407	0.1236
8913.060	27.8430	0.1348
8915.990	27.9249	0.1288
8918.920	27.8334	0.1205
8921.850	27.6411	0.1344
8924.780	27.3262	0.1400
8927.710	27.2919	0.1366
8930.640	27.6405	0.1294
8933.570	27.8809	0.1249
8936.500	27.8646	0.1291
8939.430	27.6554	0.1433
8942.360	27.3118	0.1358
8945.290	27.2324	0.1267
8948.220	27.4333	0.1275
8951.150	27.8278	0.1249
8954.080	28.0171	0.1363
8957.010	27.9326	0.1325
8959.940	27.9482	0.1221
8962.870	27.8639	0.1272
8965.800	27.5222	0.1314
8968.730	27.5278	0.1367
8971.660	27.4358	0.1477
8974.590	27.3282	0.1471
8977.520	27.2853	0.1447
8980.450	27.3956	0.1331
8983.380	27.4489	0.1279
8986.310	27.4550	0.1381
8989.240	27.5824	0.1504
8992.170	27.6108	0.1466
8995.100	27.3459	0.1488
8998.030	26.8638	0.1446
9000.960	26.8384	0.1380
9003.890	26.7913	0.1321
9006.820	26.3581	0.1312
9009.750	25.8814	0.1329
9012.680	25.8445	0.1478
9015.610	26.1051	0.1546
9018.540	26.3843	0.1372
9021.470	26.4664	0.1320
9024.400	26.6981	0.1394
9027.330	26.9397	0.1456
9030.260	27.1827	0.1284
9033.190	27.3872	0.1098
9036.120	27.3994	0.1135
9039.050	27.3170	0.1161
9041.980	27.2371	0.1294
9044.910	27.1228	0.1293
9047.840	26.9466	0.1420
9050.770	26.8363	0.1449
9053.700	26.9476	0.1294
9056.630	26.8698	0.1104
9059.560	26.5125	0.1227
9062.490	26.3555	0.1288
9065.420	26.6994	0.1371
9068.350	26.8675	0.1441
9071.280	27.0527	0.1456
9074.210	27.0394	0.1324
9077.140	26.7096	0.1321
9080.070	26.4578	0.1423
9083.000	26.5169	0.1303
9085.930	26.2185	0.1339
9088.860	25.9626	0.1339
9091.790	25.9636	0.1398
9094.720	26.1424	0.1269
9097.650	26.3018	0.1313
9100.580	26.4872	0.1403
9103.510	26.5277	0.1381
9106.440	26.6193	0.1353
9109.370	26.5090	0.1401
9112.300	26.4155	0.1406
9115.230	26.2717	0.1485
9118.160	26.4156	0.1525
9121.090	26.7313	0.1395
9124.020	26.8327	0.1286
9126.950	26.7636	0.1280
9129.880	26.6559	0.1461
9132.810	26.6051	0.1497
9135.740	26.5018	0.1423
9138.670	26.4159	0.1402
9141.600	26.5561	0.1388
9144.530	26.4958	0.1345
9147.460	26.5539	0.1270
9150.390	26.7175	0.1357
9153.320	26.6608	0.1471
9156.250	26.5921	0.1392
9159.180	26.5993	0.1470
9162.110	26.4228	0.1382
9165.040	26.2640	0.1431
9167.970	26.2736	0.1387
9170.900	26.0556	0.1349
9173.830	25.9362	0.1436
9176.760	26.0802	0.1394
9179.690	26.1436	0.1411
9182.620	26.3296	0.1429
9185.550	26.5965	0.1288
9188.480	26.5305	0.1313
9191.410	26.6521	0.1363
9194.340	26.5245	0.1397
9197.270	26.2673	0.1344
9200.200	26.0278	0.1254
9203.130	25.8227	0.1417
9206.060	25.5370	0.1350
9208.990	25.3146	0.1327
9211.920	25.0614	0.1291
9214.850	25.1351	0.1323
9217.780	25.3084	0.1411
9220.710	25.3193	0.1365
9223.640	24.9003	0.1219
9226.570	24.4252	0.1270
9229.500	24.4838	0.1284
9232.430	24.9013	0.1357
9235.360	25.1692	0.1233
9238.290	25.3930	0.1186
9241.220	25.5690	0.1264
9244.150	25.4369	0.1392
9247.080	25.2289	0.1457
9250.010	25.0074	0.1467
9252.940	24.6178	0.1299
9255.870	24.5757	0.1197
9258.800	24.9862	0.1294
9261.730	25.4072	0.1339
9264.660	25.6006	0.1386
9267.590	25.7378	0.1330
9270.520	25.7329	0.1406
9273.450	25.6336	0.1482
9276.380	25.5716	0.1571
9279.310	25.4281	0.1601
9282.240	25.4049	0.1392
9285.170	25.6152	0.1358
9288.100	25.6101	0.1324
9291.030	25.6197	0.1276
9293.960	25.8222	0.1293
9296.890	25.8816	0.1462
9299.820	25.9402	0.1493
9302.750	25.7139	0.1603
9305.680	25.4851	0.1486
9308.610	25.2755	0.1491
9311.540	25.3370	0.1469
9314.470	25.3259	0.1640
9317.400	25.3519	0.1636
9320.330	25.2833	0.1746
9323.260	25.2306	0.1920
9326.190	25.4847	0.1836
9329.120	25.7270	0.1762
9332.050	25.3543	0.1745
9334.980	25.1091	0.1883
9337.910	24.9554	0.2101
9340.840	25.0633	0.2065
9343.770	25.3022	0.2052
9346.700	25.5656	0.1918
9349.630	25.5571	0.1721
9352.560	25.1916	0.1882
9355.490	24.8960	0.1868
9358.420	24.9129	0.1695
9361.350	24.7412	0.1638
9364.280	24.7043	0.1640
9367.210	24.7605	0.1795
9370.140	24.8935	0.1845
9373.070	25.1440	0.1813
9376.000	25.4002	0.1784
9378.930	25.5827	0.1838
9381.860	25.4406	0.1735
9384.790	25.2947	0.1437
9387.720	25.0075	0.1342
9390.650	24.6850	0.1468
9393.580	24.5496	0.1573
9396.510	24.5815	0.1559
9399.440	24.5220	0.1522
9402.370	24.3564	0.1514
9405.300	24.2253	0.1706
9408.230	24.1508	0.1602
9411.160	23.6667	0.1819
9414.090	23.1411	0.1739
9417.020	23.3639	0.1466
9419.950	23.8523	0.1574
9422.880	24.0386	0.1650
9425.810	23.9288	0.1644
9428.740	24.0228	0.1586
9431.670	24.3792	0.1505
9434.600	24.2848	0.1428
9437.530	24.0347	0.1694
9440.460	24.0681	0.1884
9443.390	24.3802	0.1735
9446.320	24.4442	0.1567
9449.250	24.3305	0.1517
9452.180	24.0691	0.1508
9455.110	23.9640	0.1578
9458.040	24.2649	0.1527
9460.970	24.6246	0.1496
9463.900	24.9314	0.1473
9466.830	24.8471	0.1434
9469.760	24.5960	0.1540
9472.690	24.3553	0.1567
9475.620	24.2751	0.1658
9478.550	24.4016	0.1711
9481.480	24.6215	0.1667
9484.410	24.6782	0.1519
9487.340	24.6348	0.1533
9490.270	24.2405	0.1468
9493.200	24.0075	0.1471
9496.130	23.9028	0.1740
9499.060	23.5950	0.1794
9501.990	23.6976	0.1667
9504.920	24.0819	0.1459
9507.850	24.2961	0.1432
9510.780	24.3936	0.1612
9513.710	24.1986	0.1808
9516.640	23.9559	0.1871
9519.570	24.0200	0.1719
9522.500	24.1040	0.1526
9525.430	23.9568	0.1509
9528.360	23.7625	0.1457
9531.290	23.4725	0.1410
9534.220	23.2352	0.1518
9537.150	23.0791	0.1533
9540.080	22.9413	0.1577
9543.010	22.5216	0.1662
9545.940	22.6068	0.1662
9548.870	22.9967	0.1637
9551.800	23.1922	0.1663
9554.730	23.3225	0.1624
9557.660	23.3930	0.1670
9560.590	23.3398	0.1629
9563.520	23.1981	0.1710
9566.450	23.0512	0.1886
9569.380	23.1266	0.1773
9572.310	23.3403	0.1593
9575.240	23.5847	0.1458
9578.170	23.5237	0.1554
9581.100	23.3802	0.1571
9584.030	23.2392	0.1668
9586.960	23.0983	0.1849
9589.890	23.0074	0.1884
9592.820	23.1447	0.1891
9595.750	23.2533	0.1889
9598.680	23.3203	0.1790
9601.610	23.3254	0.1837
9604.540	23.0879	0.1948
9607.470	22.9309	0.2055
9610.400	22.9559	0.2173
9613.330	22.7474	0.2147
9616.260	22.5004	0.1947
9619.190	22.5726	0.2289
9622.120	22.7699	0.2431
9625.050	22.9162	0.2488
9627.980	22.9905	0.2296
9630.910	22.8474	0.2127
9633.840	22.4643	0.2184
9636.770	22.0169	0.2281
9639.700	22.0268	0.2200
9642.630	21.9934	0.2287
9645.560	22.0390	0.2417
9648.490	22.2920	0.2384
9651.420	22.3108	0.2418
9654.350	22.0005	0.2311
9657.280	21.8299	0.2327
9660.210	21.9250	0.2625
9663.140	22.0030	0.2616
9666.070	21.7957	0.2570
9669.000	21.7349	0.2532
9671.930	21.6680	0.2625
9674.860	21.7036	0.2643
9677.790	21.7949	0.2769
9680.720	21.6636	0.2682
9683.650	21.6556	0.2810
9686.580	21.4498	0.2806
9689.510	21.2973	0.2777
9692.440	21.3678	0.2820
9695.370	21.5005	0.2847
9698.300	21.5250	0.2820
9701.230	21.2957	0.2903
