3298.680	9.0006	0.0486
3301.060	8.6330	0.0586
3303.440	7.8088	0.0482
3305.820	7.4340	0.0385
3308.200	7.7128	0.0393
3310.580	7.8362	0.0452
3312.960	7.6136	0.0417
3315.340	7.7024	0.0416
3317.720	7.9052	0.0455
3320.100	7.6182	0.0523
3322.480	7.3884	0.0404
3324.860	7.6317	0.0375
3327.240	7.6474	0.0381
3329.620	7.6026	0.0373
3332.000	7.6338	0.0430
3334.380	7.2305	0.0382
3336.760	7.0213	0.0348
3339.140	7.3968	0.0361
3341.520	7.7690	0.0373
3343.900	8.0480	0.0392
3346.280	7.8593	0.0329
3348.660	7.4872	0.0387
3351.040	7.8259	0.0362
3353.420	8.2847	0.0435
3355.800	7.9293	0.0521
3358.180	6.5429	0.0392
3360.560	5.9193	0.0392
3362.940	6.8583	0.0352
3365.320	7.2249	0.0393
3367.700	6.4899	0.0330
3370.080	6.1010	0.0337
3372.460	6.6983	0.0350
3374.840	7.7280	0.0405
3377.220	7.5935	0.0491
3379.600	6.9785	0.0282
3381.980	7.1930	0.0290
3384.360	7.7454	0.0333
3386.740	7.9621	0.0443
3389.120	7.7724	0.0370
3391.500	7.2601	0.0316
3393.880	7.3801	0.0404
3396.260	8.2174	0.0352
3398.640	8.8139	0.0498
3401.020	8.7077	0.0521
3403.400	8.1826	0.0373
3405.780	7.7455	0.0319
3408.160	7.6356	0.0287
3410.540	7.6425	0.0313
3412.920	7.1896	0.0344
3415.300	7.3263	0.0319
3417.680	8.0711	0.0406
3420.060	8.2521	0.0463
3422.440	7.8704	0.0377
3424.820	7.8372	0.0285
3427.200	8.2459	0.0297
3429.580	8.4899	0.0417
3431.960	8.1257	0.0450
3434.340	7.9204	0.0428
3436.720	7.4281	0.0425
3439.100	6.2365	0.0324
3441.480	5.5458	0.0319
3443.860	5.9669	0.0313
3446.240	6.9237	0.0287
3448.620	7.7109	0.0432
3451.000	7.9456	0.0434
3453.380	7.9456	0.0406
3455.760	7.7249	0.0355
3458.140	7.1080	0.0284
3460.520	6.9312	0.0298
3462.900	7.4586	0.0314
3465.280	7.7566	0.0457
3467.660	8.0301	0.0425
3470.040	8.0136	0.0453
3472.420	7.2752	0.0337
3474.800	6.6783	0.0297
3477.180	7.0028	0.0368
3479.560	7.4769	0.0471
3481.940	7.3885	0.0401
3484.320	7.4311	0.0335
3486.700	7.5144	0.0368
3489.080	7.0885	0.0317
3491.460	6.8126	0.0325
3493.840	6.8727	0.0273
3496.220	7.1571	0.0309
3498.600	8.0470	0.0309
3500.980	8.8251	0.0449
3503.360	8.8703	0.0481
3505.740	8.5746	0.0420
3508.120	8.2168	0.0344
3510.500	7.7600	0.0307
3512.880	7.4782	0.0315
3515.260	8.0007	0.0330
3517.640	8.5540	0.0277
3520.020	7.9566	0.0281
3522.400	7.0213	0.0301
3524.780	6.6844	0.0410
3527.160	7.4078	0.0291
3529.540	8.1257	0.0296
3531.920	8.3899	0.0332
3534.300	8.6370	0.0309
3536.680	8.9172	0.0313
3539.060	8.9928	0.0331
3541.440	9.0465	0.0372
3543.820	9.1471	0.0397
3546.200	9.2233	0.0456
3548.580	9.2164	0.0395
3550.960	8.8916	0.0409
3553.340	8.4638	0.0398
3555.720	8.3743	0.0416
3558.100	8.4789	0.0433
3560.480	8.6773	0.0393
3562.860	8.2523	0.0308
3565.240	7.1931	0.0289
3567.620	6.5243	0.0232
3570.000	6.4779	0.0333
3572.380	7.0376	0.0287
3574.760	7.5566	0.0304
3577.140	7.1973	0.0311
3579.520	6.2125	0.0297
3581.900	5.6380	0.0266
3584.280	5.5772	0.0274
3586.660	5.9840	0.0276
3589.040	7.1876	0.0289
3591.420	8.2486	0.0359
3593.800	8.8017	0.0496
3596.180	9.2676	0.0560
3598.560	9.4487	0.0508
3600.940	8.8778	0.0356
3603.320	7.9521	0.0300
3605.700	7.3814	0.0311
3608.080	7.0359	0.0258
3610.460	7.2735	0.0343
3612.840	7.7846	0.0464
3615.220	7.6640	0.0406
3617.600	7.0294	0.0248
3619.980	7.1376	0.0345
3622.360	8.2159	0.0356
3624.740	9.2448	0.0563
3627.120	9.3959	0.0542
3629.500	8.2562	0.0394
3631.880	7.3887	0.0387
3634.260	7.7372	0.0378
3636.640	8.5739	0.0406
3639.020	9.1820	0.0382
3641.400	9.0068	0.0362
3643.780	8.2350	0.0346
3646.160	7.7210	0.0306
3648.540	7.9547	0.0334
3650.920	8.8490	0.0292
3653.300	9.6989	0.0424
3655.680	10.1676	0.0444
3658.060	10.4232	0.0425
3660.440	10.3627	0.0350
3662.820	10.0186	0.0322
3665.200	9.7541	0.0332
3667.580	9.5826	0.0327
3669.960	9.7072	0.0407
3672.340	10.0145	0.0512
3674.720	9.8093	0.0437
3677.100	9.1729	0.0366
3679.480	8.9087	0.0323
3681.860	9.0860	0.0338
3684.240	8.9481	0.0357
3686.620	8.7700	0.0375
3689.000	9.4094	0.0397
3691.380	10.1169	0.0420
3693.760	10.1280	0.0436
3696.140	10.3106	0.0430
3698.520	10.7023	0.0435
3700.900	10.3421	0.0611
3703.280	9.1039	0.0436
3705.660	8.1846	0.0354
3708.040	8.4767	0.0304
3710.420	9.6786	0.0382
3712.800	10.8190	0.0505
3715.180	10.7631	0.0573
3717.560	9.2132	0.0357
3719.940	7.7480	0.0395
3722.320	8.0982	0.0309
3724.700	9.2092	0.0396
3727.080	9.5688	0.0491
3729.460	9.1435	0.0420
3731.840	7.7377	0.0397
3734.220	6.4054	0.0321
3736.600	6.9321	0.0269
3738.980	8.4726	0.0502
3741.360	8.8636	0.0488
3743.740	7.8630	0.0262
3746.120	6.7215	0.0271
3748.500	6.6785	0.0305
3750.880	8.2236	0.0398
3753.260	9.9008	0.0745
3755.640	9.7812	0.0518
3758.020	8.8966	0.0298
3760.400	8.7616	0.0300
3762.780	9.0163	0.0352
3765.160	9.0398	0.0347
3767.540	9.0613	0.0333
3769.920	9.4973	0.0386
3772.300	10.2926	0.0397
3774.680	10.9502	0.0378
3777.060	11.3523	0.0369
3779.440	11.7989	0.0353
3781.820	12.0310	0.0403
3784.200	11.3755	0.0378
3786.580	10.1726	0.0434
3788.960	9.5947	0.0320
3791.340	9.3895	0.0333
3793.720	8.8649	0.0340
3796.100	8.2911	0.0358
3798.480	8.5449	0.0353
3800.860	9.8238	0.0345
3803.240	10.7035	0.0379
3805.620	10.7990	0.0459
3808.000	10.9247	0.0367
3810.380	10.7230	0.0426
3812.760	9.5783	0.0389
3815.140	8.6029	0.0476
3817.520	8.2108	0.0445
3819.900	7.8373	0.0430
3822.280	7.4046	0.0317
3824.660	6.7278	0.0226
3827.040	6.3081	0.0205
3829.420	6.2099	0.0202
3831.800	6.0041	0.0204
3834.180	5.8856	0.0247
3836.560	5.9373	0.0224
3838.940	6.3364	0.0270
3841.320	7.5980	0.0265
3843.700	8.9447	0.0483
3846.080	9.5658	0.0505
3848.460	9.5974	0.0397
3850.840	9.4886	0.0359
3853.220	9.2076	0.0302
3855.600	8.4805	0.0266
3857.980	7.8228	0.0292
3860.360	8.3041	0.0286
3862.740	9.3513	0.0555
3865.120	9.7043	0.0591
3867.500	9.2140	0.0357
3869.880	8.4418	0.0349
3872.260	8.4855	0.0256
3874.640	9.1176	0.0315
3877.020	8.9989	0.0289
3879.400	8.6113	0.0307
3881.780	8.4932	0.0320
3884.160	8.2693	0.0321
3886.540	8.0161	0.0345
3888.920	8.4374	0.0386
3891.300	9.4615	0.0287
3893.680	10.1136	0.0341
3896.060	10.3933	0.0417
3898.440	10.4978	0.0334
3900.820	10.2590	0.0289
3903.200	9.7724	0.0270
3905.580	9.8307	0.0290
3907.960	10.7505	0.0346
3910.340	11.4543	0.0496
3912.720	11.5711	0.0556
3915.100	11.2395	0.0499
3917.480	10.5466	0.0428
3919.860	9.7381	0.0396
3922.240	9.2504	0.0380
3924.620	8.5762	0.0336
3927.000	6.9731	0.0335
3929.380	5.0690	0.0250
3931.760	3.7291	0.0329
3934.140	3.7212	0.0347
3936.520	5.0292	0.0318
3938.900	6.6712	0.0340
3941.280	7.7707	0.0337
3943.660	8.6063	0.0452
3946.040	9.6442	0.0337
3948.420	10.4753	0.0458
3950.800	10.8962	0.0495
3953.180	10.9829	0.0549
3955.560	10.8715	0.0484
3957.940	10.3322	0.0495
3960.320	8.9826	0.0449
3962.700	7.1866	0.0308
3965.080	5.4149	0.0343
3967.460	4.2637	0.0373
3969.840	4.7741	0.0444
3972.220	6.5639	0.0311
3974.600	8.6168	0.0424
3976.980	10.4993	0.0533
3979.360	11.6886	0.0700
3981.740	12.1160	0.0734
3984.120	12.2870	0.0496
3986.500	12.6660	0.0469
3988.880	13.1321	0.0528
3991.260	13.4678	0.0512
3993.640	13.3952	0.0465
3996.020	13.2179	0.0479
3998.400	13.5918	0.0478
4000.780	14.0218	0.0535
4003.160	13.6015	0.0545
4005.540	13.1922	0.0466
4007.920	13.6778	0.0401
4010.300	14.3265	0.0468
4012.680	14.5271	0.0456
4015.060	14.4836	0.0437
4017.440	14.4830	0.0382
4019.820	14.6340	0.0461
4022.200	14.6376	0.0609
4024.580	14.7079	0.0722
4026.960	14.5806	0.0511
4029.340	13.7938	0.0407
4031.720	13.0052	0.0309
4034.100	13.4650	0.0310
4036.480	14.5116	0.0396
4038.860	14.9339	0.0467
4041.240	14.3635	0.0417
4043.620	13.0968	0.0463
4046.000	12.7745	0.0358
4048.380	13.9372	0.0398
4050.760	14.4585	0.0478
4053.140	13.9534	0.0436
4055.520	13.4181	0.0378
4057.900	13.3221	0.0401
4060.280	13.1878	0.0393
4062.660	12.7288	0.0358
4065.040	12.8137	0.0384
4067.420	13.5206	0.0428
4069.800	13.6367	0.0452
4072.180	13.4958	0.0448
4074.560	13.2922	0.0457
4076.940	13.0835	0.0463
4079.320	13.6820	0.0457
4081.700	14.3002	0.0456
4084.080	14.4134	0.0448
4086.460	14.8998	0.0533
4088.840	15.2366	0.0586
4091.220	14.9332	0.0561
4093.600	14.3214	0.0544
4095.980	13.5123	0.0622
4098.360	12.3404	0.0726
4100.740	11.4335	0.0710
4103.120	12.0325	0.0547
4105.500	13.3796	0.0499
4107.880	14.0134	0.0430
4110.260	14.3559	0.0454
4112.640	14.9169	0.0431
4115.020	15.2584	0.0457
4117.400	15.0843	0.0447
4119.780	14.8760	0.0461
4122.160	14.9203	0.0432
4124.540	14.8689	0.0519
4126.920	14.6318	0.0484
4129.300	14.1878	0.0417
4131.680	13.9062	0.0475
4134.060	14.3170	0.0507
4136.440	15.2381	0.0543
4138.820	15.5507	0.0529
4141.200	14.7356	0.0570
4143.580	14.2446	0.0515
4145.960	14.6611	0.0435
4148.340	14.9233	0.0474
4150.720	14.7245	0.0500
4153.100	14.3950	0.0466
4155.480	14.2863	0.0500
4157.860	14.6997	0.0483
4160.240	15.3598	0.0515
4162.620	15.6995	0.0574
4165.000	15.4549	0.0502
4167.380	14.9677	0.0501
4169.760	14.4167	0.0371
4172.140	13.7193	0.0431
4174.520	13.6839	0.0474
4176.900	14.0579	0.0396
4179.280	14.2706	0.0426
4181.660	14.2555	0.0373
4184.040	14.1221	0.0383
4186.420	13.9872	0.0424
4188.800	14.2512	0.0514
4191.180	14.8651	0.0615
4193.560	14.8975	0.0515
4195.940	14.0064	0.0509
4198.320	13.3361	0.0558
4200.700	13.3853	0.0496
4203.080	13.9941	0.0427
4205.460	14.7780	0.0479
4207.840	15.2281	0.0422
4210.220	15.3730	0.0478
4212.600	15.2122	0.0486
4214.980	14.7800	0.0478
4217.360	14.7431	0.0410
4219.740	14.9766	0.0451
4222.120	14.2591	0.0355
4224.500	12.5380	0.0550
4226.880	12.1758	0.0351
4229.260	13.8366	0.0387
4231.640	14.5749	0.0609
4234.020	14.0560	0.0438
4236.400	13.6766	0.0378
4238.780	13.9459	0.0385
4241.160	14.5014	0.0426
4243.540	14.7715	0.0436
4245.920	14.3134	0.0403
4248.300	13.6672	0.0421
4250.680	13.6964	0.0439
4253.060	14.0156	0.0433
4255.440	14.1031	0.0448
4257.820	13.7679	0.0412
4260.200	13.4595	0.0398
4262.580	14.2381	0.0436
4264.960	14.8599	0.0507
4267.340	14.2156	0.0463
4269.720	12.8861	0.0430
4272.100	12.2618	0.0467
4274.480	12.9653	0.0394
4276.860	13.9485	0.0422
4279.240	14.1108	0.0432
4281.620	13.8567	0.0413
4284.000	13.5416	0.0440
4286.380	13.0021	0.0418
4288.760	12.5132	0.0455
4291.140	12.6574	0.0392
4293.520	12.8786	0.0446
4295.900	12.1146	0.0440
4298.280	10.7232	0.0392
4300.660	9.9806	0.0344
4303.040	10.0443	0.0335
4305.420	9.9434	0.0296
4307.800	9.7040	0.0401
4310.180	10.3153	0.0490
4312.560	12.0590	0.0425
4314.940	14.2417	0.0584
4317.320	15.5390	0.0903
4319.700	15.2968	0.0688
4322.080	13.7654	0.0497
4324.460	12.5689	0.0572
4326.840	13.2654	0.0472
4329.220	14.7161	0.0552
4331.600	15.2486	0.0689
4333.980	14.8554	0.0623
4336.360	13.4395	0.0659
4338.740	11.8823	0.0829
4341.120	11.8322	0.0717
4343.500	13.1784	0.0472
4345.880	14.4005	0.0463
4348.260	14.7486	0.0425
4350.640	14.2837	0.0419
4353.020	14.1153	0.0381
4355.400	14.6795	0.0367
4357.780	15.0963	0.0375
4360.160	15.4632	0.0439
4362.540	15.8722	0.0474
4364.920	15.9048	0.0462
4367.300	15.4659	0.0516
4369.680	15.0157	0.0535
4372.060	14.6193	0.0470
4374.440	14.4082	0.0466
4376.820	14.6943	0.0529
4379.200	14.5899	0.0552
4381.580	13.3522	0.0496
4383.960	12.5170	0.0482
4386.340	13.2706	0.0583
4388.720	14.1380	0.0514
4391.100	14.4507	0.0402
4393.480	14.7472	0.0458
4395.860	15.0499	0.0447
4398.240	15.0654	0.0412
4400.620	14.6214	0.0396
4403.000	14.0988	0.0500
4405.380	14.0599	0.0401
4407.760	14.7594	0.0409
4410.140	15.5592	0.0491
4412.520	15.6851	0.0480
4414.900	15.3615	0.0413
4417.280	15.5344	0.0501
4419.660	15.9456	0.0473
4422.040	15.8646	0.0494
4424.420	15.7357	0.0499
4426.800	15.8173	0.0461
4429.180	15.7485	0.0454
4431.560	15.4548	0.0489
4433.940	15.2850	0.0454
4436.320	15.6050	0.0484
4438.700	15.9811	0.0441
4441.080	15.7551	0.0531
4443.460	15.7640	0.0424
4445.840	16.1431	0.0482
4448.220	16.2301	0.0513
4450.600	15.9310	0.0491
4452.980	15.2674	0.0457
4455.360	14.6516	0.0438
4457.740	14.5007	0.0464
4460.120	14.7322	0.0410
4462.500	15.2084	0.0414
4464.880	15.6714	0.0545
4467.260	15.8095	0.0798
4469.640	15.9907	0.0802
4472.020	16.4377	0.0573
4474.400	16.8438	0.0400
4476.780	16.7652	0.0445
4479.160	16.1336	0.0428
4481.540	15.8640	0.0417
4483.920	16.3470	0.0433
4486.300	16.5570	0.0439
4488.680	16.2506	0.0441
4491.060	16.1399	0.0447
4493.440	16.2263	0.0573
4495.820	16.4236	0.0523
4498.200	16.7655	0.0536
4500.580	17.0736	0.0563
4502.960	17.4592	0.0577
4505.340	17.6783	0.0626
4507.720	17.6102	0.0592
4510.100	17.4187	0.0537
4512.480	17.0761	0.0510
4514.860	16.8601	0.0476
4517.240	16.8389	0.0524
4519.620	16.8975	0.0492
4522.000	16.5973	0.0558
4524.380	15.9653	0.0452
4526.760	15.2956	0.0466
4529.140	15.0970	0.0503
4531.520	15.2297	0.0591
4533.900	15.5532	0.0609
4536.280	16.2093	0.0683
4538.660	16.6881	0.0773
4541.040	16.6828	0.0626
4543.420	16.4662	0.0534
4545.800	16.1258	0.0544
4548.180	15.8101	0.0472
4550.560	15.7927	0.0447
4552.940	15.9347	0.0437
4555.320	16.3161	0.0421
4557.700	16.8348	0.0421
4560.080	17.0789	0.0462
4562.460	16.7970	0.0462
4564.840	16.5654	0.0428
4567.220	16.7806	0.0454
4569.600	16.8738	0.0442
4571.980	17.0051	0.0521
4574.360	17.2047	0.0515
4576.740	17.0229	0.0509
4579.120	16.4227	0.0527
4581.500	15.9562	0.0511
4583.880	15.9837	0.0479
4586.260	16.3318	0.0515
4588.640	16.5864	0.0585
4591.020	16.4699	0.0519
4593.400	16.2658	0.0440
4595.780	16.1991	0.0495
4598.160	16.2367	0.0431
4600.540	16.3230	0.0473
4602.920	16.4892	0.0520
4605.300	16.7880	0.0615
4607.680	17.0682	0.0596
4610.060	17.0657	0.0558
4612.440	16.9350	0.0502
4614.820	16.8800	0.0474
4617.200	16.8858	0.0497
4619.580	16.9736	0.0462
4621.960	17.0612	0.0488
4624.340	17.0709	0.0514
4626.720	17.0995	0.0509
4629.100	17.1397	0.0536
4631.480	17.0006	0.0552
4633.860	16.8616	0.0455
4636.240	16.5901	0.0420
4638.620	16.4844	0.0509
4641.000	16.5385	0.0588
4643.380	16.2653	0.0486
4645.760	15.8297	0.0438
4648.140	15.8973	0.0423
4650.520	16.2657	0.0549
4652.900	16.4134	0.0552
4655.280	16.4658	0.0492
4657.660	16.7604	0.0525
4660.040	16.8993	0.0496
4662.420	16.4730	0.0483
4664.800	15.6283	0.0530
4667.180	15.1951	0.0509
4669.560	15.6729	0.0518
4671.940	16.2902	0.0498
4674.320	16.5236	0.0596
4676.700	16.4667	0.0635
4679.080	16.2111	0.0684
4681.460	16.2535	0.0896
4683.840	16.5821	0.0945
4686.220	16.5990	0.0957
4688.600	16.4037	0.0776
4690.980	16.3386	0.0412
4693.360	16.4709	0.0417
4695.740	16.3915	0.0379
4698.120	16.0107	0.0355
4700.500	15.5413	0.0379
4702.880	15.4306	0.0478
4705.260	15.5871	0.0533
4707.640	15.7513	0.0438
4710.020	16.0400	0.0527
4712.400	16.2874	0.0609
4714.780	16.4921	0.0507
4717.160	16.8532	0.0473
4719.540	17.1508	0.0475
4721.920	17.1364	0.0522
4724.300	16.9139	0.0525
4726.680	16.3736	0.0537
4729.060	16.0223	0.0563
4731.440	16.0839	0.0597
4733.820	16.2961	0.0526
4736.200	16.4002	0.0524
4738.580	16.5652	0.0438
4740.960	16.7639	0.0511
4743.340	16.9172	0.0535
4745.720	17.0192	0.0600
4748.100	16.9988	0.0547
4750.480	16.7896	0.0553
4752.860	16.4696	0.0540
4755.240	16.3563	0.0588
4757.620	16.4615	0.0479
4760.000	16.3666	0.0511
4762.380	16.0296	0.0546
4764.760	15.9020	0.0517
4767.140	16.1790	0.0516
4769.520	16.5334	0.0622
4771.900	16.8134	0.0554
4774.280	17.0829	0.0514
4776.660	17.2410	0.0491
4779.040	17.1689	0.0483
4781.420	16.9025	0.0493
4783.800	16.5959	0.0497
4786.180	16.4453	0.0449
4788.560	16.4628	0.0461
4790.940	16.6757	0.0479
4793.320	17.0495	0.0462
4795.700	17.1424	0.0513
4798.080	16.8716	0.0512
4800.460	16.7539	0.0495
4802.840	16.7638	0.0531
4805.220	16.6615	0.0553
4807.600	16.5897	0.0552
4809.980	16.6979	0.0574
4812.360	16.9325	0.0477
4814.740	17.0838	0.0458
4817.120	17.1382	0.0520
4819.500	16.9665	0.0565
4821.880	16.7144	0.0588
4824.260	16.6447	0.0509
4826.640	16.7194	0.0524
4829.020	16.6245	0.0599
4831.400	16.5371	0.0600
4833.780	16.5348	0.0560
4836.160	16.4065	0.0582
4838.540	16.1954	0.0538
4840.920	16.0914	0.0526
4843.300	16.1798	0.0623
4845.680	16.2219	0.0687
4848.060	16.1624	0.0617
4850.440	16.0056	0.0617
4852.820	15.4930	0.0643
4855.200	14.5809	0.0668
4857.580	13.3180	0.0764
4859.960	12.3229	0.0752
4862.340	12.5840	0.0683
4864.720	13.7600	0.0367
4867.100	14.5273	0.0334
4869.480	14.6028	0.0337
4871.860	14.5902	0.0359
4874.240	15.0413	0.0403
4876.620	15.5474	0.0469
4879.000	15.9228	0.0493
4881.380	15.9297	0.0507
4883.760	15.5448	0.0551
4886.140	15.1769	0.0469
4888.520	14.9686	0.0526
4890.900	15.2244	0.0479
4893.280	16.0147	0.0499
4895.660	16.6453	0.0552
4898.040	16.6691	0.0605
4900.420	16.4798	0.0512
4902.800	16.4025	0.0516
4905.180	16.3738	0.0536
4907.560	16.0965	0.0527
4909.940	15.7974	0.0492
4912.320	15.9189	0.0491
4914.700	15.9678	0.0511
4917.080	15.2460	0.0663
4919.460	14.5810	0.0754
4921.840	14.8699	0.0667
4924.220	15.5516	0.0457
4926.600	16.1438	0.0484
4928.980	16.4018	0.0483
4931.360	16.1925	0.0424
4933.740	15.8531	0.0491
4936.120	15.5753	0.0609
4938.500	15.6994	0.0530
4940.880	16.1080	0.0556
4943.260	16.5156	0.0520
4945.640	16.6205	0.0440
4948.020	16.7065	0.0484
4950.400	16.6655	0.0579
4952.780	16.3158	0.0526
4955.160	15.7442	0.0514
4957.540	15.5542	0.0509
4959.920	16.1585	0.0474
4962.300	16.5887	0.0503
4964.680	16.3685	0.0500
4967.060	16.0869	0.0470
4969.440	16.1459	0.0489
4971.820	16.4059	0.0497
4974.200	16.5545	0.0530
4976.580	16.2938	0.0547
4978.960	15.6846	0.0592
4981.340	15.0501	0.0544
4983.720	14.9007	0.0500
4986.100	15.4146	0.0504
4988.480	15.9419	0.0539
4990.860	16.0302	0.0473
4993.240	16.0262	0.0489
4995.620	16.0274	0.0493
4998.000	15.7727	0.0499
5000.380	15.3713	0.0483
5002.760	15.0913	0.0509
5005.140	14.9815	0.0521
5007.520	15.0919	0.0511
5009.900	15.2188	0.0568
5012.280	14.8996	0.0540
5014.660	14.6713	0.0509
5017.040	14.7923	0.0447
5019.420	15.0164	0.0461
5021.800	15.2587	0.0494
5024.180	15.4117	0.0542
5026.560	15.4818	0.0498
5028.940	15.7054	0.0488
5031.320	15.9567	0.0548
5033.700	15.8844	0.0582
5036.080	15.3425	0.0590
5038.460	14.8242	0.0546
5040.840	14.7739	0.0532
5043.220	15.3820	0.0523
5045.600	15.8907	0.0567
5047.980	15.7894	0.0560
5050.360	15.6217	0.0483
5052.740	15.8640	0.0499
5055.120	16.2345	0.0547
5057.500	16.4056	0.0565
5059.880	16.4230	0.0564
5062.260	16.1861	0.0497
5064.640	15.8603	0.0478
5067.020	15.6890	0.0575
5069.400	15.7144	0.0546
5071.780	15.6878	0.0535
5074.160	15.6202	0.0557
5076.540	15.4192	0.0524
5078.920	15.1473	0.0526
5081.300	15.1112	0.0477
5083.680	15.4887	0.0497
5086.060	15.8950	0.0514
5088.440	16.0880	0.0552
5090.820	16.1593	0.0554
5093.200	16.0779	0.0554
5095.580	15.7176	0.0554
5097.960	15.3558	0.0598
5098.200	15.6386	0.0480
5100.340	15.4884	0.0570
5101.130	15.5302	0.0620
5102.720	15.7349	0.0554
5104.060	15.6064	0.0566
5105.100	15.6802	0.0503
5106.990	15.6204	0.0437
5107.480	15.5297	0.0454
5109.860	15.6035	0.0474
5109.920	15.6280	0.0471
5112.240	15.9174	0.0427
5112.850	15.8872	0.0479
5114.620	16.1683	0.0546
5115.780	16.0752	0.0566
5117.000	16.2294	0.0551
5118.710	16.1178	0.0592
5119.380	16.0265	0.0544
5121.640	15.8553	0.0520
5121.760	15.6124	0.0583
5124.140	15.2043	0.0497
5124.570	15.4436	0.0642
5126.520	15.1348	0.0482
5127.500	15.2874	0.0408
5128.900	15.2448	0.0419
5130.430	15.3158	0.0432
5131.280	15.3300	0.0541
5133.360	15.3220	0.0495
5133.660	15.3315	0.0532
5136.040	15.1219	0.0515
5136.290	15.2302	0.0501
5138.420	14.8356	0.0519
5139.220	14.9787	0.0507
5140.800	14.7503	0.0547
5142.150	14.9048	0.0504
5143.180	14.9022	0.0556
5145.080	15.0233	0.0525
5145.560	15.0670	0.0573
5147.940	15.0945	0.0589
5148.010	15.0721	0.0528
5150.320	15.1063	0.0513
5150.940	15.1967	0.0376
5153.870	15.2911	0.0476
5156.800	15.4678	0.0439
5159.730	15.4000	0.0479
5162.660	14.8563	0.0502
5165.590	13.7683	0.0813
5168.520	12.9153	0.0578
5171.450	12.8043	0.0389
5174.380	13.4999	0.0482
5177.310	14.3264	0.0602
5180.240	14.2128	0.0488
5183.170	13.6449	0.0640
5186.100	13.6725	0.0499
5189.030	14.2254	0.0505
5191.960	14.5751	0.0475
5194.890	14.7364	0.0440
5197.820	15.0593	0.0448
5200.750	15.2249	0.0501
5203.680	15.0993	0.0431
5206.610	14.9303	0.0513
5209.540	15.0631	0.0468
5212.470	15.2870	0.0579
5215.400	15.2877	0.0469
5218.330	15.3340	0.0440
5221.260	15.3675	0.0434
5224.190	15.0249	0.0427
5227.120	14.6858	0.0502
5230.050	14.7372	0.0437
5232.980	14.9307	0.0431
5235.910	15.2248	0.0481
5238.840	15.6435	0.0552
5241.770	15.7971	0.0504
5244.700	15.7343	0.0417
5247.630	15.6166	0.0416
5250.560	15.4800	0.0467
5253.490	15.4961	0.0454
5256.420	15.5922	0.0417
5259.350	15.3771	0.0387
5262.280	14.6287	0.0493
5265.210	13.9455	0.0441
5268.140	13.6804	0.0363
5271.070	13.9278	0.0450
5274.000	14.5042	0.0478
5276.930	15.0130	0.0463
5279.860	15.1962	0.0347
5282.790	15.2752	0.0373
5285.720	15.5984	0.0449
5288.650	15.9881	0.0432
5291.580	16.0377	0.0439
5294.510	15.7507	0.0435
5297.440	15.4599	0.0429
5300.370	15.4507	0.0421
5303.300	15.7439	0.0468
5306.230	16.0296	0.0412
5309.160	16.1527	0.0427
5312.090	16.0911	0.0382
5315.020	15.9131	0.0429
5317.950	15.7327	0.0477
5320.880	15.4859	0.0469
5323.810	15.0498	0.0481
5326.740	14.6195	0.0504
5329.670	14.7895	0.0479
5332.600	15.2641	0.0476
5335.530	15.4956	0.0423
5338.460	15.4059	0.0462
5341.390	15.3115	0.0451
5344.320	15.4123	0.0443
5347.250	15.5081	0.0432
5350.180	15.6752	0.0416
5353.110	15.8414	0.0509
5356.040	16.0622	0.0476
5358.970	16.0440	0.0409
5361.900	15.7187	0.0494
5364.830	15.3710	0.0462
5367.760	15.0598	0.0375
5370.690	14.9550	0.0416
5373.620	15.3207	0.0477
5376.550	15.6680	0.0515
5379.480	15.6303	0.0381
5382.410	15.5346	0.0430
5385.340	15.5229	0.0388
5388.270	15.4188	0.0371
5391.200	15.1686	0.0416
5394.130	14.9531	0.0388
5397.060	14.8644	0.0386
5399.990	14.7677	0.0407
5402.920	14.5975	0.0453
5405.850	14.5105	0.0473
5408.780	14.6466	0.0452
5411.710	14.9419	0.0451
5414.640	15.2199	0.0467
5417.570	15.3770	0.0387
5420.500	15.3215	0.0399
5423.430	15.2261	0.0367
5426.360	15.2029	0.0447
5429.290	15.1038	0.0371
5432.220	15.0829	0.0365
5435.150	15.2398	0.0414
5438.080	15.4655	0.0424
5441.010	15.5897	0.0435
5443.940	15.3653	0.0462
5446.870	15.2702	0.0364
5449.800	15.3381	0.0383
5452.730	15.3573	0.0332
5455.660	15.2855	0.0286
5458.590	15.3035	0.0310
5461.520	15.2730	0.0303
5464.450	15.2282	0.0292
5467.380	15.2927	0.0334
5470.310	15.2879	0.0366
5473.240	15.0660	0.0367
5476.170	14.8525	0.0387
5479.100	14.8425	0.0377
5482.030	15.0172	0.0359
5484.960	15.1686	0.0329
5487.890	15.2475	0.0298
5490.820	15.2867	0.0359
5493.750	15.2931	0.0365
5496.680	15.2929	0.0364
5499.610	15.2650	0.0328
5502.540	15.1565	0.0326
5505.470	15.0988	0.0356
5508.400	15.0318	0.0407
5511.330	15.0003	0.0442
5514.260	15.0974	0.0389
5517.190	15.2830	0.0367
5520.120	15.3846	0.0377
5523.050	15.2666	0.0388
5525.980	15.0312	0.0340
5528.910	14.9040	0.0375
5531.840	14.9901	0.0451
5534.770	15.1301	0.0448
5537.700	15.2072	0.0448
5540.630	15.2582	0.0394
5543.560	15.2700	0.0343
5546.490	15.3304	0.0371
5549.420	15.3801	0.0377
5552.350	15.3429	0.0377
5555.280	15.2219	0.0397
5558.210	15.1303	0.0411
5561.140	15.0123	0.0424
5564.070	14.8690	0.0419
5567.000	14.8202	0.0347
5569.930	14.7735	0.0344
5572.860	14.7966	0.0386
5575.790	14.9102	0.0481
5578.720	14.9578	0.0446
5581.650	14.8304	0.0409
5584.580	14.5299	0.0431
5587.510	14.2822	0.0433
5590.440	14.2950	0.0411
5593.370	14.4352	0.0381
5596.300	14.5045	0.0391
5599.230	14.5047	0.0377
5602.160	14.6317	0.0355
5605.090	14.9655	0.0400
5608.020	15.1746	0.0447
5610.950	15.0389	0.0410
5613.880	14.7378	0.0366
5616.810	14.6356	0.0397
5619.740	14.7746	0.0367
5622.670	14.8604	0.0354
5625.600	14.9355	0.0388
5628.530	15.0301	0.0444
5631.460	15.0489	0.0421
5634.390	14.9331	0.0406
5637.320	14.7952	0.0432
5640.250	14.7381	0.0489
5643.180	14.8116	0.0404
5646.110	14.8995	0.0401
5649.040	14.8909	0.0417
5651.970	14.7530	0.0367
5654.900	14.5463	0.0349
5657.830	14.4131	0.0403
5660.760	14.4663	0.0377
5663.690	14.6904	0.0358
5666.620	14.8379	0.0361
5669.550	14.9710	0.0379
5672.480	15.0511	0.0411
5675.410	15.0198	0.0456
5678.340	14.8996	0.0462
5681.270	14.7228	0.0468
5684.200	14.6013	0.0395
5687.130	14.6498	0.0401
5690.060	14.7953	0.0369
5692.990	14.9094	0.0397
5695.920	14.9082	0.0384
5698.850	14.7797	0.0384
5701.780	14.6118	0.0364
5704.710	14.4136	0.0392
5707.640	14.2193	0.0481
5710.570	14.2839	0.0446
5713.500	14.5314	0.0438
5716.430	14.8440	0.0440
5719.360	15.0681	0.0430
5722.290	15.1653	0.0385
5725.220	15.2167	0.0385
5728.150	15.1943	0.0358
5731.080	15.1465	0.0372
5734.010	15.1758	0.0324
5736.940	15.1919	0.0346
5739.870	15.1570	0.0324
5742.800	15.0866	0.0381
5745.730	14.9981	0.0365
5748.660	14.8696	0.0399
5751.590	14.7485	0.0376
5754.520	14.7167	0.0426
5757.450	14.7526	0.0427
5760.380	14.7760	0.0422
5763.310	14.8581	0.0378
5766.240	14.9676	0.0406
5769.170	14.9778	0.0392
5772.100	14.9266	0.0350
5775.030	14.8643	0.0340
5777.960	14.7104	0.0322
5780.890	14.5238	0.0353
5783.820	14.4639	0.0387
5786.750	14.5703	0.0385
5789.680	14.6891	0.0406
5792.610	14.7518	0.0377
5795.540	14.7870	0.0386
5798.470	14.8254	0.0388
5801.400	14.8404	0.0423
5804.330	14.7567	0.0435
5807.260	14.7399	0.0464
5810.190	14.7852	0.0429
5813.120	14.8148	0.0391
5816.050	14.8250	0.0387
5818.980	14.9267	0.0356
5821.910	15.0159	0.0364
5824.840	15.0122	0.0371
5827.770	14.9617	0.0401
5830.700	14.9197	0.0409
5833.630	14.9129	0.0357
5836.560	14.9124	0.0364
5839.490	14.8714	0.0407
5842.420	14.8771	0.0363
5845.350	14.8173	0.0373
5848.280	14.6935	0.0371
5851.210	14.5432	0.0417
5854.140	14.3623	0.0459
5857.070	14.2597	0.0460
5860.000	14.2940	0.0435
5862.930	14.4559	0.0421
5865.860	14.6121	0.0437
5868.790	14.7428	0.0494
5871.720	14.8662	0.0931
5874.650	14.9460	0.1043
5877.580	14.7991	0.0672
5880.510	14.5646	0.0338
5883.440	14.2469	0.0314
5886.370	13.6597	0.0472
5889.300	13.1269	0.0635
5892.230	13.0322	0.0571
5895.160	13.2865	0.0469
5898.090	13.7645	0.0379
5901.020	14.1965	0.0417
5903.950	14.4194	0.0429
5906.880	14.4584	0.0419
5909.810	14.4410	0.0401
5912.740	14.3934	0.0376
5915.670	14.4192	0.0357
5918.600	14.5105	0.0382
5921.530	14.5445	0.0446
5924.460	14.5152	0.0456
5927.390	14.4253	0.0452
5930.320	14.3827	0.0424
5933.250	14.4474	0.0391
5936.180	14.5260	0.0359
5939.110	14.5456	0.0334
5942.040	14.4945	0.0438
5944.970	14.4103	0.0454
5947.900	14.3127	0.0417
5950.830	14.3107	0.0404
5953.760	14.3419	0.0393
5956.690	14.3639	0.0406
5959.620	14.4504	0.0350
5962.550	14.4985	0.0347
5965.480	14.5015	0.0362
5968.410	14.5026	0.0409
5971.340	14.4298	0.0452
5974.270	14.3436	0.0448
5977.200	14.2836	0.0452
5980.130	14.2371	0.0414
5983.060	14.1418	0.0417
5985.990	14.1395	0.0434
5988.920	14.2253	0.0394
5991.850	14.2794	0.0416
5994.780	14.2677	0.0412
5997.710	14.2059	0.0437
6000.640	14.1339	0.0492
6003.570	14.0727	0.0488
6006.500	14.0280	0.0474
6009.430	14.0029	0.0458
6012.360	13.9915	0.0392
6015.290	13.9484	0.0370
6018.220	13.8790	0.0382
6021.150	13.8751	0.0366
6024.080	13.9651	0.0405
6027.010	14.1227	0.0355
6029.940	14.2464	0.0387
6032.870	14.3150	0.0388
6035.800	14.3145	0.0414
6038.730	14.3105	0.0323
6041.660	14.2782	0.0353
6044.590	14.2738	0.0398
6047.520	14.2864	0.0410
6050.450	14.2412	0.0423
6053.380	14.1348	0.0450
6056.310	14.1050	0.0449
6059.240	14.1127	0.0435
6062.170	14.1235	0.0425
6065.100	14.1208	0.0384
6068.030	14.1880	0.0362
6070.960	14.2136	0.0369
6073.890	14.1461	0.0343
6076.820	14.0299	0.0381
6079.750	13.9294	0.0366
6082.680	13.8952	0.0371
6085.610	13.8570	0.0427
6088.540	13.8599	0.0359
6091.470	13.8604	0.0399
6094.400	13.8617	0.0393
6097.330	13.8113	0.0366
6100.260	13.6762	0.0382
6103.190	13.6662	0.0363
6106.120	13.7755	0.0339
6109.050	13.8440	0.0369
6111.980	13.8761	0.0386
6114.910	13.8386	0.0384
6117.840	13.7486	0.0395
6120.770	13.6314	0.0369
6123.700	13.6181	0.0363
6126.630	13.6849	0.0392
6129.560	13.7026	0.0389
6132.490	13.6011	0.0350
6135.420	13.4323	0.0364
6138.350	13.3720	0.0397
6141.280	13.5326	0.0364
6144.210	13.6472	0.0349
6147.140	13.6754	0.0371
6150.070	13.6236	0.0341
6153.000	13.5499	0.0322
6155.930	13.3812	0.0335
6158.860	13.1377	0.0420
6161.790	12.9714	0.0471
6164.720	13.0115	0.0454
6167.650	13.1567	0.0428
6170.580	13.2959	0.0348
6173.510	13.4377	0.0355
6176.440	13.5327	0.0340
6179.370	13.6055	0.0344
6182.300	13.6437	0.0335
6185.230	13.5832	0.0325
6188.160	13.4856	0.0363
6191.090	13.4763	0.0411
6194.020	13.5575	0.0388
6196.950	13.6580	0.0391
6199.880	13.7161	0.0365
6202.810	13.7697	0.0334
6205.740	13.7854	0.0339
6208.670	13.6934	0.0348
6211.600	13.5400	0.0356
6214.530	13.4103	0.0375
6217.460	13.3862	0.0394
6220.390	13.4325	0.0354
6223.320	13.4655	0.0349
6226.250	13.3886	0.0374
6229.180	13.2625	0.0396
6232.110	13.2810	0.0364
6235.040	13.3226	0.0342
6237.970	13.2804	0.0411
6240.900	13.1926	0.0391
6243.830	13.1191	0.0368
6246.760	13.1190	0.0360
6249.690	13.1152	0.0368
6252.620	13.0382	0.0351
6255.550	13.0283	0.0348
6258.480	13.1820	0.0322
6261.410	13.3181	0.0349
6264.340	13.3926	0.0404
6267.270	13.4363	0.0367
6270.200	13.4526	0.0408
6273.130	13.4761	0.0375
6276.060	13.4584	0.0350
6278.990	13.4260	0.0364
6281.920	13.4606	0.0395
6284.850	13.5105	0.0448
6287.780	13.5491	0.0389
6290.710	13.5066	0.0344
6293.640	13.4177	0.0333
6296.570	13.3076	0.0348
6299.500	13.2096	0.0351
6302.430	13.2207	0.0349
6305.360	13.3206	0.0386
6308.290	13.3364	0.0435
6311.220	13.1992	0.0408
6314.150	13.0172	0.0467
6317.080	12.8979	0.0406
6320.010	12.9828	0.0366
6322.940	13.1337	0.0396
6325.870	13.1659	0.0416
6328.800	13.1535	0.0399
6331.730	13.0556	0.0306
6334.660	12.9222	0.0319
6337.590	12.9180	0.0309
6340.520	13.0054	0.0302
6343.450	13.0815	0.0297
6346.380	13.1641	0.0255
6349.310	13.2320	0.0289
6352.240	13.2212	0.0299
6355.170	13.1156	0.0324
6358.100	13.0038	0.0323
6361.030	12.9409	0.0301
6363.960	12.9948	0.0326
6366.890	13.1079	0.0342
6369.820	13.1755	0.0385
6372.750	13.2292	0.0384
6375.680	13.2427	0.0379
6378.610	13.2155	0.0370
6381.540	13.2155	0.0343
6384.470	13.2293	0.0328
6387.400	13.2429	0.0401
6390.330	13.1261	0.0334
6393.260	13.0242	0.0322
6396.190	12.9410	0.0349
6399.120	12.9002	0.0320
6402.050	12.9155	0.0330
6404.980	12.8980	0.0348
6407.910	12.8165	0.0396
6410.840	12.7831	0.0382
6413.770	12.8126	0.0351
6416.700	12.8366	0.0340
6419.630	12.8572	0.0325
6422.560	12.9627	0.0280
6425.490	13.0512	0.0345
6428.420	13.0062	0.0355
6431.350	12.9390	0.0326
6434.280	12.9116	0.0349
6437.210	12.8730	0.0404
6440.140	12.9077	0.0442
6443.070	12.9759	0.0390
6446.000	12.9354	0.0375
6448.930	12.8154	0.0377
6451.860	12.7904	0.0384
6454.790	12.8097	0.0354
6457.720	12.7957	0.0402
6460.650	12.7734	0.0382
6463.580	12.8027	0.0336
6466.510	12.8765	0.0331
6469.440	12.8773	0.0343
6472.370	12.8852	0.0349
6475.300	12.9142	0.0341
6478.230	12.9324	0.0333
6481.160	12.9090	0.0352
6484.090	12.9349	0.0351
6487.020	12.8860	0.0358
6489.950	12.6522	0.0341
6492.880	12.3328	0.0392
6495.810	12.2650	0.0428
6498.740	12.4899	0.0374
6501.670	12.7489	0.0376
6504.600	12.9071	0.0418
6507.530	12.9648	0.0402
6510.460	12.9639	0.0404
6513.390	12.8681	0.0382
6516.320	12.7792	0.0407
6519.250	12.7537	0.0415
6522.180	12.7744	0.0427
6525.110	12.7748	0.0383
6528.040	12.7883	0.0376
6530.970	12.7816	0.0368
6533.900	12.7903	0.0339
6536.830	12.8267	0.0357
6539.760	12.7976	0.0368
6542.690	12.6762	0.0449
6545.620	12.5209	0.0453
6548.550	12.4111	0.0488
6551.480	12.2214	0.0589
6554.410	11.8763	0.0620
6557.340	11.2434	0.0580
6560.270	10.5280	0.0684
6563.200	10.4485	0.0744
6566.130	11.1403	0.0524
6569.060	11.7416	0.0553
6571.990	12.0296	0.0309
6574.920	12.2075	0.0284
6577.850	12.3575	0.0291
6580.780	12.4696	0.0296
6583.710	12.5191	0.0281
6586.640	12.5226	0.0314
6589.570	12.4464	0.0397
6592.500	12.3721	0.0432
6595.430	12.4580	0.0343
6598.360	12.5907	0.0338
6601.290	12.6478	0.0345
6604.220	12.6366	0.0323
6607.150	12.6070	0.0337
6610.080	12.6168	0.0346
6613.010	12.6626	0.0351
6615.940	12.7052	0.0361
6618.870	12.7265	0.0324
6621.800	12.7127	0.0317
6624.730	12.6466	0.0350
6627.660	12.5744	0.0337
6630.590	12.4591	0.0364
6633.520	12.3886	0.0378
6636.450	12.4247	0.0366
6639.380	12.4698	0.0366
6642.310	12.4730	0.0381
6645.240	12.4801	0.0403
6648.170	12.5419	0.0352
6651.100	12.5766	0.0333
6654.030	12.5745	0.0364
6656.960	12.5477	0.0319
6659.890	12.4411	0.0355
6662.820	12.3610	0.0377
6665.750	12.3682	0.0425
6668.680	12.4513	0.0336
6671.610	12.5070	0.0361
6674.540	12.5094	0.0631
6677.470	12.4902	0.0737
6680.400	12.4803	0.0521
6683.330	12.5068	0.0378
6686.260	12.5102	0.0352
6689.190	12.5011	0.0305
6692.120	12.4469	0.0299
6695.050	12.3671	0.0355
6697.980	12.3333	0.0391
6700.910	12.3322	0.0365
6703.840	12.3110	0.0357
6706.770	12.2987	0.0339
6709.700	12.2498	0.0375
6712.630	12.1751	0.0336
6715.560	12.1081	0.0330
6718.490	12.0986	0.0356
6721.420	12.1633	0.0415
6724.350	12.2047	0.0393
6727.280	12.2371	0.0380
6730.210	12.2619	0.0397
6733.140	12.2565	0.0368
6736.070	12.2539	0.0359
6739.000	12.2410	0.0320
6741.930	12.2246	0.0319
6744.860	12.2015	0.0351
6747.790	12.1750	0.0371
6750.720	12.1467	0.0363
6753.650	12.1733	0.0382
6756.580	12.2152	0.0317
6759.510	12.2327	0.0295
6762.440	12.2101	0.0305
6765.370	12.1593	0.0342
6768.300	12.1193	0.0324
6771.230	12.1312	0.0327
6774.160	12.1581	0.0364
6777.090	12.1752	0.0342
6780.020	12.1679	0.0329
6782.950	12.1309	0.0297
6785.880	12.1063	0.0281
6788.810	12.1219	0.0321
6791.740	12.1105	0.0334
6794.670	12.1050	0.0313
6797.600	12.0792	0.0305
6800.530	12.0789	0.0321
6803.460	12.0761	0.0285
6806.390	12.0542	0.0322
6809.320	12.0653	0.0311
6812.250	12.0981	0.0262
6815.180	12.0976	0.0279
6818.110	12.0809	0.0288
6821.040	12.0772	0.0297
6823.970	12.0444	0.0343
6826.900	12.0230	0.0363
6829.830	12.0008	0.0359
6832.760	11.9947	0.0343
6835.690	11.9110	0.0341
6838.620	11.7594	0.0336
6841.550	11.7167	0.0295
6844.480	11.7992	0.0309
6847.410	11.8971	0.0324
6850.340	11.8925	0.0341
6853.270	11.8147	0.0356
6856.200	11.7410	0.0357
6859.130	11.7646	0.0382
6862.060	11.8516	0.0344
6864.990	11.9053	0.0346
6867.920	11.8984	0.0362
6870.850	11.8875	0.0327
6873.780	11.8707	0.0296
6876.710	11.8389	0.0282
6879.640	11.7893	0.0314
6882.570	11.7732	0.0369
6885.500	11.8162	0.0427
6888.430	11.8817	0.0385
6891.360	11.9051	0.0346
6894.290	11.8884	0.0311
6897.220	11.8913	0.0293
6900.150	11.8830	0.0274
6903.080	11.8720	0.0294
6906.010	11.8562	0.0292
6908.940	11.8234	0.0317
6911.870	11.7573	0.0332
6914.800	11.7019	0.0307
6917.730	11.6877	0.0298
6920.660	11.7200	0.0307
6923.590	11.7332	0.0295
6926.520	11.7428	0.0282
6929.450	11.7632	0.0282
6932.380	11.7768	0.0282
6935.310	11.7989	0.0258
6938.240	11.8021	0.0284
6941.170	11.7611	0.0278
6944.100	11.7116	0.0282
6947.030	11.6870	0.0311
6949.960	11.6770	0.0324
6952.890	11.6786	0.0307
6955.820	11.7109	0.0294
6958.750	11.7197	0.0285
6961.680	11.7226	0.0295
6964.610	11.7042	0.0322
6967.540	11.6955	0.0318
6970.470	11.6597	0.0320
6973.400	11.5490	0.0302
6976.330	11.4415	0.0299
6979.260	11.4633	0.0318
6982.190	11.5749	0.0287
6985.120	11.6345	0.0299
6988.050	11.6532	0.0311
6990.980	11.6432	0.0345
6993.910	11.6146	0.0343
6996.840	11.5473	0.0323
6999.770	11.4549	0.0329
7002.700	11.3713	0.0336
7005.630	11.3627	0.0328
7008.560	11.3817	0.0320
7011.490	11.3526	0.0305
7014.420	11.3099	0.0271
7017.350	11.2941	0.0277
7020.280	11.3146	0.0289
7023.210	11.3381	0.0306
7026.140	11.3831	0.0305
7029.070	11.4281	0.0290
7032.000	11.4272	0.0253
7034.930	11.4090	0.0246
7037.860	11.4395	0.0237
7040.790	11.5028	0.0251
7043.720	11.5560	0.0291
7046.650	11.5654	0.0289
7049.580	11.5371	0.0263
7052.510	11.4734	0.0268
7055.440	11.4060	0.0293
7058.370	11.3883	0.0350
7061.300	11.4099	0.0430
7064.230	11.4257	0.0558
7067.160	11.3865	0.0440
7070.090	11.3744	0.0277
7073.020	11.4009	0.0280
7075.950	11.4411	0.0303
7078.880	11.4084	0.0277
7081.810	11.2879	0.0257
7084.740	11.1820	0.0272
7087.670	11.1726	0.0263
7090.600	11.2020	0.0253
7093.530	11.2292	0.0265
7096.460	11.2601	0.0258
7099.390	11.3113	0.0262
7102.320	11.3403	0.0292
7105.250	11.3201	0.0326
7108.180	11.2594	0.0321
7111.110	11.2077	0.0307
7114.040	11.1786	0.0274
7116.970	11.1669	0.0293
7119.900	11.1551	0.0316
7122.830	11.1524	0.0324
7125.760	11.1467	0.0299
7128.690	11.1070	0.0268
7131.620	11.1066	0.0266
7134.550	11.1590	0.0276
7137.480	11.2042	0.0264
7140.410	11.1947	0.0265
7143.340	11.1365	0.0324
7146.270	11.0573	0.0292
7149.200	11.0268	0.0306
7152.130	11.0829	0.0314
7155.060	11.1213	0.0298
7157.990	11.1083	0.0295
7160.920	11.0116	0.0292
7163.850	10.9156	0.0332
7166.780	10.9665	0.0332
7169.710	11.0819	0.0387
7172.640	11.1063	0.0393
7175.570	11.0415	0.0366
7178.500	10.9389	0.0344
7181.430	10.8581	0.0306
7184.360	10.7924	0.0297
7187.290	10.7519	0.0266
7190.220	10.7482	0.0263
7193.150	10.7849	0.0252
7196.080	10.8492	0.0259
7199.010	10.8803	0.0303
7201.940	10.8487	0.0299
7204.870	10.7919	0.0278
7207.800	10.7971	0.0267
7210.730	10.8629	0.0256
7213.660	10.9001	0.0263
7216.590	10.8774	0.0266
7219.520	10.8596	0.0301
7222.450	10.8458	0.0422
7225.380	10.8746	0.0396
7228.310	10.9306	0.0316
7231.240	10.9621	0.0290
7234.170	10.9766	0.0276
7237.100	10.9681	0.0273
7240.030	10.9508	0.0286
7242.960	10.9432	0.0312
7245.890	10.9406	0.0340
7248.820	10.9221	0.0318
7251.750	10.9052	0.0315
7254.680	10.8985	0.0295
7257.610	10.8991	0.0268
7260.540	10.8694	0.0242
7263.470	10.8718	0.0277
7266.400	10.9014	0.0274
7269.330	10.8967	0.0322
7272.260	10.8799	0.0323
7275.190	10.8522	0.0314
7278.120	10.8230	0.0348
7281.050	10.7524	0.0374
7283.980	10.6502	0.0307
7286.910	10.5431	0.0318
7289.840	10.4978	0.0332
7292.770	10.5773	0.0313
7295.700	10.7237	0.0306
7298.630	10.8039	0.0315
7301.560	10.7994	0.0304
7304.490	10.7533	0.0301
7307.420	10.6902	0.0289
7310.350	10.6990	0.0278
7313.280	10.7577	0.0289
7316.210	10.7825	0.0294
7319.140	10.7686	0.0261
7322.070	10.7157	0.0264
7325.000	10.6585	0.0288
7327.930	10.6629	0.0290
7330.860	10.7196	0.0285
7333.790	10.7702	0.0335
7336.720	10.7960	0.0364
7339.650	10.8068	0.0321
7342.580	10.7950	0.0283
7345.510	10.7634	0.0259
7348.440	10.7105	0.0261
7351.370	10.6320	0.0321
7354.300	10.5867	0.0337
7357.230	10.5940	0.0289
7360.160	10.6008	0.0288
7363.090	10.6051	0.0291
7366.020	10.6453	0.0293
7368.950	10.6921	0.0270
7371.880	10.6997	0.0271
7374.810	10.6815	0.0255
7377.740	10.6562	0.0282
7380.670	10.5881	0.0271
7383.600	10.4289	0.0297
7386.530	10.2966	0.0292
7389.460	10.3340	0.0277
7392.390	10.4477	0.0261
7395.320	10.5134	0.0258
7398.250	10.5020	0.0258
7401.180	10.4643	0.0252
7404.110	10.4065	0.0261
7407.040	10.3262	0.0274
7409.970	10.2676	0.0305
7412.900	10.2499	0.0327
7415.830	10.2795	0.0304
7418.760	10.3166	0.0260
7421.690	10.3547	0.0288
7424.620	10.4301	0.0295
7427.550	10.5191	0.0263
7430.480	10.5608	0.0271
7433.410	10.5568	0.0271
7436.340	10.5296	0.0263
7439.270	10.4600	0.0288
7442.200	10.3843	0.0252
7445.130	10.3690	0.0281
7448.060	10.4296	0.0287
7450.990	10.4937	0.0310
7453.920	10.5159	0.0334
7456.850	10.4969	0.0303
7459.780	10.4284	0.0311
7462.710	10.4014	0.0314
7465.640	10.4511	0.0336
7468.570	10.4954	0.0314
7471.500	10.4773	0.0318
7474.430	10.4521	0.0352
7477.360	10.4271	0.0332
7480.290	10.4245	0.0328
7483.220	10.4557	0.0302
7486.150	10.4390	0.0293
7489.080	10.3590	0.0287
7492.010	10.2503	0.0314
7494.940	10.2151	0.0316
7497.870	10.2760	0.0333
7500.800	10.3480	0.0315
7503.730	10.3279	0.0303
7506.660	10.2486	0.0292
7509.590	10.2149	0.0287
7512.520	10.2582	0.0295
7515.450	10.3406	0.0254
7518.380	10.3631	0.0282
7521.310	10.3129	0.0302
7524.240	10.2738	0.0320
7527.170	10.2671	0.0302
7530.100	10.2667	0.0303
7533.030	10.3154	0.0306
7535.960	10.3750	0.0265
7538.890	10.3680	0.0287
7541.820	10.3207	0.0309
7544.750	10.2915	0.0297
7547.680	10.2774	0.0242
7550.610	10.2669	0.0265
7553.540	10.2388	0.0248
7556.470	10.2221	0.0252
7559.400	10.2313	0.0277
7562.330	10.2420	0.0305
7565.260	10.2192	0.0354
7568.190	10.1856	0.0370
7571.120	10.1837	0.0307
7574.050	10.2206	0.0266
7576.980	10.2461	0.0256
7579.910	10.1895	0.0289
7582.840	10.0892	0.0317
7585.770	10.0500	0.0372
7588.700	10.1140	0.0393
7591.630	10.1861	0.0437
7594.560	10.1950	0.0464
7597.490	10.1383	0.0458
7600.420	10.0842	0.0421
7603.350	10.0951	0.0369
7606.280	10.1031	0.0296
7609.210	10.0889	0.0297
7612.140	10.0712	0.0263
7615.070	10.0178	0.0276
7618.000	9.9560	0.0265
7620.930	9.9708	0.0300
7623.860	10.0822	0.0387
7626.790	10.1415	0.0348
7629.720	10.1333	0.0336
7632.650	10.1373	0.0288
7635.580	10.1320	0.0237
7638.510	10.1327	0.0262
7641.440	10.1244	0.0335
7644.370	10.1289	0.0290
7647.300	10.1036	0.0267
7650.230	10.0123	0.0302
7653.160	9.8706	0.0282
7656.090	9.7158	0.0313
7659.020	9.5980	0.0340
7661.950	9.5533	0.0329
7664.880	9.6214	0.0298
7667.810	9.8020	0.0234
7670.740	9.9528	0.0243
7673.670	10.0104	0.0276
7676.600	9.9885	0.0291
7679.530	9.9595	0.0308
7682.460	9.9560	0.0287
7685.390	9.9167	0.0327
7688.320	9.8287	0.0319
7691.250	9.7742	0.0306
7694.180	9.7639	0.0275
7697.110	9.7746	0.0264
7700.040	9.8386	0.0270
7702.970	9.9095	0.0265
7705.900	9.8904	0.0263
7708.830	9.7973	0.0268
7711.760	9.7078	0.0290
7714.690	9.7111	0.0283
7717.620	9.7902	0.0250
7720.550	9.8245	0.0304
7723.480	9.8215	0.0326
7726.410	9.8419	0.0293
7729.340	9.8712	0.0314
7732.270	9.8886	0.0318
7735.200	9.8924	0.0268
7738.130	9.8616	0.0278
7741.060	9.7673	0.0242
7743.990	9.6559	0.0281
7746.920	9.6123	0.0253
7749.850	9.6618	0.0232
7752.780	9.7644	0.0246
7755.710	9.8267	0.0275
7758.640	9.8380	0.0244
7761.570	9.8293	0.0272
7764.500	9.8309	0.0265
7767.430	9.8175	0.0237
7770.360	9.7252	0.0287
7773.290	9.6594	0.0313
7776.220	9.6661	0.0281
7779.150	9.6711	0.0290
7782.080	9.7029	0.0254
7785.010	9.7251	0.0274
7787.940	9.7199	0.0262
7790.870	9.7272	0.0241
7793.800	9.7111	0.0241
7796.730	9.6670	0.0245
7799.660	9.6678	0.0253
7802.590	9.6947	0.0291
7805.520	9.6790	0.0333
7808.450	9.6349	0.0301
7811.380	9.6497	0.0273
7814.310	9.7391	0.0256
7817.240	9.7791	0.0269
7820.170	9.7907	0.0268
7823.100	9.7741	0.0261
7826.030	9.7250	0.0269
7828.960	9.6090	0.0290
7831.890	9.4922	0.0319
7834.820	9.4904	0.0285
7837.750	9.5735	0.0275
7840.680	9.6363	0.0260
7843.610	9.6281	0.0253
7846.540	9.5946	0.0293
7849.470	9.5934	0.0320
7852.400	9.6145	0.0301
7855.330	9.6473	0.0323
7858.260	9.6616	0.0282
7861.190	9.6672	0.0271
7864.120	9.6814	0.0281
7867.050	9.6487	0.0293
7869.980	9.5956	0.0319
7872.910	9.5690	0.0294
7875.840	9.5462	0.0291
7878.770	9.5449	0.0276
7881.700	9.5401	0.0272
7884.630	9.5634	0.0296
7887.560	9.5933	0.0291
7890.490	9.6091	0.0251
7893.420	9.6225	0.0245
7896.350	9.6347	0.0268
7899.280	9.6385	0.0320
7902.210	9.6165	0.0310
7905.140	9.5647	0.0315
7908.070	9.5013	0.0316
7911.000	9.4310	0.0339
7913.930	9.3761	0.0318
7916.860	9.3434	0.0303
7919.790	9.3696	0.0270
7922.720	9.3823	0.0325
7925.650	9.3458	0.0283
7928.580	9.2590	0.0260
7931.510	9.1771	0.0272
7934.440	9.1530	0.0275
7937.370	9.1782	0.0258
7940.300	9.1791	0.0237
7943.230	9.1509	0.0222
7946.160	9.2103	0.0234
7949.090	9.3283	0.0245
7952.020	9.3975	0.0249
7954.950	9.4029	0.0257
7957.880	9.3935	0.0289
7960.810	9.4030	0.0315
7963.740	9.4124	0.0327
7966.670	9.4099	0.0299
7969.600	9.3822	0.0286
7972.530	9.4044	0.0307
7975.460	9.4258	0.0289
7978.390	9.4451	0.0297
7981.320	9.4395	0.0277
7984.250	9.4197	0.0279
7987.180	9.3846	0.0308
7990.110	9.3523	0.0316
7993.040	9.3078	0.0281
7995.970	9.2180	0.0276
7998.900	9.1873	0.0261
8001.830	9.2312	0.0252
8004.760	9.2924	0.0215
8007.690	9.3256	0.0193
8010.620	9.3587	0.0191
8013.550	9.3887	0.0217
8016.480	9.4164	0.0272
8019.410	9.4070	0.0290
8022.340	9.3139	0.0286
8025.270	9.2527	0.0266
8028.200	9.2456	0.0305
8031.130	9.2775	0.0271
8034.060	9.2822	0.0251
8036.990	9.2608	0.0256
8039.920	9.2221	0.0264
8042.850	9.1183	0.0252
8045.780	9.0210	0.0253
8048.710	9.0260	0.0272
8051.640	9.0949	0.0277
8054.570	9.1317	0.0333
8057.500	9.1693	0.0285
8060.430	9.2179	0.0250
8063.360	9.2503	0.0256
8066.290	9.2347	0.0224
8069.220	9.1943	0.0278
8072.150	9.1762	0.0266
8075.080	9.1829	0.0270
8078.010	9.1686	0.0302
8080.940	9.0936	0.0317
8083.870	9.0648	0.0283
8086.800	9.0587	0.0252
8089.730	9.0260	0.0256
8092.660	8.9819	0.0254
8095.590	8.9482	0.0258
8098.520	8.9697	0.0254
8101.450	9.0384	0.0275
8104.380	9.0989	0.0277
8107.310	9.1199	0.0296
8110.240	9.1224	0.0266
8113.170	9.1304	0.0289
8116.100	9.1366	0.0324
8119.030	9.1453	0.0298
8121.960	9.1655	0.0287
8124.890	9.1736	0.0252
8127.820	9.1710	0.0230
8130.750	9.1579	0.0246
8133.680	9.1242	0.0225
8136.610	9.1015	0.0256
8139.540	9.0665	0.0261
8142.470	9.0550	0.0270
8145.400	9.0452	0.0224
8148.330	9.0365	0.0221
8151.260	9.0435	0.0232
8154.190	9.0528	0.0245
8157.120	9.0683	0.0286
8160.050	9.0537	0.0281
8162.980	9.0413	0.0296
8165.910	9.0301	0.0316
8168.840	8.9780	0.0371
8171.770	8.9697	0.0352
8174.700	8.9719	0.0319
8177.630	8.9080	0.0306
8180.560	8.7398	0.0333
8183.490	8.6690	0.0347
8186.420	8.7358	0.0304
8189.350	8.7688	0.0290
8192.280	8.6614	0.0275
8195.210	8.5807	0.0286
8198.140	8.6716	0.0232
8201.070	8.7832	0.0225
8204.000	8.8193	0.0245
8206.930	8.7849	0.0264
8209.860	8.7292	0.0236
8212.790	8.7054	0.0225
8215.720	8.7042	0.0197
8218.650	8.6955	0.0237
8221.580	8.7414	0.0282
8224.510	8.8432	0.0323
8227.440	8.8604	0.0388
8230.370	8.8172	0.0469
8233.300	8.8222	0.0403
8236.230	8.8478	0.0331
8239.160	8.8525	0.0281
8242.090	8.8436	0.0202
8245.020	8.8197	0.0200
8247.950	8.7673	0.0229
8250.880	8.7739	0.0224
8253.810	8.7992	0.0246
8256.740	8.8039	0.0293
8259.670	8.8066	0.0259
8262.600	8.8036	0.0249
8265.530	8.7734	0.0247
8268.460	8.7514	0.0245
8271.390	8.7571	0.0221
8274.320	8.7781	0.0201
8277.250	8.7951	0.0191
8280.180	8.8024	0.0235
8283.110	8.7907	0.0219
8286.040	8.7625	0.0225
8288.970	8.7109	0.0246
8291.900	8.6683	0.0268
8294.830	8.6589	0.0264
8297.760	8.6780	0.0272
8300.690	8.6756	0.0231
8303.620	8.6396	0.0195
8306.550	8.5928	0.0233
8309.480	8.6082	0.0270
8312.410	8.6527	0.0266
8315.340	8.7087	0.0294
8318.270	8.7049	0.0289
8321.200	8.6624	0.0276
8324.130	8.5611	0.0257
8327.060	8.4599	0.0303
8329.990	8.4034	0.0311
8332.920	8.3869	0.0302
8335.850	8.3827	0.0298
8338.780	8.4156	0.0293
8341.710	8.4427	0.0295
8344.640	8.4352	0.0281
8347.570	8.4893	0.0231
8350.500	8.5646	0.0268
8353.430	8.5620	0.0282
8356.360	8.5423	0.0245
8359.290	8.5250	0.0244
8362.220	8.5058	0.0300
8365.150	8.5311	0.0301
8368.080	8.5729	0.0246
8371.010	8.5954	0.0213
8373.940	8.5889	0.0206
8376.870	8.5628	0.0273
8379.800	8.5467	0.0313
8382.730	8.4973	0.0327
8385.660	8.4587	0.0266
8388.590	8.4653	0.0233
8391.520	8.5261	0.0231
8394.450	8.5373	0.0272
8397.380	8.5549	0.0290
8400.310	8.5480	0.0251
8403.240	8.5535	0.0195
8406.170	8.5717	0.0182
8409.100	8.5354	0.0220
8412.030	8.4791	0.0276
8414.960	8.4607	0.0317
8417.890	8.4805	0.0228
8420.820	8.4676	0.0193
8423.750	8.4367	0.0204
8426.680	8.4257	0.0267
8429.610	8.4521	0.0345
8432.540	8.3802	0.0276
8435.470	8.3068	0.0279
8438.400	8.3138	0.0270
8441.330	8.3414	0.0241
8444.260	8.3180	0.0218
8447.190	8.3407	0.0229
8450.120	8.3943	0.0358
8453.050	8.4261	0.0262
8455.980	8.4351	0.0235
8458.910	8.4355	0.0308
8461.840	8.4231	0.0311
8464.770	8.3460	0.0311
8467.700	8.2903	0.0293
8470.630	8.3313	0.0247
8473.560	8.3887	0.0251
8476.490	8.4139	0.0273
8479.420	8.3993	0.0273
8482.350	8.4111	0.0267
8485.280	8.4023	0.0332
8488.210	8.3421	0.0323
8491.140	8.1437	0.0302
8494.070	7.7075	0.0376
8497.000	7.3240	0.0492
8499.930	7.5128	0.0374
8502.860	7.9502	0.0300
8505.790	8.1793	0.0319
8508.720	8.1777	0.0297
8511.650	8.0834	0.0261
8514.580	8.0328	0.0301
8517.510	8.1006	0.0279
8520.440	8.1500	0.0261
8523.370	8.1193	0.0259
8526.300	8.0979	0.0296
8529.230	8.0499	0.0353
8532.160	7.8925	0.0306
8535.090	7.4424	0.0280
8538.020	6.6891	0.0526
8540.950	6.1620	0.0612
8543.880	6.5989	0.0473
8546.810	7.3726	0.0295
8549.740	7.8391	0.0367
8552.670	7.9629	0.0315
8555.600	7.9924	0.0246
8558.530	8.0459	0.0232
8561.460	8.1554	0.0243
8564.390	8.2355	0.0256
8567.320	8.2631	0.0249
8570.250	8.2525	0.0254
8573.180	8.2460	0.0274
8576.110	8.2196	0.0287
8579.040	8.1719	0.0304
8581.970	8.1147	0.0339
8584.900	8.1011	0.0318
8587.830	8.1178	0.0308
8590.760	8.1078	0.0230
8593.690	8.0561	0.0221
8596.620	8.0212	0.0220
8599.550	8.0262	0.0278
8602.480	8.0599	0.0262
8605.410	8.0704	0.0203
8608.340	8.0379	0.0171
8611.270	8.0366	0.0178
8614.200	8.0887	0.0220
8617.130	8.1296	0.0196
8620.060	8.1021	0.0272
8622.990	8.0780	0.0383
8625.920	8.1114	0.0325
8628.850	8.1352	0.0282
8631.780	8.1393	0.0253
8634.710	8.1080	0.0315
8637.640	8.1005	0.0335
8640.570	8.0739	0.0321
8643.500	7.9976	0.0284
8646.430	7.8940	0.0267
8649.360	7.8232	0.0286
8652.290	7.7585	0.0285
8655.220	7.4901	0.0180
8658.150	6.8196	0.0493
8661.080	6.3238	0.0559
8664.010	6.6967	0.0449
8666.940	7.3228	0.0311
8669.870	7.6389	0.0298
8672.800	7.7299	0.0271
8675.730	7.7834	0.0271
8678.660	7.8276	0.0270
8681.590	7.8482	0.0254
8684.520	7.7907	0.0237
8687.450	7.7436	0.0245
8690.380	7.8227	0.0246
8693.310	7.9577	0.0236
8696.240	7.9826	0.0226
8699.170	7.9671	0.0238
8702.100	7.9802	0.0249
8705.030	7.9715	0.0261
8707.960	7.8914	0.0247
8710.890	7.8346	0.0241
8713.820	7.8643	0.0238
8716.750	7.9053	0.0208
8719.680	7.9254	0.0220
8722.610	7.9354	0.0252
8725.540	7.8699	0.0205
8728.470	7.8363	0.0175
8731.400	7.8391	0.0174
8734.330	7.7954	0.0199
8737.260	7.7854	0.0222
8740.190	7.7944	0.0209
8743.120	7.8046	0.0210
8746.050	7.7985	0.0210
8748.980	7.7340	0.0205
8751.910	7.6973	0.0238
8754.840	7.7439	0.0215
8757.770	7.8180	0.0217
8760.700	7.8434	0.0236
8763.630	7.8615	0.0247
8766.560	7.8889	0.0271
8769.490	7.8196	0.0287
8772.420	7.7333	0.0281
8775.350	7.7814	0.0281
8778.280	7.8342	0.0258
8781.210	7.8232	0.0289
8784.140	7.7984	0.0296
8787.070	7.7586	0.0295
8790.000	7.7053	0.0239
8792.930	7.7027	0.0207
8795.860	7.7580	0.0192
8798.790	7.7605	0.0203
8801.720	7.6287	0.0248
8804.650	7.4168	0.0307
8807.580	7.4766	0.0282
8810.510	7.7293	0.0295
8813.440	7.8645	0.0316
8816.370	7.8420	0.0302
8819.300	7.7501	0.0281
8822.230	7.6512	0.0275
8825.160	7.6875	0.0292
8828.090	7.7673	0.0243
8831.020	7.7891	0.0241
8833.950	7.7756	0.0245
8836.880	7.7735	0.0227
8839.810	7.7924	0.0187
8842.740	7.7957	0.0201
8845.670	7.7485	0.0247
8848.600	7.7204	0.0320
8851.530	7.7343	0.0309
8854.460	7.7068	0.0281
8857.390	7.6300	0.0251
8860.320	7.5452	0.0198
8863.250	7.4624	0.0234
8866.180	7.4733	0.0265
8869.110	7.5500	0.0247
8872.040	7.6147	0.0214
8874.970	7.6144	0.0215
8877.900	7.6594	0.0146
8880.830	7.7006	0.0197
8883.760	7.7457	0.0250
8886.690	7.7553	0.0215
8889.620	7.6951	0.0152
8892.550	7.6577	0.0203
8895.480	7.6445	0.0278
8898.410	7.6425	0.0289
8901.340	7.6301	0.0284
8904.270	7.6280	0.0258
8907.200	7.6181	0.0252
8910.130	7.6162	0.0205
8913.060	7.6562	0.0252
8915.990	7.6739	0.0234
8918.920	7.6476	0.0212
8921.850	7.5741	0.0259
8924.780	7.4959	0.0286
8927.710	7.5046	0.0276
8930.640	7.5776	0.0231
8933.570	7.6425	0.0218
8936.500	7.6530	0.0230
8939.430	7.5923	0.0281
8942.360	7.5068	0.0270
8945.290	7.4587	0.0237
8948.220	7.5043	0.0233
8951.150	7.6131	0.0213
8954.080	7.7033	0.0251
8957.010	7.7348	0.0252
8959.940	7.6937	0.0178
8962.870	7.6297	0.0189
8965.800	7.5762	0.0233
8968.730	7.5499	0.0255
8971.660	7.4923	0.0303
8974.590	7.4627	0.0282
8977.520	7.4906	0.0271
8980.450	7.5560	0.0232
8983.380	7.5762	0.0210
8986.310	7.5662	0.0236
8989.240	7.5646	0.0261
8992.170	7.5319	0.0248
8995.100	7.4418	0.0284
8998.030	7.3698	0.0300
9000.960	7.3937	0.0261
9003.890	7.3918	0.0217
9006.820	7.2616	0.0229
9009.750	7.1494	0.0244
9012.680	7.1253	0.0316
9015.610	7.1629	0.0323
9018.540	7.2310	0.0249
9021.470	7.2600	0.0251
9024.400	7.3321	0.0280
9027.330	7.4214	0.0288
9030.260	7.4922	0.0225
9033.190	7.5129	0.0145
9036.120	7.4991	0.0164
9039.050	7.4795	0.0164
9041.980	7.4470	0.0240
9044.910	7.4130	0.0250
9047.840	7.3849	0.0297
9050.770	7.3628	0.0293
9053.700	7.4056	0.0244
9056.630	7.3941	0.0172
9059.560	7.2981	0.0208
9062.490	7.2767	0.0233
9065.420	7.3577	0.0274
9068.350	7.4074	0.0304
9071.280	7.4357	0.0276
9074.210	7.4099	0.0242
9077.140	7.3382	0.0235
9080.070	7.3070	0.0280
9083.000	7.3157	0.0235
9085.930	7.2026	0.0229
9088.860	7.1277	0.0243
9091.790	7.1329	0.0267
9094.720	7.1668	0.0219
9097.650	7.2438	0.0215
9100.580	7.3079	0.0255
9103.510	7.3436	0.0256
9106.440	7.3223	0.0245
9109.370	7.2652	0.0274
9112.300	7.2310	0.0281
9115.230	7.2228	0.0313
9118.160	7.2538	0.0312
9121.090	7.3164	0.0255
9124.020	7.3507	0.0216
9126.950	7.3514	0.0209
9129.880	7.3385	0.0262
9132.810	7.3249	0.0299
9135.740	7.3035	0.0263
9138.670	7.2806	0.0270
9141.600	7.2806	0.0251
9144.530	7.2612	0.0251
9147.460	7.2940	0.0213
9150.390	7.3394	0.0213
9153.320	7.3268	0.0260
9156.250	7.3089	0.0257
9159.180	7.2818	0.0268
9162.110	7.2355	0.0258
9165.040	7.2022	0.0274
9167.970	7.2036	0.0260
9170.900	7.1849	0.0236
9173.830	7.1753	0.0274
9176.760	7.1969	0.0264
9179.690	7.1934	0.0268
9182.620	7.1946	0.0281
9185.550	7.2427	0.0227
9188.480	7.2501	0.0233
9191.410	7.2603	0.0230
9194.340	7.2559	0.0228
9197.270	7.2122	0.0267
9200.200	7.1830	0.0238
9203.130	7.1454	0.0287
9206.060	7.0793	0.0267
9208.990	6.9850	0.0253
9211.920	6.9092	0.0244
9214.850	6.9016	0.0247
9217.780	6.9425	0.0265
9220.710	6.9645	0.0243
9223.640	6.8886	0.0210
9226.570	6.7897	0.0236
9229.500	6.8169	0.0239
9232.430	6.9053	0.0264
9235.360	6.9570	0.0227
9238.290	6.9796	0.0201
9241.220	6.9714	0.0217
9244.150	6.9409	0.0255
9247.080	6.9306	0.0300
9250.010	6.9087	0.0304
9252.940	6.8347	0.0258
9255.870	6.8263	0.0228
9258.800	6.8962	0.0242
9261.730	6.9879	0.0260
9264.660	7.0342	0.0269
9267.590	7.0587	0.0264
9270.520	7.0577	0.0287
9273.450	7.0314	0.0292
9276.380	7.0030	0.0320
9279.310	6.9907	0.0339
9282.240	6.9998	0.0271
9285.170	7.0468	0.0239
9288.100	7.0724	0.0238
9291.030	7.1019	0.0192
9293.960	7.1216	0.0169
9296.890	7.1187	0.0215
9299.820	7.1074	0.0252
9302.750	7.0918	0.0301
9305.680	7.0716	0.0253
9308.610	7.0313	0.0251
9311.540	7.0367	0.0247
9314.470	7.0209	0.0312
9317.400	6.9988	0.0271
9320.330	6.9964	0.0313
9323.260	6.9830	0.0363
9326.190	6.9709	0.0315
9329.120	6.9818	0.0276
9332.050	6.9541	0.0312
9334.980	6.9602	0.0369
9337.910	7.0030	0.0426
9340.840	7.0249	0.0399
9343.770	7.0317	0.0374
9346.700	7.0051	0.0332
9349.630	6.9382	0.0310
9352.560	6.8681	0.0355
9355.490	6.8470	0.0339
9358.420	6.8743	0.0268
9361.350	6.8824	0.0287
9364.280	6.8939	0.0290
9367.210	6.8883	0.0314
9370.140	6.8901	0.0293
9373.070	6.9372	0.0275
9376.000	6.9319	0.0273
9378.930	6.8746	0.0313
9381.860	6.8803	0.0303
9384.790	6.9121	0.0210
9387.720	6.8861	0.0207
9390.650	6.8582	0.0249
9393.580	6.8374	0.0317
9396.510	6.8438	0.0290
9399.440	6.7909	0.0274
9402.370	6.7043	0.0277
9405.300	6.6561	0.0316
9408.230	6.6018	0.0314
9411.160	6.4501	0.0393
9414.090	6.3958	0.0367
9417.020	6.5355	0.0285
9419.950	6.6917	0.0311
9422.880	6.7551	0.0308
9425.810	6.7360	0.0290
9428.740	6.6678	0.0267
9431.670	6.6685	0.0237
9434.600	6.6922	0.0232
9437.530	6.6981	0.0318
9440.460	6.6809	0.0365
9443.390	6.6853	0.0311
9446.320	6.7226	0.0262
9449.250	6.7241	0.0261
9452.180	6.6843	0.0281
9455.110	6.6880	0.0290
9458.040	6.7191	0.0244
9460.970	6.7211	0.0210
9463.900	6.7473	0.0197
9466.830	6.7577	0.0197
9469.760	6.7496	0.0241
9472.690	6.7439	0.0277
9475.620	6.7616	0.0292
9478.550	6.7489	0.0301
9481.480	6.7414	0.0271
9484.410	6.7555	0.0238
9487.340	6.7238	0.0287
9490.270	6.7131	0.0279
9493.200	6.7028	0.0262
9496.130	6.6921	0.0293
9499.060	6.6683	0.0323
9501.990	6.6525	0.0292
9504.920	6.6504	0.0245
9507.850	6.6463	0.0251
9510.780	6.6553	0.0297
9513.710	6.6390	0.0353
9516.640	6.6453	0.0379
9519.570	6.6432	0.0326
9522.500	6.6282	0.0229
9525.430	6.5977	0.0211
9528.360	6.5598	0.0214
9531.290	6.5094	0.0228
9534.220	6.4581	0.0259
9537.150	6.4261	0.0288
9540.080	6.3617	0.0301
9543.010	6.2591	0.0325
9545.940	6.2277	0.0329
9548.870	6.3233	0.0326
9551.800	6.3935	0.0325
9554.730	6.4492	0.0289
9557.660	6.4679	0.0306
9560.590	6.4593	0.0312
9563.520	6.4257	0.0332
9566.450	6.3907	0.0384
9569.380	6.4005	0.0351
9572.310	6.4532	0.0308
9575.240	6.4899	0.0270
9578.170	6.4982	0.0294
9581.100	6.4783	0.0282
9584.030	6.4392	0.0319
9586.960	6.3865	0.0380
9589.890	6.3366	0.0390
9592.820	6.3564	0.0374
9595.750	6.3871	0.0377
9598.680	6.4065	0.0347
9601.610	6.4032	0.0378
9604.540	6.3767	0.0424
9607.470	6.3732	0.0471
9610.400	6.3617	0.0508
9613.330	6.3145	0.0496
9616.260	6.2378	0.0425
9619.190	6.2051	0.0532
9622.120	6.2319	0.0554
9625.050	6.2518	0.0563
9627.980	6.2869	0.0516
9630.910	6.2652	0.0485
9633.840	6.1990	0.0501
9636.770	6.1341	0.0526
9639.700	6.1272	0.0496
9642.630	6.1255	0.0526
9645.560	6.1036	0.0557
9648.490	6.0844	0.0537
9651.420	6.0581	0.0557
9654.350	5.9866	0.0530
9657.280	5.9816	0.0531
9660.210	6.0207	0.0607
9663.140	6.0509	0.0605
9666.070	6.0440	0.0601
9669.000	6.0257	0.0576
9671.930	5.9653	0.0622
9674.860	5.9108	0.0613
9677.790	5.9199	0.0640
9680.720	5.9177	0.0621
9683.650	5.9333	0.0666
9686.580	5.8871	0.0657
9689.510	5.8607	0.0657
9692.440	5.8631	0.0660
9695.370	5.8737	0.0666
9698.300	5.8547	0.0651
9701.230	5.8094	0.0682
