3298.680	14.6954	0.1353
3301.060	14.0464	0.1542
3303.440	13.0481	0.1405
3305.820	12.7522	0.1141
3308.200	13.0656	0.1149
3310.580	13.3604	0.1374
3312.960	13.0473	0.1223
3315.340	13.1492	0.1232
3317.720	13.2014	0.1332
3320.100	12.5463	0.1388
3322.480	12.4527	0.1179
3324.860	12.8284	0.1129
3327.240	12.7883	0.1134
3329.620	12.6125	0.1101
3332.000	12.5433	0.1234
3334.380	11.8731	0.1111
3336.760	11.9539	0.1022
3339.140	12.3808	0.1042
3341.520	12.8467	0.1087
3343.900	13.1206	0.1107
3346.280	12.8017	0.0972
3348.660	12.4886	0.1103
3351.040	13.0576	0.1030
3353.420	13.5292	0.1227
3355.800	12.8935	0.1344
3358.180	10.7727	0.1142
3360.560	10.3119	0.1223
3362.940	11.7514	0.1016
3365.320	12.0810	0.1131
3367.700	11.2511	0.1011
3370.080	10.7786	0.1013
3372.460	11.5613	0.1054
3374.840	12.9009	0.1123
3377.220	12.5421	0.1295
3379.600	11.8471	0.0822
3381.980	12.1583	0.0844
3384.360	12.6612	0.0995
3386.740	13.0145	0.1199
3389.120	12.8992	0.1097
3391.500	12.2994	0.0938
3393.880	12.8365	0.1183
3396.260	14.1215	0.1060
3398.640	14.6616	0.1272
3401.020	14.4224	0.1287
3403.400	13.8130	0.1106
3405.780	13.3103	0.0991
3408.160	13.1083	0.0870
3410.540	12.8776	0.0925
3412.920	12.3587	0.1004
3415.300	12.7866	0.1004
3417.680	13.7983	0.1166
3420.060	14.0517	0.1265
3422.440	13.6255	0.1095
3424.820	13.7736	0.0882
3427.200	14.2316	0.0905
3429.580	14.5650	0.1248
3431.960	14.1310	0.1230
3434.340	13.7318	0.1207
3436.720	12.7797	0.1250
3439.100	11.0771	0.0962
3441.480	10.2016	0.0994
3443.860	11.1249	0.1003
3446.240	12.5688	0.0887
3448.620	13.5296	0.1151
3451.000	13.6030	0.1126
3453.380	13.6597	0.1136
3455.760	13.2885	0.1041
3458.140	12.6026	0.0864
3460.520	12.6918	0.0888
3462.900	13.2778	0.0942
3465.280	13.6277	0.1195
3467.660	14.1032	0.1174
3470.040	14.0005	0.1253
3472.420	12.6768	0.1015
3474.800	11.9812	0.0926
3477.180	12.7093	0.1045
3479.560	13.6147	0.1209
3481.940	13.5483	0.1167
3484.320	13.6347	0.1011
3486.700	13.5728	0.1082
3489.080	12.7853	0.0953
3491.460	12.2358	0.0981
3493.840	12.4035	0.0842
3496.220	12.9670	0.0958
3498.600	14.1504	0.0921
3500.980	15.0254	0.1200
3503.360	15.0577	0.1267
3505.740	14.6373	0.1127
3508.120	14.1685	0.1001
3510.500	13.4653	0.0918
3512.880	13.1378	0.0927
3515.260	13.8556	0.0951
3517.640	14.1632	0.0966
3520.020	13.3694	0.0914
3522.400	12.2652	0.0886
3524.780	11.9516	0.1102
3527.160	13.0220	0.0873
3529.540	14.0581	0.0863
3531.920	14.5895	0.0974
3534.300	15.1595	0.0958
3536.680	15.3603	0.0932
3539.060	15.4022	0.1041
3541.440	15.5267	0.1125
3543.820	15.6844	0.1143
3546.200	15.6433	0.1192
3548.580	15.6371	0.1119
3550.960	15.1084	0.1100
3553.340	14.5297	0.1070
3555.720	14.6627	0.1133
3558.100	14.7653	0.1128
3560.480	14.7549	0.1076
3562.860	13.8699	0.0950
3565.240	12.4385	0.0886
3567.620	11.7516	0.0759
3570.000	11.5473	0.0939
3572.380	12.3379	0.0832
3574.760	12.9811	0.0932
3577.140	12.4840	0.0981
3579.520	11.2610	0.0864
3581.900	10.4730	0.0820
3584.280	10.3576	0.0821
3586.660	11.0883	0.0894
3589.040	12.8636	0.0887
3591.420	14.2024	0.1009
3593.800	14.9142	0.1198
3596.180	15.4810	0.1298
3598.560	15.7212	0.1242
3600.940	15.0121	0.1040
3603.320	13.7507	0.0907
3605.700	13.0012	0.0898
3608.080	12.4539	0.0765
3610.460	12.7474	0.0959
3612.840	13.3620	0.1140
3615.220	13.1457	0.1076
3617.600	12.3903	0.0792
3619.980	12.7689	0.0972
3622.360	14.3062	0.0988
3624.740	15.5064	0.1317
3627.120	15.3653	0.1267
3629.500	13.7742	0.1033
3631.880	12.8246	0.1019
3634.260	13.4223	0.1033
3636.640	14.4953	0.1071
3639.020	15.1499	0.1034
3641.400	14.7487	0.0992
3643.780	13.8007	0.0946
3646.160	13.2198	0.0874
3648.540	13.6768	0.0943
3650.920	14.8109	0.0850
3653.300	15.9569	0.1087
3655.680	16.6540	0.1137
3658.060	16.9435	0.1121
3660.440	16.7717	0.1034
3662.820	16.4096	0.0917
3665.200	16.1756	0.0952
3667.580	16.0696	0.0957
3669.960	16.1387	0.1050
3672.340	16.4566	0.1215
3674.720	16.0814	0.1100
3677.100	15.3104	0.0996
3679.480	14.8756	0.0901
3681.860	15.0006	0.0949
3684.240	14.9308	0.1017
3686.620	14.8443	0.1030
3689.000	15.6058	0.1067
3691.380	16.5802	0.1085
3693.760	16.6860	0.1130
3696.140	17.0087	0.1098
3698.520	17.3372	0.1144
3700.900	16.6801	0.1356
3703.280	14.9466	0.1093
3705.660	13.8750	0.0971
3708.040	14.3408	0.0880
3710.420	15.9186	0.1013
3712.800	17.4235	0.1230
3715.180	17.2522	0.1319
3717.560	15.0626	0.1058
3719.940	13.2474	0.1035
3722.320	13.8386	0.0873
3724.700	15.4404	0.1061
3727.080	15.8412	0.1223
3729.460	15.1440	0.1134
3731.840	13.0494	0.1007
3734.220	11.3542	0.0932
3736.600	12.2853	0.0800
3738.980	14.2797	0.1182
3741.360	14.7716	0.1169
3743.740	13.2254	0.0777
3746.120	11.7870	0.0801
3748.500	11.8877	0.0882
3750.880	14.0182	0.1045
3753.260	16.2291	0.1551
3755.640	15.9898	0.1250
3758.020	14.8518	0.0828
3760.400	14.9693	0.0889
3762.780	15.4634	0.0998
3765.160	15.4389	0.0992
3767.540	15.3793	0.0924
3769.920	15.8531	0.1049
3772.300	16.9709	0.1052
3774.680	18.0498	0.1028
3777.060	18.7272	0.1036
3779.440	19.3916	0.0978
3781.820	19.5843	0.1140
3784.200	18.6157	0.1133
3786.580	17.1993	0.1119
3788.960	16.5448	0.0979
3791.340	16.0925	0.1015
3793.720	15.1253	0.0945
3796.100	14.2712	0.1025
3798.480	14.8250	0.0982
3800.860	16.8823	0.0976
3803.240	18.1188	0.1095
3805.620	18.3022	0.1178
3808.000	18.3313	0.1021
3810.380	17.9191	0.1104
3812.760	16.3294	0.1056
3815.140	15.0511	0.1168
3817.520	14.6071	0.1105
3819.900	14.0819	0.1084
3822.280	13.3036	0.0934
3824.660	12.0604	0.0715
3827.040	11.0966	0.0618
3829.420	10.5622	0.0585
3831.800	10.0747	0.0592
3834.180	9.9336	0.0674
3836.560	10.1541	0.0677
3838.940	11.1590	0.0799
3841.320	13.4404	0.0785
3843.700	15.6603	0.1178
3846.080	16.7470	0.1202
3848.460	16.8697	0.1056
3850.840	16.7200	0.1000
3853.220	16.3397	0.0926
3855.600	15.2259	0.0819
3857.980	14.4632	0.0980
3860.360	15.1646	0.0917
3862.740	16.6430	0.1324
3865.120	17.2212	0.1372
3867.500	16.5476	0.1049
3869.880	15.1829	0.1009
3872.260	14.9155	0.0775
3874.640	15.5865	0.0881
3877.020	15.3598	0.0851
3879.400	15.0081	0.0912
3881.780	14.7589	0.0938
3884.160	14.1848	0.0915
3886.540	13.5518	0.0935
3888.920	14.1525	0.1010
3891.300	15.5491	0.0806
3893.680	16.4653	0.0928
3896.060	16.9806	0.1054
3898.440	17.0435	0.0951
3900.820	16.5987	0.0844
3903.200	16.0765	0.0778
3905.580	16.3153	0.0823
3907.960	17.8491	0.0962
3910.340	18.7147	0.1212
3912.720	18.8016	0.1298
3915.100	18.2898	0.1192
3917.480	17.3399	0.1108
3919.860	16.2771	0.1055
3922.240	15.4681	0.1013
3924.620	14.1370	0.0993
3927.000	11.3733	0.0979
3929.380	8.2584	0.0705
3931.760	6.1565	0.0827
3934.140	6.3180	0.0824
3936.520	8.5803	0.0809
3938.900	11.4273	0.0868
3941.280	13.2637	0.0898
3943.660	14.5735	0.1064
3946.040	16.1488	0.0961
3948.420	17.3350	0.1115
3950.800	17.8835	0.1207
3953.180	18.1387	0.1259
3955.560	17.8217	0.1222
3957.940	16.7042	0.1187
3960.320	14.3892	0.1146
3962.700	11.5761	0.0882
3965.080	8.8775	0.0864
3967.460	7.1630	0.0950
3969.840	8.2061	0.1026
3972.220	11.3516	0.0899
3974.600	14.7185	0.1054
3976.980	17.4773	0.1256
3979.360	19.1429	0.1506
3981.740	19.6945	0.1547
3984.120	20.0102	0.1256
3986.500	20.4890	0.1208
3988.880	21.1690	0.1290
3991.260	21.6436	0.1358
3993.640	21.5569	0.1272
3996.020	21.2993	0.1259
3998.400	21.7114	0.1218
4000.780	22.0925	0.1371
4003.160	21.6557	0.1329
4005.540	21.2396	0.1227
4007.920	21.9406	0.1091
4010.300	22.7798	0.1245
4012.680	22.9627	0.1267
4015.060	22.8142	0.1140
4017.440	22.7643	0.1058
4019.820	22.9478	0.1246
4022.200	23.1292	0.1438
4024.580	23.1907	0.1611
4026.960	22.9329	0.1348
4029.340	21.9092	0.1075
4031.720	21.2258	0.0884
4034.100	21.9404	0.0893
4036.480	23.0137	0.1084
4038.860	23.3237	0.1322
4041.240	22.4569	0.1170
4043.620	21.0239	0.1195
4046.000	20.6929	0.1004
4048.380	22.1692	0.1160
4050.760	22.7877	0.1316
4053.140	22.3446	0.1153
4055.520	21.8384	0.1090
4057.900	21.6982	0.1138
4060.280	21.4703	0.1100
4062.660	20.8674	0.1015
4065.040	21.0103	0.1081
4067.420	21.8120	0.1146
4069.800	21.9622	0.1228
4072.180	21.7545	0.1185
4074.560	21.4293	0.1159
4076.940	21.3660	0.1190
4079.320	22.0438	0.1187
4081.700	22.6215	0.1189
4084.080	22.8058	0.1180
4086.460	23.5551	0.1319
4088.840	24.0564	0.1425
4091.220	23.5953	0.1340
4093.600	22.7358	0.1378
4095.980	21.5316	0.1450
4098.360	19.7553	0.1582
4100.740	18.3797	0.1533
4103.120	19.5196	0.1303
4105.500	21.3812	0.1222
4107.880	22.2501	0.1157
4110.260	22.9028	0.1156
4112.640	23.6118	0.1190
4115.020	23.9759	0.1238
4117.400	23.7091	0.1206
4119.780	23.4517	0.1203
4122.160	23.5951	0.1180
4124.540	23.5983	0.1315
4126.920	23.2979	0.1284
4129.300	22.7682	0.1133
4131.680	22.4217	0.1263
4134.060	23.0021	0.1283
4136.440	24.1717	0.1349
4138.820	24.2922	0.1312
4141.200	23.3562	0.1334
4143.580	22.8457	0.1299
4145.960	23.2743	0.1128
4148.340	23.5830	0.1253
4150.720	23.3154	0.1258
4153.100	22.8890	0.1192
4155.480	22.9552	0.1236
4157.860	23.5016	0.1233
4160.240	24.2288	0.1304
4162.620	24.4864	0.1380
4165.000	24.0939	0.1304
4167.380	23.4046	0.1259
4169.760	22.7306	0.1033
4172.140	22.0038	0.1144
4174.520	22.0399	0.1188
4176.900	22.5260	0.1046
4179.280	22.8345	0.1126
4181.660	22.7132	0.1008
4184.040	22.3473	0.1055
4186.420	22.2590	0.1129
4188.800	22.5960	0.1265
4191.180	23.3754	0.1386
4193.560	23.2485	0.1244
4195.940	22.3135	0.1240
4198.320	21.5914	0.1296
4200.700	21.6917	0.1214
4203.080	22.4454	0.1132
4205.460	23.2019	0.1196
4207.840	23.7106	0.1096
4210.220	23.8614	0.1197
4212.600	23.6895	0.1264
4214.980	23.1174	0.1216
4217.360	23.1318	0.1086
4219.740	23.0907	0.1172
4222.120	21.9720	0.0947
4224.500	19.9396	0.1267
4226.880	19.7499	0.1047
4229.260	21.6959	0.1044
4231.640	22.6220	0.1416
4234.020	22.0062	0.1145
4236.400	21.5699	0.1018
4238.780	21.9352	0.1052
4241.160	22.4860	0.1126
4243.540	22.6200	0.1101
4245.920	21.9870	0.1059
4248.300	21.2765	0.1069
4250.680	21.5744	0.1098
4253.060	22.0186	0.1103
4255.440	21.9543	0.1099
4257.820	21.6349	0.1084
4260.200	21.2513	0.1044
4262.580	22.1069	0.1072
4264.960	22.5308	0.1228
4267.340	21.6757	0.1170
4269.720	20.2479	0.1040
4272.100	19.5340	0.1137
4274.480	20.3373	0.0973
4276.860	21.4321	0.1053
4279.240	21.5027	0.1099
4281.620	21.1702	0.1017
4284.000	20.7422	0.1087
4286.380	19.9970	0.1051
4288.760	19.4694	0.1091
4291.140	19.6279	0.0987
4293.520	19.7638	0.1104
4295.900	18.3668	0.1083
4298.280	16.3366	0.0918
4300.660	15.4083	0.0884
4303.040	15.4212	0.0855
4305.420	15.2518	0.0788
4307.800	15.0058	0.0976
4310.180	15.8506	0.1109
4312.560	18.4982	0.1038
4314.940	21.7902	0.1314
4317.320	23.7374	0.1755
4319.700	23.1939	0.1488
4322.080	21.0362	0.1142
4324.460	19.6422	0.1277
4326.840	20.8364	0.1167
4329.220	22.7480	0.1312
4331.600	23.4093	0.1535
4333.980	22.7027	0.1466
4336.360	20.6674	0.1456
4338.740	18.6727	0.1653
4341.120	18.8544	0.1481
4343.500	20.7789	0.1174
4345.880	22.3878	0.1195
4348.260	22.6560	0.1084
4350.640	21.9260	0.1083
4353.020	21.8458	0.1021
4355.400	22.4806	0.0958
4357.780	23.0212	0.0984
4360.160	23.5178	0.1099
4362.540	23.9389	0.1163
4364.920	23.9371	0.1137
4367.300	23.4760	0.1220
4369.680	22.9000	0.1245
4372.060	22.3630	0.1139
4374.440	22.1532	0.1134
4376.820	22.6254	0.1230
4379.200	22.3554	0.1273
4381.580	20.8405	0.1195
4383.960	19.9677	0.1158
4386.340	21.0802	0.1308
4388.720	22.1477	0.1215
4391.100	22.5129	0.1081
4393.480	22.7580	0.1140
4395.860	23.0103	0.1097
4398.240	23.0036	0.1049
4400.620	22.6345	0.1029
4403.000	22.1948	0.1215
4405.380	22.1845	0.1066
4407.760	23.1350	0.1080
4410.140	24.1501	0.1220
4412.520	24.2158	0.1233
4414.900	23.8167	0.1066
4417.280	24.0399	0.1184
4419.660	24.5834	0.1191
4422.040	24.6175	0.1250
4424.420	24.4963	0.1245
4426.800	24.5305	0.1165
4429.180	24.4717	0.1171
4431.560	24.2021	0.1227
4433.940	24.0104	0.1148
4436.320	24.3866	0.1246
4438.700	24.8473	0.1134
4441.080	24.4790	0.1239
4443.460	24.5348	0.1095
4445.840	24.9419	0.1219
4448.220	24.9404	0.1249
4450.600	24.4631	0.1201
4452.980	23.7359	0.1127
4455.360	23.1972	0.1145
4457.740	23.2425	0.1212
4460.120	23.5100	0.1081
4462.500	24.0077	0.1090
4464.880	24.4789	0.1305
4467.260	24.6018	0.1646
4469.640	24.8701	0.1661
4472.020	25.4531	0.1347
4474.400	25.8378	0.1043
4476.780	25.7731	0.1145
4479.160	25.0031	0.1120
4481.540	24.7714	0.1144
4483.920	25.3069	0.1147
4486.300	25.4910	0.1135
4488.680	25.1731	0.1106
4491.060	25.1683	0.1157
4493.440	25.2908	0.1328
4495.820	25.4822	0.1268
4498.200	25.8508	0.1301
4500.580	26.1596	0.1363
4502.960	26.5798	0.1387
4505.340	26.9378	0.1483
4507.720	26.7342	0.1385
4510.100	26.4532	0.1290
4512.480	26.1702	0.1264
4514.860	25.9508	0.1205
4517.240	25.9018	0.1278
4519.620	25.9155	0.1228
4522.000	25.5027	0.1309
4524.380	24.7350	0.1132
4526.760	23.9918	0.1188
4529.140	23.7433	0.1237
4531.520	23.7708	0.1374
4533.900	24.2044	0.1403
4536.280	25.1012	0.1453
4538.660	25.7856	0.1615
4541.040	25.7902	0.1432
4543.420	25.4259	0.1295
4545.800	24.8884	0.1243
4548.180	24.4454	0.1193
4550.560	24.4684	0.1170
4552.940	24.7362	0.1119
4555.320	25.2232	0.1069
4557.700	25.8859	0.1066
4560.080	26.1450	0.1154
4562.460	25.8936	0.1205
4564.840	25.7210	0.1128
4567.220	26.0006	0.1175
4569.600	25.9001	0.1182
4571.980	25.9361	0.1291
4574.360	26.1789	0.1279
4576.740	26.0010	0.1289
4579.120	25.4051	0.1274
4581.500	24.9481	0.1228
4583.880	25.0344	0.1220
4586.260	25.3800	0.1240
4588.640	25.4664	0.1338
4591.020	25.3920	0.1245
4593.400	25.2720	0.1160
4595.780	25.4309	0.1205
4598.160	25.4191	0.1154
4600.540	25.3755	0.1205
4602.920	25.6348	0.1289
4605.300	25.9964	0.1395
4607.680	26.1994	0.1392
4610.060	26.0886	0.1320
4612.440	25.9443	0.1234
4614.820	25.8860	0.1183
4617.200	25.8536	0.1233
4619.580	26.0550	0.1161
4621.960	26.1925	0.1222
4624.340	26.2236	0.1285
4626.720	26.2207	0.1268
4629.100	26.3282	0.1318
4631.480	26.1996	0.1317
4633.860	25.9308	0.1122
4636.240	25.6639	0.1075
4638.620	25.6106	0.1266
4641.000	25.7947	0.1405
4643.380	25.5193	0.1188
4645.760	25.0895	0.1140
4648.140	25.0953	0.1146
4650.520	25.3475	0.1297
4652.900	25.3680	0.1297
4655.280	25.4972	0.1226
4657.660	25.8856	0.1271
4660.040	26.0918	0.1280
4662.420	25.7364	0.1254
4664.800	24.8810	0.1303
4667.180	24.4160	0.1289
4669.560	24.8889	0.1283
4671.940	25.4788	0.1274
4674.320	25.8110	0.1409
4676.700	25.7124	0.1421
4679.080	25.2739	0.1518
4681.460	25.2920	0.1789
4683.840	25.7977	0.1893
4686.220	25.8704	0.1876
4688.600	25.5806	0.1640
4690.980	25.5859	0.1085
4693.360	25.7302	0.1065
4695.740	25.5680	0.1039
4698.120	24.9778	0.0982
4700.500	24.4166	0.1009
4702.880	24.2489	0.1184
4705.260	24.5259	0.1319
4707.640	24.7024	0.1155
4710.020	25.0955	0.1289
4712.400	25.3348	0.1396
4714.780	25.6231	0.1284
4717.160	26.0607	0.1201
4719.540	26.2764	0.1203
4721.920	26.1181	0.1298
4724.300	25.9015	0.1297
4726.680	25.4013	0.1302
4729.060	25.1030	0.1327
4731.440	25.1249	0.1398
4733.820	25.3042	0.1253
4736.200	25.4513	0.1298
4738.580	25.6996	0.1111
4740.960	25.9435	0.1244
4743.340	26.1165	0.1293
4745.720	26.1581	0.1396
4748.100	26.1537	0.1308
4750.480	25.9757	0.1311
4752.860	25.5994	0.1307
4755.240	25.4103	0.1322
4757.620	25.4222	0.1158
4760.000	25.2397	0.1247
4762.380	24.9554	0.1305
4764.760	24.9302	0.1244
4767.140	25.2654	0.1304
4769.520	25.5949	0.1412
4771.900	25.7863	0.1299
4774.280	26.0870	0.1270
4776.660	26.2591	0.1237
4779.040	26.1423	0.1191
4781.420	25.8322	0.1194
4783.800	25.5104	0.1200
4786.180	25.2996	0.1164
4788.560	25.3946	0.1198
4790.940	25.6947	0.1266
4793.320	26.0157	0.1211
4795.700	26.1442	0.1273
4798.080	25.9141	0.1232
4800.460	25.7264	0.1258
4802.840	25.7098	0.1271
4805.220	25.6150	0.1310
4807.600	25.5616	0.1314
4809.980	25.7305	0.1372
4812.360	25.9847	0.1182
4814.740	26.1110	0.1174
4817.120	26.1816	0.1293
4819.500	25.9099	0.1346
4821.880	25.6372	0.1331
4824.260	25.6105	0.1245
4826.640	25.6839	0.1297
4829.020	25.5936	0.1386
4831.400	25.5521	0.1386
4833.780	25.5871	0.1314
4836.160	25.3374	0.1337
4838.540	25.0571	0.1302
4840.920	24.9429	0.1275
4843.300	25.0810	0.1411
4845.680	25.0763	0.1513
4848.060	25.0095	0.1423
4850.440	24.9029	0.1440
4852.820	24.1078	0.1480
4855.200	22.8248	0.1521
4857.580	20.9403	0.1596
4859.960	19.4642	0.1578
4862.340	20.0270	0.1479
4864.720	21.8443	0.0990
4867.100	22.8676	0.0928
4869.480	23.0049	0.0917
4871.860	23.1797	0.0990
4874.240	23.7857	0.1098
4876.620	24.2525	0.1208
4879.000	24.5753	0.1229
4881.380	24.5815	0.1220
4883.760	24.2234	0.1307
4886.140	23.8280	0.1188
4888.520	23.6091	0.1241
4890.900	23.9390	0.1240
4893.280	24.9222	0.1262
4895.660	25.6159	0.1324
4898.040	25.5933	0.1398
4900.420	25.3014	0.1277
4902.800	25.1829	0.1246
4905.180	25.2313	0.1292
4907.560	24.9644	0.1291
4909.940	24.5952	0.1247
4912.320	24.8180	0.1257
4914.700	24.7720	0.1259
4917.080	23.8879	0.1503
4919.460	23.0940	0.1594
4921.840	23.5376	0.1499
4924.220	24.3835	0.1204
4926.600	25.0043	0.1253
4928.980	25.3144	0.1241
4931.360	24.9224	0.1106
4933.740	24.5701	0.1221
4936.120	24.3121	0.1450
4938.500	24.5188	0.1327
4940.880	24.9140	0.1402
4943.260	25.3845	0.1259
4945.640	25.4814	0.1155
4948.020	25.6318	0.1240
4950.400	25.6018	0.1409
4952.780	25.1197	0.1342
4955.160	24.4159	0.1312
4957.540	24.1492	0.1269
4959.920	25.0601	0.1242
4962.300	25.4606	0.1295
4964.680	25.2135	0.1283
4967.060	25.0171	0.1241
4969.440	25.0683	0.1263
4971.820	25.3569	0.1259
4974.200	25.4707	0.1365
4976.580	25.1254	0.1370
4978.960	24.4162	0.1414
4981.340	23.5528	0.1373
4983.720	23.4485	0.1355
4986.100	24.1449	0.1299
4988.480	24.6402	0.1358
4990.860	24.6454	0.1266
4993.240	24.7823	0.1283
4995.620	24.8812	0.1296
4998.000	24.4624	0.1311
5000.380	24.1043	0.1252
5002.760	23.8172	0.1308
5005.140	23.6101	0.1353
5007.520	23.8057	0.1313
5009.900	23.8982	0.1418
5012.280	23.3444	0.1378
5014.660	23.1848	0.1334
5017.040	23.3411	0.1238
5019.420	23.7520	0.1240
5021.800	24.0834	0.1319
5024.180	24.1380	0.1425
5026.560	24.2267	0.1320
5028.940	24.4999	0.1303
5031.320	24.7062	0.1362
5033.700	24.4874	0.1413
5036.080	23.7992	0.1438
5038.460	23.1787	0.1379
5040.840	23.1666	0.1373
5043.220	23.9199	0.1371
5045.600	24.5406	0.1401
5047.980	24.3828	0.1379
5050.360	24.3245	0.1308
5052.740	24.7130	0.1331
5055.120	25.1432	0.1366
5057.500	25.2751	0.1460
5059.880	25.1590	0.1366
5062.260	24.8331	0.1294
5064.640	24.4447	0.1237
5067.020	24.3587	0.1440
5069.400	24.3595	0.1389
5071.780	24.3218	0.1372
5074.160	24.1958	0.1375
5076.540	23.8728	0.1384
5078.920	23.5080	0.1349
5081.300	23.5854	0.1319
5083.680	24.1297	0.1274
5086.060	24.5785	0.1334
5088.440	24.7643	0.1317
5090.820	24.8973	0.1389
5093.200	24.6249	0.1379
5095.580	24.1600	0.1437
5097.960	23.8360	0.1492
5098.200	24.3017	0.1332
5100.340	24.0587	0.1428
5101.130	24.3248	0.1524
5102.720	24.2566	0.1426
5104.060	24.3538	0.1456
5105.100	24.1078	0.1322
5106.990	24.1682	0.1213
5107.480	23.9502	0.1199
5109.860	24.0564	0.1218
5109.920	24.2461	0.1265
5112.240	24.4033	0.1123
5112.850	24.6667	0.1330
5114.620	24.6930	0.1372
5115.780	24.9079	0.1487
5117.000	24.8168	0.1376
5118.710	24.7927	0.1464
5119.380	24.5426	0.1410
5121.640	24.2430	0.1475
5121.760	24.0260	0.1441
5124.140	23.6562	0.1305
5124.570	23.9279	0.1652
5126.520	23.5854	0.1263
5127.500	23.6497	0.1147
5128.900	23.6713	0.1131
5130.430	23.8480	0.1187
5131.280	23.8438	0.1357
5133.360	23.7857	0.1345
5133.660	23.8053	0.1415
5136.040	23.4164	0.1389
5136.290	23.5538	0.1350
5138.420	23.0794	0.1342
5139.220	23.2859	0.1428
5140.800	23.1349	0.1457
5142.150	23.2642	0.1304
5143.180	23.3648	0.1414
5145.080	23.5494	0.1366
5145.560	23.5648	0.1509
5147.940	23.6310	0.1514
5148.010	23.5329	0.1371
5150.320	23.6333	0.1356
5150.940	23.5073	0.0899
5153.870	23.7287	0.1254
5156.800	23.9542	0.1098
5159.730	23.7644	0.1298
5162.660	22.7336	0.1382
5165.590	21.3077	0.1735
5168.520	20.0763	0.1395
5171.450	19.8180	0.1061
5174.380	21.1460	0.1385
5177.310	22.2230	0.1473
5180.240	21.7597	0.1330
5183.170	20.8376	0.1448
5186.100	21.2794	0.1342
5189.030	22.1848	0.1327
5191.960	22.7282	0.1193
5194.890	23.1340	0.1169
5197.820	23.5919	0.1166
5200.750	23.6461	0.1256
5203.680	23.4644	0.1200
5206.610	23.2899	0.1298
5209.540	23.4769	0.1195
5212.470	23.7789	0.1344
5215.400	23.7078	0.1196
5218.330	23.8080	0.1129
5221.260	23.8570	0.1136
5224.190	23.3080	0.1137
5227.120	23.0158	0.1231
5230.050	23.1727	0.1106
5232.980	23.4510	0.1129
5235.910	23.8399	0.1208
5238.840	24.3504	0.1313
5241.770	24.5056	0.1218
5244.700	24.3682	0.1094
5247.630	24.1752	0.1085
5250.560	24.0617	0.1186
5253.490	24.1631	0.1148
5256.420	24.2357	0.1089
5259.350	23.7947	0.1061
5262.280	22.7009	0.1267
5265.210	21.9027	0.1157
5268.140	21.8356	0.0986
5271.070	22.2981	0.1182
5274.000	23.1138	0.1218
5276.930	23.6764	0.1162
5279.860	23.7952	0.0948
5282.790	23.8957	0.0976
5285.720	24.2328	0.1123
5288.650	24.7781	0.1097
5291.580	24.7151	0.1116
5294.510	24.2223	0.1113
5297.440	23.9319	0.1093
5300.370	24.0572	0.1095
5303.300	24.2950	0.1164
5306.230	24.6740	0.1068
5309.160	24.7845	0.1065
5312.090	24.5489	0.0992
5315.020	24.3842	0.1121
5317.950	24.1822	0.1184
5320.880	23.8922	0.1169
5323.810	23.3875	0.1234
5326.740	22.8089	0.1168
5329.670	23.1877	0.1176
5332.600	23.7764	0.1189
5335.530	24.0087	0.1077
5338.460	23.7533	0.1192
5341.390	23.7043	0.1106
5344.320	23.7666	0.1118
5347.250	23.8796	0.1069
5350.180	24.1096	0.1069
5353.110	24.4040	0.1222
5356.040	24.6503	0.1152
5358.970	24.5138	0.1058
5361.900	24.0857	0.1182
5364.830	23.6334	0.1109
5367.760	23.3385	0.1005
5370.690	23.2667	0.1077
5373.620	23.8102	0.1156
5376.550	24.0951	0.1207
5379.480	23.9882	0.1014
5382.410	24.0025	0.1059
5385.340	23.9802	0.0999
5388.270	23.8308	0.1011
5391.200	23.5787	0.1085
5394.130	23.3932	0.1028
5397.060	23.1791	0.0983
5399.990	23.0479	0.1010
5402.920	22.7821	0.1093
5405.850	22.7956	0.1121
5408.780	22.8832	0.1125
5411.710	23.3091	0.1081
5414.640	23.6342	0.1117
5417.570	23.7879	0.0995
5420.500	23.6681	0.0995
5423.430	23.5191	0.0940
5426.360	23.5417	0.1068
5429.290	23.3398	0.0966
5432.220	23.3571	0.0948
5435.150	23.6540	0.1026
5438.080	23.8652	0.1079
5441.010	23.8990	0.1064
5443.940	23.6246	0.1131
5446.870	23.5851	0.0927
5449.800	23.6710	0.0961
5452.730	23.5909	0.0856
5455.660	23.5525	0.0764
5458.590	23.6068	0.0810
5461.520	23.5431	0.0804
5464.450	23.5429	0.0783
5467.380	23.5671	0.0877
5470.310	23.5777	0.0937
5473.240	23.4172	0.0960
5476.170	23.1620	0.1000
5479.100	23.2069	0.0986
5482.030	23.3993	0.0931
5484.960	23.5159	0.0847
5487.890	23.6088	0.0810
5490.820	23.6538	0.0909
5493.750	23.5687	0.0912
5496.680	23.5552	0.0939
5499.610	23.5091	0.0854
5502.540	23.4047	0.0851
5505.470	23.3887	0.0936
5508.400	23.3732	0.1010
5511.330	23.2515	0.1036
5514.260	23.4135	0.0981
5517.190	23.6344	0.0974
5520.120	23.7190	0.0989
5523.050	23.4779	0.0972
5525.980	23.1480	0.0870
5528.910	23.0501	0.0975
5531.840	23.2178	0.1053
5534.770	23.4282	0.1076
5537.700	23.4916	0.1075
5540.630	23.5884	0.0980
5543.560	23.5849	0.0874
5546.490	23.6540	0.0938
5549.420	23.6711	0.0963
5552.350	23.5801	0.0994
5555.280	23.4629	0.0984
5558.210	23.4463	0.1009
5561.140	23.2622	0.1044
5564.070	23.1021	0.1027
5567.000	22.9476	0.0892
5569.930	22.8918	0.0869
5572.860	22.9087	0.0943
5575.790	22.9951	0.1089
5578.720	23.0823	0.1073
5581.650	23.0235	0.1033
5584.580	22.5756	0.1026
5587.510	22.2618	0.1050
5590.440	22.3430	0.1015
5593.370	22.4779	0.0957
5596.300	22.5493	0.0990
5599.230	22.5993	0.0930
5602.160	22.7352	0.0890
5605.090	23.1290	0.1015
5608.020	23.3921	0.1121
5610.950	23.1018	0.1014
5613.880	22.8316	0.0934
5616.810	22.7372	0.0998
5619.740	22.9660	0.0949
5622.670	23.1007	0.0899
5625.600	23.1383	0.0988
5628.530	23.2493	0.1069
5631.460	23.2385	0.1014
5634.390	23.2058	0.1021
5637.320	23.0268	0.1040
5640.250	23.0080	0.1115
5643.180	23.0294	0.1015
5646.110	23.0935	0.0994
5649.040	23.0458	0.0993
5651.970	22.8962	0.0916
5654.900	22.6835	0.0894
5657.830	22.5552	0.0980
5660.760	22.6231	0.0959
5663.690	22.8212	0.0921
5666.620	23.0248	0.0913
5669.550	23.1084	0.0976
5672.480	23.1526	0.0978
5675.410	23.1342	0.1037
5678.340	22.9886	0.1055
5681.270	22.8898	0.1075
5684.200	22.7165	0.0984
5687.130	22.6748	0.0977
5690.060	22.8858	0.0901
5692.990	22.9693	0.0947
5695.920	22.9923	0.0979
5698.850	22.8240	0.0961
5701.780	22.6111	0.0915
5704.710	22.4281	0.0958
5707.640	22.1757	0.1089
5710.570	22.2123	0.1024
5713.500	22.5381	0.1024
5716.430	22.9228	0.1019
5719.360	23.1148	0.1001
5722.290	23.2067	0.0943
5725.220	23.2283	0.0940
5728.150	23.1923	0.0924
5731.080	23.1725	0.0922
5734.010	23.1669	0.0844
5736.940	23.2315	0.0888
5739.870	23.1923	0.0867
5742.800	23.0627	0.0923
5745.730	22.9743	0.0911
5748.660	22.8870	0.0970
5751.590	22.7523	0.0918
5754.520	22.6805	0.1004
5757.450	22.7912	0.1032
5760.380	22.8072	0.1022
5763.310	22.9332	0.0962
5766.240	22.9341	0.0952
5769.170	22.9830	0.0968
5772.100	22.9453	0.0885
5775.030	22.8141	0.0874
5777.960	22.6665	0.0833
5780.890	22.4958	0.0865
5783.820	22.4490	0.0963
5786.750	22.5878	0.0942
5789.680	22.6123	0.0963
5792.610	22.6834	0.0935
5795.540	22.7359	0.0955
5798.470	22.7501	0.0903
5801.400	22.7516	0.0984
5804.330	22.7065	0.1021
5807.260	22.7629	0.1057
5810.190	22.7567	0.1004
5813.120	22.7782	0.0947
5816.050	22.8042	0.0946
5818.980	22.8894	0.0910
5821.910	22.9391	0.0893
5824.840	22.9368	0.0899
5827.770	22.8889	0.0932
5830.700	22.8437	0.0948
5833.630	22.8008	0.0894
5836.560	22.8366	0.0891
5839.490	22.7382	0.0961
5842.420	22.7241	0.0889
5845.350	22.6971	0.0899
5848.280	22.5346	0.0910
5851.210	22.3841	0.0971
5854.140	22.1551	0.1026
5857.070	22.0810	0.1048
5860.000	22.1691	0.1040
5862.930	22.3525	0.1009
5865.860	22.5365	0.1008
5868.790	22.6126	0.1107
5871.720	22.8410	0.1661
5874.650	22.8419	0.1813
5877.580	22.7106	0.1349
5880.510	22.2824	0.0846
5883.440	21.8250	0.0821
5886.370	21.0438	0.1071
5889.300	20.3955	0.1257
5892.230	20.3782	0.1159
5895.160	20.6885	0.1030
5898.090	21.3524	0.0905
5901.020	21.9478	0.0975
5903.950	22.1020	0.0984
5906.880	22.1761	0.0955
5909.810	22.2319	0.0937
5912.740	22.1503	0.0909
5915.670	22.1868	0.0887
5918.600	22.2348	0.0912
5921.530	22.3451	0.1011
5924.460	22.3094	0.1027
5927.390	22.2065	0.1026
5930.320	22.1774	0.1006
5933.250	22.1454	0.0917
5936.180	22.2510	0.0849
5939.110	22.2624	0.0836
5942.040	22.2154	0.0985
5944.970	22.1323	0.1036
5947.900	22.0934	0.0990
5950.830	22.0898	0.0951
5953.760	22.0997	0.0919
5956.690	22.0997	0.0955
5959.620	22.2033	0.0871
5962.550	22.2426	0.0862
5965.480	22.2403	0.0889
5968.410	22.2269	0.0963
5971.340	22.1386	0.1017
5974.270	22.0987	0.1009
5977.200	22.0997	0.1036
5980.130	21.9541	0.0983
5983.060	21.8566	0.0972
5985.990	21.8659	0.0987
5988.920	21.9502	0.0942
5991.850	21.9201	0.0972
5994.780	21.9830	0.0977
5997.710	21.9024	0.0976
6000.640	21.8280	0.1052
6003.570	21.7278	0.1045
6006.500	21.6213	0.1043
6009.430	21.6667	0.1028
6012.360	21.6328	0.0929
6015.290	21.5449	0.0890
6018.220	21.4882	0.0906
6021.150	21.5084	0.0912
6024.080	21.5518	0.0949
6027.010	21.6880	0.0862
6029.940	21.9012	0.0923
6032.870	21.9270	0.0946
6035.800	21.9147	0.0967
6038.730	21.9066	0.0832
6041.660	21.8975	0.0857
6044.590	21.8972	0.0920
6047.520	21.9157	0.0932
6050.450	21.8092	0.0976
6053.380	21.7701	0.1011
6056.310	21.6872	0.0992
6059.240	21.7023	0.0971
6062.170	21.6618	0.0962
6065.100	21.5874	0.0890
6068.030	21.7156	0.0892
6070.960	21.7011	0.0887
6073.890	21.6347	0.0852
6076.820	21.5452	0.0888
6079.750	21.5168	0.0895
6082.680	21.4221	0.0870
6085.610	21.3640	0.0974
6088.540	21.3976	0.0899
6091.470	21.4230	0.0940
6094.400	21.4238	0.0904
6097.330	21.3318	0.0859
6100.260	21.1598	0.0888
6103.190	21.0886	0.0888
6106.120	21.2378	0.0830
6109.050	21.3416	0.0892
6111.980	21.4074	0.0919
6114.910	21.2891	0.0894
6117.840	21.1206	0.0905
6120.770	21.0368	0.0883
6123.700	21.0495	0.0844
6126.630	21.1304	0.0906
6129.560	21.1186	0.0904
6132.490	20.9826	0.0836
6135.420	20.7693	0.0879
6138.350	20.7663	0.0911
6141.280	20.9167	0.0841
6144.210	20.9846	0.0842
6147.140	21.1373	0.0893
6150.070	21.0248	0.0825
6153.000	20.9187	0.0812
6155.930	20.6810	0.0825
6158.860	20.4061	0.0947
6161.790	20.2518	0.1007
6164.720	20.3246	0.0993
6167.650	20.5159	0.0933
6170.580	20.6092	0.0834
6173.510	20.7493	0.0837
6176.440	20.8943	0.0830
6179.370	20.9817	0.0835
6182.300	21.0238	0.0818
6185.230	20.9820	0.0802
6188.160	20.8713	0.0852
6191.090	20.8444	0.0920
6194.020	20.9756	0.0898
6196.950	21.0613	0.0904
6199.880	21.1144	0.0886
6202.810	21.1401	0.0836
6205.740	21.1802	0.0823
6208.670	21.0199	0.0829
6211.600	20.9102	0.0832
6214.530	20.8046	0.0862
6217.460	20.7982	0.0904
6220.390	20.7956	0.0837
6223.320	20.7934	0.0843
6226.250	20.7625	0.0894
6229.180	20.6563	0.0888
6232.110	20.6558	0.0860
6235.040	20.6683	0.0845
6237.970	20.5997	0.0927
6240.900	20.5048	0.0894
6243.830	20.3947	0.0873
6246.760	20.3715	0.0861
6249.690	20.3022	0.0876
6252.620	20.2135	0.0857
6255.550	20.2454	0.0839
6258.480	20.4018	0.0779
6261.410	20.5546	0.0851
6264.340	20.6695	0.0916
6267.270	20.7244	0.0881
6270.200	20.7738	0.0893
6273.130	20.7611	0.0860
6276.060	20.7263	0.0850
6278.990	20.7221	0.0875
6281.920	20.7281	0.0920
6284.850	20.7472	0.0963
6287.780	20.7674	0.0906
6290.710	20.8439	0.0843
6293.640	20.7034	0.0805
6296.570	20.5583	0.0831
6299.500	20.4193	0.0832
6302.430	20.4710	0.0830
6305.360	20.5684	0.0908
6308.290	20.5812	0.0958
6311.220	20.4064	0.0937
6314.150	20.1243	0.0973
6317.080	20.0681	0.0940
6320.010	20.1140	0.0865
6322.940	20.2866	0.0907
6325.870	20.2819	0.0930
6328.800	20.2456	0.0881
6331.730	20.1201	0.0758
6334.660	20.0022	0.0799
6337.590	19.9856	0.0805
6340.520	20.1273	0.0728
6343.450	20.2197	0.0752
6346.380	20.3181	0.0665
6349.310	20.4223	0.0731
6352.240	20.3405	0.0747
6355.170	20.3076	0.0804
6358.100	20.2324	0.0784
6361.030	20.1762	0.0770
6363.960	20.2256	0.0796
6366.890	20.2870	0.0825
6369.820	20.3084	0.0866
6372.750	20.3504	0.0866
6375.680	20.4048	0.0874
6378.610	20.4079	0.0856
6381.540	20.3547	0.0813
6384.470	20.3437	0.0800
6387.400	20.3949	0.0892
6390.330	20.2289	0.0817
6393.260	20.0596	0.0790
6396.190	19.9936	0.0823
6399.120	19.9320	0.0755
6402.050	19.9454	0.0797
6404.980	19.9249	0.0850
6407.910	19.8403	0.0876
6410.840	19.8069	0.0867
6413.770	19.8132	0.0838
6416.700	19.8538	0.0807
6419.630	19.8863	0.0780
6422.560	19.9880	0.0703
6425.490	20.0586	0.0819
6428.420	19.9820	0.0812
6431.350	19.8824	0.0807
6434.280	19.8610	0.0810
6437.210	19.7659	0.0896
6440.140	19.8395	0.0948
6443.070	19.8884	0.0874
6446.000	19.8569	0.0845
6448.930	19.7787	0.0853
6451.860	19.7566	0.0872
6454.790	19.7596	0.0843
6457.720	19.7378	0.0884
6460.650	19.6496	0.0841
6463.580	19.7032	0.0780
6466.510	19.8111	0.0790
6469.440	19.7725	0.0809
6472.370	19.7896	0.0807
6475.300	19.7999	0.0813
6478.230	19.8591	0.0825
6481.160	19.8113	0.0801
6484.090	19.8289	0.0812
6487.020	19.7439	0.0826
6489.950	19.4685	0.0805
6492.880	19.1833	0.0867
6495.810	19.1564	0.0941
6498.740	19.3975	0.0829
6501.670	19.6515	0.0880
6504.600	19.7801	0.0909
6507.530	19.8095	0.0892
6510.460	19.8091	0.0898
6513.390	19.7543	0.0879
6516.320	19.6506	0.0890
6519.250	19.6329	0.0912
6522.180	19.6401	0.0901
6525.110	19.6044	0.0873
6528.040	19.6244	0.0823
6530.970	19.6420	0.0833
6533.900	19.6352	0.0807
6536.830	19.6364	0.0814
6539.760	19.6166	0.0860
6542.690	19.4874	0.0940
6545.620	19.2399	0.0963
6548.550	19.0900	0.0997
6551.480	18.8213	0.1154
6554.410	18.2506	0.1201
6557.340	17.2223	0.1121
6560.270	16.1914	0.1267
6563.200	16.2523	0.1314
6566.130	17.3729	0.1050
6569.060	18.1792	0.1079
6571.990	18.5693	0.0755
6574.920	18.8127	0.0694
6577.850	19.0544	0.0720
6580.780	19.1893	0.0744
6583.710	19.2749	0.0693
6586.640	19.2427	0.0749
6589.570	19.1537	0.0880
6592.500	19.1182	0.0901
6595.430	19.2658	0.0831
6598.360	19.3479	0.0802
6601.290	19.4372	0.0798
6604.220	19.4051	0.0764
6607.150	19.3870	0.0803
6610.080	19.4008	0.0810
6613.010	19.4297	0.0810
6615.940	19.5548	0.0825
6618.870	19.5394	0.0762
6621.800	19.5385	0.0751
6624.730	19.5074	0.0791
6627.660	19.3646	0.0771
6630.590	19.2604	0.0830
6633.520	19.1790	0.0851
6636.450	19.1960	0.0853
6639.380	19.2246	0.0834
6642.310	19.2392	0.0838
6645.240	19.2257	0.0860
6648.170	19.2761	0.0796
6651.100	19.3221	0.0782
6654.030	19.3225	0.0799
6656.960	19.2943	0.0773
6659.890	19.1794	0.0814
6662.820	19.1399	0.0861
6665.750	19.1187	0.0896
6668.680	19.1980	0.0797
6671.610	19.2693	0.0840
6674.540	19.2667	0.1169
6677.470	19.2543	0.1310
6680.400	19.2098	0.1033
6683.330	19.2026	0.0829
6686.260	19.1739	0.0811
6689.190	19.1733	0.0723
6692.120	19.1562	0.0712
6695.050	19.0741	0.0823
6697.980	19.0734	0.0867
6700.910	19.0054	0.0830
6703.840	19.0093	0.0796
6706.770	19.0021	0.0792
6709.700	18.9559	0.0824
6712.630	18.8718	0.0806
6715.560	18.8276	0.0777
6718.490	18.7773	0.0825
6721.420	18.8241	0.0865
6724.350	18.8893	0.0852
6727.280	18.9376	0.0850
6730.210	18.9669	0.0862
6733.140	18.9384	0.0838
6736.070	18.9247	0.0813
6739.000	18.9345	0.0766
6741.930	18.9450	0.0760
6744.860	18.8961	0.0812
6747.790	18.8513	0.0828
6750.720	18.8267	0.0823
6753.650	18.8008	0.0837
6756.580	18.8878	0.0774
6759.510	18.8851	0.0724
6762.440	18.8056	0.0736
6765.370	18.7685	0.0782
6768.300	18.7082	0.0774
6771.230	18.7403	0.0757
6774.160	18.7645	0.0823
6777.090	18.7865	0.0783
6780.020	18.7626	0.0749
6782.950	18.7665	0.0710
6785.880	18.7638	0.0689
6788.810	18.7546	0.0752
6791.740	18.7195	0.0784
6794.670	18.7258	0.0738
6797.600	18.6894	0.0738
6800.530	18.6637	0.0749
6803.460	18.6307	0.0711
6806.390	18.6057	0.0757
6809.320	18.6312	0.0719
6812.250	18.6733	0.0662
6815.180	18.6764	0.0680
6818.110	18.6533	0.0707
6821.040	18.6581	0.0720
6823.970	18.5922	0.0780
6826.900	18.5772	0.0805
6829.830	18.5387	0.0819
6832.760	18.5232	0.0808
6835.690	18.4533	0.0770
6838.620	18.3290	0.0766
6841.550	18.3096	0.0723
6844.480	18.3474	0.0755
6847.410	18.4186	0.0762
6850.340	18.3745	0.0766
6853.270	18.3097	0.0801
6856.200	18.2835	0.0790
6859.130	18.2571	0.0828
6862.060	18.3115	0.0806
6864.990	18.3570	0.0817
6867.920	18.3434	0.0833
6870.850	18.3671	0.0767
6873.780	18.3521	0.0732
6876.710	18.3261	0.0683
6879.640	18.2863	0.0739
6882.570	18.2665	0.0816
6885.500	18.2981	0.0904
6888.430	18.3873	0.0853
6891.360	18.3492	0.0793
6894.290	18.3376	0.0742
6897.220	18.3610	0.0709
6900.150	18.3696	0.0673
6903.080	18.3137	0.0691
6906.010	18.2685	0.0697
6908.940	18.2034	0.0756
6911.870	18.1169	0.0773
6914.800	18.1027	0.0731
6917.730	18.1184	0.0707
6920.660	18.0989	0.0739
6923.590	18.1402	0.0713
6926.520	18.1629	0.0678
6929.450	18.1579	0.0683
6932.380	18.1654	0.0676
6935.310	18.1620	0.0627
6938.240	18.1399	0.0690
6941.170	18.1254	0.0667
6944.100	18.0582	0.0677
6947.030	18.0153	0.0731
6949.960	18.0135	0.0755
6952.890	18.0096	0.0704
6955.820	18.0202	0.0701
6958.750	18.0178	0.0699
6961.680	18.0238	0.0695
6964.610	18.0493	0.0726
6967.540	18.0064	0.0757
6970.470	17.9212	0.0737
6973.400	17.8382	0.0704
6976.330	17.7832	0.0711
6979.260	17.8199	0.0737
6982.190	17.9178	0.0723
6985.120	17.9402	0.0704
6988.050	17.9315	0.0738
6990.980	17.8891	0.0782
6993.910	17.8694	0.0748
6996.840	17.7919	0.0746
6999.770	17.7209	0.0751
7002.700	17.6813	0.0761
7005.630	17.6470	0.0748
7008.560	17.6531	0.0749
7011.490	17.6199	0.0711
7014.420	17.5590	0.0676
7017.350	17.5314	0.0694
7020.280	17.5747	0.0718
7023.210	17.6376	0.0710
7026.140	17.6651	0.0717
7029.070	17.6959	0.0679
7032.000	17.6513	0.0636
7034.930	17.6022	0.0625
7037.860	17.6193	0.0611
7040.790	17.6804	0.0626
7043.720	17.7313	0.0664
7046.650	17.7263	0.0670
7049.580	17.6884	0.0645
7052.510	17.6227	0.0666
7055.440	17.5999	0.0698
7058.370	17.5934	0.0771
7061.300	17.6353	0.0873
7064.230	17.6707	0.1051
7067.160	17.6177	0.0881
7070.090	17.5684	0.0660
7073.020	17.5607	0.0676
7075.950	17.6014	0.0707
7078.880	17.5500	0.0661
7081.810	17.4525	0.0638
7084.740	17.3893	0.0671
7087.670	17.3682	0.0665
7090.600	17.4146	0.0621
7093.530	17.4465	0.0638
7096.460	17.4695	0.0634
7099.390	17.5013	0.0660
7102.320	17.5095	0.0696
7105.250	17.4737	0.0744
7108.180	17.4060	0.0732
7111.110	17.3611	0.0733
7114.040	17.3362	0.0671
7116.970	17.2937	0.0687
7119.900	17.2578	0.0711
7122.830	17.2957	0.0735
7125.760	17.2788	0.0706
7128.690	17.2255	0.0638
7131.620	17.2468	0.0657
7134.550	17.2883	0.0691
7137.480	17.3209	0.0659
7140.410	17.3204	0.0659
7143.340	17.2318	0.0735
7146.270	17.1574	0.0686
7149.200	17.1502	0.0712
7152.130	17.2134	0.0743
7155.060	17.2351	0.0707
7157.990	17.1803	0.0686
7160.920	17.0879	0.0697
7163.850	16.9756	0.0759
7166.780	17.0261	0.0751
7169.710	17.1486	0.0810
7172.640	17.1684	0.0836
7175.570	17.0962	0.0812
7178.500	16.9660	0.0747
7181.430	16.9086	0.0712
7184.360	16.8687	0.0713
7187.290	16.8074	0.0652
7190.220	16.8134	0.0652
7193.150	16.8399	0.0638
7196.080	16.8621	0.0652
7199.010	16.8865	0.0708
7201.940	16.8599	0.0688
7204.870	16.8236	0.0680
7207.800	16.8147	0.0659
7210.730	16.8795	0.0621
7213.660	16.9168	0.0631
7216.590	16.8806	0.0659
7219.520	16.8555	0.0691
7222.450	16.8668	0.0870
7225.380	16.9101	0.0845
7228.310	16.9223	0.0715
7231.240	16.9305	0.0697
7234.170	16.9250	0.0671
7237.100	16.9108	0.0676
7240.030	16.9078	0.0684
7242.960	16.8721	0.0719
7245.890	16.8594	0.0753
7248.820	16.8399	0.0730
7251.750	16.8184	0.0731
7254.680	16.8615	0.0697
7257.610	16.8584	0.0662
7260.540	16.8137	0.0614
7263.470	16.7794	0.0679
7266.400	16.7715	0.0673
7269.330	16.7833	0.0751
7272.260	16.7596	0.0737
7275.190	16.6930	0.0718
7278.120	16.6829	0.0774
7281.050	16.6660	0.0814
7283.980	16.5795	0.0708
7286.910	16.4355	0.0727
7289.840	16.3721	0.0769
7292.770	16.4454	0.0724
7295.700	16.5630	0.0711
7298.630	16.6190	0.0715
7301.560	16.6402	0.0703
7304.490	16.6128	0.0700
7307.420	16.5468	0.0702
7310.350	16.5473	0.0668
7313.280	16.5857	0.0686
7316.210	16.5958	0.0675
7319.140	16.5895	0.0634
7322.070	16.5443	0.0633
7325.000	16.4623	0.0674
7327.930	16.4587	0.0702
7330.860	16.5415	0.0676
7333.790	16.6127	0.0758
7336.720	16.6021	0.0784
7339.650	16.5492	0.0735
7342.580	16.5345	0.0660
7345.510	16.5063	0.0662
7348.440	16.4606	0.0617
7351.370	16.3977	0.0746
7354.300	16.3574	0.0738
7357.230	16.3641	0.0686
7360.160	16.3644	0.0679
7363.090	16.3646	0.0686
7366.020	16.3902	0.0680
7368.950	16.4096	0.0644
7371.880	16.4193	0.0643
7374.810	16.4138	0.0627
7377.740	16.3937	0.0653
7380.670	16.3154	0.0652
7383.600	16.1556	0.0685
7386.530	16.0243	0.0683
7389.460	16.0342	0.0674
7392.390	16.1256	0.0633
7395.320	16.1845	0.0628
7398.250	16.1648	0.0635
7401.180	16.0843	0.0614
7404.110	16.0019	0.0622
7407.040	15.9080	0.0662
7409.970	15.8574	0.0695
7412.900	15.8487	0.0730
7415.830	15.8937	0.0711
7418.760	15.9800	0.0640
7421.690	16.0386	0.0718
7424.620	16.1006	0.0695
7427.550	16.1718	0.0667
7430.480	16.2394	0.0647
7433.410	16.2300	0.0629
7436.340	16.1609	0.0618
7439.270	16.0557	0.0663
7442.200	15.9868	0.0607
7445.130	16.0044	0.0664
7448.060	16.0789	0.0682
7450.990	16.1576	0.0706
7453.920	16.1556	0.0728
7456.850	16.1389	0.0697
7459.780	16.0710	0.0696
7462.710	16.0336	0.0701
7465.640	16.0598	0.0738
7468.570	16.1105	0.0700
7471.500	16.1148	0.0730
7474.430	16.0782	0.0755
7477.360	16.0297	0.0749
7480.290	16.0357	0.0717
7483.220	16.0570	0.0708
7486.150	16.0148	0.0670
7489.080	15.9143	0.0665
7492.010	15.7968	0.0708
7494.940	15.7871	0.0710
7497.870	15.8453	0.0720
7500.800	15.9088	0.0715
7503.730	15.9089	0.0688
7506.660	15.8085	0.0669
7509.590	15.7305	0.0688
7512.520	15.8020	0.0681
7515.450	15.8991	0.0630
7518.380	15.8747	0.0657
7521.310	15.7913	0.0698
7524.240	15.7648	0.0702
7527.170	15.7665	0.0692
7530.100	15.7606	0.0692
7533.030	15.8261	0.0683
7535.960	15.8910	0.0631
7538.890	15.8837	0.0663
7541.820	15.7924	0.0686
7544.750	15.7750	0.0674
7547.680	15.7800	0.0611
7550.610	15.7578	0.0618
7553.540	15.7197	0.0589
7556.470	15.7104	0.0620
7559.400	15.7415	0.0662
7562.330	15.7577	0.0694
7565.260	15.6976	0.0754
7568.190	15.6380	0.0766
7571.120	15.6812	0.0702
7574.050	15.6902	0.0635
7576.980	15.6848	0.0629
7579.910	15.6630	0.0661
7582.840	15.5493	0.0709
7585.770	15.4820	0.0784
7588.700	15.5912	0.0805
7591.630	15.6873	0.0925
7594.560	15.6912	0.1058
7597.490	15.6212	0.1071
7600.420	15.5381	0.0974
7603.350	15.5501	0.0883
7606.280	15.5832	0.0748
7609.210	15.5331	0.0754
7612.140	15.4824	0.0672
7615.070	15.4154	0.0710
7618.000	15.3693	0.0659
7620.930	15.4298	0.0701
7623.860	15.4825	0.0844
7626.790	15.5279	0.0768
7629.720	15.5672	0.0754
7632.650	15.5453	0.0699
7635.580	15.5310	0.0624
7638.510	15.5151	0.0672
7641.440	15.5488	0.0745
7644.370	15.5190	0.0704
7647.300	15.4988	0.0655
7650.230	15.3493	0.0702
7653.160	15.1526	0.0706
7656.090	14.9762	0.0708
7659.020	14.7915	0.0753
7661.950	14.7399	0.0739
7664.880	14.9184	0.0689
7667.810	15.1719	0.0585
7670.740	15.3220	0.0627
7673.670	15.3911	0.0660
7676.600	15.3528	0.0681
7679.530	15.3021	0.0703
7682.460	15.2786	0.0671
7685.390	15.2276	0.0711
7688.320	15.1264	0.0709
7691.250	15.0797	0.0701
7694.180	15.0581	0.0654
7697.110	15.0538	0.0643
7700.040	15.1569	0.0622
7702.970	15.2404	0.0627
7705.900	15.2179	0.0630
7708.830	15.0858	0.0637
7711.760	15.0114	0.0664
7714.690	15.0579	0.0664
7717.620	15.1417	0.0612
7720.550	15.1649	0.0679
7723.480	15.1128	0.0709
7726.410	15.1022	0.0675
7729.340	15.1540	0.0685
7732.270	15.1925	0.0696
7735.200	15.2024	0.0650
7738.130	15.1566	0.0659
7741.060	15.0604	0.0610
7743.990	14.9593	0.0661
7746.920	14.9184	0.0627
7749.850	14.9783	0.0590
7752.780	15.0593	0.0607
7755.710	15.0927	0.0643
7758.640	15.1087	0.0598
7761.570	15.1223	0.0630
7764.500	15.1122	0.0625
7767.430	15.0341	0.0585
7770.360	14.9232	0.0671
7773.290	14.8603	0.0718
7776.220	14.8695	0.0668
7779.150	14.8904	0.0663
7782.080	14.9381	0.0609
7785.010	14.9778	0.0626
7787.940	14.9579	0.0619
7790.870	14.9476	0.0607
7793.800	14.9234	0.0591
7796.730	14.8944	0.0596
7799.660	14.9106	0.0603
7802.590	14.9292	0.0662
7805.520	14.9051	0.0730
7808.450	14.8631	0.0691
7811.380	14.8475	0.0639
7814.310	14.9366	0.0620
7817.240	14.9849	0.0630
7820.170	14.9722	0.0633
7823.100	14.9626	0.0618
7826.030	14.9187	0.0624
7828.960	14.7846	0.0670
7831.890	14.6746	0.0701
7834.820	14.6991	0.0664
7837.750	14.7750	0.0636
7840.680	14.7939	0.0606
7843.610	14.7666	0.0623
7846.540	14.7226	0.0677
7849.470	14.7376	0.0700
7852.400	14.8005	0.0686
7855.330	14.8188	0.0706
7858.260	14.8273	0.0658
7861.190	14.8608	0.0627
7864.120	14.8626	0.0654
7867.050	14.7792	0.0672
7869.980	14.7366	0.0695
7872.910	14.7326	0.0684
7875.840	14.7120	0.0673
7878.770	14.6995	0.0655
7881.700	14.6788	0.0641
7884.630	14.6901	0.0666
7887.560	14.7074	0.0654
7890.490	14.6955	0.0616
7893.420	14.7568	0.0604
7896.350	14.7587	0.0634
7899.280	14.7549	0.0716
7902.210	14.7457	0.0705
7905.140	14.6771	0.0712
7908.070	14.5982	0.0695
7911.000	14.5435	0.0716
7913.930	14.4785	0.0711
7916.860	14.4676	0.0704
7919.790	14.4570	0.0626
7922.720	14.4036	0.0719
7925.650	14.3718	0.0657
7928.580	14.2597	0.0631
7931.510	14.1882	0.0646
7934.440	14.2064	0.0632
7937.370	14.2124	0.0616
7940.300	14.2251	0.0577
7943.230	14.1730	0.0575
7946.160	14.2272	0.0588
7949.090	14.3914	0.0628
7952.020	14.4837	0.0601
7954.950	14.4679	0.0614
7957.880	14.4269	0.0669
7960.810	14.4020	0.0702
7963.740	14.4235	0.0706
7966.670	14.4282	0.0689
7969.600	14.4316	0.0667
7972.530	14.4304	0.0681
7975.460	14.4337	0.0680
7978.390	14.4528	0.0673
7981.320	14.4926	0.0630
7984.250	14.4544	0.0654
7987.180	14.4097	0.0708
7990.110	14.3787	0.0702
7993.040	14.3271	0.0653
7995.970	14.1906	0.0645
7998.900	14.1406	0.0621
8001.830	14.2396	0.0606
8004.760	14.2807	0.0539
8007.690	14.3362	0.0496
8010.620	14.3367	0.0480
8013.550	14.3768	0.0554
8016.480	14.4064	0.0627
8019.410	14.3940	0.0669
8022.340	14.3105	0.0650
8025.270	14.2764	0.0643
8028.200	14.2559	0.0671
8031.130	14.2375	0.0650
8034.060	14.2106	0.0604
8036.990	14.1906	0.0602
8039.920	14.1709	0.0612
8042.850	14.0310	0.0591
8045.780	13.9320	0.0606
8048.710	13.9611	0.0622
8051.640	14.0457	0.0641
8054.570	14.0475	0.0712
8057.500	14.0762	0.0645
8060.430	14.1447	0.0608
8063.360	14.1514	0.0605
8066.290	14.1448	0.0563
8069.220	14.1166	0.0644
8072.150	14.1235	0.0615
8075.080	14.1446	0.0641
8078.010	14.0907	0.0668
8080.940	13.9677	0.0691
8083.870	13.9580	0.0654
8086.800	13.9554	0.0623
8089.730	13.9188	0.0616
8092.660	13.8883	0.0605
8095.590	13.8524	0.0606
8098.520	13.8465	0.0610
8101.450	13.9243	0.0655
8104.380	13.9985	0.0647
8107.310	14.0253	0.0653
8110.240	14.0169	0.0627
8113.170	14.0262	0.0663
8116.100	13.9963	0.0684
8119.030	14.0102	0.0731
8121.960	14.0311	0.0696
8124.890	14.0285	0.0605
8127.820	14.0750	0.0582
8130.750	14.0837	0.0589
8133.680	13.9827	0.0561
8136.610	13.9832	0.0609
8139.540	13.9372	0.0624
8142.470	13.8713	0.0622
8145.400	13.9091	0.0554
8148.330	13.9012	0.0567
8151.260	13.8776	0.0586
8154.190	13.9271	0.0600
8157.120	13.9296	0.0667
8160.050	13.8901	0.0652
8162.980	13.9133	0.0681
8165.910	13.8536	0.0697
8168.840	13.7787	0.0751
8171.770	13.7638	0.0736
8174.700	13.7638	0.0684
8177.630	13.6866	0.0697
8180.560	13.5122	0.0733
8183.490	13.4486	0.0734
8186.420	13.5616	0.0700
8189.350	13.5229	0.0671
8192.280	13.3820	0.0644
8195.210	13.3331	0.0655
8198.140	13.4453	0.0577
8201.070	13.5083	0.0562
8204.000	13.5359	0.0597
8206.930	13.4970	0.0602
8209.860	13.4555	0.0572
8212.790	13.4334	0.0551
8215.720	13.4521	0.0513
8218.650	13.4372	0.0564
8221.580	13.5146	0.0648
8224.510	13.6267	0.0710
8227.440	13.6169	0.0810
8230.370	13.5407	0.0889
8233.300	13.5130	0.0813
8236.230	13.5850	0.0715
8239.160	13.6074	0.0643
8242.090	13.5883	0.0525
8245.020	13.5625	0.0509
8247.950	13.5261	0.0541
8250.880	13.5030	0.0554
8253.810	13.5579	0.0593
8256.740	13.4906	0.0647
8259.670	13.5454	0.0605
8262.600	13.5147	0.0607
8265.530	13.5268	0.0584
8268.460	13.4783	0.0588
8271.390	13.4771	0.0543
8274.320	13.5345	0.0522
8277.250	13.5286	0.0483
8280.180	13.5261	0.0581
8283.110	13.5137	0.0556
8286.040	13.5200	0.0555
8288.970	13.4193	0.0593
8291.900	13.3411	0.0620
8294.830	13.3111	0.0606
8297.760	13.3105	0.0633
8300.690	13.2783	0.0572
8303.620	13.2810	0.0496
8306.550	13.2605	0.0569
8309.480	13.2638	0.0635
8312.410	13.2890	0.0615
8315.340	13.3301	0.0663
8318.270	13.3411	0.0655
8321.200	13.3291	0.0626
8324.130	13.1963	0.0604
8327.060	13.1085	0.0664
8329.990	13.0334	0.0683
8332.920	13.0380	0.0675
8335.850	12.9912	0.0664
8338.780	12.9711	0.0669
8341.710	13.0321	0.0678
8344.640	12.9938	0.0649
8347.570	13.1033	0.0557
8350.500	13.1890	0.0631
8353.430	13.1433	0.0640
8356.360	13.1489	0.0583
8359.290	13.0892	0.0589
8362.220	13.1236	0.0675
8365.150	13.1149	0.0668
8368.080	13.1695	0.0603
8371.010	13.2191	0.0522
8373.940	13.1791	0.0517
8376.870	13.1610	0.0629
8379.800	13.1286	0.0687
8382.730	13.0797	0.0690
8385.660	13.0407	0.0629
8388.590	13.0535	0.0575
8391.520	13.1068	0.0570
8394.450	13.1292	0.0622
8397.380	13.0902	0.0675
8400.310	13.1336	0.0589
8403.240	13.1098	0.0493
8406.170	13.1361	0.0447
8409.100	13.1041	0.0550
8412.030	13.0650	0.0641
8414.960	13.0120	0.0689
8417.890	13.0112	0.0551
8420.820	13.0260	0.0509
8423.750	13.0394	0.0514
8426.680	12.9810	0.0616
8429.610	12.9705	0.0735
8432.540	12.9360	0.0631
8435.470	12.8164	0.0641
8438.400	12.8416	0.0619
8441.330	12.8466	0.0570
8444.260	12.8518	0.0539
8447.190	12.8509	0.0556
8450.120	12.9207	0.0753
8453.050	12.9111	0.0619
8455.980	12.9213	0.0562
8458.910	12.9284	0.0672
8461.840	12.9121	0.0679
8464.770	12.8573	0.0679
8467.700	12.7794	0.0648
8470.630	12.8749	0.0606
8473.560	12.9519	0.0604
8476.490	12.9380	0.0627
8479.420	12.9373	0.0650
8482.350	12.9429	0.0622
8485.280	12.9050	0.0711
8488.210	12.8271	0.0696
8491.140	12.4885	0.0641
8494.070	11.9108	0.0749
8497.000	11.5213	0.0918
8499.930	11.9108	0.0774
8502.860	12.4067	0.0679
8505.790	12.6214	0.0699
8508.720	12.5696	0.0650
8511.650	12.5052	0.0612
8514.580	12.5095	0.0665
8517.510	12.5813	0.0630
8520.440	12.6104	0.0602
8523.370	12.5735	0.0607
8526.300	12.5076	0.0669
8529.230	12.4358	0.0742
8532.160	12.2319	0.0669
8535.090	11.5718	0.0629
8538.020	10.4304	0.0949
8540.950	9.7983	0.1069
8543.880	10.6158	0.0885
8546.810	11.6635	0.0671
8549.740	12.2035	0.0762
8552.670	12.3550	0.0682
8555.600	12.3579	0.0583
8558.530	12.4416	0.0575
8561.460	12.5501	0.0585
8564.390	12.6448	0.0591
8567.320	12.6737	0.0582
8570.250	12.6913	0.0588
8573.180	12.6852	0.0625
8576.110	12.6659	0.0642
8579.040	12.5363	0.0661
8581.970	12.4859	0.0711
8584.900	12.5189	0.0690
8587.830	12.5274	0.0676
8590.760	12.4558	0.0553
8593.690	12.4185	0.0540
8596.620	12.3998	0.0545
8599.550	12.3854	0.0630
8602.480	12.4117	0.0603
8605.410	12.4254	0.0514
8608.340	12.4670	0.0435
8611.270	12.4672	0.0470
8614.200	12.5060	0.0565
8617.130	12.4652	0.0494
8620.060	12.4157	0.0626
8622.990	12.4205	0.0768
8625.920	12.4896	0.0690
8628.850	12.5312	0.0637
8631.780	12.5516	0.0602
8634.710	12.4587	0.0672
8637.640	12.3949	0.0703
8640.570	12.3652	0.0685
8643.500	12.2557	0.0636
8646.430	12.1439	0.0619
8649.360	12.0503	0.0659
8652.290	11.9716	0.0654
8655.220	11.5468	0.0468
8658.150	10.5911	0.0922
8661.080	10.0304	0.1015
8664.010	10.6577	0.0856
8666.940	11.4868	0.0666
8669.870	11.8543	0.0660
8672.800	11.9414	0.0637
8675.730	12.0346	0.0633
8678.660	12.1105	0.0624
8681.590	12.1822	0.0597
8684.520	12.1108	0.0576
8687.450	12.0553	0.0579
8690.380	12.1674	0.0579
8693.310	12.2507	0.0575
8696.240	12.3185	0.0554
8699.170	12.3367	0.0571
8702.100	12.2887	0.0580
8705.030	12.2881	0.0594
8707.960	12.2118	0.0587
8710.890	12.1676	0.0581
8713.820	12.1504	0.0546
8716.750	12.1828	0.0527
8719.680	12.1725	0.0546
8722.610	12.1250	0.0561
8725.540	12.1022	0.0518
8728.470	12.0889	0.0448
8731.400	12.0944	0.0462
8734.330	12.0347	0.0497
8737.260	11.9736	0.0552
8740.190	11.9632	0.0517
8743.120	11.9829	0.0513
8746.050	11.9785	0.0510
8748.980	11.9302	0.0531
8751.910	11.8950	0.0591
8754.840	11.9637	0.0539
8757.770	12.0316	0.0533
8760.700	12.0779	0.0566
8763.630	12.1110	0.0581
8766.560	12.1741	0.0609
8769.490	12.1000	0.0637
8772.420	11.9678	0.0628
8775.350	11.9711	0.0640
8778.280	12.0421	0.0604
8781.210	12.0512	0.0645
8784.140	12.0612	0.0661
8787.070	12.0009	0.0656
8790.000	11.8905	0.0574
8792.930	11.9020	0.0522
8795.860	11.9219	0.0499
8798.790	11.8802	0.0514
8801.720	11.6787	0.0595
8804.650	11.4415	0.0662
8807.580	11.6434	0.0631
8810.510	11.9264	0.0651
8813.440	12.0540	0.0684
8816.370	11.9804	0.0649
8819.300	11.8559	0.0626
8822.230	11.7927	0.0623
8825.160	11.7926	0.0643
8828.090	11.8832	0.0577
8831.020	11.8876	0.0580
8833.950	11.8508	0.0580
8836.880	11.8719	0.0546
8839.810	11.9485	0.0470
8842.740	11.9554	0.0499
8845.670	11.9104	0.0560
8848.600	11.8703	0.0681
8851.530	11.8517	0.0688
8854.460	11.7743	0.0641
8857.390	11.6929	0.0581
8860.320	11.6433	0.0491
8863.250	11.5618	0.0573
8866.180	11.5826	0.0609
8869.110	11.6814	0.0573
8872.040	11.7342	0.0532
8874.970	11.7759	0.0532
8877.900	11.8352	0.0354
8880.830	11.8581	0.0502
8883.760	11.8544	0.0584
8886.690	11.8616	0.0532
8889.620	11.8222	0.0378
8892.550	11.7928	0.0513
8895.480	11.7398	0.0616
8898.410	11.6833	0.0656
8901.340	11.6847	0.0628
8904.270	11.7084	0.0599
8907.200	11.7195	0.0599
8910.130	11.7384	0.0512
8913.060	11.7567	0.0600
8915.990	11.7942	0.0547
8918.920	11.7872	0.0521
8921.850	11.7017	0.0610
8924.780	11.6239	0.0651
8927.710	11.6188	0.0632
8930.640	11.7169	0.0558
8933.570	11.7195	0.0530
8936.500	11.7167	0.0559
8939.430	11.5988	0.0627
8942.360	11.5192	0.0617
8945.290	11.5371	0.0582
8948.220	11.5962	0.0574
8951.150	11.7063	0.0526
8954.080	11.7925	0.0607
8957.010	11.7791	0.0605
8959.940	11.7269	0.0444
8962.870	11.6998	0.0464
8965.800	11.7057	0.0567
8968.730	11.6634	0.0602
8971.660	11.5856	0.0666
8974.590	11.4816	0.0633
8977.520	11.5004	0.0634
8980.450	11.5168	0.0572
8983.380	11.5486	0.0529
8986.310	11.5902	0.0578
8989.240	11.5975	0.0627
8992.170	11.5586	0.0596
8995.100	11.4484	0.0644
8998.030	11.3936	0.0670
9000.960	11.3430	0.0623
9003.890	11.2831	0.0550
9006.820	11.1596	0.0556
9009.750	11.0627	0.0608
9012.680	11.0798	0.0681
9015.610	11.2023	0.0704
9018.540	11.3067	0.0601
9021.470	11.3160	0.0603
9024.400	11.3471	0.0661
9027.330	11.4122	0.0651
9030.260	11.4564	0.0558
9033.190	11.4709	0.0337
9036.120	11.4707	0.0403
9039.050	11.4714	0.0405
9041.980	11.4745	0.0569
9044.910	11.4156	0.0578
9047.840	11.3419	0.0633
9050.770	11.3005	0.0649
9053.700	11.3203	0.0568
9056.630	11.3011	0.0440
9059.560	11.2250	0.0532
9062.490	11.2258	0.0576
9065.420	11.3298	0.0619
9068.350	11.3839	0.0663
9071.280	11.4203	0.0643
9074.210	11.4201	0.0566
9077.140	11.3382	0.0572
9080.070	11.3544	0.0648
9083.000	11.3231	0.0570
9085.930	11.1794	0.0550
9088.860	11.0861	0.0591
9091.790	11.0519	0.0610
9094.720	11.0882	0.0542
9097.650	11.1402	0.0506
9100.580	11.2326	0.0595
9103.510	11.3120	0.0600
9106.440	11.2871	0.0577
9109.370	11.2242	0.0614
9112.300	11.1956	0.0646
9115.230	11.1775	0.0678
9118.160	11.1376	0.0671
9121.090	11.1531	0.0583
9124.020	11.2065	0.0539
9126.950	11.2174	0.0523
9129.880	11.2157	0.0610
9132.810	11.1796	0.0650
9135.740	11.2115	0.0616
9138.670	11.2346	0.0630
9141.600	11.2306	0.0593
9144.530	11.1886	0.0600
9147.460	11.2490	0.0541
9150.390	11.2950	0.0520
9153.320	11.2775	0.0606
9156.250	11.2076	0.0618
9159.180	11.1638	0.0633
9162.110	11.1105	0.0615
9165.040	11.0876	0.0644
9167.970	11.0254	0.0615
9170.900	11.0043	0.0567
9173.830	11.0323	0.0619
9176.760	11.0876	0.0626
9179.690	11.1013	0.0629
9182.620	11.1069	0.0632
9185.550	11.1042	0.0542
9188.480	11.1123	0.0551
9191.410	11.1252	0.0575
9194.340	11.0934	0.0549
9197.270	11.0699	0.0615
9200.200	11.0402	0.0563
9203.130	11.0180	0.0651
9206.060	10.9515	0.0627
9208.990	10.7970	0.0600
9211.920	10.6766	0.0596
9214.850	10.6759	0.0591
9217.780	10.6786	0.0625
9220.710	10.6758	0.0575
9223.640	10.6075	0.0518
9226.570	10.5358	0.0567
9229.500	10.6430	0.0575
9232.430	10.7825	0.0621
9235.360	10.7823	0.0553
9238.290	10.7504	0.0505
9241.220	10.7582	0.0537
9244.150	10.7497	0.0596
9247.080	10.7452	0.0668
9250.010	10.6777	0.0668
9252.940	10.5892	0.0596
9255.870	10.6612	0.0549
9258.800	10.7714	0.0581
9261.730	10.7869	0.0593
9264.660	10.7807	0.0610
9267.590	10.7870	0.0606
9270.520	10.7798	0.0653
9273.450	10.7812	0.0650
9276.380	10.7809	0.0701
9279.310	10.8071	0.0723
9282.240	10.8189	0.0626
9285.170	10.8456	0.0576
9288.100	10.8494	0.0558
9291.030	10.8834	0.0480
9293.960	10.9451	0.0414
9296.890	10.9725	0.0536
9299.820	10.9888	0.0636
9302.750	10.9844	0.0692
9305.680	10.9185	0.0627
9308.610	10.8917	0.0628
9311.540	10.8433	0.0601
9314.470	10.8068	0.0728
9317.400	10.7553	0.0664
9320.330	10.7516	0.0725
9323.260	10.7480	0.0814
9326.190	10.7564	0.0751
9329.120	10.7828	0.0673
9332.050	10.7994	0.0748
9334.980	10.8162	0.0844
9337.910	10.8616	0.0911
9340.840	10.8339	0.0913
9343.770	10.7577	0.0865
9346.700	10.6880	0.0774
9349.630	10.6282	0.0713
9352.560	10.6290	0.0804
9355.490	10.6639	0.0774
9358.420	10.6874	0.0679
9361.350	10.6962	0.0710
9364.280	10.7050	0.0711
9367.210	10.6985	0.0764
9370.140	10.6849	0.0719
9373.070	10.6768	0.0682
9376.000	10.6501	0.0663
9378.930	10.5982	0.0756
9381.860	10.5906	0.0714
9384.790	10.5981	0.0505
9387.720	10.6087	0.0521
9390.650	10.6192	0.0621
9393.580	10.6614	0.0706
9396.510	10.6887	0.0681
9399.440	10.5759	0.0648
9402.370	10.3878	0.0662
9405.300	10.2733	0.0726
9408.230	10.1292	0.0711
9411.160	9.8800	0.0818
9414.090	9.8896	0.0798
9417.020	10.2371	0.0681
9419.950	10.5171	0.0738
9422.880	10.5444	0.0740
9425.810	10.4571	0.0713
9428.740	10.3577	0.0657
9431.670	10.3122	0.0594
9434.600	10.2716	0.0627
9437.530	10.2613	0.0768
9440.460	10.3165	0.0833
9443.390	10.3848	0.0730
9446.320	10.4377	0.0640
9449.250	10.4488	0.0624
9452.180	10.4471	0.0666
9455.110	10.3876	0.0689
9458.040	10.3474	0.0624
9460.970	10.3480	0.0562
9463.900	10.3813	0.0496
9466.830	10.4314	0.0482
9469.760	10.5039	0.0585
9472.690	10.5262	0.0657
9475.620	10.5010	0.0694
9478.550	10.4562	0.0734
9481.480	10.3740	0.0671
9484.410	10.3272	0.0641
9487.340	10.2384	0.0675
9490.270	10.2734	0.0648
9493.200	10.3685	0.0652
9496.130	10.4393	0.0704
9499.060	10.4925	0.0800
9501.990	10.4338	0.0727
9504.920	10.3517	0.0627
9507.850	10.2605	0.0630
9510.780	10.1174	0.0729
9513.710	10.0458	0.0800
9516.640	10.0420	0.0831
9519.570	10.1101	0.0764
9522.500	10.2578	0.0562
9525.430	10.2840	0.0506
9528.360	10.2229	0.0538
9531.290	10.1239	0.0585
9534.220	10.0293	0.0637
9537.150	9.9082	0.0683
9540.080	9.7993	0.0719
9543.010	9.6921	0.0782
9545.940	9.7286	0.0737
9548.870	9.8495	0.0742
9551.800	9.9961	0.0738
9554.730	10.1046	0.0697
9557.660	10.1164	0.0729
9560.590	10.1040	0.0748
9563.520	10.0077	0.0766
9566.450	9.9090	0.0842
9569.380	9.8907	0.0796
9572.310	9.9421	0.0733
9575.240	9.9665	0.0670
9578.170	9.9957	0.0685
9581.100	10.0352	0.0684
9584.030	10.0295	0.0752
9586.960	9.9778	0.0842
9589.890	9.8424	0.0856
9592.820	9.7126	0.0874
9595.750	9.7235	0.0862
9598.680	9.7866	0.0811
9601.610	9.8200	0.0814
9604.540	9.8167	0.0882
9607.470	9.9271	0.0958
9610.400	9.9902	0.0986
9613.330	9.8969	0.0993
9616.260	9.6842	0.0926
9619.190	9.5106	0.1019
9622.120	9.3753	0.1053
9625.050	9.3989	0.1068
9627.980	9.5486	0.1002
9630.910	9.5902	0.0968
9633.840	9.6578	0.1008
9636.770	9.6930	0.1062
9639.700	9.6323	0.1037
9642.630	9.5381	0.1050
9645.560	9.4369	0.1126
9648.490	9.3334	0.1066
9651.420	9.2684	0.1068
9654.350	9.2161	0.1071
9657.280	9.2718	0.1071
9660.210	9.3693	0.1172
9663.140	9.3896	0.1177
9666.070	9.2729	0.1191
9669.000	9.2596	0.1142
9671.930	9.2194	0.1200
9674.860	9.1778	0.1196
9677.790	9.1864	0.1250
9680.720	9.1526	0.1221
9683.650	9.1904	0.1280
9686.580	9.1702	0.1261
9689.510	9.1299	0.1271
9692.440	9.0983	0.1280
9695.370	9.0568	0.1293
9698.300	9.0149	0.1298
9701.230	8.9536	0.1355
